1024 5120
	 1 2 
	 2 0 
	 3 0 
	 4 2 
	 5 0 
	 6 1 
	 7 1 
	 8 0 
	 9 0 
	 10 1 
	 11 1 
	 12 0 
	 13 2 
	 14 0 
	 15 0 
	 16 1 
	 17 0 
	 18 2 
	 19 2 
	 20 0 
	 21 2 
	 22 0 
	 23 0 
	 24 2 
	 25 2 
	 26 0 
	 27 0 
	 28 1 
	 29 0 
	 30 1 
	 31 2 
	 32 0 
	 33 0 
	 34 2 
	 35 1 
	 36 0 
	 37 1 
	 38 0 
	 39 0 
	 40 2 
	 41 2 
	 42 0 
	 43 0 
	 44 1 
	 45 0 
	 46 2 
	 47 1 
	 48 0 
	 49 2 
	 50 0 
	 51 0 
	 52 1 
	 53 0 
	 54 1 
	 55 1 
	 56 0 
	 57 0 
	 58 2 
	 59 1 
	 60 0 
	 61 2 
	 62 0 
	 63 0 
	 64 2 
	 65 0 
	 66 1 
	 67 1 
	 68 0 
	 69 2 
	 70 0 
	 71 0 
	 72 2 
	 73 2 
	 74 0 
	 75 0 
	 76 2 
	 77 0 
	 78 1 
	 79 1 
	 80 0 
	 81 1 
	 82 0 
	 83 0 
	 84 1 
	 85 0 
	 86 1 
	 87 2 
	 88 0 
	 89 0 
	 90 2 
	 91 1 
	 92 0 
	 93 1 
	 94 0 
	 95 0 
	 96 2 
	 97 1 
	 98 0 
	 99 0 
	 100 1 
	 101 0 
	 102 1 
	 103 2 
	 104 0 
	 105 0 
	 106 2 
	 107 1 
	 108 0 
	 109 1 
	 110 0 
	 111 0 
	 112 2 
	 113 0 
	 114 1 
	 115 2 
	 116 0 
	 117 2 
	 118 0 
	 119 0 
	 120 1 
	 121 1 
	 122 0 
	 123 0 
	 124 1 
	 125 0 
	 126 1 
	 127 1 
	 128 0 
	 129 0 
	 130 2 
	 131 1 
	 132 0 
	 133 1 
	 134 0 
	 135 0 
	 136 2 
	 137 2 
	 138 0 
	 139 0 
	 140 1 
	 141 0 
	 142 1 
	 143 2 
	 144 0 
	 145 2 
	 146 0 
	 147 0 
	 148 1 
	 149 0 
	 150 1 
	 151 2 
	 152 0 
	 153 0 
	 154 1 
	 155 2 
	 156 0 
	 157 1 
	 158 0 
	 159 0 
	 160 1 
	 161 2 
	 162 0 
	 163 0 
	 164 1 
	 165 0 
	 166 1 
	 167 2 
	 168 0 
	 169 0 
	 170 2 
	 171 1 
	 172 0 
	 173 2 
	 174 0 
	 175 0 
	 176 1 
	 177 0 
	 178 1 
	 179 2 
	 180 0 
	 181 2 
	 182 0 
	 183 0 
	 184 1 
	 185 1 
	 186 0 
	 187 0 
	 188 2 
	 189 0 
	 190 2 
	 191 2 
	 192 0 
	 193 1 
	 194 0 
	 195 0 
	 196 1 
	 197 0 
	 198 1 
	 199 1 
	 200 0 
	 201 0 
	 202 1 
	 203 1 
	 204 0 
	 205 2 
	 206 0 
	 207 0 
	 208 2 
	 209 0 
	 210 2 
	 211 1 
	 212 0 
	 213 2 
	 214 0 
	 215 0 
	 216 2 
	 217 2 
	 218 0 
	 219 0 
	 220 1 
	 221 0 
	 222 2 
	 223 2 
	 224 0 
	 225 0 
	 226 1 
	 227 1 
	 228 0 
	 229 1 
	 230 0 
	 231 0 
	 232 1 
	 233 1 
	 234 0 
	 235 0 
	 236 2 
	 237 0 
	 238 1 
	 239 1 
	 240 0 
	 241 1 
	 242 0 
	 243 0 
	 244 1 
	 245 0 
	 246 1 
	 247 2 
	 248 0 
	 249 0 
	 250 1 
	 251 1 
	 252 0 
	 253 1 
	 254 0 
	 255 0 
	 256 1 
	 257 0 
	 258 1 
	 259 1 
	 260 0 
	 261 1 
	 262 0 
	 263 0 
	 264 1 
	 265 1 
	 266 0 
	 267 0 
	 268 1 
	 269 0 
	 270 1 
	 271 1 
	 272 0 
	 273 1 
	 274 0 
	 275 0 
	 276 1 
	 277 0 
	 278 1 
	 279 2 
	 280 0 
	 281 0 
	 282 1 
	 283 2 
	 284 0 
	 285 1 
	 286 0 
	 287 0 
	 288 1 
	 289 1 
	 290 0 
	 291 0 
	 292 2 
	 293 0 
	 294 1 
	 295 2 
	 296 0 
	 297 0 
	 298 2 
	 299 1 
	 300 0 
	 301 2 
	 302 0 
	 303 0 
	 304 2 
	 305 0 
	 306 2 
	 307 1 
	 308 0 
	 309 1 
	 310 0 
	 311 0 
	 312 2 
	 313 1 
	 314 0 
	 315 0 
	 316 1 
	 317 0 
	 318 2 
	 319 1 
	 320 0 
	 321 2 
	 322 0 
	 323 0 
	 324 2 
	 325 0 
	 326 2 
	 327 1 
	 328 0 
	 329 0 
	 330 2 
	 331 1 
	 332 0 
	 333 2 
	 334 0 
	 335 0 
	 336 1 
	 337 0 
	 338 1 
	 339 1 
	 340 0 
	 341 1 
	 342 0 
	 343 0 
	 344 1 
	 345 2 
	 346 0 
	 347 0 
	 348 2 
	 349 0 
	 350 2 
	 351 2 
	 352 0 
	 353 0 
	 354 2 
	 355 2 
	 356 0 
	 357 1 
	 358 0 
	 359 0 
	 360 1 
	 361 2 
	 362 0 
	 363 0 
	 364 2 
	 365 0 
	 366 2 
	 367 2 
	 368 0 
	 369 1 
	 370 0 
	 371 0 
	 372 1 
	 373 0 
	 374 1 
	 375 1 
	 376 0 
	 377 0 
	 378 1 
	 379 2 
	 380 0 
	 381 1 
	 382 0 
	 383 0 
	 384 2 
	 385 1 
	 386 0 
	 387 0 
	 388 2 
	 389 0 
	 390 2 
	 391 1 
	 392 0 
	 393 0 
	 394 2 
	 395 1 
	 396 0 
	 397 1 
	 398 0 
	 399 0 
	 400 1 
	 401 0 
	 402 1 
	 403 2 
	 404 0 
	 405 2 
	 406 0 
	 407 0 
	 408 1 
	 409 1 
	 410 0 
	 411 0 
	 412 2 
	 413 0 
	 414 1 
	 415 2 
	 416 0 
	 417 0 
	 418 1 
	 419 1 
	 420 0 
	 421 2 
	 422 0 
	 423 0 
	 424 1 
	 425 2 
	 426 0 
	 427 0 
	 428 1 
	 429 0 
	 430 1 
	 431 2 
	 432 0 
	 433 1 
	 434 0 
	 435 0 
	 436 1 
	 437 0 
	 438 1 
	 439 2 
	 440 0 
	 441 0 
	 442 2 
	 443 2 
	 444 0 
	 445 1 
	 446 0 
	 447 0 
	 448 1 
	 449 0 
	 450 2 
	 451 1 
	 452 0 
	 453 1 
	 454 0 
	 455 0 
	 456 2 
	 457 2 
	 458 0 
	 459 0 
	 460 1 
	 461 0 
	 462 2 
	 463 1 
	 464 0 
	 465 1 
	 466 0 
	 467 0 
	 468 1 
	 469 0 
	 470 2 
	 471 1 
	 472 0 
	 473 0 
	 474 2 
	 475 1 
	 476 0 
	 477 1 
	 478 0 
	 479 0 
	 480 2 
	 481 1 
	 482 0 
	 483 0 
	 484 2 
	 485 0 
	 486 2 
	 487 2 
	 488 0 
	 489 0 
	 490 2 
	 491 2 
	 492 0 
	 493 1 
	 494 0 
	 495 0 
	 496 2 
	 497 0 
	 498 1 
	 499 2 
	 500 0 
	 501 2 
	 502 0 
	 503 0 
	 504 1 
	 505 1 
	 506 0 
	 507 0 
	 508 2 
	 509 0 
	 510 2 
	 511 2 
	 512 0 
	 513 0 
	 514 1 
	 515 2 
	 516 0 
	 517 1 
	 518 0 
	 519 0 
	 520 2 
	 521 1 
	 522 0 
	 523 0 
	 524 2 
	 525 0 
	 526 1 
	 527 1 
	 528 0 
	 529 2 
	 530 0 
	 531 0 
	 532 1 
	 533 0 
	 534 2 
	 535 1 
	 536 0 
	 537 0 
	 538 2 
	 539 1 
	 540 0 
	 541 2 
	 542 0 
	 543 0 
	 544 2 
	 545 1 
	 546 0 
	 547 0 
	 548 1 
	 549 0 
	 550 1 
	 551 2 
	 552 0 
	 553 0 
	 554 2 
	 555 2 
	 556 0 
	 557 1 
	 558 0 
	 559 0 
	 560 1 
	 561 0 
	 562 1 
	 563 1 
	 564 0 
	 565 2 
	 566 0 
	 567 0 
	 568 1 
	 569 2 
	 570 0 
	 571 0 
	 572 2 
	 573 0 
	 574 1 
	 575 1 
	 576 0 
	 577 1 
	 578 0 
	 579 0 
	 580 2 
	 581 0 
	 582 1 
	 583 2 
	 584 0 
	 585 0 
	 586 1 
	 587 1 
	 588 0 
	 589 1 
	 590 0 
	 591 0 
	 592 2 
	 593 0 
	 594 1 
	 595 2 
	 596 0 
	 597 2 
	 598 0 
	 599 0 
	 600 2 
	 601 1 
	 602 0 
	 603 0 
	 604 2 
	 605 0 
	 606 1 
	 607 1 
	 608 0 
	 609 0 
	 610 1 
	 611 1 
	 612 0 
	 613 2 
	 614 0 
	 615 0 
	 616 1 
	 617 2 
	 618 0 
	 619 0 
	 620 2 
	 621 0 
	 622 1 
	 623 1 
	 624 0 
	 625 2 
	 626 0 
	 627 0 
	 628 2 
	 629 0 
	 630 2 
	 631 2 
	 632 0 
	 633 0 
	 634 1 
	 635 1 
	 636 0 
	 637 2 
	 638 0 
	 639 0 
	 640 1 
	 641 2 
	 642 0 
	 643 0 
	 644 2 
	 645 0 
	 646 2 
	 647 2 
	 648 0 
	 649 0 
	 650 1 
	 651 2 
	 652 0 
	 653 2 
	 654 0 
	 655 0 
	 656 2 
	 657 0 
	 658 1 
	 659 1 
	 660 0 
	 661 2 
	 662 0 
	 663 0 
	 664 1 
	 665 1 
	 666 0 
	 667 0 
	 668 1 
	 669 0 
	 670 2 
	 671 2 
	 672 0 
	 673 0 
	 674 1 
	 675 1 
	 676 0 
	 677 2 
	 678 0 
	 679 0 
	 680 2 
	 681 2 
	 682 0 
	 683 0 
	 684 1 
	 685 0 
	 686 2 
	 687 1 
	 688 0 
	 689 1 
	 690 0 
	 691 0 
	 692 1 
	 693 0 
	 694 1 
	 695 1 
	 696 0 
	 697 0 
	 698 1 
	 699 2 
	 700 0 
	 701 2 
	 702 0 
	 703 0 
	 704 2 
	 705 0 
	 706 1 
	 707 2 
	 708 0 
	 709 1 
	 710 0 
	 711 0 
	 712 2 
	 713 2 
	 714 0 
	 715 0 
	 716 1 
	 717 0 
	 718 2 
	 719 1 
	 720 0 
	 721 1 
	 722 0 
	 723 0 
	 724 1 
	 725 0 
	 726 1 
	 727 2 
	 728 0 
	 729 0 
	 730 2 
	 731 2 
	 732 0 
	 733 1 
	 734 0 
	 735 0 
	 736 2 
	 737 1 
	 738 0 
	 739 0 
	 740 1 
	 741 0 
	 742 2 
	 743 2 
	 744 0 
	 745 0 
	 746 2 
	 747 2 
	 748 0 
	 749 1 
	 750 0 
	 751 0 
	 752 1 
	 753 0 
	 754 2 
	 755 2 
	 756 0 
	 757 1 
	 758 0 
	 759 0 
	 760 2 
	 761 1 
	 762 0 
	 763 0 
	 764 2 
	 765 0 
	 766 2 
	 767 1 
	 768 0 
	 769 2 
	 770 0 
	 771 0 
	 772 2 
	 773 0 
	 774 1 
	 775 1 
	 776 0 
	 777 0 
	 778 1 
	 779 2 
	 780 0 
	 781 2 
	 782 0 
	 783 0 
	 784 2 
	 785 0 
	 786 2 
	 787 2 
	 788 0 
	 789 2 
	 790 0 
	 791 0 
	 792 2 
	 793 1 
	 794 0 
	 795 0 
	 796 1 
	 797 0 
	 798 1 
	 799 1 
	 800 0 
	 801 0 
	 802 1 
	 803 2 
	 804 0 
	 805 1 
	 806 0 
	 807 0 
	 808 2 
	 809 2 
	 810 0 
	 811 0 
	 812 2 
	 813 0 
	 814 2 
	 815 1 
	 816 0 
	 817 1 
	 818 0 
	 819 0 
	 820 2 
	 821 0 
	 822 2 
	 823 2 
	 824 0 
	 825 0 
	 826 1 
	 827 2 
	 828 0 
	 829 1 
	 830 0 
	 831 0 
	 832 1 
	 833 0 
	 834 1 
	 835 1 
	 836 0 
	 837 2 
	 838 0 
	 839 0 
	 840 1 
	 841 2 
	 842 0 
	 843 0 
	 844 2 
	 845 0 
	 846 2 
	 847 2 
	 848 0 
	 849 2 
	 850 0 
	 851 0 
	 852 2 
	 853 0 
	 854 2 
	 855 1 
	 856 0 
	 857 0 
	 858 2 
	 859 1 
	 860 0 
	 861 2 
	 862 0 
	 863 0 
	 864 1 
	 865 2 
	 866 0 
	 867 0 
	 868 2 
	 869 0 
	 870 1 
	 871 2 
	 872 0 
	 873 0 
	 874 2 
	 875 2 
	 876 0 
	 877 1 
	 878 0 
	 879 0 
	 880 2 
	 881 0 
	 882 2 
	 883 1 
	 884 0 
	 885 2 
	 886 0 
	 887 0 
	 888 1 
	 889 1 
	 890 0 
	 891 0 
	 892 2 
	 893 0 
	 894 2 
	 895 2 
	 896 0 
	 897 0 
	 898 1 
	 899 1 
	 900 0 
	 901 2 
	 902 0 
	 903 0 
	 904 1 
	 905 1 
	 906 0 
	 907 0 
	 908 1 
	 909 0 
	 910 1 
	 911 1 
	 912 0 
	 913 1 
	 914 0 
	 915 0 
	 916 1 
	 917 0 
	 918 1 
	 919 2 
	 920 0 
	 921 0 
	 922 1 
	 923 1 
	 924 0 
	 925 2 
	 926 0 
	 927 0 
	 928 2 
	 929 2 
	 930 0 
	 931 0 
	 932 1 
	 933 0 
	 934 1 
	 935 1 
	 936 0 
	 937 0 
	 938 1 
	 939 2 
	 940 0 
	 941 2 
	 942 0 
	 943 0 
	 944 2 
	 945 0 
	 946 1 
	 947 2 
	 948 0 
	 949 2 
	 950 0 
	 951 0 
	 952 1 
	 953 1 
	 954 0 
	 955 0 
	 956 2 
	 957 0 
	 958 1 
	 959 1 
	 960 0 
	 961 1 
	 962 0 
	 963 0 
	 964 1 
	 965 0 
	 966 2 
	 967 2 
	 968 0 
	 969 0 
	 970 2 
	 971 1 
	 972 0 
	 973 2 
	 974 0 
	 975 0 
	 976 1 
	 977 0 
	 978 1 
	 979 2 
	 980 0 
	 981 1 
	 982 0 
	 983 0 
	 984 2 
	 985 2 
	 986 0 
	 987 0 
	 988 2 
	 989 0 
	 990 1 
	 991 1 
	 992 0 
	 993 0 
	 994 2 
	 995 1 
	 996 0 
	 997 1 
	 998 0 
	 999 0 
	 1000 2 
	 1001 2 
	 1002 0 
	 1003 0 
	 1004 1 
	 1005 0 
	 1006 1 
	 1007 1 
	 1008 0 
	 1009 1 
	 1010 0 
	 1011 0 
	 1012 2 
	 1013 0 
	 1014 2 
	 1015 2 
	 1016 0 
	 1017 0 
	 1018 1 
	 1019 2 
	 1020 0 
	 1021 1 
	 1022 0 
	 1023 0 
	 1024 2 
	 1 1 1 513 
	 2 1 1 257 
	 3 1 1 129 
	 4 1 1 65 
	 5 1 1 33 
	 6 1 1 17 
	 7 1 1 9 
	 8 1 1 5 
	 9 1 1 3 
	 10 1 1 2 
	 11 1 2 514 
	 12 1 2 258 
	 13 1 2 130 
	 14 1 2 66 
	 15 1 2 34 
	 16 1 2 18 
	 17 1 2 10 
	 18 1 2 6 
	 19 1 2 4 
	 20 1 3 515 
	 21 1 3 259 
	 22 1 3 131 
	 23 1 3 67 
	 24 1 3 35 
	 25 1 3 19 
	 26 1 3 11 
	 27 1 3 7 
	 28 1 3 4 
	 29 1 4 516 
	 30 1 4 260 
	 31 1 4 132 
	 32 1 4 68 
	 33 1 4 36 
	 34 1 4 20 
	 35 1 4 12 
	 36 1 4 8 
	 37 1 5 517 
	 38 1 5 261 
	 39 1 5 133 
	 40 1 5 69 
	 41 1 5 37 
	 42 1 5 21 
	 43 1 5 13 
	 44 1 5 7 
	 45 1 5 6 
	 46 1 6 518 
	 47 1 6 262 
	 48 1 6 134 
	 49 1 6 70 
	 50 1 6 38 
	 51 1 6 22 
	 52 1 6 14 
	 53 1 6 8 
	 54 1 7 519 
	 55 1 7 263 
	 56 1 7 135 
	 57 1 7 71 
	 58 1 7 39 
	 59 1 7 23 
	 60 1 7 15 
	 61 1 7 8 
	 62 1 8 520 
	 63 1 8 264 
	 64 1 8 136 
	 65 1 8 72 
	 66 1 8 40 
	 67 1 8 24 
	 68 1 8 16 
	 69 1 9 521 
	 70 1 9 265 
	 71 1 9 137 
	 72 1 9 73 
	 73 1 9 41 
	 74 1 9 25 
	 75 1 9 13 
	 76 1 9 11 
	 77 1 9 10 
	 78 1 10 522 
	 79 1 10 266 
	 80 1 10 138 
	 81 1 10 74 
	 82 1 10 42 
	 83 1 10 26 
	 84 1 10 14 
	 85 1 10 12 
	 86 1 11 523 
	 87 1 11 267 
	 88 1 11 139 
	 89 1 11 75 
	 90 1 11 43 
	 91 1 11 27 
	 92 1 11 15 
	 93 1 11 12 
	 94 1 12 524 
	 95 1 12 268 
	 96 1 12 140 
	 97 1 12 76 
	 98 1 12 44 
	 99 1 12 28 
	 100 1 12 16 
	 101 1 13 525 
	 102 1 13 269 
	 103 1 13 141 
	 104 1 13 77 
	 105 1 13 45 
	 106 1 13 29 
	 107 1 13 15 
	 108 1 13 14 
	 109 1 14 526 
	 110 1 14 270 
	 111 1 14 142 
	 112 1 14 78 
	 113 1 14 46 
	 114 1 14 30 
	 115 1 14 16 
	 116 1 15 527 
	 117 1 15 271 
	 118 1 15 143 
	 119 1 15 79 
	 120 1 15 47 
	 121 1 15 31 
	 122 1 15 16 
	 123 1 16 528 
	 124 1 16 272 
	 125 1 16 144 
	 126 1 16 80 
	 127 1 16 48 
	 128 1 16 32 
	 129 1 17 529 
	 130 1 17 273 
	 131 1 17 145 
	 132 1 17 81 
	 133 1 17 49 
	 134 1 17 25 
	 135 1 17 21 
	 136 1 17 19 
	 137 1 17 18 
	 138 1 18 530 
	 139 1 18 274 
	 140 1 18 146 
	 141 1 18 82 
	 142 1 18 50 
	 143 1 18 26 
	 144 1 18 22 
	 145 1 18 20 
	 146 1 19 531 
	 147 1 19 275 
	 148 1 19 147 
	 149 1 19 83 
	 150 1 19 51 
	 151 1 19 27 
	 152 1 19 23 
	 153 1 19 20 
	 154 1 20 532 
	 155 1 20 276 
	 156 1 20 148 
	 157 1 20 84 
	 158 1 20 52 
	 159 1 20 28 
	 160 1 20 24 
	 161 1 21 533 
	 162 1 21 277 
	 163 1 21 149 
	 164 1 21 85 
	 165 1 21 53 
	 166 1 21 29 
	 167 1 21 23 
	 168 1 21 22 
	 169 1 22 534 
	 170 1 22 278 
	 171 1 22 150 
	 172 1 22 86 
	 173 1 22 54 
	 174 1 22 30 
	 175 1 22 24 
	 176 1 23 535 
	 177 1 23 279 
	 178 1 23 151 
	 179 1 23 87 
	 180 1 23 55 
	 181 1 23 31 
	 182 1 23 24 
	 183 1 24 536 
	 184 1 24 280 
	 185 1 24 152 
	 186 1 24 88 
	 187 1 24 56 
	 188 1 24 32 
	 189 1 25 537 
	 190 1 25 281 
	 191 1 25 153 
	 192 1 25 89 
	 193 1 25 57 
	 194 1 25 29 
	 195 1 25 27 
	 196 1 25 26 
	 197 1 26 538 
	 198 1 26 282 
	 199 1 26 154 
	 200 1 26 90 
	 201 1 26 58 
	 202 1 26 30 
	 203 1 26 28 
	 204 1 27 539 
	 205 1 27 283 
	 206 1 27 155 
	 207 1 27 91 
	 208 1 27 59 
	 209 1 27 31 
	 210 1 27 28 
	 211 1 28 540 
	 212 1 28 284 
	 213 1 28 156 
	 214 1 28 92 
	 215 1 28 60 
	 216 1 28 32 
	 217 1 29 541 
	 218 1 29 285 
	 219 1 29 157 
	 220 1 29 93 
	 221 1 29 61 
	 222 1 29 31 
	 223 1 29 30 
	 224 1 30 542 
	 225 1 30 286 
	 226 1 30 158 
	 227 1 30 94 
	 228 1 30 62 
	 229 1 30 32 
	 230 1 31 543 
	 231 1 31 287 
	 232 1 31 159 
	 233 1 31 95 
	 234 1 31 63 
	 235 1 31 32 
	 236 1 32 544 
	 237 1 32 288 
	 238 1 32 160 
	 239 1 32 96 
	 240 1 32 64 
	 241 1 33 545 
	 242 1 33 289 
	 243 1 33 161 
	 244 1 33 97 
	 245 1 33 49 
	 246 1 33 41 
	 247 1 33 37 
	 248 1 33 35 
	 249 1 33 34 
	 250 1 34 546 
	 251 1 34 290 
	 252 1 34 162 
	 253 1 34 98 
	 254 1 34 50 
	 255 1 34 42 
	 256 1 34 38 
	 257 1 34 36 
	 258 1 35 547 
	 259 1 35 291 
	 260 1 35 163 
	 261 1 35 99 
	 262 1 35 51 
	 263 1 35 43 
	 264 1 35 39 
	 265 1 35 36 
	 266 1 36 548 
	 267 1 36 292 
	 268 1 36 164 
	 269 1 36 100 
	 270 1 36 52 
	 271 1 36 44 
	 272 1 36 40 
	 273 1 37 549 
	 274 1 37 293 
	 275 1 37 165 
	 276 1 37 101 
	 277 1 37 53 
	 278 1 37 45 
	 279 1 37 39 
	 280 1 37 38 
	 281 1 38 550 
	 282 1 38 294 
	 283 1 38 166 
	 284 1 38 102 
	 285 1 38 54 
	 286 1 38 46 
	 287 1 38 40 
	 288 1 39 551 
	 289 1 39 295 
	 290 1 39 167 
	 291 1 39 103 
	 292 1 39 55 
	 293 1 39 47 
	 294 1 39 40 
	 295 1 40 552 
	 296 1 40 296 
	 297 1 40 168 
	 298 1 40 104 
	 299 1 40 56 
	 300 1 40 48 
	 301 1 41 553 
	 302 1 41 297 
	 303 1 41 169 
	 304 1 41 105 
	 305 1 41 57 
	 306 1 41 45 
	 307 1 41 43 
	 308 1 41 42 
	 309 1 42 554 
	 310 1 42 298 
	 311 1 42 170 
	 312 1 42 106 
	 313 1 42 58 
	 314 1 42 46 
	 315 1 42 44 
	 316 1 43 555 
	 317 1 43 299 
	 318 1 43 171 
	 319 1 43 107 
	 320 1 43 59 
	 321 1 43 47 
	 322 1 43 44 
	 323 1 44 556 
	 324 1 44 300 
	 325 1 44 172 
	 326 1 44 108 
	 327 1 44 60 
	 328 1 44 48 
	 329 1 45 557 
	 330 1 45 301 
	 331 1 45 173 
	 332 1 45 109 
	 333 1 45 61 
	 334 1 45 47 
	 335 1 45 46 
	 336 1 46 558 
	 337 1 46 302 
	 338 1 46 174 
	 339 1 46 110 
	 340 1 46 62 
	 341 1 46 48 
	 342 1 47 559 
	 343 1 47 303 
	 344 1 47 175 
	 345 1 47 111 
	 346 1 47 63 
	 347 1 47 48 
	 348 1 48 560 
	 349 1 48 304 
	 350 1 48 176 
	 351 1 48 112 
	 352 1 48 64 
	 353 1 49 561 
	 354 1 49 305 
	 355 1 49 177 
	 356 1 49 113 
	 357 1 49 57 
	 358 1 49 53 
	 359 1 49 51 
	 360 1 49 50 
	 361 1 50 562 
	 362 1 50 306 
	 363 1 50 178 
	 364 1 50 114 
	 365 1 50 58 
	 366 1 50 54 
	 367 1 50 52 
	 368 1 51 563 
	 369 1 51 307 
	 370 1 51 179 
	 371 1 51 115 
	 372 1 51 59 
	 373 1 51 55 
	 374 1 51 52 
	 375 1 52 564 
	 376 1 52 308 
	 377 1 52 180 
	 378 1 52 116 
	 379 1 52 60 
	 380 1 52 56 
	 381 1 53 565 
	 382 1 53 309 
	 383 1 53 181 
	 384 1 53 117 
	 385 1 53 61 
	 386 1 53 55 
	 387 1 53 54 
	 388 1 54 566 
	 389 1 54 310 
	 390 1 54 182 
	 391 1 54 118 
	 392 1 54 62 
	 393 1 54 56 
	 394 1 55 567 
	 395 1 55 311 
	 396 1 55 183 
	 397 1 55 119 
	 398 1 55 63 
	 399 1 55 56 
	 400 1 56 568 
	 401 1 56 312 
	 402 1 56 184 
	 403 1 56 120 
	 404 1 56 64 
	 405 1 57 569 
	 406 1 57 313 
	 407 1 57 185 
	 408 1 57 121 
	 409 1 57 61 
	 410 1 57 59 
	 411 1 57 58 
	 412 1 58 570 
	 413 1 58 314 
	 414 1 58 186 
	 415 1 58 122 
	 416 1 58 62 
	 417 1 58 60 
	 418 1 59 571 
	 419 1 59 315 
	 420 1 59 187 
	 421 1 59 123 
	 422 1 59 63 
	 423 1 59 60 
	 424 1 60 572 
	 425 1 60 316 
	 426 1 60 188 
	 427 1 60 124 
	 428 1 60 64 
	 429 1 61 573 
	 430 1 61 317 
	 431 1 61 189 
	 432 1 61 125 
	 433 1 61 63 
	 434 1 61 62 
	 435 1 62 574 
	 436 1 62 318 
	 437 1 62 190 
	 438 1 62 126 
	 439 1 62 64 
	 440 1 63 575 
	 441 1 63 319 
	 442 1 63 191 
	 443 1 63 127 
	 444 1 63 64 
	 445 1 64 576 
	 446 1 64 320 
	 447 1 64 192 
	 448 1 64 128 
	 449 1 65 577 
	 450 1 65 321 
	 451 1 65 193 
	 452 1 65 97 
	 453 1 65 81 
	 454 1 65 73 
	 455 1 65 69 
	 456 1 65 67 
	 457 1 65 66 
	 458 1 66 578 
	 459 1 66 322 
	 460 1 66 194 
	 461 1 66 98 
	 462 1 66 82 
	 463 1 66 74 
	 464 1 66 70 
	 465 1 66 68 
	 466 1 67 579 
	 467 1 67 323 
	 468 1 67 195 
	 469 1 67 99 
	 470 1 67 83 
	 471 1 67 75 
	 472 1 67 71 
	 473 1 67 68 
	 474 1 68 580 
	 475 1 68 324 
	 476 1 68 196 
	 477 1 68 100 
	 478 1 68 84 
	 479 1 68 76 
	 480 1 68 72 
	 481 1 69 581 
	 482 1 69 325 
	 483 1 69 197 
	 484 1 69 101 
	 485 1 69 85 
	 486 1 69 77 
	 487 1 69 71 
	 488 1 69 70 
	 489 1 70 582 
	 490 1 70 326 
	 491 1 70 198 
	 492 1 70 102 
	 493 1 70 86 
	 494 1 70 78 
	 495 1 70 72 
	 496 1 71 583 
	 497 1 71 327 
	 498 1 71 199 
	 499 1 71 103 
	 500 1 71 87 
	 501 1 71 79 
	 502 1 71 72 
	 503 1 72 584 
	 504 1 72 328 
	 505 1 72 200 
	 506 1 72 104 
	 507 1 72 88 
	 508 1 72 80 
	 509 1 73 585 
	 510 1 73 329 
	 511 1 73 201 
	 512 1 73 105 
	 513 1 73 89 
	 514 1 73 77 
	 515 1 73 75 
	 516 1 73 74 
	 517 1 74 586 
	 518 1 74 330 
	 519 1 74 202 
	 520 1 74 106 
	 521 1 74 90 
	 522 1 74 78 
	 523 1 74 76 
	 524 1 75 587 
	 525 1 75 331 
	 526 1 75 203 
	 527 1 75 107 
	 528 1 75 91 
	 529 1 75 79 
	 530 1 75 76 
	 531 1 76 588 
	 532 1 76 332 
	 533 1 76 204 
	 534 1 76 108 
	 535 1 76 92 
	 536 1 76 80 
	 537 1 77 589 
	 538 1 77 333 
	 539 1 77 205 
	 540 1 77 109 
	 541 1 77 93 
	 542 1 77 79 
	 543 1 77 78 
	 544 1 78 590 
	 545 1 78 334 
	 546 1 78 206 
	 547 1 78 110 
	 548 1 78 94 
	 549 1 78 80 
	 550 1 79 591 
	 551 1 79 335 
	 552 1 79 207 
	 553 1 79 111 
	 554 1 79 95 
	 555 1 79 80 
	 556 1 80 592 
	 557 1 80 336 
	 558 1 80 208 
	 559 1 80 112 
	 560 1 80 96 
	 561 1 81 593 
	 562 1 81 337 
	 563 1 81 209 
	 564 1 81 113 
	 565 1 81 89 
	 566 1 81 85 
	 567 1 81 83 
	 568 1 81 82 
	 569 1 82 594 
	 570 1 82 338 
	 571 1 82 210 
	 572 1 82 114 
	 573 1 82 90 
	 574 1 82 86 
	 575 1 82 84 
	 576 1 83 595 
	 577 1 83 339 
	 578 1 83 211 
	 579 1 83 115 
	 580 1 83 91 
	 581 1 83 87 
	 582 1 83 84 
	 583 1 84 596 
	 584 1 84 340 
	 585 1 84 212 
	 586 1 84 116 
	 587 1 84 92 
	 588 1 84 88 
	 589 1 85 597 
	 590 1 85 341 
	 591 1 85 213 
	 592 1 85 117 
	 593 1 85 93 
	 594 1 85 87 
	 595 1 85 86 
	 596 1 86 598 
	 597 1 86 342 
	 598 1 86 214 
	 599 1 86 118 
	 600 1 86 94 
	 601 1 86 88 
	 602 1 87 599 
	 603 1 87 343 
	 604 1 87 215 
	 605 1 87 119 
	 606 1 87 95 
	 607 1 87 88 
	 608 1 88 600 
	 609 1 88 344 
	 610 1 88 216 
	 611 1 88 120 
	 612 1 88 96 
	 613 1 89 601 
	 614 1 89 345 
	 615 1 89 217 
	 616 1 89 121 
	 617 1 89 93 
	 618 1 89 91 
	 619 1 89 90 
	 620 1 90 602 
	 621 1 90 346 
	 622 1 90 218 
	 623 1 90 122 
	 624 1 90 94 
	 625 1 90 92 
	 626 1 91 603 
	 627 1 91 347 
	 628 1 91 219 
	 629 1 91 123 
	 630 1 91 95 
	 631 1 91 92 
	 632 1 92 604 
	 633 1 92 348 
	 634 1 92 220 
	 635 1 92 124 
	 636 1 92 96 
	 637 1 93 605 
	 638 1 93 349 
	 639 1 93 221 
	 640 1 93 125 
	 641 1 93 95 
	 642 1 93 94 
	 643 1 94 606 
	 644 1 94 350 
	 645 1 94 222 
	 646 1 94 126 
	 647 1 94 96 
	 648 1 95 607 
	 649 1 95 351 
	 650 1 95 223 
	 651 1 95 127 
	 652 1 95 96 
	 653 1 96 608 
	 654 1 96 352 
	 655 1 96 224 
	 656 1 96 128 
	 657 1 97 609 
	 658 1 97 353 
	 659 1 97 225 
	 660 1 97 113 
	 661 1 97 105 
	 662 1 97 101 
	 663 1 97 99 
	 664 1 97 98 
	 665 1 98 610 
	 666 1 98 354 
	 667 1 98 226 
	 668 1 98 114 
	 669 1 98 106 
	 670 1 98 102 
	 671 1 98 100 
	 672 1 99 611 
	 673 1 99 355 
	 674 1 99 227 
	 675 1 99 115 
	 676 1 99 107 
	 677 1 99 103 
	 678 1 99 100 
	 679 1 100 612 
	 680 1 100 356 
	 681 1 100 228 
	 682 1 100 116 
	 683 1 100 108 
	 684 1 100 104 
	 685 1 101 613 
	 686 1 101 357 
	 687 1 101 229 
	 688 1 101 117 
	 689 1 101 109 
	 690 1 101 103 
	 691 1 101 102 
	 692 1 102 614 
	 693 1 102 358 
	 694 1 102 230 
	 695 1 102 118 
	 696 1 102 110 
	 697 1 102 104 
	 698 1 103 615 
	 699 1 103 359 
	 700 1 103 231 
	 701 1 103 119 
	 702 1 103 111 
	 703 1 103 104 
	 704 1 104 616 
	 705 1 104 360 
	 706 1 104 232 
	 707 1 104 120 
	 708 1 104 112 
	 709 1 105 617 
	 710 1 105 361 
	 711 1 105 233 
	 712 1 105 121 
	 713 1 105 109 
	 714 1 105 107 
	 715 1 105 106 
	 716 1 106 618 
	 717 1 106 362 
	 718 1 106 234 
	 719 1 106 122 
	 720 1 106 110 
	 721 1 106 108 
	 722 1 107 619 
	 723 1 107 363 
	 724 1 107 235 
	 725 1 107 123 
	 726 1 107 111 
	 727 1 107 108 
	 728 1 108 620 
	 729 1 108 364 
	 730 1 108 236 
	 731 1 108 124 
	 732 1 108 112 
	 733 1 109 621 
	 734 1 109 365 
	 735 1 109 237 
	 736 1 109 125 
	 737 1 109 111 
	 738 1 109 110 
	 739 1 110 622 
	 740 1 110 366 
	 741 1 110 238 
	 742 1 110 126 
	 743 1 110 112 
	 744 1 111 623 
	 745 1 111 367 
	 746 1 111 239 
	 747 1 111 127 
	 748 1 111 112 
	 749 1 112 624 
	 750 1 112 368 
	 751 1 112 240 
	 752 1 112 128 
	 753 1 113 625 
	 754 1 113 369 
	 755 1 113 241 
	 756 1 113 121 
	 757 1 113 117 
	 758 1 113 115 
	 759 1 113 114 
	 760 1 114 626 
	 761 1 114 370 
	 762 1 114 242 
	 763 1 114 122 
	 764 1 114 118 
	 765 1 114 116 
	 766 1 115 627 
	 767 1 115 371 
	 768 1 115 243 
	 769 1 115 123 
	 770 1 115 119 
	 771 1 115 116 
	 772 1 116 628 
	 773 1 116 372 
	 774 1 116 244 
	 775 1 116 124 
	 776 1 116 120 
	 777 1 117 629 
	 778 1 117 373 
	 779 1 117 245 
	 780 1 117 125 
	 781 1 117 119 
	 782 1 117 118 
	 783 1 118 630 
	 784 1 118 374 
	 785 1 118 246 
	 786 1 118 126 
	 787 1 118 120 
	 788 1 119 631 
	 789 1 119 375 
	 790 1 119 247 
	 791 1 119 127 
	 792 1 119 120 
	 793 1 120 632 
	 794 1 120 376 
	 795 1 120 248 
	 796 1 120 128 
	 797 1 121 633 
	 798 1 121 377 
	 799 1 121 249 
	 800 1 121 125 
	 801 1 121 123 
	 802 1 121 122 
	 803 1 122 634 
	 804 1 122 378 
	 805 1 122 250 
	 806 1 122 126 
	 807 1 122 124 
	 808 1 123 635 
	 809 1 123 379 
	 810 1 123 251 
	 811 1 123 127 
	 812 1 123 124 
	 813 1 124 636 
	 814 1 124 380 
	 815 1 124 252 
	 816 1 124 128 
	 817 1 125 637 
	 818 1 125 381 
	 819 1 125 253 
	 820 1 125 127 
	 821 1 125 126 
	 822 1 126 638 
	 823 1 126 382 
	 824 1 126 254 
	 825 1 126 128 
	 826 1 127 639 
	 827 1 127 383 
	 828 1 127 255 
	 829 1 127 128 
	 830 1 128 640 
	 831 1 128 384 
	 832 1 128 256 
	 833 1 129 641 
	 834 1 129 385 
	 835 1 129 193 
	 836 1 129 161 
	 837 1 129 145 
	 838 1 129 137 
	 839 1 129 133 
	 840 1 129 131 
	 841 1 129 130 
	 842 1 130 642 
	 843 1 130 386 
	 844 1 130 194 
	 845 1 130 162 
	 846 1 130 146 
	 847 1 130 138 
	 848 1 130 134 
	 849 1 130 132 
	 850 1 131 643 
	 851 1 131 387 
	 852 1 131 195 
	 853 1 131 163 
	 854 1 131 147 
	 855 1 131 139 
	 856 1 131 135 
	 857 1 131 132 
	 858 1 132 644 
	 859 1 132 388 
	 860 1 132 196 
	 861 1 132 164 
	 862 1 132 148 
	 863 1 132 140 
	 864 1 132 136 
	 865 1 133 645 
	 866 1 133 389 
	 867 1 133 197 
	 868 1 133 165 
	 869 1 133 149 
	 870 1 133 141 
	 871 1 133 135 
	 872 1 133 134 
	 873 1 134 646 
	 874 1 134 390 
	 875 1 134 198 
	 876 1 134 166 
	 877 1 134 150 
	 878 1 134 142 
	 879 1 134 136 
	 880 1 135 647 
	 881 1 135 391 
	 882 1 135 199 
	 883 1 135 167 
	 884 1 135 151 
	 885 1 135 143 
	 886 1 135 136 
	 887 1 136 648 
	 888 1 136 392 
	 889 1 136 200 
	 890 1 136 168 
	 891 1 136 152 
	 892 1 136 144 
	 893 1 137 649 
	 894 1 137 393 
	 895 1 137 201 
	 896 1 137 169 
	 897 1 137 153 
	 898 1 137 141 
	 899 1 137 139 
	 900 1 137 138 
	 901 1 138 650 
	 902 1 138 394 
	 903 1 138 202 
	 904 1 138 170 
	 905 1 138 154 
	 906 1 138 142 
	 907 1 138 140 
	 908 1 139 651 
	 909 1 139 395 
	 910 1 139 203 
	 911 1 139 171 
	 912 1 139 155 
	 913 1 139 143 
	 914 1 139 140 
	 915 1 140 652 
	 916 1 140 396 
	 917 1 140 204 
	 918 1 140 172 
	 919 1 140 156 
	 920 1 140 144 
	 921 1 141 653 
	 922 1 141 397 
	 923 1 141 205 
	 924 1 141 173 
	 925 1 141 157 
	 926 1 141 143 
	 927 1 141 142 
	 928 1 142 654 
	 929 1 142 398 
	 930 1 142 206 
	 931 1 142 174 
	 932 1 142 158 
	 933 1 142 144 
	 934 1 143 655 
	 935 1 143 399 
	 936 1 143 207 
	 937 1 143 175 
	 938 1 143 159 
	 939 1 143 144 
	 940 1 144 656 
	 941 1 144 400 
	 942 1 144 208 
	 943 1 144 176 
	 944 1 144 160 
	 945 1 145 657 
	 946 1 145 401 
	 947 1 145 209 
	 948 1 145 177 
	 949 1 145 153 
	 950 1 145 149 
	 951 1 145 147 
	 952 1 145 146 
	 953 1 146 658 
	 954 1 146 402 
	 955 1 146 210 
	 956 1 146 178 
	 957 1 146 154 
	 958 1 146 150 
	 959 1 146 148 
	 960 1 147 659 
	 961 1 147 403 
	 962 1 147 211 
	 963 1 147 179 
	 964 1 147 155 
	 965 1 147 151 
	 966 1 147 148 
	 967 1 148 660 
	 968 1 148 404 
	 969 1 148 212 
	 970 1 148 180 
	 971 1 148 156 
	 972 1 148 152 
	 973 1 149 661 
	 974 1 149 405 
	 975 1 149 213 
	 976 1 149 181 
	 977 1 149 157 
	 978 1 149 151 
	 979 1 149 150 
	 980 1 150 662 
	 981 1 150 406 
	 982 1 150 214 
	 983 1 150 182 
	 984 1 150 158 
	 985 1 150 152 
	 986 1 151 663 
	 987 1 151 407 
	 988 1 151 215 
	 989 1 151 183 
	 990 1 151 159 
	 991 1 151 152 
	 992 1 152 664 
	 993 1 152 408 
	 994 1 152 216 
	 995 1 152 184 
	 996 1 152 160 
	 997 1 153 665 
	 998 1 153 409 
	 999 1 153 217 
	 1000 1 153 185 
	 1001 1 153 157 
	 1002 1 153 155 
	 1003 1 153 154 
	 1004 1 154 666 
	 1005 1 154 410 
	 1006 1 154 218 
	 1007 1 154 186 
	 1008 1 154 158 
	 1009 1 154 156 
	 1010 1 155 667 
	 1011 1 155 411 
	 1012 1 155 219 
	 1013 1 155 187 
	 1014 1 155 159 
	 1015 1 155 156 
	 1016 1 156 668 
	 1017 1 156 412 
	 1018 1 156 220 
	 1019 1 156 188 
	 1020 1 156 160 
	 1021 1 157 669 
	 1022 1 157 413 
	 1023 1 157 221 
	 1024 1 157 189 
	 1025 1 157 159 
	 1026 1 157 158 
	 1027 1 158 670 
	 1028 1 158 414 
	 1029 1 158 222 
	 1030 1 158 190 
	 1031 1 158 160 
	 1032 1 159 671 
	 1033 1 159 415 
	 1034 1 159 223 
	 1035 1 159 191 
	 1036 1 159 160 
	 1037 1 160 672 
	 1038 1 160 416 
	 1039 1 160 224 
	 1040 1 160 192 
	 1041 1 161 673 
	 1042 1 161 417 
	 1043 1 161 225 
	 1044 1 161 177 
	 1045 1 161 169 
	 1046 1 161 165 
	 1047 1 161 163 
	 1048 1 161 162 
	 1049 1 162 674 
	 1050 1 162 418 
	 1051 1 162 226 
	 1052 1 162 178 
	 1053 1 162 170 
	 1054 1 162 166 
	 1055 1 162 164 
	 1056 1 163 675 
	 1057 1 163 419 
	 1058 1 163 227 
	 1059 1 163 179 
	 1060 1 163 171 
	 1061 1 163 167 
	 1062 1 163 164 
	 1063 1 164 676 
	 1064 1 164 420 
	 1065 1 164 228 
	 1066 1 164 180 
	 1067 1 164 172 
	 1068 1 164 168 
	 1069 1 165 677 
	 1070 1 165 421 
	 1071 1 165 229 
	 1072 1 165 181 
	 1073 1 165 173 
	 1074 1 165 167 
	 1075 1 165 166 
	 1076 1 166 678 
	 1077 1 166 422 
	 1078 1 166 230 
	 1079 1 166 182 
	 1080 1 166 174 
	 1081 1 166 168 
	 1082 1 167 679 
	 1083 1 167 423 
	 1084 1 167 231 
	 1085 1 167 183 
	 1086 1 167 175 
	 1087 1 167 168 
	 1088 1 168 680 
	 1089 1 168 424 
	 1090 1 168 232 
	 1091 1 168 184 
	 1092 1 168 176 
	 1093 1 169 681 
	 1094 1 169 425 
	 1095 1 169 233 
	 1096 1 169 185 
	 1097 1 169 173 
	 1098 1 169 171 
	 1099 1 169 170 
	 1100 1 170 682 
	 1101 1 170 426 
	 1102 1 170 234 
	 1103 1 170 186 
	 1104 1 170 174 
	 1105 1 170 172 
	 1106 1 171 683 
	 1107 1 171 427 
	 1108 1 171 235 
	 1109 1 171 187 
	 1110 1 171 175 
	 1111 1 171 172 
	 1112 1 172 684 
	 1113 1 172 428 
	 1114 1 172 236 
	 1115 1 172 188 
	 1116 1 172 176 
	 1117 1 173 685 
	 1118 1 173 429 
	 1119 1 173 237 
	 1120 1 173 189 
	 1121 1 173 175 
	 1122 1 173 174 
	 1123 1 174 686 
	 1124 1 174 430 
	 1125 1 174 238 
	 1126 1 174 190 
	 1127 1 174 176 
	 1128 1 175 687 
	 1129 1 175 431 
	 1130 1 175 239 
	 1131 1 175 191 
	 1132 1 175 176 
	 1133 1 176 688 
	 1134 1 176 432 
	 1135 1 176 240 
	 1136 1 176 192 
	 1137 1 177 689 
	 1138 1 177 433 
	 1139 1 177 241 
	 1140 1 177 185 
	 1141 1 177 181 
	 1142 1 177 179 
	 1143 1 177 178 
	 1144 1 178 690 
	 1145 1 178 434 
	 1146 1 178 242 
	 1147 1 178 186 
	 1148 1 178 182 
	 1149 1 178 180 
	 1150 1 179 691 
	 1151 1 179 435 
	 1152 1 179 243 
	 1153 1 179 187 
	 1154 1 179 183 
	 1155 1 179 180 
	 1156 1 180 692 
	 1157 1 180 436 
	 1158 1 180 244 
	 1159 1 180 188 
	 1160 1 180 184 
	 1161 1 181 693 
	 1162 1 181 437 
	 1163 1 181 245 
	 1164 1 181 189 
	 1165 1 181 183 
	 1166 1 181 182 
	 1167 1 182 694 
	 1168 1 182 438 
	 1169 1 182 246 
	 1170 1 182 190 
	 1171 1 182 184 
	 1172 1 183 695 
	 1173 1 183 439 
	 1174 1 183 247 
	 1175 1 183 191 
	 1176 1 183 184 
	 1177 1 184 696 
	 1178 1 184 440 
	 1179 1 184 248 
	 1180 1 184 192 
	 1181 1 185 697 
	 1182 1 185 441 
	 1183 1 185 249 
	 1184 1 185 189 
	 1185 1 185 187 
	 1186 1 185 186 
	 1187 1 186 698 
	 1188 1 186 442 
	 1189 1 186 250 
	 1190 1 186 190 
	 1191 1 186 188 
	 1192 1 187 699 
	 1193 1 187 443 
	 1194 1 187 251 
	 1195 1 187 191 
	 1196 1 187 188 
	 1197 1 188 700 
	 1198 1 188 444 
	 1199 1 188 252 
	 1200 1 188 192 
	 1201 1 189 701 
	 1202 1 189 445 
	 1203 1 189 253 
	 1204 1 189 191 
	 1205 1 189 190 
	 1206 1 190 702 
	 1207 1 190 446 
	 1208 1 190 254 
	 1209 1 190 192 
	 1210 1 191 703 
	 1211 1 191 447 
	 1212 1 191 255 
	 1213 1 191 192 
	 1214 1 192 704 
	 1215 1 192 448 
	 1216 1 192 256 
	 1217 1 193 705 
	 1218 1 193 449 
	 1219 1 193 225 
	 1220 1 193 209 
	 1221 1 193 201 
	 1222 1 193 197 
	 1223 1 193 195 
	 1224 1 193 194 
	 1225 1 194 706 
	 1226 1 194 450 
	 1227 1 194 226 
	 1228 1 194 210 
	 1229 1 194 202 
	 1230 1 194 198 
	 1231 1 194 196 
	 1232 1 195 707 
	 1233 1 195 451 
	 1234 1 195 227 
	 1235 1 195 211 
	 1236 1 195 203 
	 1237 1 195 199 
	 1238 1 195 196 
	 1239 1 196 708 
	 1240 1 196 452 
	 1241 1 196 228 
	 1242 1 196 212 
	 1243 1 196 204 
	 1244 1 196 200 
	 1245 1 197 709 
	 1246 1 197 453 
	 1247 1 197 229 
	 1248 1 197 213 
	 1249 1 197 205 
	 1250 1 197 199 
	 1251 1 197 198 
	 1252 1 198 710 
	 1253 1 198 454 
	 1254 1 198 230 
	 1255 1 198 214 
	 1256 1 198 206 
	 1257 1 198 200 
	 1258 1 199 711 
	 1259 1 199 455 
	 1260 1 199 231 
	 1261 1 199 215 
	 1262 1 199 207 
	 1263 1 199 200 
	 1264 1 200 712 
	 1265 1 200 456 
	 1266 1 200 232 
	 1267 1 200 216 
	 1268 1 200 208 
	 1269 1 201 713 
	 1270 1 201 457 
	 1271 1 201 233 
	 1272 1 201 217 
	 1273 1 201 205 
	 1274 1 201 203 
	 1275 1 201 202 
	 1276 1 202 714 
	 1277 1 202 458 
	 1278 1 202 234 
	 1279 1 202 218 
	 1280 1 202 206 
	 1281 1 202 204 
	 1282 1 203 715 
	 1283 1 203 459 
	 1284 1 203 235 
	 1285 1 203 219 
	 1286 1 203 207 
	 1287 1 203 204 
	 1288 1 204 716 
	 1289 1 204 460 
	 1290 1 204 236 
	 1291 1 204 220 
	 1292 1 204 208 
	 1293 1 205 717 
	 1294 1 205 461 
	 1295 1 205 237 
	 1296 1 205 221 
	 1297 1 205 207 
	 1298 1 205 206 
	 1299 1 206 718 
	 1300 1 206 462 
	 1301 1 206 238 
	 1302 1 206 222 
	 1303 1 206 208 
	 1304 1 207 719 
	 1305 1 207 463 
	 1306 1 207 239 
	 1307 1 207 223 
	 1308 1 207 208 
	 1309 1 208 720 
	 1310 1 208 464 
	 1311 1 208 240 
	 1312 1 208 224 
	 1313 1 209 721 
	 1314 1 209 465 
	 1315 1 209 241 
	 1316 1 209 217 
	 1317 1 209 213 
	 1318 1 209 211 
	 1319 1 209 210 
	 1320 1 210 722 
	 1321 1 210 466 
	 1322 1 210 242 
	 1323 1 210 218 
	 1324 1 210 214 
	 1325 1 210 212 
	 1326 1 211 723 
	 1327 1 211 467 
	 1328 1 211 243 
	 1329 1 211 219 
	 1330 1 211 215 
	 1331 1 211 212 
	 1332 1 212 724 
	 1333 1 212 468 
	 1334 1 212 244 
	 1335 1 212 220 
	 1336 1 212 216 
	 1337 1 213 725 
	 1338 1 213 469 
	 1339 1 213 245 
	 1340 1 213 221 
	 1341 1 213 215 
	 1342 1 213 214 
	 1343 1 214 726 
	 1344 1 214 470 
	 1345 1 214 246 
	 1346 1 214 222 
	 1347 1 214 216 
	 1348 1 215 727 
	 1349 1 215 471 
	 1350 1 215 247 
	 1351 1 215 223 
	 1352 1 215 216 
	 1353 1 216 728 
	 1354 1 216 472 
	 1355 1 216 248 
	 1356 1 216 224 
	 1357 1 217 729 
	 1358 1 217 473 
	 1359 1 217 249 
	 1360 1 217 221 
	 1361 1 217 219 
	 1362 1 217 218 
	 1363 1 218 730 
	 1364 1 218 474 
	 1365 1 218 250 
	 1366 1 218 222 
	 1367 1 218 220 
	 1368 1 219 731 
	 1369 1 219 475 
	 1370 1 219 251 
	 1371 1 219 223 
	 1372 1 219 220 
	 1373 1 220 732 
	 1374 1 220 476 
	 1375 1 220 252 
	 1376 1 220 224 
	 1377 1 221 733 
	 1378 1 221 477 
	 1379 1 221 253 
	 1380 1 221 223 
	 1381 1 221 222 
	 1382 1 222 734 
	 1383 1 222 478 
	 1384 1 222 254 
	 1385 1 222 224 
	 1386 1 223 735 
	 1387 1 223 479 
	 1388 1 223 255 
	 1389 1 223 224 
	 1390 1 224 736 
	 1391 1 224 480 
	 1392 1 224 256 
	 1393 1 225 737 
	 1394 1 225 481 
	 1395 1 225 241 
	 1396 1 225 233 
	 1397 1 225 229 
	 1398 1 225 227 
	 1399 1 225 226 
	 1400 1 226 738 
	 1401 1 226 482 
	 1402 1 226 242 
	 1403 1 226 234 
	 1404 1 226 230 
	 1405 1 226 228 
	 1406 1 227 739 
	 1407 1 227 483 
	 1408 1 227 243 
	 1409 1 227 235 
	 1410 1 227 231 
	 1411 1 227 228 
	 1412 1 228 740 
	 1413 1 228 484 
	 1414 1 228 244 
	 1415 1 228 236 
	 1416 1 228 232 
	 1417 1 229 741 
	 1418 1 229 485 
	 1419 1 229 245 
	 1420 1 229 237 
	 1421 1 229 231 
	 1422 1 229 230 
	 1423 1 230 742 
	 1424 1 230 486 
	 1425 1 230 246 
	 1426 1 230 238 
	 1427 1 230 232 
	 1428 1 231 743 
	 1429 1 231 487 
	 1430 1 231 247 
	 1431 1 231 239 
	 1432 1 231 232 
	 1433 1 232 744 
	 1434 1 232 488 
	 1435 1 232 248 
	 1436 1 232 240 
	 1437 1 233 745 
	 1438 1 233 489 
	 1439 1 233 249 
	 1440 1 233 237 
	 1441 1 233 235 
	 1442 1 233 234 
	 1443 1 234 746 
	 1444 1 234 490 
	 1445 1 234 250 
	 1446 1 234 238 
	 1447 1 234 236 
	 1448 1 235 747 
	 1449 1 235 491 
	 1450 1 235 251 
	 1451 1 235 239 
	 1452 1 235 236 
	 1453 1 236 748 
	 1454 1 236 492 
	 1455 1 236 252 
	 1456 1 236 240 
	 1457 1 237 749 
	 1458 1 237 493 
	 1459 1 237 253 
	 1460 1 237 239 
	 1461 1 237 238 
	 1462 1 238 750 
	 1463 1 238 494 
	 1464 1 238 254 
	 1465 1 238 240 
	 1466 1 239 751 
	 1467 1 239 495 
	 1468 1 239 255 
	 1469 1 239 240 
	 1470 1 240 752 
	 1471 1 240 496 
	 1472 1 240 256 
	 1473 1 241 753 
	 1474 1 241 497 
	 1475 1 241 249 
	 1476 1 241 245 
	 1477 1 241 243 
	 1478 1 241 242 
	 1479 1 242 754 
	 1480 1 242 498 
	 1481 1 242 250 
	 1482 1 242 246 
	 1483 1 242 244 
	 1484 1 243 755 
	 1485 1 243 499 
	 1486 1 243 251 
	 1487 1 243 247 
	 1488 1 243 244 
	 1489 1 244 756 
	 1490 1 244 500 
	 1491 1 244 252 
	 1492 1 244 248 
	 1493 1 245 757 
	 1494 1 245 501 
	 1495 1 245 253 
	 1496 1 245 247 
	 1497 1 245 246 
	 1498 1 246 758 
	 1499 1 246 502 
	 1500 1 246 254 
	 1501 1 246 248 
	 1502 1 247 759 
	 1503 1 247 503 
	 1504 1 247 255 
	 1505 1 247 248 
	 1506 1 248 760 
	 1507 1 248 504 
	 1508 1 248 256 
	 1509 1 249 761 
	 1510 1 249 505 
	 1511 1 249 253 
	 1512 1 249 251 
	 1513 1 249 250 
	 1514 1 250 762 
	 1515 1 250 506 
	 1516 1 250 254 
	 1517 1 250 252 
	 1518 1 251 763 
	 1519 1 251 507 
	 1520 1 251 255 
	 1521 1 251 252 
	 1522 1 252 764 
	 1523 1 252 508 
	 1524 1 252 256 
	 1525 1 253 765 
	 1526 1 253 509 
	 1527 1 253 255 
	 1528 1 253 254 
	 1529 1 254 766 
	 1530 1 254 510 
	 1531 1 254 256 
	 1532 1 255 767 
	 1533 1 255 511 
	 1534 1 255 256 
	 1535 1 256 768 
	 1536 1 256 512 
	 1537 1 257 769 
	 1538 1 257 385 
	 1539 1 257 321 
	 1540 1 257 289 
	 1541 1 257 273 
	 1542 1 257 265 
	 1543 1 257 261 
	 1544 1 257 259 
	 1545 1 257 258 
	 1546 1 258 770 
	 1547 1 258 386 
	 1548 1 258 322 
	 1549 1 258 290 
	 1550 1 258 274 
	 1551 1 258 266 
	 1552 1 258 262 
	 1553 1 258 260 
	 1554 1 259 771 
	 1555 1 259 387 
	 1556 1 259 323 
	 1557 1 259 291 
	 1558 1 259 275 
	 1559 1 259 267 
	 1560 1 259 263 
	 1561 1 259 260 
	 1562 1 260 772 
	 1563 1 260 388 
	 1564 1 260 324 
	 1565 1 260 292 
	 1566 1 260 276 
	 1567 1 260 268 
	 1568 1 260 264 
	 1569 1 261 773 
	 1570 1 261 389 
	 1571 1 261 325 
	 1572 1 261 293 
	 1573 1 261 277 
	 1574 1 261 269 
	 1575 1 261 263 
	 1576 1 261 262 
	 1577 1 262 774 
	 1578 1 262 390 
	 1579 1 262 326 
	 1580 1 262 294 
	 1581 1 262 278 
	 1582 1 262 270 
	 1583 1 262 264 
	 1584 1 263 775 
	 1585 1 263 391 
	 1586 1 263 327 
	 1587 1 263 295 
	 1588 1 263 279 
	 1589 1 263 271 
	 1590 1 263 264 
	 1591 1 264 776 
	 1592 1 264 392 
	 1593 1 264 328 
	 1594 1 264 296 
	 1595 1 264 280 
	 1596 1 264 272 
	 1597 1 265 777 
	 1598 1 265 393 
	 1599 1 265 329 
	 1600 1 265 297 
	 1601 1 265 281 
	 1602 1 265 269 
	 1603 1 265 267 
	 1604 1 265 266 
	 1605 1 266 778 
	 1606 1 266 394 
	 1607 1 266 330 
	 1608 1 266 298 
	 1609 1 266 282 
	 1610 1 266 270 
	 1611 1 266 268 
	 1612 1 267 779 
	 1613 1 267 395 
	 1614 1 267 331 
	 1615 1 267 299 
	 1616 1 267 283 
	 1617 1 267 271 
	 1618 1 267 268 
	 1619 1 268 780 
	 1620 1 268 396 
	 1621 1 268 332 
	 1622 1 268 300 
	 1623 1 268 284 
	 1624 1 268 272 
	 1625 1 269 781 
	 1626 1 269 397 
	 1627 1 269 333 
	 1628 1 269 301 
	 1629 1 269 285 
	 1630 1 269 271 
	 1631 1 269 270 
	 1632 1 270 782 
	 1633 1 270 398 
	 1634 1 270 334 
	 1635 1 270 302 
	 1636 1 270 286 
	 1637 1 270 272 
	 1638 1 271 783 
	 1639 1 271 399 
	 1640 1 271 335 
	 1641 1 271 303 
	 1642 1 271 287 
	 1643 1 271 272 
	 1644 1 272 784 
	 1645 1 272 400 
	 1646 1 272 336 
	 1647 1 272 304 
	 1648 1 272 288 
	 1649 1 273 785 
	 1650 1 273 401 
	 1651 1 273 337 
	 1652 1 273 305 
	 1653 1 273 281 
	 1654 1 273 277 
	 1655 1 273 275 
	 1656 1 273 274 
	 1657 1 274 786 
	 1658 1 274 402 
	 1659 1 274 338 
	 1660 1 274 306 
	 1661 1 274 282 
	 1662 1 274 278 
	 1663 1 274 276 
	 1664 1 275 787 
	 1665 1 275 403 
	 1666 1 275 339 
	 1667 1 275 307 
	 1668 1 275 283 
	 1669 1 275 279 
	 1670 1 275 276 
	 1671 1 276 788 
	 1672 1 276 404 
	 1673 1 276 340 
	 1674 1 276 308 
	 1675 1 276 284 
	 1676 1 276 280 
	 1677 1 277 789 
	 1678 1 277 405 
	 1679 1 277 341 
	 1680 1 277 309 
	 1681 1 277 285 
	 1682 1 277 279 
	 1683 1 277 278 
	 1684 1 278 790 
	 1685 1 278 406 
	 1686 1 278 342 
	 1687 1 278 310 
	 1688 1 278 286 
	 1689 1 278 280 
	 1690 1 279 791 
	 1691 1 279 407 
	 1692 1 279 343 
	 1693 1 279 311 
	 1694 1 279 287 
	 1695 1 279 280 
	 1696 1 280 792 
	 1697 1 280 408 
	 1698 1 280 344 
	 1699 1 280 312 
	 1700 1 280 288 
	 1701 1 281 793 
	 1702 1 281 409 
	 1703 1 281 345 
	 1704 1 281 313 
	 1705 1 281 285 
	 1706 1 281 283 
	 1707 1 281 282 
	 1708 1 282 794 
	 1709 1 282 410 
	 1710 1 282 346 
	 1711 1 282 314 
	 1712 1 282 286 
	 1713 1 282 284 
	 1714 1 283 795 
	 1715 1 283 411 
	 1716 1 283 347 
	 1717 1 283 315 
	 1718 1 283 287 
	 1719 1 283 284 
	 1720 1 284 796 
	 1721 1 284 412 
	 1722 1 284 348 
	 1723 1 284 316 
	 1724 1 284 288 
	 1725 1 285 797 
	 1726 1 285 413 
	 1727 1 285 349 
	 1728 1 285 317 
	 1729 1 285 287 
	 1730 1 285 286 
	 1731 1 286 798 
	 1732 1 286 414 
	 1733 1 286 350 
	 1734 1 286 318 
	 1735 1 286 288 
	 1736 1 287 799 
	 1737 1 287 415 
	 1738 1 287 351 
	 1739 1 287 319 
	 1740 1 287 288 
	 1741 1 288 800 
	 1742 1 288 416 
	 1743 1 288 352 
	 1744 1 288 320 
	 1745 1 289 801 
	 1746 1 289 417 
	 1747 1 289 353 
	 1748 1 289 305 
	 1749 1 289 297 
	 1750 1 289 293 
	 1751 1 289 291 
	 1752 1 289 290 
	 1753 1 290 802 
	 1754 1 290 418 
	 1755 1 290 354 
	 1756 1 290 306 
	 1757 1 290 298 
	 1758 1 290 294 
	 1759 1 290 292 
	 1760 1 291 803 
	 1761 1 291 419 
	 1762 1 291 355 
	 1763 1 291 307 
	 1764 1 291 299 
	 1765 1 291 295 
	 1766 1 291 292 
	 1767 1 292 804 
	 1768 1 292 420 
	 1769 1 292 356 
	 1770 1 292 308 
	 1771 1 292 300 
	 1772 1 292 296 
	 1773 1 293 805 
	 1774 1 293 421 
	 1775 1 293 357 
	 1776 1 293 309 
	 1777 1 293 301 
	 1778 1 293 295 
	 1779 1 293 294 
	 1780 1 294 806 
	 1781 1 294 422 
	 1782 1 294 358 
	 1783 1 294 310 
	 1784 1 294 302 
	 1785 1 294 296 
	 1786 1 295 807 
	 1787 1 295 423 
	 1788 1 295 359 
	 1789 1 295 311 
	 1790 1 295 303 
	 1791 1 295 296 
	 1792 1 296 808 
	 1793 1 296 424 
	 1794 1 296 360 
	 1795 1 296 312 
	 1796 1 296 304 
	 1797 1 297 809 
	 1798 1 297 425 
	 1799 1 297 361 
	 1800 1 297 313 
	 1801 1 297 301 
	 1802 1 297 299 
	 1803 1 297 298 
	 1804 1 298 810 
	 1805 1 298 426 
	 1806 1 298 362 
	 1807 1 298 314 
	 1808 1 298 302 
	 1809 1 298 300 
	 1810 1 299 811 
	 1811 1 299 427 
	 1812 1 299 363 
	 1813 1 299 315 
	 1814 1 299 303 
	 1815 1 299 300 
	 1816 1 300 812 
	 1817 1 300 428 
	 1818 1 300 364 
	 1819 1 300 316 
	 1820 1 300 304 
	 1821 1 301 813 
	 1822 1 301 429 
	 1823 1 301 365 
	 1824 1 301 317 
	 1825 1 301 303 
	 1826 1 301 302 
	 1827 1 302 814 
	 1828 1 302 430 
	 1829 1 302 366 
	 1830 1 302 318 
	 1831 1 302 304 
	 1832 1 303 815 
	 1833 1 303 431 
	 1834 1 303 367 
	 1835 1 303 319 
	 1836 1 303 304 
	 1837 1 304 816 
	 1838 1 304 432 
	 1839 1 304 368 
	 1840 1 304 320 
	 1841 1 305 817 
	 1842 1 305 433 
	 1843 1 305 369 
	 1844 1 305 313 
	 1845 1 305 309 
	 1846 1 305 307 
	 1847 1 305 306 
	 1848 1 306 818 
	 1849 1 306 434 
	 1850 1 306 370 
	 1851 1 306 314 
	 1852 1 306 310 
	 1853 1 306 308 
	 1854 1 307 819 
	 1855 1 307 435 
	 1856 1 307 371 
	 1857 1 307 315 
	 1858 1 307 311 
	 1859 1 307 308 
	 1860 1 308 820 
	 1861 1 308 436 
	 1862 1 308 372 
	 1863 1 308 316 
	 1864 1 308 312 
	 1865 1 309 821 
	 1866 1 309 437 
	 1867 1 309 373 
	 1868 1 309 317 
	 1869 1 309 311 
	 1870 1 309 310 
	 1871 1 310 822 
	 1872 1 310 438 
	 1873 1 310 374 
	 1874 1 310 318 
	 1875 1 310 312 
	 1876 1 311 823 
	 1877 1 311 439 
	 1878 1 311 375 
	 1879 1 311 319 
	 1880 1 311 312 
	 1881 1 312 824 
	 1882 1 312 440 
	 1883 1 312 376 
	 1884 1 312 320 
	 1885 1 313 825 
	 1886 1 313 441 
	 1887 1 313 377 
	 1888 1 313 317 
	 1889 1 313 315 
	 1890 1 313 314 
	 1891 1 314 826 
	 1892 1 314 442 
	 1893 1 314 378 
	 1894 1 314 318 
	 1895 1 314 316 
	 1896 1 315 827 
	 1897 1 315 443 
	 1898 1 315 379 
	 1899 1 315 319 
	 1900 1 315 316 
	 1901 1 316 828 
	 1902 1 316 444 
	 1903 1 316 380 
	 1904 1 316 320 
	 1905 1 317 829 
	 1906 1 317 445 
	 1907 1 317 381 
	 1908 1 317 319 
	 1909 1 317 318 
	 1910 1 318 830 
	 1911 1 318 446 
	 1912 1 318 382 
	 1913 1 318 320 
	 1914 1 319 831 
	 1915 1 319 447 
	 1916 1 319 383 
	 1917 1 319 320 
	 1918 1 320 832 
	 1919 1 320 448 
	 1920 1 320 384 
	 1921 1 321 833 
	 1922 1 321 449 
	 1923 1 321 353 
	 1924 1 321 337 
	 1925 1 321 329 
	 1926 1 321 325 
	 1927 1 321 323 
	 1928 1 321 322 
	 1929 1 322 834 
	 1930 1 322 450 
	 1931 1 322 354 
	 1932 1 322 338 
	 1933 1 322 330 
	 1934 1 322 326 
	 1935 1 322 324 
	 1936 1 323 835 
	 1937 1 323 451 
	 1938 1 323 355 
	 1939 1 323 339 
	 1940 1 323 331 
	 1941 1 323 327 
	 1942 1 323 324 
	 1943 1 324 836 
	 1944 1 324 452 
	 1945 1 324 356 
	 1946 1 324 340 
	 1947 1 324 332 
	 1948 1 324 328 
	 1949 1 325 837 
	 1950 1 325 453 
	 1951 1 325 357 
	 1952 1 325 341 
	 1953 1 325 333 
	 1954 1 325 327 
	 1955 1 325 326 
	 1956 1 326 838 
	 1957 1 326 454 
	 1958 1 326 358 
	 1959 1 326 342 
	 1960 1 326 334 
	 1961 1 326 328 
	 1962 1 327 839 
	 1963 1 327 455 
	 1964 1 327 359 
	 1965 1 327 343 
	 1966 1 327 335 
	 1967 1 327 328 
	 1968 1 328 840 
	 1969 1 328 456 
	 1970 1 328 360 
	 1971 1 328 344 
	 1972 1 328 336 
	 1973 1 329 841 
	 1974 1 329 457 
	 1975 1 329 361 
	 1976 1 329 345 
	 1977 1 329 333 
	 1978 1 329 331 
	 1979 1 329 330 
	 1980 1 330 842 
	 1981 1 330 458 
	 1982 1 330 362 
	 1983 1 330 346 
	 1984 1 330 334 
	 1985 1 330 332 
	 1986 1 331 843 
	 1987 1 331 459 
	 1988 1 331 363 
	 1989 1 331 347 
	 1990 1 331 335 
	 1991 1 331 332 
	 1992 1 332 844 
	 1993 1 332 460 
	 1994 1 332 364 
	 1995 1 332 348 
	 1996 1 332 336 
	 1997 1 333 845 
	 1998 1 333 461 
	 1999 1 333 365 
	 2000 1 333 349 
	 2001 1 333 335 
	 2002 1 333 334 
	 2003 1 334 846 
	 2004 1 334 462 
	 2005 1 334 366 
	 2006 1 334 350 
	 2007 1 334 336 
	 2008 1 335 847 
	 2009 1 335 463 
	 2010 1 335 367 
	 2011 1 335 351 
	 2012 1 335 336 
	 2013 1 336 848 
	 2014 1 336 464 
	 2015 1 336 368 
	 2016 1 336 352 
	 2017 1 337 849 
	 2018 1 337 465 
	 2019 1 337 369 
	 2020 1 337 345 
	 2021 1 337 341 
	 2022 1 337 339 
	 2023 1 337 338 
	 2024 1 338 850 
	 2025 1 338 466 
	 2026 1 338 370 
	 2027 1 338 346 
	 2028 1 338 342 
	 2029 1 338 340 
	 2030 1 339 851 
	 2031 1 339 467 
	 2032 1 339 371 
	 2033 1 339 347 
	 2034 1 339 343 
	 2035 1 339 340 
	 2036 1 340 852 
	 2037 1 340 468 
	 2038 1 340 372 
	 2039 1 340 348 
	 2040 1 340 344 
	 2041 1 341 853 
	 2042 1 341 469 
	 2043 1 341 373 
	 2044 1 341 349 
	 2045 1 341 343 
	 2046 1 341 342 
	 2047 1 342 854 
	 2048 1 342 470 
	 2049 1 342 374 
	 2050 1 342 350 
	 2051 1 342 344 
	 2052 1 343 855 
	 2053 1 343 471 
	 2054 1 343 375 
	 2055 1 343 351 
	 2056 1 343 344 
	 2057 1 344 856 
	 2058 1 344 472 
	 2059 1 344 376 
	 2060 1 344 352 
	 2061 1 345 857 
	 2062 1 345 473 
	 2063 1 345 377 
	 2064 1 345 349 
	 2065 1 345 347 
	 2066 1 345 346 
	 2067 1 346 858 
	 2068 1 346 474 
	 2069 1 346 378 
	 2070 1 346 350 
	 2071 1 346 348 
	 2072 1 347 859 
	 2073 1 347 475 
	 2074 1 347 379 
	 2075 1 347 351 
	 2076 1 347 348 
	 2077 1 348 860 
	 2078 1 348 476 
	 2079 1 348 380 
	 2080 1 348 352 
	 2081 1 349 861 
	 2082 1 349 477 
	 2083 1 349 381 
	 2084 1 349 351 
	 2085 1 349 350 
	 2086 1 350 862 
	 2087 1 350 478 
	 2088 1 350 382 
	 2089 1 350 352 
	 2090 1 351 863 
	 2091 1 351 479 
	 2092 1 351 383 
	 2093 1 351 352 
	 2094 1 352 864 
	 2095 1 352 480 
	 2096 1 352 384 
	 2097 1 353 865 
	 2098 1 353 481 
	 2099 1 353 369 
	 2100 1 353 361 
	 2101 1 353 357 
	 2102 1 353 355 
	 2103 1 353 354 
	 2104 1 354 866 
	 2105 1 354 482 
	 2106 1 354 370 
	 2107 1 354 362 
	 2108 1 354 358 
	 2109 1 354 356 
	 2110 1 355 867 
	 2111 1 355 483 
	 2112 1 355 371 
	 2113 1 355 363 
	 2114 1 355 359 
	 2115 1 355 356 
	 2116 1 356 868 
	 2117 1 356 484 
	 2118 1 356 372 
	 2119 1 356 364 
	 2120 1 356 360 
	 2121 1 357 869 
	 2122 1 357 485 
	 2123 1 357 373 
	 2124 1 357 365 
	 2125 1 357 359 
	 2126 1 357 358 
	 2127 1 358 870 
	 2128 1 358 486 
	 2129 1 358 374 
	 2130 1 358 366 
	 2131 1 358 360 
	 2132 1 359 871 
	 2133 1 359 487 
	 2134 1 359 375 
	 2135 1 359 367 
	 2136 1 359 360 
	 2137 1 360 872 
	 2138 1 360 488 
	 2139 1 360 376 
	 2140 1 360 368 
	 2141 1 361 873 
	 2142 1 361 489 
	 2143 1 361 377 
	 2144 1 361 365 
	 2145 1 361 363 
	 2146 1 361 362 
	 2147 1 362 874 
	 2148 1 362 490 
	 2149 1 362 378 
	 2150 1 362 366 
	 2151 1 362 364 
	 2152 1 363 875 
	 2153 1 363 491 
	 2154 1 363 379 
	 2155 1 363 367 
	 2156 1 363 364 
	 2157 1 364 876 
	 2158 1 364 492 
	 2159 1 364 380 
	 2160 1 364 368 
	 2161 1 365 877 
	 2162 1 365 493 
	 2163 1 365 381 
	 2164 1 365 367 
	 2165 1 365 366 
	 2166 1 366 878 
	 2167 1 366 494 
	 2168 1 366 382 
	 2169 1 366 368 
	 2170 1 367 879 
	 2171 1 367 495 
	 2172 1 367 383 
	 2173 1 367 368 
	 2174 1 368 880 
	 2175 1 368 496 
	 2176 1 368 384 
	 2177 1 369 881 
	 2178 1 369 497 
	 2179 1 369 377 
	 2180 1 369 373 
	 2181 1 369 371 
	 2182 1 369 370 
	 2183 1 370 882 
	 2184 1 370 498 
	 2185 1 370 378 
	 2186 1 370 374 
	 2187 1 370 372 
	 2188 1 371 883 
	 2189 1 371 499 
	 2190 1 371 379 
	 2191 1 371 375 
	 2192 1 371 372 
	 2193 1 372 884 
	 2194 1 372 500 
	 2195 1 372 380 
	 2196 1 372 376 
	 2197 1 373 885 
	 2198 1 373 501 
	 2199 1 373 381 
	 2200 1 373 375 
	 2201 1 373 374 
	 2202 1 374 886 
	 2203 1 374 502 
	 2204 1 374 382 
	 2205 1 374 376 
	 2206 1 375 887 
	 2207 1 375 503 
	 2208 1 375 383 
	 2209 1 375 376 
	 2210 1 376 888 
	 2211 1 376 504 
	 2212 1 376 384 
	 2213 1 377 889 
	 2214 1 377 505 
	 2215 1 377 381 
	 2216 1 377 379 
	 2217 1 377 378 
	 2218 1 378 890 
	 2219 1 378 506 
	 2220 1 378 382 
	 2221 1 378 380 
	 2222 1 379 891 
	 2223 1 379 507 
	 2224 1 379 383 
	 2225 1 379 380 
	 2226 1 380 892 
	 2227 1 380 508 
	 2228 1 380 384 
	 2229 1 381 893 
	 2230 1 381 509 
	 2231 1 381 383 
	 2232 1 381 382 
	 2233 1 382 894 
	 2234 1 382 510 
	 2235 1 382 384 
	 2236 1 383 895 
	 2237 1 383 511 
	 2238 1 383 384 
	 2239 1 384 896 
	 2240 1 384 512 
	 2241 1 385 897 
	 2242 1 385 449 
	 2243 1 385 417 
	 2244 1 385 401 
	 2245 1 385 393 
	 2246 1 385 389 
	 2247 1 385 387 
	 2248 1 385 386 
	 2249 1 386 898 
	 2250 1 386 450 
	 2251 1 386 418 
	 2252 1 386 402 
	 2253 1 386 394 
	 2254 1 386 390 
	 2255 1 386 388 
	 2256 1 387 899 
	 2257 1 387 451 
	 2258 1 387 419 
	 2259 1 387 403 
	 2260 1 387 395 
	 2261 1 387 391 
	 2262 1 387 388 
	 2263 1 388 900 
	 2264 1 388 452 
	 2265 1 388 420 
	 2266 1 388 404 
	 2267 1 388 396 
	 2268 1 388 392 
	 2269 1 389 901 
	 2270 1 389 453 
	 2271 1 389 421 
	 2272 1 389 405 
	 2273 1 389 397 
	 2274 1 389 391 
	 2275 1 389 390 
	 2276 1 390 902 
	 2277 1 390 454 
	 2278 1 390 422 
	 2279 1 390 406 
	 2280 1 390 398 
	 2281 1 390 392 
	 2282 1 391 903 
	 2283 1 391 455 
	 2284 1 391 423 
	 2285 1 391 407 
	 2286 1 391 399 
	 2287 1 391 392 
	 2288 1 392 904 
	 2289 1 392 456 
	 2290 1 392 424 
	 2291 1 392 408 
	 2292 1 392 400 
	 2293 1 393 905 
	 2294 1 393 457 
	 2295 1 393 425 
	 2296 1 393 409 
	 2297 1 393 397 
	 2298 1 393 395 
	 2299 1 393 394 
	 2300 1 394 906 
	 2301 1 394 458 
	 2302 1 394 426 
	 2303 1 394 410 
	 2304 1 394 398 
	 2305 1 394 396 
	 2306 1 395 907 
	 2307 1 395 459 
	 2308 1 395 427 
	 2309 1 395 411 
	 2310 1 395 399 
	 2311 1 395 396 
	 2312 1 396 908 
	 2313 1 396 460 
	 2314 1 396 428 
	 2315 1 396 412 
	 2316 1 396 400 
	 2317 1 397 909 
	 2318 1 397 461 
	 2319 1 397 429 
	 2320 1 397 413 
	 2321 1 397 399 
	 2322 1 397 398 
	 2323 1 398 910 
	 2324 1 398 462 
	 2325 1 398 430 
	 2326 1 398 414 
	 2327 1 398 400 
	 2328 1 399 911 
	 2329 1 399 463 
	 2330 1 399 431 
	 2331 1 399 415 
	 2332 1 399 400 
	 2333 1 400 912 
	 2334 1 400 464 
	 2335 1 400 432 
	 2336 1 400 416 
	 2337 1 401 913 
	 2338 1 401 465 
	 2339 1 401 433 
	 2340 1 401 409 
	 2341 1 401 405 
	 2342 1 401 403 
	 2343 1 401 402 
	 2344 1 402 914 
	 2345 1 402 466 
	 2346 1 402 434 
	 2347 1 402 410 
	 2348 1 402 406 
	 2349 1 402 404 
	 2350 1 403 915 
	 2351 1 403 467 
	 2352 1 403 435 
	 2353 1 403 411 
	 2354 1 403 407 
	 2355 1 403 404 
	 2356 1 404 916 
	 2357 1 404 468 
	 2358 1 404 436 
	 2359 1 404 412 
	 2360 1 404 408 
	 2361 1 405 917 
	 2362 1 405 469 
	 2363 1 405 437 
	 2364 1 405 413 
	 2365 1 405 407 
	 2366 1 405 406 
	 2367 1 406 918 
	 2368 1 406 470 
	 2369 1 406 438 
	 2370 1 406 414 
	 2371 1 406 408 
	 2372 1 407 919 
	 2373 1 407 471 
	 2374 1 407 439 
	 2375 1 407 415 
	 2376 1 407 408 
	 2377 1 408 920 
	 2378 1 408 472 
	 2379 1 408 440 
	 2380 1 408 416 
	 2381 1 409 921 
	 2382 1 409 473 
	 2383 1 409 441 
	 2384 1 409 413 
	 2385 1 409 411 
	 2386 1 409 410 
	 2387 1 410 922 
	 2388 1 410 474 
	 2389 1 410 442 
	 2390 1 410 414 
	 2391 1 410 412 
	 2392 1 411 923 
	 2393 1 411 475 
	 2394 1 411 443 
	 2395 1 411 415 
	 2396 1 411 412 
	 2397 1 412 924 
	 2398 1 412 476 
	 2399 1 412 444 
	 2400 1 412 416 
	 2401 1 413 925 
	 2402 1 413 477 
	 2403 1 413 445 
	 2404 1 413 415 
	 2405 1 413 414 
	 2406 1 414 926 
	 2407 1 414 478 
	 2408 1 414 446 
	 2409 1 414 416 
	 2410 1 415 927 
	 2411 1 415 479 
	 2412 1 415 447 
	 2413 1 415 416 
	 2414 1 416 928 
	 2415 1 416 480 
	 2416 1 416 448 
	 2417 1 417 929 
	 2418 1 417 481 
	 2419 1 417 433 
	 2420 1 417 425 
	 2421 1 417 421 
	 2422 1 417 419 
	 2423 1 417 418 
	 2424 1 418 930 
	 2425 1 418 482 
	 2426 1 418 434 
	 2427 1 418 426 
	 2428 1 418 422 
	 2429 1 418 420 
	 2430 1 419 931 
	 2431 1 419 483 
	 2432 1 419 435 
	 2433 1 419 427 
	 2434 1 419 423 
	 2435 1 419 420 
	 2436 1 420 932 
	 2437 1 420 484 
	 2438 1 420 436 
	 2439 1 420 428 
	 2440 1 420 424 
	 2441 1 421 933 
	 2442 1 421 485 
	 2443 1 421 437 
	 2444 1 421 429 
	 2445 1 421 423 
	 2446 1 421 422 
	 2447 1 422 934 
	 2448 1 422 486 
	 2449 1 422 438 
	 2450 1 422 430 
	 2451 1 422 424 
	 2452 1 423 935 
	 2453 1 423 487 
	 2454 1 423 439 
	 2455 1 423 431 
	 2456 1 423 424 
	 2457 1 424 936 
	 2458 1 424 488 
	 2459 1 424 440 
	 2460 1 424 432 
	 2461 1 425 937 
	 2462 1 425 489 
	 2463 1 425 441 
	 2464 1 425 429 
	 2465 1 425 427 
	 2466 1 425 426 
	 2467 1 426 938 
	 2468 1 426 490 
	 2469 1 426 442 
	 2470 1 426 430 
	 2471 1 426 428 
	 2472 1 427 939 
	 2473 1 427 491 
	 2474 1 427 443 
	 2475 1 427 431 
	 2476 1 427 428 
	 2477 1 428 940 
	 2478 1 428 492 
	 2479 1 428 444 
	 2480 1 428 432 
	 2481 1 429 941 
	 2482 1 429 493 
	 2483 1 429 445 
	 2484 1 429 431 
	 2485 1 429 430 
	 2486 1 430 942 
	 2487 1 430 494 
	 2488 1 430 446 
	 2489 1 430 432 
	 2490 1 431 943 
	 2491 1 431 495 
	 2492 1 431 447 
	 2493 1 431 432 
	 2494 1 432 944 
	 2495 1 432 496 
	 2496 1 432 448 
	 2497 1 433 945 
	 2498 1 433 497 
	 2499 1 433 441 
	 2500 1 433 437 
	 2501 1 433 435 
	 2502 1 433 434 
	 2503 1 434 946 
	 2504 1 434 498 
	 2505 1 434 442 
	 2506 1 434 438 
	 2507 1 434 436 
	 2508 1 435 947 
	 2509 1 435 499 
	 2510 1 435 443 
	 2511 1 435 439 
	 2512 1 435 436 
	 2513 1 436 948 
	 2514 1 436 500 
	 2515 1 436 444 
	 2516 1 436 440 
	 2517 1 437 949 
	 2518 1 437 501 
	 2519 1 437 445 
	 2520 1 437 439 
	 2521 1 437 438 
	 2522 1 438 950 
	 2523 1 438 502 
	 2524 1 438 446 
	 2525 1 438 440 
	 2526 1 439 951 
	 2527 1 439 503 
	 2528 1 439 447 
	 2529 1 439 440 
	 2530 1 440 952 
	 2531 1 440 504 
	 2532 1 440 448 
	 2533 1 441 953 
	 2534 1 441 505 
	 2535 1 441 445 
	 2536 1 441 443 
	 2537 1 441 442 
	 2538 1 442 954 
	 2539 1 442 506 
	 2540 1 442 446 
	 2541 1 442 444 
	 2542 1 443 955 
	 2543 1 443 507 
	 2544 1 443 447 
	 2545 1 443 444 
	 2546 1 444 956 
	 2547 1 444 508 
	 2548 1 444 448 
	 2549 1 445 957 
	 2550 1 445 509 
	 2551 1 445 447 
	 2552 1 445 446 
	 2553 1 446 958 
	 2554 1 446 510 
	 2555 1 446 448 
	 2556 1 447 959 
	 2557 1 447 511 
	 2558 1 447 448 
	 2559 1 448 960 
	 2560 1 448 512 
	 2561 1 449 961 
	 2562 1 449 481 
	 2563 1 449 465 
	 2564 1 449 457 
	 2565 1 449 453 
	 2566 1 449 451 
	 2567 1 449 450 
	 2568 1 450 962 
	 2569 1 450 482 
	 2570 1 450 466 
	 2571 1 450 458 
	 2572 1 450 454 
	 2573 1 450 452 
	 2574 1 451 963 
	 2575 1 451 483 
	 2576 1 451 467 
	 2577 1 451 459 
	 2578 1 451 455 
	 2579 1 451 452 
	 2580 1 452 964 
	 2581 1 452 484 
	 2582 1 452 468 
	 2583 1 452 460 
	 2584 1 452 456 
	 2585 1 453 965 
	 2586 1 453 485 
	 2587 1 453 469 
	 2588 1 453 461 
	 2589 1 453 455 
	 2590 1 453 454 
	 2591 1 454 966 
	 2592 1 454 486 
	 2593 1 454 470 
	 2594 1 454 462 
	 2595 1 454 456 
	 2596 1 455 967 
	 2597 1 455 487 
	 2598 1 455 471 
	 2599 1 455 463 
	 2600 1 455 456 
	 2601 1 456 968 
	 2602 1 456 488 
	 2603 1 456 472 
	 2604 1 456 464 
	 2605 1 457 969 
	 2606 1 457 489 
	 2607 1 457 473 
	 2608 1 457 461 
	 2609 1 457 459 
	 2610 1 457 458 
	 2611 1 458 970 
	 2612 1 458 490 
	 2613 1 458 474 
	 2614 1 458 462 
	 2615 1 458 460 
	 2616 1 459 971 
	 2617 1 459 491 
	 2618 1 459 475 
	 2619 1 459 463 
	 2620 1 459 460 
	 2621 1 460 972 
	 2622 1 460 492 
	 2623 1 460 476 
	 2624 1 460 464 
	 2625 1 461 973 
	 2626 1 461 493 
	 2627 1 461 477 
	 2628 1 461 463 
	 2629 1 461 462 
	 2630 1 462 974 
	 2631 1 462 494 
	 2632 1 462 478 
	 2633 1 462 464 
	 2634 1 463 975 
	 2635 1 463 495 
	 2636 1 463 479 
	 2637 1 463 464 
	 2638 1 464 976 
	 2639 1 464 496 
	 2640 1 464 480 
	 2641 1 465 977 
	 2642 1 465 497 
	 2643 1 465 473 
	 2644 1 465 469 
	 2645 1 465 467 
	 2646 1 465 466 
	 2647 1 466 978 
	 2648 1 466 498 
	 2649 1 466 474 
	 2650 1 466 470 
	 2651 1 466 468 
	 2652 1 467 979 
	 2653 1 467 499 
	 2654 1 467 475 
	 2655 1 467 471 
	 2656 1 467 468 
	 2657 1 468 980 
	 2658 1 468 500 
	 2659 1 468 476 
	 2660 1 468 472 
	 2661 1 469 981 
	 2662 1 469 501 
	 2663 1 469 477 
	 2664 1 469 471 
	 2665 1 469 470 
	 2666 1 470 982 
	 2667 1 470 502 
	 2668 1 470 478 
	 2669 1 470 472 
	 2670 1 471 983 
	 2671 1 471 503 
	 2672 1 471 479 
	 2673 1 471 472 
	 2674 1 472 984 
	 2675 1 472 504 
	 2676 1 472 480 
	 2677 1 473 985 
	 2678 1 473 505 
	 2679 1 473 477 
	 2680 1 473 475 
	 2681 1 473 474 
	 2682 1 474 986 
	 2683 1 474 506 
	 2684 1 474 478 
	 2685 1 474 476 
	 2686 1 475 987 
	 2687 1 475 507 
	 2688 1 475 479 
	 2689 1 475 476 
	 2690 1 476 988 
	 2691 1 476 508 
	 2692 1 476 480 
	 2693 1 477 989 
	 2694 1 477 509 
	 2695 1 477 479 
	 2696 1 477 478 
	 2697 1 478 990 
	 2698 1 478 510 
	 2699 1 478 480 
	 2700 1 479 991 
	 2701 1 479 511 
	 2702 1 479 480 
	 2703 1 480 992 
	 2704 1 480 512 
	 2705 1 481 993 
	 2706 1 481 497 
	 2707 1 481 489 
	 2708 1 481 485 
	 2709 1 481 483 
	 2710 1 481 482 
	 2711 1 482 994 
	 2712 1 482 498 
	 2713 1 482 490 
	 2714 1 482 486 
	 2715 1 482 484 
	 2716 1 483 995 
	 2717 1 483 499 
	 2718 1 483 491 
	 2719 1 483 487 
	 2720 1 483 484 
	 2721 1 484 996 
	 2722 1 484 500 
	 2723 1 484 492 
	 2724 1 484 488 
	 2725 1 485 997 
	 2726 1 485 501 
	 2727 1 485 493 
	 2728 1 485 487 
	 2729 1 485 486 
	 2730 1 486 998 
	 2731 1 486 502 
	 2732 1 486 494 
	 2733 1 486 488 
	 2734 1 487 999 
	 2735 1 487 503 
	 2736 1 487 495 
	 2737 1 487 488 
	 2738 1 488 1000 
	 2739 1 488 504 
	 2740 1 488 496 
	 2741 1 489 1001 
	 2742 1 489 505 
	 2743 1 489 493 
	 2744 1 489 491 
	 2745 1 489 490 
	 2746 1 490 1002 
	 2747 1 490 506 
	 2748 1 490 494 
	 2749 1 490 492 
	 2750 1 491 1003 
	 2751 1 491 507 
	 2752 1 491 495 
	 2753 1 491 492 
	 2754 1 492 1004 
	 2755 1 492 508 
	 2756 1 492 496 
	 2757 1 493 1005 
	 2758 1 493 509 
	 2759 1 493 495 
	 2760 1 493 494 
	 2761 1 494 1006 
	 2762 1 494 510 
	 2763 1 494 496 
	 2764 1 495 1007 
	 2765 1 495 511 
	 2766 1 495 496 
	 2767 1 496 1008 
	 2768 1 496 512 
	 2769 1 497 1009 
	 2770 1 497 505 
	 2771 1 497 501 
	 2772 1 497 499 
	 2773 1 497 498 
	 2774 1 498 1010 
	 2775 1 498 506 
	 2776 1 498 502 
	 2777 1 498 500 
	 2778 1 499 1011 
	 2779 1 499 507 
	 2780 1 499 503 
	 2781 1 499 500 
	 2782 1 500 1012 
	 2783 1 500 508 
	 2784 1 500 504 
	 2785 1 501 1013 
	 2786 1 501 509 
	 2787 1 501 503 
	 2788 1 501 502 
	 2789 1 502 1014 
	 2790 1 502 510 
	 2791 1 502 504 
	 2792 1 503 1015 
	 2793 1 503 511 
	 2794 1 503 504 
	 2795 1 504 1016 
	 2796 1 504 512 
	 2797 1 505 1017 
	 2798 1 505 509 
	 2799 1 505 507 
	 2800 1 505 506 
	 2801 1 506 1018 
	 2802 1 506 510 
	 2803 1 506 508 
	 2804 1 507 1019 
	 2805 1 507 511 
	 2806 1 507 508 
	 2807 1 508 1020 
	 2808 1 508 512 
	 2809 1 509 1021 
	 2810 1 509 511 
	 2811 1 509 510 
	 2812 1 510 1022 
	 2813 1 510 512 
	 2814 1 511 1023 
	 2815 1 511 512 
	 2816 1 512 1024 
	 2817 1 513 769 
	 2818 1 513 641 
	 2819 1 513 577 
	 2820 1 513 545 
	 2821 1 513 529 
	 2822 1 513 521 
	 2823 1 513 517 
	 2824 1 513 515 
	 2825 1 513 514 
	 2826 1 514 770 
	 2827 1 514 642 
	 2828 1 514 578 
	 2829 1 514 546 
	 2830 1 514 530 
	 2831 1 514 522 
	 2832 1 514 518 
	 2833 1 514 516 
	 2834 1 515 771 
	 2835 1 515 643 
	 2836 1 515 579 
	 2837 1 515 547 
	 2838 1 515 531 
	 2839 1 515 523 
	 2840 1 515 519 
	 2841 1 515 516 
	 2842 1 516 772 
	 2843 1 516 644 
	 2844 1 516 580 
	 2845 1 516 548 
	 2846 1 516 532 
	 2847 1 516 524 
	 2848 1 516 520 
	 2849 1 517 773 
	 2850 1 517 645 
	 2851 1 517 581 
	 2852 1 517 549 
	 2853 1 517 533 
	 2854 1 517 525 
	 2855 1 517 519 
	 2856 1 517 518 
	 2857 1 518 774 
	 2858 1 518 646 
	 2859 1 518 582 
	 2860 1 518 550 
	 2861 1 518 534 
	 2862 1 518 526 
	 2863 1 518 520 
	 2864 1 519 775 
	 2865 1 519 647 
	 2866 1 519 583 
	 2867 1 519 551 
	 2868 1 519 535 
	 2869 1 519 527 
	 2870 1 519 520 
	 2871 1 520 776 
	 2872 1 520 648 
	 2873 1 520 584 
	 2874 1 520 552 
	 2875 1 520 536 
	 2876 1 520 528 
	 2877 1 521 777 
	 2878 1 521 649 
	 2879 1 521 585 
	 2880 1 521 553 
	 2881 1 521 537 
	 2882 1 521 525 
	 2883 1 521 523 
	 2884 1 521 522 
	 2885 1 522 778 
	 2886 1 522 650 
	 2887 1 522 586 
	 2888 1 522 554 
	 2889 1 522 538 
	 2890 1 522 526 
	 2891 1 522 524 
	 2892 1 523 779 
	 2893 1 523 651 
	 2894 1 523 587 
	 2895 1 523 555 
	 2896 1 523 539 
	 2897 1 523 527 
	 2898 1 523 524 
	 2899 1 524 780 
	 2900 1 524 652 
	 2901 1 524 588 
	 2902 1 524 556 
	 2903 1 524 540 
	 2904 1 524 528 
	 2905 1 525 781 
	 2906 1 525 653 
	 2907 1 525 589 
	 2908 1 525 557 
	 2909 1 525 541 
	 2910 1 525 527 
	 2911 1 525 526 
	 2912 1 526 782 
	 2913 1 526 654 
	 2914 1 526 590 
	 2915 1 526 558 
	 2916 1 526 542 
	 2917 1 526 528 
	 2918 1 527 783 
	 2919 1 527 655 
	 2920 1 527 591 
	 2921 1 527 559 
	 2922 1 527 543 
	 2923 1 527 528 
	 2924 1 528 784 
	 2925 1 528 656 
	 2926 1 528 592 
	 2927 1 528 560 
	 2928 1 528 544 
	 2929 1 529 785 
	 2930 1 529 657 
	 2931 1 529 593 
	 2932 1 529 561 
	 2933 1 529 537 
	 2934 1 529 533 
	 2935 1 529 531 
	 2936 1 529 530 
	 2937 1 530 786 
	 2938 1 530 658 
	 2939 1 530 594 
	 2940 1 530 562 
	 2941 1 530 538 
	 2942 1 530 534 
	 2943 1 530 532 
	 2944 1 531 787 
	 2945 1 531 659 
	 2946 1 531 595 
	 2947 1 531 563 
	 2948 1 531 539 
	 2949 1 531 535 
	 2950 1 531 532 
	 2951 1 532 788 
	 2952 1 532 660 
	 2953 1 532 596 
	 2954 1 532 564 
	 2955 1 532 540 
	 2956 1 532 536 
	 2957 1 533 789 
	 2958 1 533 661 
	 2959 1 533 597 
	 2960 1 533 565 
	 2961 1 533 541 
	 2962 1 533 535 
	 2963 1 533 534 
	 2964 1 534 790 
	 2965 1 534 662 
	 2966 1 534 598 
	 2967 1 534 566 
	 2968 1 534 542 
	 2969 1 534 536 
	 2970 1 535 791 
	 2971 1 535 663 
	 2972 1 535 599 
	 2973 1 535 567 
	 2974 1 535 543 
	 2975 1 535 536 
	 2976 1 536 792 
	 2977 1 536 664 
	 2978 1 536 600 
	 2979 1 536 568 
	 2980 1 536 544 
	 2981 1 537 793 
	 2982 1 537 665 
	 2983 1 537 601 
	 2984 1 537 569 
	 2985 1 537 541 
	 2986 1 537 539 
	 2987 1 537 538 
	 2988 1 538 794 
	 2989 1 538 666 
	 2990 1 538 602 
	 2991 1 538 570 
	 2992 1 538 542 
	 2993 1 538 540 
	 2994 1 539 795 
	 2995 1 539 667 
	 2996 1 539 603 
	 2997 1 539 571 
	 2998 1 539 543 
	 2999 1 539 540 
	 3000 1 540 796 
	 3001 1 540 668 
	 3002 1 540 604 
	 3003 1 540 572 
	 3004 1 540 544 
	 3005 1 541 797 
	 3006 1 541 669 
	 3007 1 541 605 
	 3008 1 541 573 
	 3009 1 541 543 
	 3010 1 541 542 
	 3011 1 542 798 
	 3012 1 542 670 
	 3013 1 542 606 
	 3014 1 542 574 
	 3015 1 542 544 
	 3016 1 543 799 
	 3017 1 543 671 
	 3018 1 543 607 
	 3019 1 543 575 
	 3020 1 543 544 
	 3021 1 544 800 
	 3022 1 544 672 
	 3023 1 544 608 
	 3024 1 544 576 
	 3025 1 545 801 
	 3026 1 545 673 
	 3027 1 545 609 
	 3028 1 545 561 
	 3029 1 545 553 
	 3030 1 545 549 
	 3031 1 545 547 
	 3032 1 545 546 
	 3033 1 546 802 
	 3034 1 546 674 
	 3035 1 546 610 
	 3036 1 546 562 
	 3037 1 546 554 
	 3038 1 546 550 
	 3039 1 546 548 
	 3040 1 547 803 
	 3041 1 547 675 
	 3042 1 547 611 
	 3043 1 547 563 
	 3044 1 547 555 
	 3045 1 547 551 
	 3046 1 547 548 
	 3047 1 548 804 
	 3048 1 548 676 
	 3049 1 548 612 
	 3050 1 548 564 
	 3051 1 548 556 
	 3052 1 548 552 
	 3053 1 549 805 
	 3054 1 549 677 
	 3055 1 549 613 
	 3056 1 549 565 
	 3057 1 549 557 
	 3058 1 549 551 
	 3059 1 549 550 
	 3060 1 550 806 
	 3061 1 550 678 
	 3062 1 550 614 
	 3063 1 550 566 
	 3064 1 550 558 
	 3065 1 550 552 
	 3066 1 551 807 
	 3067 1 551 679 
	 3068 1 551 615 
	 3069 1 551 567 
	 3070 1 551 559 
	 3071 1 551 552 
	 3072 1 552 808 
	 3073 1 552 680 
	 3074 1 552 616 
	 3075 1 552 568 
	 3076 1 552 560 
	 3077 1 553 809 
	 3078 1 553 681 
	 3079 1 553 617 
	 3080 1 553 569 
	 3081 1 553 557 
	 3082 1 553 555 
	 3083 1 553 554 
	 3084 1 554 810 
	 3085 1 554 682 
	 3086 1 554 618 
	 3087 1 554 570 
	 3088 1 554 558 
	 3089 1 554 556 
	 3090 1 555 811 
	 3091 1 555 683 
	 3092 1 555 619 
	 3093 1 555 571 
	 3094 1 555 559 
	 3095 1 555 556 
	 3096 1 556 812 
	 3097 1 556 684 
	 3098 1 556 620 
	 3099 1 556 572 
	 3100 1 556 560 
	 3101 1 557 813 
	 3102 1 557 685 
	 3103 1 557 621 
	 3104 1 557 573 
	 3105 1 557 559 
	 3106 1 557 558 
	 3107 1 558 814 
	 3108 1 558 686 
	 3109 1 558 622 
	 3110 1 558 574 
	 3111 1 558 560 
	 3112 1 559 815 
	 3113 1 559 687 
	 3114 1 559 623 
	 3115 1 559 575 
	 3116 1 559 560 
	 3117 1 560 816 
	 3118 1 560 688 
	 3119 1 560 624 
	 3120 1 560 576 
	 3121 1 561 817 
	 3122 1 561 689 
	 3123 1 561 625 
	 3124 1 561 569 
	 3125 1 561 565 
	 3126 1 561 563 
	 3127 1 561 562 
	 3128 1 562 818 
	 3129 1 562 690 
	 3130 1 562 626 
	 3131 1 562 570 
	 3132 1 562 566 
	 3133 1 562 564 
	 3134 1 563 819 
	 3135 1 563 691 
	 3136 1 563 627 
	 3137 1 563 571 
	 3138 1 563 567 
	 3139 1 563 564 
	 3140 1 564 820 
	 3141 1 564 692 
	 3142 1 564 628 
	 3143 1 564 572 
	 3144 1 564 568 
	 3145 1 565 821 
	 3146 1 565 693 
	 3147 1 565 629 
	 3148 1 565 573 
	 3149 1 565 567 
	 3150 1 565 566 
	 3151 1 566 822 
	 3152 1 566 694 
	 3153 1 566 630 
	 3154 1 566 574 
	 3155 1 566 568 
	 3156 1 567 823 
	 3157 1 567 695 
	 3158 1 567 631 
	 3159 1 567 575 
	 3160 1 567 568 
	 3161 1 568 824 
	 3162 1 568 696 
	 3163 1 568 632 
	 3164 1 568 576 
	 3165 1 569 825 
	 3166 1 569 697 
	 3167 1 569 633 
	 3168 1 569 573 
	 3169 1 569 571 
	 3170 1 569 570 
	 3171 1 570 826 
	 3172 1 570 698 
	 3173 1 570 634 
	 3174 1 570 574 
	 3175 1 570 572 
	 3176 1 571 827 
	 3177 1 571 699 
	 3178 1 571 635 
	 3179 1 571 575 
	 3180 1 571 572 
	 3181 1 572 828 
	 3182 1 572 700 
	 3183 1 572 636 
	 3184 1 572 576 
	 3185 1 573 829 
	 3186 1 573 701 
	 3187 1 573 637 
	 3188 1 573 575 
	 3189 1 573 574 
	 3190 1 574 830 
	 3191 1 574 702 
	 3192 1 574 638 
	 3193 1 574 576 
	 3194 1 575 831 
	 3195 1 575 703 
	 3196 1 575 639 
	 3197 1 575 576 
	 3198 1 576 832 
	 3199 1 576 704 
	 3200 1 576 640 
	 3201 1 577 833 
	 3202 1 577 705 
	 3203 1 577 609 
	 3204 1 577 593 
	 3205 1 577 585 
	 3206 1 577 581 
	 3207 1 577 579 
	 3208 1 577 578 
	 3209 1 578 834 
	 3210 1 578 706 
	 3211 1 578 610 
	 3212 1 578 594 
	 3213 1 578 586 
	 3214 1 578 582 
	 3215 1 578 580 
	 3216 1 579 835 
	 3217 1 579 707 
	 3218 1 579 611 
	 3219 1 579 595 
	 3220 1 579 587 
	 3221 1 579 583 
	 3222 1 579 580 
	 3223 1 580 836 
	 3224 1 580 708 
	 3225 1 580 612 
	 3226 1 580 596 
	 3227 1 580 588 
	 3228 1 580 584 
	 3229 1 581 837 
	 3230 1 581 709 
	 3231 1 581 613 
	 3232 1 581 597 
	 3233 1 581 589 
	 3234 1 581 583 
	 3235 1 581 582 
	 3236 1 582 838 
	 3237 1 582 710 
	 3238 1 582 614 
	 3239 1 582 598 
	 3240 1 582 590 
	 3241 1 582 584 
	 3242 1 583 839 
	 3243 1 583 711 
	 3244 1 583 615 
	 3245 1 583 599 
	 3246 1 583 591 
	 3247 1 583 584 
	 3248 1 584 840 
	 3249 1 584 712 
	 3250 1 584 616 
	 3251 1 584 600 
	 3252 1 584 592 
	 3253 1 585 841 
	 3254 1 585 713 
	 3255 1 585 617 
	 3256 1 585 601 
	 3257 1 585 589 
	 3258 1 585 587 
	 3259 1 585 586 
	 3260 1 586 842 
	 3261 1 586 714 
	 3262 1 586 618 
	 3263 1 586 602 
	 3264 1 586 590 
	 3265 1 586 588 
	 3266 1 587 843 
	 3267 1 587 715 
	 3268 1 587 619 
	 3269 1 587 603 
	 3270 1 587 591 
	 3271 1 587 588 
	 3272 1 588 844 
	 3273 1 588 716 
	 3274 1 588 620 
	 3275 1 588 604 
	 3276 1 588 592 
	 3277 1 589 845 
	 3278 1 589 717 
	 3279 1 589 621 
	 3280 1 589 605 
	 3281 1 589 591 
	 3282 1 589 590 
	 3283 1 590 846 
	 3284 1 590 718 
	 3285 1 590 622 
	 3286 1 590 606 
	 3287 1 590 592 
	 3288 1 591 847 
	 3289 1 591 719 
	 3290 1 591 623 
	 3291 1 591 607 
	 3292 1 591 592 
	 3293 1 592 848 
	 3294 1 592 720 
	 3295 1 592 624 
	 3296 1 592 608 
	 3297 1 593 849 
	 3298 1 593 721 
	 3299 1 593 625 
	 3300 1 593 601 
	 3301 1 593 597 
	 3302 1 593 595 
	 3303 1 593 594 
	 3304 1 594 850 
	 3305 1 594 722 
	 3306 1 594 626 
	 3307 1 594 602 
	 3308 1 594 598 
	 3309 1 594 596 
	 3310 1 595 851 
	 3311 1 595 723 
	 3312 1 595 627 
	 3313 1 595 603 
	 3314 1 595 599 
	 3315 1 595 596 
	 3316 1 596 852 
	 3317 1 596 724 
	 3318 1 596 628 
	 3319 1 596 604 
	 3320 1 596 600 
	 3321 1 597 853 
	 3322 1 597 725 
	 3323 1 597 629 
	 3324 1 597 605 
	 3325 1 597 599 
	 3326 1 597 598 
	 3327 1 598 854 
	 3328 1 598 726 
	 3329 1 598 630 
	 3330 1 598 606 
	 3331 1 598 600 
	 3332 1 599 855 
	 3333 1 599 727 
	 3334 1 599 631 
	 3335 1 599 607 
	 3336 1 599 600 
	 3337 1 600 856 
	 3338 1 600 728 
	 3339 1 600 632 
	 3340 1 600 608 
	 3341 1 601 857 
	 3342 1 601 729 
	 3343 1 601 633 
	 3344 1 601 605 
	 3345 1 601 603 
	 3346 1 601 602 
	 3347 1 602 858 
	 3348 1 602 730 
	 3349 1 602 634 
	 3350 1 602 606 
	 3351 1 602 604 
	 3352 1 603 859 
	 3353 1 603 731 
	 3354 1 603 635 
	 3355 1 603 607 
	 3356 1 603 604 
	 3357 1 604 860 
	 3358 1 604 732 
	 3359 1 604 636 
	 3360 1 604 608 
	 3361 1 605 861 
	 3362 1 605 733 
	 3363 1 605 637 
	 3364 1 605 607 
	 3365 1 605 606 
	 3366 1 606 862 
	 3367 1 606 734 
	 3368 1 606 638 
	 3369 1 606 608 
	 3370 1 607 863 
	 3371 1 607 735 
	 3372 1 607 639 
	 3373 1 607 608 
	 3374 1 608 864 
	 3375 1 608 736 
	 3376 1 608 640 
	 3377 1 609 865 
	 3378 1 609 737 
	 3379 1 609 625 
	 3380 1 609 617 
	 3381 1 609 613 
	 3382 1 609 611 
	 3383 1 609 610 
	 3384 1 610 866 
	 3385 1 610 738 
	 3386 1 610 626 
	 3387 1 610 618 
	 3388 1 610 614 
	 3389 1 610 612 
	 3390 1 611 867 
	 3391 1 611 739 
	 3392 1 611 627 
	 3393 1 611 619 
	 3394 1 611 615 
	 3395 1 611 612 
	 3396 1 612 868 
	 3397 1 612 740 
	 3398 1 612 628 
	 3399 1 612 620 
	 3400 1 612 616 
	 3401 1 613 869 
	 3402 1 613 741 
	 3403 1 613 629 
	 3404 1 613 621 
	 3405 1 613 615 
	 3406 1 613 614 
	 3407 1 614 870 
	 3408 1 614 742 
	 3409 1 614 630 
	 3410 1 614 622 
	 3411 1 614 616 
	 3412 1 615 871 
	 3413 1 615 743 
	 3414 1 615 631 
	 3415 1 615 623 
	 3416 1 615 616 
	 3417 1 616 872 
	 3418 1 616 744 
	 3419 1 616 632 
	 3420 1 616 624 
	 3421 1 617 873 
	 3422 1 617 745 
	 3423 1 617 633 
	 3424 1 617 621 
	 3425 1 617 619 
	 3426 1 617 618 
	 3427 1 618 874 
	 3428 1 618 746 
	 3429 1 618 634 
	 3430 1 618 622 
	 3431 1 618 620 
	 3432 1 619 875 
	 3433 1 619 747 
	 3434 1 619 635 
	 3435 1 619 623 
	 3436 1 619 620 
	 3437 1 620 876 
	 3438 1 620 748 
	 3439 1 620 636 
	 3440 1 620 624 
	 3441 1 621 877 
	 3442 1 621 749 
	 3443 1 621 637 
	 3444 1 621 623 
	 3445 1 621 622 
	 3446 1 622 878 
	 3447 1 622 750 
	 3448 1 622 638 
	 3449 1 622 624 
	 3450 1 623 879 
	 3451 1 623 751 
	 3452 1 623 639 
	 3453 1 623 624 
	 3454 1 624 880 
	 3455 1 624 752 
	 3456 1 624 640 
	 3457 1 625 881 
	 3458 1 625 753 
	 3459 1 625 633 
	 3460 1 625 629 
	 3461 1 625 627 
	 3462 1 625 626 
	 3463 1 626 882 
	 3464 1 626 754 
	 3465 1 626 634 
	 3466 1 626 630 
	 3467 1 626 628 
	 3468 1 627 883 
	 3469 1 627 755 
	 3470 1 627 635 
	 3471 1 627 631 
	 3472 1 627 628 
	 3473 1 628 884 
	 3474 1 628 756 
	 3475 1 628 636 
	 3476 1 628 632 
	 3477 1 629 885 
	 3478 1 629 757 
	 3479 1 629 637 
	 3480 1 629 631 
	 3481 1 629 630 
	 3482 1 630 886 
	 3483 1 630 758 
	 3484 1 630 638 
	 3485 1 630 632 
	 3486 1 631 887 
	 3487 1 631 759 
	 3488 1 631 639 
	 3489 1 631 632 
	 3490 1 632 888 
	 3491 1 632 760 
	 3492 1 632 640 
	 3493 1 633 889 
	 3494 1 633 761 
	 3495 1 633 637 
	 3496 1 633 635 
	 3497 1 633 634 
	 3498 1 634 890 
	 3499 1 634 762 
	 3500 1 634 638 
	 3501 1 634 636 
	 3502 1 635 891 
	 3503 1 635 763 
	 3504 1 635 639 
	 3505 1 635 636 
	 3506 1 636 892 
	 3507 1 636 764 
	 3508 1 636 640 
	 3509 1 637 893 
	 3510 1 637 765 
	 3511 1 637 639 
	 3512 1 637 638 
	 3513 1 638 894 
	 3514 1 638 766 
	 3515 1 638 640 
	 3516 1 639 895 
	 3517 1 639 767 
	 3518 1 639 640 
	 3519 1 640 896 
	 3520 1 640 768 
	 3521 1 641 897 
	 3522 1 641 705 
	 3523 1 641 673 
	 3524 1 641 657 
	 3525 1 641 649 
	 3526 1 641 645 
	 3527 1 641 643 
	 3528 1 641 642 
	 3529 1 642 898 
	 3530 1 642 706 
	 3531 1 642 674 
	 3532 1 642 658 
	 3533 1 642 650 
	 3534 1 642 646 
	 3535 1 642 644 
	 3536 1 643 899 
	 3537 1 643 707 
	 3538 1 643 675 
	 3539 1 643 659 
	 3540 1 643 651 
	 3541 1 643 647 
	 3542 1 643 644 
	 3543 1 644 900 
	 3544 1 644 708 
	 3545 1 644 676 
	 3546 1 644 660 
	 3547 1 644 652 
	 3548 1 644 648 
	 3549 1 645 901 
	 3550 1 645 709 
	 3551 1 645 677 
	 3552 1 645 661 
	 3553 1 645 653 
	 3554 1 645 647 
	 3555 1 645 646 
	 3556 1 646 902 
	 3557 1 646 710 
	 3558 1 646 678 
	 3559 1 646 662 
	 3560 1 646 654 
	 3561 1 646 648 
	 3562 1 647 903 
	 3563 1 647 711 
	 3564 1 647 679 
	 3565 1 647 663 
	 3566 1 647 655 
	 3567 1 647 648 
	 3568 1 648 904 
	 3569 1 648 712 
	 3570 1 648 680 
	 3571 1 648 664 
	 3572 1 648 656 
	 3573 1 649 905 
	 3574 1 649 713 
	 3575 1 649 681 
	 3576 1 649 665 
	 3577 1 649 653 
	 3578 1 649 651 
	 3579 1 649 650 
	 3580 1 650 906 
	 3581 1 650 714 
	 3582 1 650 682 
	 3583 1 650 666 
	 3584 1 650 654 
	 3585 1 650 652 
	 3586 1 651 907 
	 3587 1 651 715 
	 3588 1 651 683 
	 3589 1 651 667 
	 3590 1 651 655 
	 3591 1 651 652 
	 3592 1 652 908 
	 3593 1 652 716 
	 3594 1 652 684 
	 3595 1 652 668 
	 3596 1 652 656 
	 3597 1 653 909 
	 3598 1 653 717 
	 3599 1 653 685 
	 3600 1 653 669 
	 3601 1 653 655 
	 3602 1 653 654 
	 3603 1 654 910 
	 3604 1 654 718 
	 3605 1 654 686 
	 3606 1 654 670 
	 3607 1 654 656 
	 3608 1 655 911 
	 3609 1 655 719 
	 3610 1 655 687 
	 3611 1 655 671 
	 3612 1 655 656 
	 3613 1 656 912 
	 3614 1 656 720 
	 3615 1 656 688 
	 3616 1 656 672 
	 3617 1 657 913 
	 3618 1 657 721 
	 3619 1 657 689 
	 3620 1 657 665 
	 3621 1 657 661 
	 3622 1 657 659 
	 3623 1 657 658 
	 3624 1 658 914 
	 3625 1 658 722 
	 3626 1 658 690 
	 3627 1 658 666 
	 3628 1 658 662 
	 3629 1 658 660 
	 3630 1 659 915 
	 3631 1 659 723 
	 3632 1 659 691 
	 3633 1 659 667 
	 3634 1 659 663 
	 3635 1 659 660 
	 3636 1 660 916 
	 3637 1 660 724 
	 3638 1 660 692 
	 3639 1 660 668 
	 3640 1 660 664 
	 3641 1 661 917 
	 3642 1 661 725 
	 3643 1 661 693 
	 3644 1 661 669 
	 3645 1 661 663 
	 3646 1 661 662 
	 3647 1 662 918 
	 3648 1 662 726 
	 3649 1 662 694 
	 3650 1 662 670 
	 3651 1 662 664 
	 3652 1 663 919 
	 3653 1 663 727 
	 3654 1 663 695 
	 3655 1 663 671 
	 3656 1 663 664 
	 3657 1 664 920 
	 3658 1 664 728 
	 3659 1 664 696 
	 3660 1 664 672 
	 3661 1 665 921 
	 3662 1 665 729 
	 3663 1 665 697 
	 3664 1 665 669 
	 3665 1 665 667 
	 3666 1 665 666 
	 3667 1 666 922 
	 3668 1 666 730 
	 3669 1 666 698 
	 3670 1 666 670 
	 3671 1 666 668 
	 3672 1 667 923 
	 3673 1 667 731 
	 3674 1 667 699 
	 3675 1 667 671 
	 3676 1 667 668 
	 3677 1 668 924 
	 3678 1 668 732 
	 3679 1 668 700 
	 3680 1 668 672 
	 3681 1 669 925 
	 3682 1 669 733 
	 3683 1 669 701 
	 3684 1 669 671 
	 3685 1 669 670 
	 3686 1 670 926 
	 3687 1 670 734 
	 3688 1 670 702 
	 3689 1 670 672 
	 3690 1 671 927 
	 3691 1 671 735 
	 3692 1 671 703 
	 3693 1 671 672 
	 3694 1 672 928 
	 3695 1 672 736 
	 3696 1 672 704 
	 3697 1 673 929 
	 3698 1 673 737 
	 3699 1 673 689 
	 3700 1 673 681 
	 3701 1 673 677 
	 3702 1 673 675 
	 3703 1 673 674 
	 3704 1 674 930 
	 3705 1 674 738 
	 3706 1 674 690 
	 3707 1 674 682 
	 3708 1 674 678 
	 3709 1 674 676 
	 3710 1 675 931 
	 3711 1 675 739 
	 3712 1 675 691 
	 3713 1 675 683 
	 3714 1 675 679 
	 3715 1 675 676 
	 3716 1 676 932 
	 3717 1 676 740 
	 3718 1 676 692 
	 3719 1 676 684 
	 3720 1 676 680 
	 3721 1 677 933 
	 3722 1 677 741 
	 3723 1 677 693 
	 3724 1 677 685 
	 3725 1 677 679 
	 3726 1 677 678 
	 3727 1 678 934 
	 3728 1 678 742 
	 3729 1 678 694 
	 3730 1 678 686 
	 3731 1 678 680 
	 3732 1 679 935 
	 3733 1 679 743 
	 3734 1 679 695 
	 3735 1 679 687 
	 3736 1 679 680 
	 3737 1 680 936 
	 3738 1 680 744 
	 3739 1 680 696 
	 3740 1 680 688 
	 3741 1 681 937 
	 3742 1 681 745 
	 3743 1 681 697 
	 3744 1 681 685 
	 3745 1 681 683 
	 3746 1 681 682 
	 3747 1 682 938 
	 3748 1 682 746 
	 3749 1 682 698 
	 3750 1 682 686 
	 3751 1 682 684 
	 3752 1 683 939 
	 3753 1 683 747 
	 3754 1 683 699 
	 3755 1 683 687 
	 3756 1 683 684 
	 3757 1 684 940 
	 3758 1 684 748 
	 3759 1 684 700 
	 3760 1 684 688 
	 3761 1 685 941 
	 3762 1 685 749 
	 3763 1 685 701 
	 3764 1 685 687 
	 3765 1 685 686 
	 3766 1 686 942 
	 3767 1 686 750 
	 3768 1 686 702 
	 3769 1 686 688 
	 3770 1 687 943 
	 3771 1 687 751 
	 3772 1 687 703 
	 3773 1 687 688 
	 3774 1 688 944 
	 3775 1 688 752 
	 3776 1 688 704 
	 3777 1 689 945 
	 3778 1 689 753 
	 3779 1 689 697 
	 3780 1 689 693 
	 3781 1 689 691 
	 3782 1 689 690 
	 3783 1 690 946 
	 3784 1 690 754 
	 3785 1 690 698 
	 3786 1 690 694 
	 3787 1 690 692 
	 3788 1 691 947 
	 3789 1 691 755 
	 3790 1 691 699 
	 3791 1 691 695 
	 3792 1 691 692 
	 3793 1 692 948 
	 3794 1 692 756 
	 3795 1 692 700 
	 3796 1 692 696 
	 3797 1 693 949 
	 3798 1 693 757 
	 3799 1 693 701 
	 3800 1 693 695 
	 3801 1 693 694 
	 3802 1 694 950 
	 3803 1 694 758 
	 3804 1 694 702 
	 3805 1 694 696 
	 3806 1 695 951 
	 3807 1 695 759 
	 3808 1 695 703 
	 3809 1 695 696 
	 3810 1 696 952 
	 3811 1 696 760 
	 3812 1 696 704 
	 3813 1 697 953 
	 3814 1 697 761 
	 3815 1 697 701 
	 3816 1 697 699 
	 3817 1 697 698 
	 3818 1 698 954 
	 3819 1 698 762 
	 3820 1 698 702 
	 3821 1 698 700 
	 3822 1 699 955 
	 3823 1 699 763 
	 3824 1 699 703 
	 3825 1 699 700 
	 3826 1 700 956 
	 3827 1 700 764 
	 3828 1 700 704 
	 3829 1 701 957 
	 3830 1 701 765 
	 3831 1 701 703 
	 3832 1 701 702 
	 3833 1 702 958 
	 3834 1 702 766 
	 3835 1 702 704 
	 3836 1 703 959 
	 3837 1 703 767 
	 3838 1 703 704 
	 3839 1 704 960 
	 3840 1 704 768 
	 3841 1 705 961 
	 3842 1 705 737 
	 3843 1 705 721 
	 3844 1 705 713 
	 3845 1 705 709 
	 3846 1 705 707 
	 3847 1 705 706 
	 3848 1 706 962 
	 3849 1 706 738 
	 3850 1 706 722 
	 3851 1 706 714 
	 3852 1 706 710 
	 3853 1 706 708 
	 3854 1 707 963 
	 3855 1 707 739 
	 3856 1 707 723 
	 3857 1 707 715 
	 3858 1 707 711 
	 3859 1 707 708 
	 3860 1 708 964 
	 3861 1 708 740 
	 3862 1 708 724 
	 3863 1 708 716 
	 3864 1 708 712 
	 3865 1 709 965 
	 3866 1 709 741 
	 3867 1 709 725 
	 3868 1 709 717 
	 3869 1 709 711 
	 3870 1 709 710 
	 3871 1 710 966 
	 3872 1 710 742 
	 3873 1 710 726 
	 3874 1 710 718 
	 3875 1 710 712 
	 3876 1 711 967 
	 3877 1 711 743 
	 3878 1 711 727 
	 3879 1 711 719 
	 3880 1 711 712 
	 3881 1 712 968 
	 3882 1 712 744 
	 3883 1 712 728 
	 3884 1 712 720 
	 3885 1 713 969 
	 3886 1 713 745 
	 3887 1 713 729 
	 3888 1 713 717 
	 3889 1 713 715 
	 3890 1 713 714 
	 3891 1 714 970 
	 3892 1 714 746 
	 3893 1 714 730 
	 3894 1 714 718 
	 3895 1 714 716 
	 3896 1 715 971 
	 3897 1 715 747 
	 3898 1 715 731 
	 3899 1 715 719 
	 3900 1 715 716 
	 3901 1 716 972 
	 3902 1 716 748 
	 3903 1 716 732 
	 3904 1 716 720 
	 3905 1 717 973 
	 3906 1 717 749 
	 3907 1 717 733 
	 3908 1 717 719 
	 3909 1 717 718 
	 3910 1 718 974 
	 3911 1 718 750 
	 3912 1 718 734 
	 3913 1 718 720 
	 3914 1 719 975 
	 3915 1 719 751 
	 3916 1 719 735 
	 3917 1 719 720 
	 3918 1 720 976 
	 3919 1 720 752 
	 3920 1 720 736 
	 3921 1 721 977 
	 3922 1 721 753 
	 3923 1 721 729 
	 3924 1 721 725 
	 3925 1 721 723 
	 3926 1 721 722 
	 3927 1 722 978 
	 3928 1 722 754 
	 3929 1 722 730 
	 3930 1 722 726 
	 3931 1 722 724 
	 3932 1 723 979 
	 3933 1 723 755 
	 3934 1 723 731 
	 3935 1 723 727 
	 3936 1 723 724 
	 3937 1 724 980 
	 3938 1 724 756 
	 3939 1 724 732 
	 3940 1 724 728 
	 3941 1 725 981 
	 3942 1 725 757 
	 3943 1 725 733 
	 3944 1 725 727 
	 3945 1 725 726 
	 3946 1 726 982 
	 3947 1 726 758 
	 3948 1 726 734 
	 3949 1 726 728 
	 3950 1 727 983 
	 3951 1 727 759 
	 3952 1 727 735 
	 3953 1 727 728 
	 3954 1 728 984 
	 3955 1 728 760 
	 3956 1 728 736 
	 3957 1 729 985 
	 3958 1 729 761 
	 3959 1 729 733 
	 3960 1 729 731 
	 3961 1 729 730 
	 3962 1 730 986 
	 3963 1 730 762 
	 3964 1 730 734 
	 3965 1 730 732 
	 3966 1 731 987 
	 3967 1 731 763 
	 3968 1 731 735 
	 3969 1 731 732 
	 3970 1 732 988 
	 3971 1 732 764 
	 3972 1 732 736 
	 3973 1 733 989 
	 3974 1 733 765 
	 3975 1 733 735 
	 3976 1 733 734 
	 3977 1 734 990 
	 3978 1 734 766 
	 3979 1 734 736 
	 3980 1 735 991 
	 3981 1 735 767 
	 3982 1 735 736 
	 3983 1 736 992 
	 3984 1 736 768 
	 3985 1 737 993 
	 3986 1 737 753 
	 3987 1 737 745 
	 3988 1 737 741 
	 3989 1 737 739 
	 3990 1 737 738 
	 3991 1 738 994 
	 3992 1 738 754 
	 3993 1 738 746 
	 3994 1 738 742 
	 3995 1 738 740 
	 3996 1 739 995 
	 3997 1 739 755 
	 3998 1 739 747 
	 3999 1 739 743 
	 4000 1 739 740 
	 4001 1 740 996 
	 4002 1 740 756 
	 4003 1 740 748 
	 4004 1 740 744 
	 4005 1 741 997 
	 4006 1 741 757 
	 4007 1 741 749 
	 4008 1 741 743 
	 4009 1 741 742 
	 4010 1 742 998 
	 4011 1 742 758 
	 4012 1 742 750 
	 4013 1 742 744 
	 4014 1 743 999 
	 4015 1 743 759 
	 4016 1 743 751 
	 4017 1 743 744 
	 4018 1 744 1000 
	 4019 1 744 760 
	 4020 1 744 752 
	 4021 1 745 1001 
	 4022 1 745 761 
	 4023 1 745 749 
	 4024 1 745 747 
	 4025 1 745 746 
	 4026 1 746 1002 
	 4027 1 746 762 
	 4028 1 746 750 
	 4029 1 746 748 
	 4030 1 747 1003 
	 4031 1 747 763 
	 4032 1 747 751 
	 4033 1 747 748 
	 4034 1 748 1004 
	 4035 1 748 764 
	 4036 1 748 752 
	 4037 1 749 1005 
	 4038 1 749 765 
	 4039 1 749 751 
	 4040 1 749 750 
	 4041 1 750 1006 
	 4042 1 750 766 
	 4043 1 750 752 
	 4044 1 751 1007 
	 4045 1 751 767 
	 4046 1 751 752 
	 4047 1 752 1008 
	 4048 1 752 768 
	 4049 1 753 1009 
	 4050 1 753 761 
	 4051 1 753 757 
	 4052 1 753 755 
	 4053 1 753 754 
	 4054 1 754 1010 
	 4055 1 754 762 
	 4056 1 754 758 
	 4057 1 754 756 
	 4058 1 755 1011 
	 4059 1 755 763 
	 4060 1 755 759 
	 4061 1 755 756 
	 4062 1 756 1012 
	 4063 1 756 764 
	 4064 1 756 760 
	 4065 1 757 1013 
	 4066 1 757 765 
	 4067 1 757 759 
	 4068 1 757 758 
	 4069 1 758 1014 
	 4070 1 758 766 
	 4071 1 758 760 
	 4072 1 759 1015 
	 4073 1 759 767 
	 4074 1 759 760 
	 4075 1 760 1016 
	 4076 1 760 768 
	 4077 1 761 1017 
	 4078 1 761 765 
	 4079 1 761 763 
	 4080 1 761 762 
	 4081 1 762 1018 
	 4082 1 762 766 
	 4083 1 762 764 
	 4084 1 763 1019 
	 4085 1 763 767 
	 4086 1 763 764 
	 4087 1 764 1020 
	 4088 1 764 768 
	 4089 1 765 1021 
	 4090 1 765 767 
	 4091 1 765 766 
	 4092 1 766 1022 
	 4093 1 766 768 
	 4094 1 767 1023 
	 4095 1 767 768 
	 4096 1 768 1024 
	 4097 1 769 897 
	 4098 1 769 833 
	 4099 1 769 801 
	 4100 1 769 785 
	 4101 1 769 777 
	 4102 1 769 773 
	 4103 1 769 771 
	 4104 1 769 770 
	 4105 1 770 898 
	 4106 1 770 834 
	 4107 1 770 802 
	 4108 1 770 786 
	 4109 1 770 778 
	 4110 1 770 774 
	 4111 1 770 772 
	 4112 1 771 899 
	 4113 1 771 835 
	 4114 1 771 803 
	 4115 1 771 787 
	 4116 1 771 779 
	 4117 1 771 775 
	 4118 1 771 772 
	 4119 1 772 900 
	 4120 1 772 836 
	 4121 1 772 804 
	 4122 1 772 788 
	 4123 1 772 780 
	 4124 1 772 776 
	 4125 1 773 901 
	 4126 1 773 837 
	 4127 1 773 805 
	 4128 1 773 789 
	 4129 1 773 781 
	 4130 1 773 775 
	 4131 1 773 774 
	 4132 1 774 902 
	 4133 1 774 838 
	 4134 1 774 806 
	 4135 1 774 790 
	 4136 1 774 782 
	 4137 1 774 776 
	 4138 1 775 903 
	 4139 1 775 839 
	 4140 1 775 807 
	 4141 1 775 791 
	 4142 1 775 783 
	 4143 1 775 776 
	 4144 1 776 904 
	 4145 1 776 840 
	 4146 1 776 808 
	 4147 1 776 792 
	 4148 1 776 784 
	 4149 1 777 905 
	 4150 1 777 841 
	 4151 1 777 809 
	 4152 1 777 793 
	 4153 1 777 781 
	 4154 1 777 779 
	 4155 1 777 778 
	 4156 1 778 906 
	 4157 1 778 842 
	 4158 1 778 810 
	 4159 1 778 794 
	 4160 1 778 782 
	 4161 1 778 780 
	 4162 1 779 907 
	 4163 1 779 843 
	 4164 1 779 811 
	 4165 1 779 795 
	 4166 1 779 783 
	 4167 1 779 780 
	 4168 1 780 908 
	 4169 1 780 844 
	 4170 1 780 812 
	 4171 1 780 796 
	 4172 1 780 784 
	 4173 1 781 909 
	 4174 1 781 845 
	 4175 1 781 813 
	 4176 1 781 797 
	 4177 1 781 783 
	 4178 1 781 782 
	 4179 1 782 910 
	 4180 1 782 846 
	 4181 1 782 814 
	 4182 1 782 798 
	 4183 1 782 784 
	 4184 1 783 911 
	 4185 1 783 847 
	 4186 1 783 815 
	 4187 1 783 799 
	 4188 1 783 784 
	 4189 1 784 912 
	 4190 1 784 848 
	 4191 1 784 816 
	 4192 1 784 800 
	 4193 1 785 913 
	 4194 1 785 849 
	 4195 1 785 817 
	 4196 1 785 793 
	 4197 1 785 789 
	 4198 1 785 787 
	 4199 1 785 786 
	 4200 1 786 914 
	 4201 1 786 850 
	 4202 1 786 818 
	 4203 1 786 794 
	 4204 1 786 790 
	 4205 1 786 788 
	 4206 1 787 915 
	 4207 1 787 851 
	 4208 1 787 819 
	 4209 1 787 795 
	 4210 1 787 791 
	 4211 1 787 788 
	 4212 1 788 916 
	 4213 1 788 852 
	 4214 1 788 820 
	 4215 1 788 796 
	 4216 1 788 792 
	 4217 1 789 917 
	 4218 1 789 853 
	 4219 1 789 821 
	 4220 1 789 797 
	 4221 1 789 791 
	 4222 1 789 790 
	 4223 1 790 918 
	 4224 1 790 854 
	 4225 1 790 822 
	 4226 1 790 798 
	 4227 1 790 792 
	 4228 1 791 919 
	 4229 1 791 855 
	 4230 1 791 823 
	 4231 1 791 799 
	 4232 1 791 792 
	 4233 1 792 920 
	 4234 1 792 856 
	 4235 1 792 824 
	 4236 1 792 800 
	 4237 1 793 921 
	 4238 1 793 857 
	 4239 1 793 825 
	 4240 1 793 797 
	 4241 1 793 795 
	 4242 1 793 794 
	 4243 1 794 922 
	 4244 1 794 858 
	 4245 1 794 826 
	 4246 1 794 798 
	 4247 1 794 796 
	 4248 1 795 923 
	 4249 1 795 859 
	 4250 1 795 827 
	 4251 1 795 799 
	 4252 1 795 796 
	 4253 1 796 924 
	 4254 1 796 860 
	 4255 1 796 828 
	 4256 1 796 800 
	 4257 1 797 925 
	 4258 1 797 861 
	 4259 1 797 829 
	 4260 1 797 799 
	 4261 1 797 798 
	 4262 1 798 926 
	 4263 1 798 862 
	 4264 1 798 830 
	 4265 1 798 800 
	 4266 1 799 927 
	 4267 1 799 863 
	 4268 1 799 831 
	 4269 1 799 800 
	 4270 1 800 928 
	 4271 1 800 864 
	 4272 1 800 832 
	 4273 1 801 929 
	 4274 1 801 865 
	 4275 1 801 817 
	 4276 1 801 809 
	 4277 1 801 805 
	 4278 1 801 803 
	 4279 1 801 802 
	 4280 1 802 930 
	 4281 1 802 866 
	 4282 1 802 818 
	 4283 1 802 810 
	 4284 1 802 806 
	 4285 1 802 804 
	 4286 1 803 931 
	 4287 1 803 867 
	 4288 1 803 819 
	 4289 1 803 811 
	 4290 1 803 807 
	 4291 1 803 804 
	 4292 1 804 932 
	 4293 1 804 868 
	 4294 1 804 820 
	 4295 1 804 812 
	 4296 1 804 808 
	 4297 1 805 933 
	 4298 1 805 869 
	 4299 1 805 821 
	 4300 1 805 813 
	 4301 1 805 807 
	 4302 1 805 806 
	 4303 1 806 934 
	 4304 1 806 870 
	 4305 1 806 822 
	 4306 1 806 814 
	 4307 1 806 808 
	 4308 1 807 935 
	 4309 1 807 871 
	 4310 1 807 823 
	 4311 1 807 815 
	 4312 1 807 808 
	 4313 1 808 936 
	 4314 1 808 872 
	 4315 1 808 824 
	 4316 1 808 816 
	 4317 1 809 937 
	 4318 1 809 873 
	 4319 1 809 825 
	 4320 1 809 813 
	 4321 1 809 811 
	 4322 1 809 810 
	 4323 1 810 938 
	 4324 1 810 874 
	 4325 1 810 826 
	 4326 1 810 814 
	 4327 1 810 812 
	 4328 1 811 939 
	 4329 1 811 875 
	 4330 1 811 827 
	 4331 1 811 815 
	 4332 1 811 812 
	 4333 1 812 940 
	 4334 1 812 876 
	 4335 1 812 828 
	 4336 1 812 816 
	 4337 1 813 941 
	 4338 1 813 877 
	 4339 1 813 829 
	 4340 1 813 815 
	 4341 1 813 814 
	 4342 1 814 942 
	 4343 1 814 878 
	 4344 1 814 830 
	 4345 1 814 816 
	 4346 1 815 943 
	 4347 1 815 879 
	 4348 1 815 831 
	 4349 1 815 816 
	 4350 1 816 944 
	 4351 1 816 880 
	 4352 1 816 832 
	 4353 1 817 945 
	 4354 1 817 881 
	 4355 1 817 825 
	 4356 1 817 821 
	 4357 1 817 819 
	 4358 1 817 818 
	 4359 1 818 946 
	 4360 1 818 882 
	 4361 1 818 826 
	 4362 1 818 822 
	 4363 1 818 820 
	 4364 1 819 947 
	 4365 1 819 883 
	 4366 1 819 827 
	 4367 1 819 823 
	 4368 1 819 820 
	 4369 1 820 948 
	 4370 1 820 884 
	 4371 1 820 828 
	 4372 1 820 824 
	 4373 1 821 949 
	 4374 1 821 885 
	 4375 1 821 829 
	 4376 1 821 823 
	 4377 1 821 822 
	 4378 1 822 950 
	 4379 1 822 886 
	 4380 1 822 830 
	 4381 1 822 824 
	 4382 1 823 951 
	 4383 1 823 887 
	 4384 1 823 831 
	 4385 1 823 824 
	 4386 1 824 952 
	 4387 1 824 888 
	 4388 1 824 832 
	 4389 1 825 953 
	 4390 1 825 889 
	 4391 1 825 829 
	 4392 1 825 827 
	 4393 1 825 826 
	 4394 1 826 954 
	 4395 1 826 890 
	 4396 1 826 830 
	 4397 1 826 828 
	 4398 1 827 955 
	 4399 1 827 891 
	 4400 1 827 831 
	 4401 1 827 828 
	 4402 1 828 956 
	 4403 1 828 892 
	 4404 1 828 832 
	 4405 1 829 957 
	 4406 1 829 893 
	 4407 1 829 831 
	 4408 1 829 830 
	 4409 1 830 958 
	 4410 1 830 894 
	 4411 1 830 832 
	 4412 1 831 959 
	 4413 1 831 895 
	 4414 1 831 832 
	 4415 1 832 960 
	 4416 1 832 896 
	 4417 1 833 961 
	 4418 1 833 865 
	 4419 1 833 849 
	 4420 1 833 841 
	 4421 1 833 837 
	 4422 1 833 835 
	 4423 1 833 834 
	 4424 1 834 962 
	 4425 1 834 866 
	 4426 1 834 850 
	 4427 1 834 842 
	 4428 1 834 838 
	 4429 1 834 836 
	 4430 1 835 963 
	 4431 1 835 867 
	 4432 1 835 851 
	 4433 1 835 843 
	 4434 1 835 839 
	 4435 1 835 836 
	 4436 1 836 964 
	 4437 1 836 868 
	 4438 1 836 852 
	 4439 1 836 844 
	 4440 1 836 840 
	 4441 1 837 965 
	 4442 1 837 869 
	 4443 1 837 853 
	 4444 1 837 845 
	 4445 1 837 839 
	 4446 1 837 838 
	 4447 1 838 966 
	 4448 1 838 870 
	 4449 1 838 854 
	 4450 1 838 846 
	 4451 1 838 840 
	 4452 1 839 967 
	 4453 1 839 871 
	 4454 1 839 855 
	 4455 1 839 847 
	 4456 1 839 840 
	 4457 1 840 968 
	 4458 1 840 872 
	 4459 1 840 856 
	 4460 1 840 848 
	 4461 1 841 969 
	 4462 1 841 873 
	 4463 1 841 857 
	 4464 1 841 845 
	 4465 1 841 843 
	 4466 1 841 842 
	 4467 1 842 970 
	 4468 1 842 874 
	 4469 1 842 858 
	 4470 1 842 846 
	 4471 1 842 844 
	 4472 1 843 971 
	 4473 1 843 875 
	 4474 1 843 859 
	 4475 1 843 847 
	 4476 1 843 844 
	 4477 1 844 972 
	 4478 1 844 876 
	 4479 1 844 860 
	 4480 1 844 848 
	 4481 1 845 973 
	 4482 1 845 877 
	 4483 1 845 861 
	 4484 1 845 847 
	 4485 1 845 846 
	 4486 1 846 974 
	 4487 1 846 878 
	 4488 1 846 862 
	 4489 1 846 848 
	 4490 1 847 975 
	 4491 1 847 879 
	 4492 1 847 863 
	 4493 1 847 848 
	 4494 1 848 976 
	 4495 1 848 880 
	 4496 1 848 864 
	 4497 1 849 977 
	 4498 1 849 881 
	 4499 1 849 857 
	 4500 1 849 853 
	 4501 1 849 851 
	 4502 1 849 850 
	 4503 1 850 978 
	 4504 1 850 882 
	 4505 1 850 858 
	 4506 1 850 854 
	 4507 1 850 852 
	 4508 1 851 979 
	 4509 1 851 883 
	 4510 1 851 859 
	 4511 1 851 855 
	 4512 1 851 852 
	 4513 1 852 980 
	 4514 1 852 884 
	 4515 1 852 860 
	 4516 1 852 856 
	 4517 1 853 981 
	 4518 1 853 885 
	 4519 1 853 861 
	 4520 1 853 855 
	 4521 1 853 854 
	 4522 1 854 982 
	 4523 1 854 886 
	 4524 1 854 862 
	 4525 1 854 856 
	 4526 1 855 983 
	 4527 1 855 887 
	 4528 1 855 863 
	 4529 1 855 856 
	 4530 1 856 984 
	 4531 1 856 888 
	 4532 1 856 864 
	 4533 1 857 985 
	 4534 1 857 889 
	 4535 1 857 861 
	 4536 1 857 859 
	 4537 1 857 858 
	 4538 1 858 986 
	 4539 1 858 890 
	 4540 1 858 862 
	 4541 1 858 860 
	 4542 1 859 987 
	 4543 1 859 891 
	 4544 1 859 863 
	 4545 1 859 860 
	 4546 1 860 988 
	 4547 1 860 892 
	 4548 1 860 864 
	 4549 1 861 989 
	 4550 1 861 893 
	 4551 1 861 863 
	 4552 1 861 862 
	 4553 1 862 990 
	 4554 1 862 894 
	 4555 1 862 864 
	 4556 1 863 991 
	 4557 1 863 895 
	 4558 1 863 864 
	 4559 1 864 992 
	 4560 1 864 896 
	 4561 1 865 993 
	 4562 1 865 881 
	 4563 1 865 873 
	 4564 1 865 869 
	 4565 1 865 867 
	 4566 1 865 866 
	 4567 1 866 994 
	 4568 1 866 882 
	 4569 1 866 874 
	 4570 1 866 870 
	 4571 1 866 868 
	 4572 1 867 995 
	 4573 1 867 883 
	 4574 1 867 875 
	 4575 1 867 871 
	 4576 1 867 868 
	 4577 1 868 996 
	 4578 1 868 884 
	 4579 1 868 876 
	 4580 1 868 872 
	 4581 1 869 997 
	 4582 1 869 885 
	 4583 1 869 877 
	 4584 1 869 871 
	 4585 1 869 870 
	 4586 1 870 998 
	 4587 1 870 886 
	 4588 1 870 878 
	 4589 1 870 872 
	 4590 1 871 999 
	 4591 1 871 887 
	 4592 1 871 879 
	 4593 1 871 872 
	 4594 1 872 1000 
	 4595 1 872 888 
	 4596 1 872 880 
	 4597 1 873 1001 
	 4598 1 873 889 
	 4599 1 873 877 
	 4600 1 873 875 
	 4601 1 873 874 
	 4602 1 874 1002 
	 4603 1 874 890 
	 4604 1 874 878 
	 4605 1 874 876 
	 4606 1 875 1003 
	 4607 1 875 891 
	 4608 1 875 879 
	 4609 1 875 876 
	 4610 1 876 1004 
	 4611 1 876 892 
	 4612 1 876 880 
	 4613 1 877 1005 
	 4614 1 877 893 
	 4615 1 877 879 
	 4616 1 877 878 
	 4617 1 878 1006 
	 4618 1 878 894 
	 4619 1 878 880 
	 4620 1 879 1007 
	 4621 1 879 895 
	 4622 1 879 880 
	 4623 1 880 1008 
	 4624 1 880 896 
	 4625 1 881 1009 
	 4626 1 881 889 
	 4627 1 881 885 
	 4628 1 881 883 
	 4629 1 881 882 
	 4630 1 882 1010 
	 4631 1 882 890 
	 4632 1 882 886 
	 4633 1 882 884 
	 4634 1 883 1011 
	 4635 1 883 891 
	 4636 1 883 887 
	 4637 1 883 884 
	 4638 1 884 1012 
	 4639 1 884 892 
	 4640 1 884 888 
	 4641 1 885 1013 
	 4642 1 885 893 
	 4643 1 885 887 
	 4644 1 885 886 
	 4645 1 886 1014 
	 4646 1 886 894 
	 4647 1 886 888 
	 4648 1 887 1015 
	 4649 1 887 895 
	 4650 1 887 888 
	 4651 1 888 1016 
	 4652 1 888 896 
	 4653 1 889 1017 
	 4654 1 889 893 
	 4655 1 889 891 
	 4656 1 889 890 
	 4657 1 890 1018 
	 4658 1 890 894 
	 4659 1 890 892 
	 4660 1 891 1019 
	 4661 1 891 895 
	 4662 1 891 892 
	 4663 1 892 1020 
	 4664 1 892 896 
	 4665 1 893 1021 
	 4666 1 893 895 
	 4667 1 893 894 
	 4668 1 894 1022 
	 4669 1 894 896 
	 4670 1 895 1023 
	 4671 1 895 896 
	 4672 1 896 1024 
	 4673 1 897 961 
	 4674 1 897 929 
	 4675 1 897 913 
	 4676 1 897 905 
	 4677 1 897 901 
	 4678 1 897 899 
	 4679 1 897 898 
	 4680 1 898 962 
	 4681 1 898 930 
	 4682 1 898 914 
	 4683 1 898 906 
	 4684 1 898 902 
	 4685 1 898 900 
	 4686 1 899 963 
	 4687 1 899 931 
	 4688 1 899 915 
	 4689 1 899 907 
	 4690 1 899 903 
	 4691 1 899 900 
	 4692 1 900 964 
	 4693 1 900 932 
	 4694 1 900 916 
	 4695 1 900 908 
	 4696 1 900 904 
	 4697 1 901 965 
	 4698 1 901 933 
	 4699 1 901 917 
	 4700 1 901 909 
	 4701 1 901 903 
	 4702 1 901 902 
	 4703 1 902 966 
	 4704 1 902 934 
	 4705 1 902 918 
	 4706 1 902 910 
	 4707 1 902 904 
	 4708 1 903 967 
	 4709 1 903 935 
	 4710 1 903 919 
	 4711 1 903 911 
	 4712 1 903 904 
	 4713 1 904 968 
	 4714 1 904 936 
	 4715 1 904 920 
	 4716 1 904 912 
	 4717 1 905 969 
	 4718 1 905 937 
	 4719 1 905 921 
	 4720 1 905 909 
	 4721 1 905 907 
	 4722 1 905 906 
	 4723 1 906 970 
	 4724 1 906 938 
	 4725 1 906 922 
	 4726 1 906 910 
	 4727 1 906 908 
	 4728 1 907 971 
	 4729 1 907 939 
	 4730 1 907 923 
	 4731 1 907 911 
	 4732 1 907 908 
	 4733 1 908 972 
	 4734 1 908 940 
	 4735 1 908 924 
	 4736 1 908 912 
	 4737 1 909 973 
	 4738 1 909 941 
	 4739 1 909 925 
	 4740 1 909 911 
	 4741 1 909 910 
	 4742 1 910 974 
	 4743 1 910 942 
	 4744 1 910 926 
	 4745 1 910 912 
	 4746 1 911 975 
	 4747 1 911 943 
	 4748 1 911 927 
	 4749 1 911 912 
	 4750 1 912 976 
	 4751 1 912 944 
	 4752 1 912 928 
	 4753 1 913 977 
	 4754 1 913 945 
	 4755 1 913 921 
	 4756 1 913 917 
	 4757 1 913 915 
	 4758 1 913 914 
	 4759 1 914 978 
	 4760 1 914 946 
	 4761 1 914 922 
	 4762 1 914 918 
	 4763 1 914 916 
	 4764 1 915 979 
	 4765 1 915 947 
	 4766 1 915 923 
	 4767 1 915 919 
	 4768 1 915 916 
	 4769 1 916 980 
	 4770 1 916 948 
	 4771 1 916 924 
	 4772 1 916 920 
	 4773 1 917 981 
	 4774 1 917 949 
	 4775 1 917 925 
	 4776 1 917 919 
	 4777 1 917 918 
	 4778 1 918 982 
	 4779 1 918 950 
	 4780 1 918 926 
	 4781 1 918 920 
	 4782 1 919 983 
	 4783 1 919 951 
	 4784 1 919 927 
	 4785 1 919 920 
	 4786 1 920 984 
	 4787 1 920 952 
	 4788 1 920 928 
	 4789 1 921 985 
	 4790 1 921 953 
	 4791 1 921 925 
	 4792 1 921 923 
	 4793 1 921 922 
	 4794 1 922 986 
	 4795 1 922 954 
	 4796 1 922 926 
	 4797 1 922 924 
	 4798 1 923 987 
	 4799 1 923 955 
	 4800 1 923 927 
	 4801 1 923 924 
	 4802 1 924 988 
	 4803 1 924 956 
	 4804 1 924 928 
	 4805 1 925 989 
	 4806 1 925 957 
	 4807 1 925 927 
	 4808 1 925 926 
	 4809 1 926 990 
	 4810 1 926 958 
	 4811 1 926 928 
	 4812 1 927 991 
	 4813 1 927 959 
	 4814 1 927 928 
	 4815 1 928 992 
	 4816 1 928 960 
	 4817 1 929 993 
	 4818 1 929 945 
	 4819 1 929 937 
	 4820 1 929 933 
	 4821 1 929 931 
	 4822 1 929 930 
	 4823 1 930 994 
	 4824 1 930 946 
	 4825 1 930 938 
	 4826 1 930 934 
	 4827 1 930 932 
	 4828 1 931 995 
	 4829 1 931 947 
	 4830 1 931 939 
	 4831 1 931 935 
	 4832 1 931 932 
	 4833 1 932 996 
	 4834 1 932 948 
	 4835 1 932 940 
	 4836 1 932 936 
	 4837 1 933 997 
	 4838 1 933 949 
	 4839 1 933 941 
	 4840 1 933 935 
	 4841 1 933 934 
	 4842 1 934 998 
	 4843 1 934 950 
	 4844 1 934 942 
	 4845 1 934 936 
	 4846 1 935 999 
	 4847 1 935 951 
	 4848 1 935 943 
	 4849 1 935 936 
	 4850 1 936 1000 
	 4851 1 936 952 
	 4852 1 936 944 
	 4853 1 937 1001 
	 4854 1 937 953 
	 4855 1 937 941 
	 4856 1 937 939 
	 4857 1 937 938 
	 4858 1 938 1002 
	 4859 1 938 954 
	 4860 1 938 942 
	 4861 1 938 940 
	 4862 1 939 1003 
	 4863 1 939 955 
	 4864 1 939 943 
	 4865 1 939 940 
	 4866 1 940 1004 
	 4867 1 940 956 
	 4868 1 940 944 
	 4869 1 941 1005 
	 4870 1 941 957 
	 4871 1 941 943 
	 4872 1 941 942 
	 4873 1 942 1006 
	 4874 1 942 958 
	 4875 1 942 944 
	 4876 1 943 1007 
	 4877 1 943 959 
	 4878 1 943 944 
	 4879 1 944 1008 
	 4880 1 944 960 
	 4881 1 945 1009 
	 4882 1 945 953 
	 4883 1 945 949 
	 4884 1 945 947 
	 4885 1 945 946 
	 4886 1 946 1010 
	 4887 1 946 954 
	 4888 1 946 950 
	 4889 1 946 948 
	 4890 1 947 1011 
	 4891 1 947 955 
	 4892 1 947 951 
	 4893 1 947 948 
	 4894 1 948 1012 
	 4895 1 948 956 
	 4896 1 948 952 
	 4897 1 949 1013 
	 4898 1 949 957 
	 4899 1 949 951 
	 4900 1 949 950 
	 4901 1 950 1014 
	 4902 1 950 958 
	 4903 1 950 952 
	 4904 1 951 1015 
	 4905 1 951 959 
	 4906 1 951 952 
	 4907 1 952 1016 
	 4908 1 952 960 
	 4909 1 953 1017 
	 4910 1 953 957 
	 4911 1 953 955 
	 4912 1 953 954 
	 4913 1 954 1018 
	 4914 1 954 958 
	 4915 1 954 956 
	 4916 1 955 1019 
	 4917 1 955 959 
	 4918 1 955 956 
	 4919 1 956 1020 
	 4920 1 956 960 
	 4921 1 957 1021 
	 4922 1 957 959 
	 4923 1 957 958 
	 4924 1 958 1022 
	 4925 1 958 960 
	 4926 1 959 1023 
	 4927 1 959 960 
	 4928 1 960 1024 
	 4929 1 961 993 
	 4930 1 961 977 
	 4931 1 961 969 
	 4932 1 961 965 
	 4933 1 961 963 
	 4934 1 961 962 
	 4935 1 962 994 
	 4936 1 962 978 
	 4937 1 962 970 
	 4938 1 962 966 
	 4939 1 962 964 
	 4940 1 963 995 
	 4941 1 963 979 
	 4942 1 963 971 
	 4943 1 963 967 
	 4944 1 963 964 
	 4945 1 964 996 
	 4946 1 964 980 
	 4947 1 964 972 
	 4948 1 964 968 
	 4949 1 965 997 
	 4950 1 965 981 
	 4951 1 965 973 
	 4952 1 965 967 
	 4953 1 965 966 
	 4954 1 966 998 
	 4955 1 966 982 
	 4956 1 966 974 
	 4957 1 966 968 
	 4958 1 967 999 
	 4959 1 967 983 
	 4960 1 967 975 
	 4961 1 967 968 
	 4962 1 968 1000 
	 4963 1 968 984 
	 4964 1 968 976 
	 4965 1 969 1001 
	 4966 1 969 985 
	 4967 1 969 973 
	 4968 1 969 971 
	 4969 1 969 970 
	 4970 1 970 1002 
	 4971 1 970 986 
	 4972 1 970 974 
	 4973 1 970 972 
	 4974 1 971 1003 
	 4975 1 971 987 
	 4976 1 971 975 
	 4977 1 971 972 
	 4978 1 972 1004 
	 4979 1 972 988 
	 4980 1 972 976 
	 4981 1 973 1005 
	 4982 1 973 989 
	 4983 1 973 975 
	 4984 1 973 974 
	 4985 1 974 1006 
	 4986 1 974 990 
	 4987 1 974 976 
	 4988 1 975 1007 
	 4989 1 975 991 
	 4990 1 975 976 
	 4991 1 976 1008 
	 4992 1 976 992 
	 4993 1 977 1009 
	 4994 1 977 985 
	 4995 1 977 981 
	 4996 1 977 979 
	 4997 1 977 978 
	 4998 1 978 1010 
	 4999 1 978 986 
	 5000 1 978 982 
	 5001 1 978 980 
	 5002 1 979 1011 
	 5003 1 979 987 
	 5004 1 979 983 
	 5005 1 979 980 
	 5006 1 980 1012 
	 5007 1 980 988 
	 5008 1 980 984 
	 5009 1 981 1013 
	 5010 1 981 989 
	 5011 1 981 983 
	 5012 1 981 982 
	 5013 1 982 1014 
	 5014 1 982 990 
	 5015 1 982 984 
	 5016 1 983 1015 
	 5017 1 983 991 
	 5018 1 983 984 
	 5019 1 984 1016 
	 5020 1 984 992 
	 5021 1 985 1017 
	 5022 1 985 989 
	 5023 1 985 987 
	 5024 1 985 986 
	 5025 1 986 1018 
	 5026 1 986 990 
	 5027 1 986 988 
	 5028 1 987 1019 
	 5029 1 987 991 
	 5030 1 987 988 
	 5031 1 988 1020 
	 5032 1 988 992 
	 5033 1 989 1021 
	 5034 1 989 991 
	 5035 1 989 990 
	 5036 1 990 1022 
	 5037 1 990 992 
	 5038 1 991 1023 
	 5039 1 991 992 
	 5040 1 992 1024 
	 5041 1 993 1009 
	 5042 1 993 1001 
	 5043 1 993 997 
	 5044 1 993 995 
	 5045 1 993 994 
	 5046 1 994 1010 
	 5047 1 994 1002 
	 5048 1 994 998 
	 5049 1 994 996 
	 5050 1 995 1011 
	 5051 1 995 1003 
	 5052 1 995 999 
	 5053 1 995 996 
	 5054 1 996 1012 
	 5055 1 996 1004 
	 5056 1 996 1000 
	 5057 1 997 1013 
	 5058 1 997 1005 
	 5059 1 997 999 
	 5060 1 997 998 
	 5061 1 998 1014 
	 5062 1 998 1006 
	 5063 1 998 1000 
	 5064 1 999 1015 
	 5065 1 999 1007 
	 5066 1 999 1000 
	 5067 1 1000 1016 
	 5068 1 1000 1008 
	 5069 1 1001 1017 
	 5070 1 1001 1005 
	 5071 1 1001 1003 
	 5072 1 1001 1002 
	 5073 1 1002 1018 
	 5074 1 1002 1006 
	 5075 1 1002 1004 
	 5076 1 1003 1019 
	 5077 1 1003 1007 
	 5078 1 1003 1004 
	 5079 1 1004 1020 
	 5080 1 1004 1008 
	 5081 1 1005 1021 
	 5082 1 1005 1007 
	 5083 1 1005 1006 
	 5084 1 1006 1022 
	 5085 1 1006 1008 
	 5086 1 1007 1023 
	 5087 1 1007 1008 
	 5088 1 1008 1024 
	 5089 1 1009 1017 
	 5090 1 1009 1013 
	 5091 1 1009 1011 
	 5092 1 1009 1010 
	 5093 1 1010 1018 
	 5094 1 1010 1014 
	 5095 1 1010 1012 
	 5096 1 1011 1019 
	 5097 1 1011 1015 
	 5098 1 1011 1012 
	 5099 1 1012 1020 
	 5100 1 1012 1016 
	 5101 1 1013 1021 
	 5102 1 1013 1015 
	 5103 1 1013 1014 
	 5104 1 1014 1022 
	 5105 1 1014 1016 
	 5106 1 1015 1023 
	 5107 1 1015 1016 
	 5108 1 1016 1024 
	 5109 1 1017 1021 
	 5110 1 1017 1019 
	 5111 1 1017 1018 
	 5112 1 1018 1022 
	 5113 1 1018 1020 
	 5114 1 1019 1023 
	 5115 1 1019 1020 
	 5116 1 1020 1024 
	 5117 1 1021 1023 
	 5118 1 1021 1022 
	 5119 1 1022 1024 
	 5120 1 1023 1024 
