64 192
	 1 131 
	 2 0 
	 3 0 
	 4 137 
	 5 0 
	 6 196 
	 7 190 
	 8 0 
	 9 0 
	 10 192 
	 11 112 
	 12 0 
	 13 108 
	 14 0 
	 15 0 
	 16 175 
	 17 0 
	 18 159 
	 19 179 
	 20 0 
	 21 111 
	 22 0 
	 23 0 
	 24 183 
	 25 179 
	 26 0 
	 27 0 
	 28 139 
	 29 0 
	 30 124 
	 31 126 
	 32 0 
	 33 0 
	 34 132 
	 35 119 
	 36 0 
	 37 117 
	 38 0 
	 39 0 
	 40 188 
	 41 139 
	 42 0 
	 43 0 
	 44 191 
	 45 0 
	 46 117 
	 47 181 
	 48 0 
	 49 130 
	 50 0 
	 51 0 
	 52 164 
	 53 0 
	 54 162 
	 55 174 
	 56 0 
	 57 0 
	 58 157 
	 59 133 
	 60 0 
	 61 116 
	 62 0 
	 63 0 
	 64 178 
	 1 100 1 33 
	 2 101 1 17 
	 3 108 1 9 
	 4 105 1 5 
	 5 105 1 3 
	 6 102 1 2 
	 7 100 2 34 
	 8 107 2 18 
	 9 107 2 10 
	 10 110 2 6 
	 11 104 2 4 
	 12 105 3 35 
	 13 109 3 19 
	 14 100 3 11 
	 15 100 3 7 
	 16 105 3 4 
	 17 107 4 36 
	 18 100 4 20 
	 19 104 4 12 
	 20 100 4 8 
	 21 104 5 37 
	 22 107 5 21 
	 23 106 5 13 
	 24 110 5 7 
	 25 109 5 6 
	 26 105 6 38 
	 27 101 6 22 
	 28 107 6 14 
	 29 104 6 8 
	 30 107 7 39 
	 31 110 7 23 
	 32 108 7 15 
	 33 102 7 8 
	 34 100 8 40 
	 35 108 8 24 
	 36 103 8 16 
	 37 106 9 41 
	 38 108 9 25 
	 39 110 9 13 
	 40 104 9 11 
	 41 102 9 10 
	 42 110 10 42 
	 43 107 10 26 
	 44 108 10 14 
	 45 107 10 12 
	 46 100 11 43 
	 47 106 11 27 
	 48 109 11 15 
	 49 102 11 12 
	 50 104 12 44 
	 51 108 12 28 
	 52 105 12 16 
	 53 102 13 45 
	 54 103 13 29 
	 55 103 13 15 
	 56 101 13 14 
	 57 105 14 46 
	 58 109 14 30 
	 59 110 14 16 
	 60 100 15 47 
	 61 109 15 31 
	 62 105 15 16 
	 63 105 16 48 
	 64 103 16 32 
	 65 110 17 49 
	 66 105 17 25 
	 67 102 17 21 
	 68 100 17 19 
	 69 110 17 18 
	 70 100 18 50 
	 71 105 18 26 
	 72 104 18 22 
	 73 103 18 20 
	 74 110 19 51 
	 75 105 19 27 
	 76 105 19 23 
	 77 110 19 20 
	 78 100 20 52 
	 79 108 20 28 
	 80 108 20 24 
	 81 109 21 53 
	 82 101 21 29 
	 83 100 21 23 
	 84 107 21 22 
	 85 109 22 54 
	 86 106 22 30 
	 87 108 22 24 
	 88 107 23 55 
	 89 110 23 31 
	 90 109 23 24 
	 91 102 24 56 
	 92 103 24 32 
	 93 103 25 57 
	 94 105 25 29 
	 95 106 25 27 
	 96 109 25 26 
	 97 104 26 58 
	 98 109 26 30 
	 99 102 26 28 
	 100 104 27 59 
	 101 105 27 31 
	 102 105 27 28 
	 103 103 28 60 
	 104 101 28 32 
	 105 101 29 61 
	 106 106 29 31 
	 107 108 29 30 
	 108 100 30 62 
	 109 105 30 32 
	 110 105 31 63 
	 111 110 31 32 
	 112 108 32 64 
	 113 106 33 49 
	 114 109 33 41 
	 115 106 33 37 
	 116 109 33 35 
	 117 101 33 34 
	 118 102 34 50 
	 119 107 34 42 
	 120 101 34 38 
	 121 101 34 36 
	 122 103 35 51 
	 123 100 35 43 
	 124 104 35 39 
	 125 100 35 36 
	 126 107 36 52 
	 127 110 36 44 
	 128 102 36 40 
	 129 101 37 53 
	 130 103 37 45 
	 131 109 37 39 
	 132 107 37 38 
	 133 101 38 54 
	 134 107 38 46 
	 135 104 38 40 
	 136 104 39 55 
	 137 105 39 47 
	 138 101 39 40 
	 139 106 40 56 
	 140 109 40 48 
	 141 106 41 57 
	 142 110 41 45 
	 143 106 41 43 
	 144 101 41 42 
	 145 110 42 58 
	 146 104 42 46 
	 147 101 42 44 
	 148 106 43 59 
	 149 102 43 47 
	 150 105 43 44 
	 151 105 44 60 
	 152 110 44 48 
	 153 101 45 61 
	 154 102 45 47 
	 155 103 45 46 
	 156 106 46 62 
	 157 101 46 48 
	 158 107 47 63 
	 159 106 47 48 
	 160 108 48 64 
	 161 102 49 57 
	 162 105 49 53 
	 163 104 49 51 
	 164 102 49 50 
	 165 100 50 58 
	 166 109 50 54 
	 167 104 50 52 
	 168 101 51 59 
	 169 110 51 55 
	 170 104 51 52 
	 171 101 52 60 
	 172 109 52 56 
	 173 101 53 61 
	 174 101 53 55 
	 175 100 53 54 
	 176 104 54 62 
	 177 102 54 56 
	 178 101 55 63 
	 179 108 55 56 
	 180 105 56 64 
	 181 103 57 61 
	 182 104 57 59 
	 183 108 57 58 
	 184 110 58 62 
	 185 107 58 60 
	 186 102 59 63 
	 187 107 59 60 
	 188 109 60 64 
	 189 102 61 63 
	 190 109 61 62 
	 191 105 62 64 
	 192 105 63 64 
