128 448 
	 1 169 
	 2 0 
	 3 0 
	 4 124 
	 5 0 
	 6 196 
	 7 196 
	 8 0 
	 9 0 
	 10 132 
	 11 128 
	 12 0 
	 13 186 
	 14 0 
	 15 0 
	 16 121 
	 17 0 
	 18 139 
	 19 106 
	 20 0 
	 21 127 
	 22 0 
	 23 0 
	 24 144 
	 25 137 
	 26 0 
	 27 0 
	 28 172 
	 29 0 
	 30 111 
	 31 115 
	 32 0 
	 33 0 
	 34 160 
	 35 168 
	 36 0 
	 37 157 
	 38 0 
	 39 0 
	 40 198 
	 41 130 
	 42 0 
	 43 0 
	 44 196 
	 45 0 
	 46 136 
	 47 133 
	 48 0 
	 49 182 
	 50 0 
	 51 0 
	 52 176 
	 53 0 
	 54 106 
	 55 107 
	 56 0 
	 57 0 
	 58 126 
	 59 139 
	 60 0 
	 61 199 
	 62 0 
	 63 0 
	 64 154 
	 65 0 
	 66 103 
	 67 101 
	 68 0 
	 69 195 
	 70 0 
	 71 0 
	 72 172 
	 73 106 
	 74 0 
	 75 0 
	 76 176 
	 77 0 
	 78 145 
	 79 197 
	 80 0 
	 81 163 
	 82 0 
	 83 0 
	 84 133 
	 85 0 
	 86 138 
	 87 144 
	 88 0 
	 89 0 
	 90 125 
	 91 198 
	 92 0 
	 93 193 
	 94 0 
	 95 0 
	 96 105 
	 97 122 
	 98 0 
	 99 0 
	 100 174 
	 101 0 
	 102 112 
	 103 143 
	 104 0 
	 105 0 
	 106 185 
	 107 121 
	 108 0 
	 109 149 
	 110 0 
	 111 0 
	 112 158 
	 113 0 
	 114 151 
	 115 146 
	 116 0 
	 117 147 
	 118 0 
	 119 0 
	 120 138 
	 121 154 
	 122 0 
	 123 0 
	 124 102 
	 125 0 
	 126 127 
	 127 157 
	 128 0 
	 1 100 1 65 
	 2 101 1 33 
	 3 108 1 17 
	 4 105 1 9 
	 5 105 1 5 
	 6 102 1 3 
	 7 100 1 2 
	 8 107 2 66 
	 9 107 2 34 
	 10 110 2 18 
	 11 104 2 10 
	 12 105 2 6 
	 13 109 2 4 
	 14 100 3 67 
	 15 100 3 35 
	 16 105 3 19 
	 17 107 3 11 
	 18 100 3 7 
	 19 104 3 4 
	 20 100 4 68 
	 21 104 4 36 
	 22 107 4 20 
	 23 106 4 12 
	 24 110 4 8 
	 25 109 5 69 
	 26 105 5 37 
	 27 101 5 21 
	 28 107 5 13 
	 29 104 5 7 
	 30 107 5 6 
	 31 110 6 70 
	 32 108 6 38 
	 33 102 6 22 
	 34 100 6 14 
	 35 108 6 8 
	 36 103 7 71 
	 37 106 7 39 
	 38 108 7 23 
	 39 110 7 15 
	 40 104 7 8 
	 41 102 8 72 
	 42 110 8 40 
	 43 107 8 24 
	 44 108 8 16 
	 45 107 9 73 
	 46 100 9 41 
	 47 106 9 25 
	 48 109 9 13 
	 49 102 9 11 
	 50 104 9 10 
	 51 108 10 74 
	 52 105 10 42 
	 53 102 10 26 
	 54 103 10 14 
	 55 103 10 12 
	 56 101 11 75 
	 57 105 11 43 
	 58 109 11 27 
	 59 110 11 15 
	 60 100 11 12 
	 61 109 12 76 
	 62 105 12 44 
	 63 105 12 28 
	 64 103 12 16 
	 65 110 13 77 
	 66 105 13 45 
	 67 102 13 29 
	 68 100 13 15 
	 69 110 13 14 
	 70 100 14 78 
	 71 105 14 46 
	 72 104 14 30 
	 73 103 14 16 
	 74 110 15 79 
	 75 105 15 47 
	 76 105 15 31 
	 77 110 15 16 
	 78 100 16 80 
	 79 108 16 48 
	 80 108 16 32 
	 81 109 17 81 
	 82 101 17 49 
	 83 100 17 25 
	 84 107 17 21 
	 85 109 17 19 
	 86 106 17 18 
	 87 108 18 82 
	 88 107 18 50 
	 89 110 18 26 
	 90 109 18 22 
	 91 102 18 20 
	 92 103 19 83 
	 93 103 19 51 
	 94 105 19 27 
	 95 106 19 23 
	 96 109 19 20 
	 97 104 20 84 
	 98 109 20 52 
	 99 102 20 28 
	 100 104 20 24 
	 101 105 21 85 
	 102 105 21 53 
	 103 103 21 29 
	 104 101 21 23 
	 105 101 21 22 
	 106 106 22 86 
	 107 108 22 54 
	 108 100 22 30 
	 109 105 22 24 
	 110 105 23 87 
	 111 110 23 55 
	 112 108 23 31 
	 113 106 23 24 
	 114 109 24 88 
	 115 106 24 56 
	 116 109 24 32 
	 117 101 25 89 
	 118 102 25 57 
	 119 107 25 29 
	 120 101 25 27 
	 121 101 25 26 
	 122 103 26 90 
	 123 100 26 58 
	 124 104 26 30 
	 125 100 26 28 
	 126 107 27 91 
	 127 110 27 59 
	 128 102 27 31 
	 129 101 27 28 
	 130 103 28 92 
	 131 109 28 60 
	 132 107 28 32 
	 133 101 29 93 
	 134 107 29 61 
	 135 104 29 31 
	 136 104 29 30 
	 137 105 30 94 
	 138 101 30 62 
	 139 106 30 32 
	 140 109 31 95 
	 141 106 31 63 
	 142 110 31 32 
	 143 106 32 96 
	 144 101 32 64 
	 145 110 33 97 
	 146 104 33 49 
	 147 101 33 41 
	 148 106 33 37 
	 149 102 33 35 
	 150 105 33 34 
	 151 105 34 98 
	 152 110 34 50 
	 153 101 34 42 
	 154 102 34 38 
	 155 103 34 36 
	 156 106 35 99 
	 157 101 35 51 
	 158 107 35 43 
	 159 106 35 39 
	 160 108 35 36 
	 161 102 36 100 
	 162 105 36 52 
	 163 104 36 44 
	 164 102 36 40 
	 165 100 37 101 
	 166 109 37 53 
	 167 104 37 45 
	 168 101 37 39 
	 169 110 37 38 
	 170 104 38 102 
	 171 101 38 54 
	 172 109 38 46 
	 173 101 38 40 
	 174 101 39 103 
	 175 100 39 55 
	 176 104 39 47 
	 177 102 39 40 
	 178 101 40 104 
	 179 108 40 56 
	 180 105 40 48 
	 181 103 41 105 
	 182 104 41 57 
	 183 108 41 45 
	 184 110 41 43 
	 185 107 41 42 
	 186 102 42 106 
	 187 107 42 58 
	 188 109 42 46 
	 189 102 42 44 
	 190 109 43 107 
	 191 105 43 59 
	 192 105 43 47 
	 193 106 43 44 
	 194 108 44 108 
	 195 108 44 60 
	 196 105 44 48 
	 197 110 45 109 
	 198 106 45 61 
	 199 104 45 47 
	 200 109 45 46 
	 201 107 46 110 
	 202 107 46 62 
	 203 110 46 48 
	 204 110 47 111 
	 205 109 47 63 
	 206 103 47 48 
	 207 105 48 112 
	 208 105 48 64 
	 209 101 49 113 
	 210 104 49 57 
	 211 106 49 53 
	 212 109 49 51 
	 213 104 49 50 
	 214 108 50 114 
	 215 109 50 58 
	 216 107 50 54 
	 217 108 50 52 
	 218 107 51 115 
	 219 108 51 59 
	 220 100 51 55 
	 221 109 51 52 
	 222 105 52 116 
	 223 105 52 60 
	 224 100 52 56 
	 225 107 53 117 
	 226 105 53 61 
	 227 107 53 55 
	 228 107 53 54 
	 229 102 54 118 
	 230 110 54 62 
	 231 109 54 56 
	 232 109 55 119 
	 233 105 55 63 
	 234 101 55 56 
	 235 104 56 120 
	 236 110 56 64 
	 237 102 57 121 
	 238 104 57 61 
	 239 103 57 59 
	 240 105 57 58 
	 241 109 58 122 
	 242 104 58 62 
	 243 105 58 60 
	 244 108 59 123 
	 245 104 59 63 
	 246 102 59 60 
	 247 110 60 124 
	 248 101 60 64 
	 249 106 61 125 
	 250 106 61 63 
	 251 100 61 62 
	 252 100 62 126 
	 253 108 62 64 
	 254 108 63 127 
	 255 103 63 64 
	 256 104 64 128 
	 257 107 65 97 
	 258 107 65 81 
	 259 102 65 73 
	 260 109 65 69 
	 261 107 65 67 
	 262 109 65 66 
	 263 101 66 98 
	 264 100 66 82 
	 265 108 66 74 
	 266 106 66 70 
	 267 102 66 68 
	 268 102 67 99 
	 269 100 67 83 
	 270 104 67 75 
	 271 110 67 71 
	 272 110 67 68 
	 273 104 68 100 
	 274 102 68 84 
	 275 107 68 76 
	 276 103 68 72 
	 277 108 69 101 
	 278 108 69 85 
	 279 104 69 77 
	 280 103 69 71 
	 281 102 69 70 
	 282 100 70 102 
	 283 102 70 86 
	 284 110 70 78 
	 285 102 70 72 
	 286 109 71 103 
	 287 101 71 87 
	 288 104 71 79 
	 289 106 71 72 
	 290 101 72 104 
	 291 109 72 88 
	 292 101 72 80 
	 293 110 73 105 
	 294 102 73 89 
	 295 102 73 77 
	 296 101 73 75 
	 297 102 73 74 
	 298 106 74 106 
	 299 107 74 90 
	 300 108 74 78 
	 301 107 74 76 
	 302 108 75 107 
	 303 107 75 91 
	 304 106 75 79 
	 305 100 75 76 
	 306 106 76 108 
	 307 102 76 92 
	 308 103 76 80 
	 309 107 77 109 
	 310 101 77 93 
	 311 108 77 79 
	 312 105 77 78 
	 313 106 78 110 
	 314 106 78 94 
	 315 103 78 80 
	 316 107 79 111 
	 317 101 79 95 
	 318 101 79 80 
	 319 105 80 112 
	 320 109 80 96 
	 321 108 81 113 
	 322 106 81 89 
	 323 108 81 85 
	 324 103 81 83 
	 325 101 81 82 
	 326 105 82 114 
	 327 103 82 90 
	 328 106 82 86 
	 329 105 82 84 
	 330 104 83 115 
	 331 102 83 91 
	 332 104 83 87 
	 333 104 83 84 
	 334 104 84 116 
	 335 105 84 92 
	 336 104 84 88 
	 337 103 85 117 
	 338 100 85 93 
	 339 104 85 87 
	 340 102 85 86 
	 341 107 86 118 
	 342 107 86 94 
	 343 105 86 88 
	 344 108 87 119 
	 345 107 87 95 
	 346 110 87 88 
	 347 105 88 120 
	 348 110 88 96 
	 349 103 89 121 
	 350 105 89 93 
	 351 105 89 91 
	 352 107 89 90 
	 353 104 90 122 
	 354 106 90 94 
	 355 110 90 92 
	 356 101 91 123 
	 357 107 91 95 
	 358 103 91 92 
	 359 105 92 124 
	 360 105 92 96 
	 361 109 93 125 
	 362 100 93 95 
	 363 103 93 94 
	 364 107 94 126 
	 365 106 94 96 
	 366 110 95 127 
	 367 102 95 96 
	 368 110 96 128 
	 369 102 97 113 
	 370 109 97 105 
	 371 107 97 101 
	 372 105 97 99 
	 373 108 97 98 
	 374 100 98 114 
	 375 101 98 106 
	 376 107 98 102 
	 377 107 98 100 
	 378 104 99 115 
	 379 106 99 107 
	 380 108 99 103 
	 381 110 99 100 
	 382 107 100 116 
	 383 103 100 108 
	 384 108 100 104 
	 385 101 101 117 
	 386 100 101 109 
	 387 105 101 103 
	 388 100 101 102 
	 389 101 102 118 
	 390 109 102 110 
	 391 108 102 104 
	 392 108 103 119 
	 393 104 103 111 
	 394 100 103 104 
	 395 106 104 120 
	 396 105 104 112 
	 397 100 105 121 
	 398 105 105 109 
	 399 104 105 107 
	 400 102 105 106 
	 401 104 106 122 
	 402 106 106 110 
	 403 107 106 108 
	 404 107 107 123 
	 405 105 107 111 
	 406 103 107 108 
	 407 108 108 124 
	 408 104 108 112 
	 409 107 109 125 
	 410 103 109 111 
	 411 100 109 110 
	 412 101 110 126 
	 413 105 110 112 
	 414 108 111 127 
	 415 102 111 112 
	 416 100 112 128 
	 417 100 113 121 
	 418 101 113 117 
	 419 107 113 115 
	 420 103 113 114 
	 421 100 114 122 
	 422 105 114 118 
	 423 105 114 116 
	 424 105 115 123 
	 425 104 115 119 
	 426 101 115 116 
	 427 103 116 124 
	 428 109 116 120 
	 429 107 117 125 
	 430 106 117 119 
	 431 107 117 118 
	 432 103 118 126 
	 433 100 118 120 
	 434 110 119 127 
	 435 105 119 120 
	 436 100 120 128 
	 437 109 121 125 
	 438 100 121 123 
	 439 104 121 122 
	 440 105 122 126 
	 441 106 122 124 
	 442 108 123 127 
	 443 107 123 124 
	 444 105 124 128 
	 445 100 125 127 
	 446 101 125 126 
	 447 110 126 128 
	 448 102 127 128 
