128 448 
	 1 1 
	 2 0 
	 3 0 
	 4 2 
	 5 0 
	 6 2 
	 7 2 
	 8 0 
	 9 0 
	 10 1 
	 11 2 
	 12 0 
	 13 1 
	 14 0 
	 15 0 
	 16 2 
	 17 0 
	 18 2 
	 19 1 
	 20 0 
	 21 1 
	 22 0 
	 23 0 
	 24 1 
	 25 1 
	 26 0 
	 27 0 
	 28 1 
	 29 0 
	 30 1 
	 31 1 
	 32 0 
	 33 0 
	 34 1 
	 35 1 
	 36 0 
	 37 2 
	 38 0 
	 39 0 
	 40 1 
	 41 2 
	 42 0 
	 43 0 
	 44 1 
	 45 0 
	 46 2 
	 47 1 
	 48 0 
	 49 1 
	 50 0 
	 51 0 
	 52 2 
	 53 0 
	 54 2 
	 55 2 
	 56 0 
	 57 0 
	 58 1 
	 59 1 
	 60 0 
	 61 2 
	 62 0 
	 63 0 
	 64 2 
	 65 0 
	 66 1 
	 67 2 
	 68 0 
	 69 2 
	 70 0 
	 71 0 
	 72 1 
	 73 1 
	 74 0 
	 75 0 
	 76 1 
	 77 0 
	 78 1 
	 79 1 
	 80 0 
	 81 1 
	 82 0 
	 83 0 
	 84 1 
	 85 0 
	 86 2 
	 87 2 
	 88 0 
	 89 0 
	 90 2 
	 91 2 
	 92 0 
	 93 2 
	 94 0 
	 95 0 
	 96 1 
	 97 2 
	 98 0 
	 99 0 
	 100 1 
	 101 0 
	 102 2 
	 103 1 
	 104 0 
	 105 0 
	 106 1 
	 107 2 
	 108 0 
	 109 1 
	 110 0 
	 111 0 
	 112 1 
	 113 0 
	 114 2 
	 115 2 
	 116 0 
	 117 1 
	 118 0 
	 119 0 
	 120 2 
	 121 1 
	 122 0 
	 123 0 
	 124 2 
	 125 0 
	 126 1 
	 127 2 
	 128 0 
	 1 1 1 65 
	 2 1 1 33 
	 3 1 1 17 
	 4 1 1 9 
	 5 1 1 5 
	 6 1 1 3 
	 7 1 1 2 
	 8 1 2 66 
	 9 1 2 34 
	 10 1 2 18 
	 11 1 2 10 
	 12 1 2 6 
	 13 1 2 4 
	 14 1 3 67 
	 15 1 3 35 
	 16 1 3 19 
	 17 1 3 11 
	 18 1 3 7 
	 19 1 3 4 
	 20 1 4 68 
	 21 1 4 36 
	 22 1 4 20 
	 23 1 4 12 
	 24 1 4 8 
	 25 1 5 69 
	 26 1 5 37 
	 27 1 5 21 
	 28 1 5 13 
	 29 1 5 7 
	 30 1 5 6 
	 31 1 6 70 
	 32 1 6 38 
	 33 1 6 22 
	 34 1 6 14 
	 35 1 6 8 
	 36 1 7 71 
	 37 1 7 39 
	 38 1 7 23 
	 39 1 7 15 
	 40 1 7 8 
	 41 1 8 72 
	 42 1 8 40 
	 43 1 8 24 
	 44 1 8 16 
	 45 1 9 73 
	 46 1 9 41 
	 47 1 9 25 
	 48 1 9 13 
	 49 1 9 11 
	 50 1 9 10 
	 51 1 10 74 
	 52 1 10 42 
	 53 1 10 26 
	 54 1 10 14 
	 55 1 10 12 
	 56 1 11 75 
	 57 1 11 43 
	 58 1 11 27 
	 59 1 11 15 
	 60 1 11 12 
	 61 1 12 76 
	 62 1 12 44 
	 63 1 12 28 
	 64 1 12 16 
	 65 1 13 77 
	 66 1 13 45 
	 67 1 13 29 
	 68 1 13 15 
	 69 1 13 14 
	 70 1 14 78 
	 71 1 14 46 
	 72 1 14 30 
	 73 1 14 16 
	 74 1 15 79 
	 75 1 15 47 
	 76 1 15 31 
	 77 1 15 16 
	 78 1 16 80 
	 79 1 16 48 
	 80 1 16 32 
	 81 1 17 81 
	 82 1 17 49 
	 83 1 17 25 
	 84 1 17 21 
	 85 1 17 19 
	 86 1 17 18 
	 87 1 18 82 
	 88 1 18 50 
	 89 1 18 26 
	 90 1 18 22 
	 91 1 18 20 
	 92 1 19 83 
	 93 1 19 51 
	 94 1 19 27 
	 95 1 19 23 
	 96 1 19 20 
	 97 1 20 84 
	 98 1 20 52 
	 99 1 20 28 
	 100 1 20 24 
	 101 1 21 85 
	 102 1 21 53 
	 103 1 21 29 
	 104 1 21 23 
	 105 1 21 22 
	 106 1 22 86 
	 107 1 22 54 
	 108 1 22 30 
	 109 1 22 24 
	 110 1 23 87 
	 111 1 23 55 
	 112 1 23 31 
	 113 1 23 24 
	 114 1 24 88 
	 115 1 24 56 
	 116 1 24 32 
	 117 1 25 89 
	 118 1 25 57 
	 119 1 25 29 
	 120 1 25 27 
	 121 1 25 26 
	 122 1 26 90 
	 123 1 26 58 
	 124 1 26 30 
	 125 1 26 28 
	 126 1 27 91 
	 127 1 27 59 
	 128 1 27 31 
	 129 1 27 28 
	 130 1 28 92 
	 131 1 28 60 
	 132 1 28 32 
	 133 1 29 93 
	 134 1 29 61 
	 135 1 29 31 
	 136 1 29 30 
	 137 1 30 94 
	 138 1 30 62 
	 139 1 30 32 
	 140 1 31 95 
	 141 1 31 63 
	 142 1 31 32 
	 143 1 32 96 
	 144 1 32 64 
	 145 1 33 97 
	 146 1 33 49 
	 147 1 33 41 
	 148 1 33 37 
	 149 1 33 35 
	 150 1 33 34 
	 151 1 34 98 
	 152 1 34 50 
	 153 1 34 42 
	 154 1 34 38 
	 155 1 34 36 
	 156 1 35 99 
	 157 1 35 51 
	 158 1 35 43 
	 159 1 35 39 
	 160 1 35 36 
	 161 1 36 100 
	 162 1 36 52 
	 163 1 36 44 
	 164 1 36 40 
	 165 1 37 101 
	 166 1 37 53 
	 167 1 37 45 
	 168 1 37 39 
	 169 1 37 38 
	 170 1 38 102 
	 171 1 38 54 
	 172 1 38 46 
	 173 1 38 40 
	 174 1 39 103 
	 175 1 39 55 
	 176 1 39 47 
	 177 1 39 40 
	 178 1 40 104 
	 179 1 40 56 
	 180 1 40 48 
	 181 1 41 105 
	 182 1 41 57 
	 183 1 41 45 
	 184 1 41 43 
	 185 1 41 42 
	 186 1 42 106 
	 187 1 42 58 
	 188 1 42 46 
	 189 1 42 44 
	 190 1 43 107 
	 191 1 43 59 
	 192 1 43 47 
	 193 1 43 44 
	 194 1 44 108 
	 195 1 44 60 
	 196 1 44 48 
	 197 1 45 109 
	 198 1 45 61 
	 199 1 45 47 
	 200 1 45 46 
	 201 1 46 110 
	 202 1 46 62 
	 203 1 46 48 
	 204 1 47 111 
	 205 1 47 63 
	 206 1 47 48 
	 207 1 48 112 
	 208 1 48 64 
	 209 1 49 113 
	 210 1 49 57 
	 211 1 49 53 
	 212 1 49 51 
	 213 1 49 50 
	 214 1 50 114 
	 215 1 50 58 
	 216 1 50 54 
	 217 1 50 52 
	 218 1 51 115 
	 219 1 51 59 
	 220 1 51 55 
	 221 1 51 52 
	 222 1 52 116 
	 223 1 52 60 
	 224 1 52 56 
	 225 1 53 117 
	 226 1 53 61 
	 227 1 53 55 
	 228 1 53 54 
	 229 1 54 118 
	 230 1 54 62 
	 231 1 54 56 
	 232 1 55 119 
	 233 1 55 63 
	 234 1 55 56 
	 235 1 56 120 
	 236 1 56 64 
	 237 1 57 121 
	 238 1 57 61 
	 239 1 57 59 
	 240 1 57 58 
	 241 1 58 122 
	 242 1 58 62 
	 243 1 58 60 
	 244 1 59 123 
	 245 1 59 63 
	 246 1 59 60 
	 247 1 60 124 
	 248 1 60 64 
	 249 1 61 125 
	 250 1 61 63 
	 251 1 61 62 
	 252 1 62 126 
	 253 1 62 64 
	 254 1 63 127 
	 255 1 63 64 
	 256 1 64 128 
	 257 1 65 97 
	 258 1 65 81 
	 259 1 65 73 
	 260 1 65 69 
	 261 1 65 67 
	 262 1 65 66 
	 263 1 66 98 
	 264 1 66 82 
	 265 1 66 74 
	 266 1 66 70 
	 267 1 66 68 
	 268 1 67 99 
	 269 1 67 83 
	 270 1 67 75 
	 271 1 67 71 
	 272 1 67 68 
	 273 1 68 100 
	 274 1 68 84 
	 275 1 68 76 
	 276 1 68 72 
	 277 1 69 101 
	 278 1 69 85 
	 279 1 69 77 
	 280 1 69 71 
	 281 1 69 70 
	 282 1 70 102 
	 283 1 70 86 
	 284 1 70 78 
	 285 1 70 72 
	 286 1 71 103 
	 287 1 71 87 
	 288 1 71 79 
	 289 1 71 72 
	 290 1 72 104 
	 291 1 72 88 
	 292 1 72 80 
	 293 1 73 105 
	 294 1 73 89 
	 295 1 73 77 
	 296 1 73 75 
	 297 1 73 74 
	 298 1 74 106 
	 299 1 74 90 
	 300 1 74 78 
	 301 1 74 76 
	 302 1 75 107 
	 303 1 75 91 
	 304 1 75 79 
	 305 1 75 76 
	 306 1 76 108 
	 307 1 76 92 
	 308 1 76 80 
	 309 1 77 109 
	 310 1 77 93 
	 311 1 77 79 
	 312 1 77 78 
	 313 1 78 110 
	 314 1 78 94 
	 315 1 78 80 
	 316 1 79 111 
	 317 1 79 95 
	 318 1 79 80 
	 319 1 80 112 
	 320 1 80 96 
	 321 1 81 113 
	 322 1 81 89 
	 323 1 81 85 
	 324 1 81 83 
	 325 1 81 82 
	 326 1 82 114 
	 327 1 82 90 
	 328 1 82 86 
	 329 1 82 84 
	 330 1 83 115 
	 331 1 83 91 
	 332 1 83 87 
	 333 1 83 84 
	 334 1 84 116 
	 335 1 84 92 
	 336 1 84 88 
	 337 1 85 117 
	 338 1 85 93 
	 339 1 85 87 
	 340 1 85 86 
	 341 1 86 118 
	 342 1 86 94 
	 343 1 86 88 
	 344 1 87 119 
	 345 1 87 95 
	 346 1 87 88 
	 347 1 88 120 
	 348 1 88 96 
	 349 1 89 121 
	 350 1 89 93 
	 351 1 89 91 
	 352 1 89 90 
	 353 1 90 122 
	 354 1 90 94 
	 355 1 90 92 
	 356 1 91 123 
	 357 1 91 95 
	 358 1 91 92 
	 359 1 92 124 
	 360 1 92 96 
	 361 1 93 125 
	 362 1 93 95 
	 363 1 93 94 
	 364 1 94 126 
	 365 1 94 96 
	 366 1 95 127 
	 367 1 95 96 
	 368 1 96 128 
	 369 1 97 113 
	 370 1 97 105 
	 371 1 97 101 
	 372 1 97 99 
	 373 1 97 98 
	 374 1 98 114 
	 375 1 98 106 
	 376 1 98 102 
	 377 1 98 100 
	 378 1 99 115 
	 379 1 99 107 
	 380 1 99 103 
	 381 1 99 100 
	 382 1 100 116 
	 383 1 100 108 
	 384 1 100 104 
	 385 1 101 117 
	 386 1 101 109 
	 387 1 101 103 
	 388 1 101 102 
	 389 1 102 118 
	 390 1 102 110 
	 391 1 102 104 
	 392 1 103 119 
	 393 1 103 111 
	 394 1 103 104 
	 395 1 104 120 
	 396 1 104 112 
	 397 1 105 121 
	 398 1 105 109 
	 399 1 105 107 
	 400 1 105 106 
	 401 1 106 122 
	 402 1 106 110 
	 403 1 106 108 
	 404 1 107 123 
	 405 1 107 111 
	 406 1 107 108 
	 407 1 108 124 
	 408 1 108 112 
	 409 1 109 125 
	 410 1 109 111 
	 411 1 109 110 
	 412 1 110 126 
	 413 1 110 112 
	 414 1 111 127 
	 415 1 111 112 
	 416 1 112 128 
	 417 1 113 121 
	 418 1 113 117 
	 419 1 113 115 
	 420 1 113 114 
	 421 1 114 122 
	 422 1 114 118 
	 423 1 114 116 
	 424 1 115 123 
	 425 1 115 119 
	 426 1 115 116 
	 427 1 116 124 
	 428 1 116 120 
	 429 1 117 125 
	 430 1 117 119 
	 431 1 117 118 
	 432 1 118 126 
	 433 1 118 120 
	 434 1 119 127 
	 435 1 119 120 
	 436 1 120 128 
	 437 1 121 125 
	 438 1 121 123 
	 439 1 121 122 
	 440 1 122 126 
	 441 1 122 124 
	 442 1 123 127 
	 443 1 123 124 
	 444 1 124 128 
	 445 1 125 127 
	 446 1 125 126 
	 447 1 126 128 
	 448 1 127 128 
