256 1024
	 1 122 
	 2 0 
	 3 0 
	 4 164 
	 5 0 
	 6 117 
	 7 153 
	 8 0 
	 9 0 
	 10 115 
	 11 104 
	 12 0 
	 13 196 
	 14 0 
	 15 0 
	 16 133 
	 17 0 
	 18 125 
	 19 176 
	 20 0 
	 21 108 
	 22 0 
	 23 0 
	 24 154 
	 25 153 
	 26 0 
	 27 0 
	 28 107 
	 29 0 
	 30 199 
	 31 140 
	 32 0 
	 33 0 
	 34 175 
	 35 151 
	 36 0 
	 37 166 
	 38 0 
	 39 0 
	 40 174 
	 41 158 
	 42 0 
	 43 0 
	 44 104 
	 45 0 
	 46 152 
	 47 162 
	 48 0 
	 49 118 
	 50 0 
	 51 0 
	 52 199 
	 53 0 
	 54 126 
	 55 200 
	 56 0 
	 57 0 
	 58 156 
	 59 105 
	 60 0 
	 61 198 
	 62 0 
	 63 0 
	 64 159 
	 65 0 
	 66 138 
	 67 174 
	 68 0 
	 69 176 
	 70 0 
	 71 0 
	 72 136 
	 73 151 
	 74 0 
	 75 0 
	 76 178 
	 77 0 
	 78 177 
	 79 200 
	 80 0 
	 81 175 
	 82 0 
	 83 0 
	 84 198 
	 85 0 
	 86 183 
	 87 122 
	 88 0 
	 89 0 
	 90 199 
	 91 168 
	 92 0 
	 93 105 
	 94 0 
	 95 0 
	 96 181 
	 97 108 
	 98 0 
	 99 0 
	 100 142 
	 101 0 
	 102 180 
	 103 131 
	 104 0 
	 105 0 
	 106 135 
	 107 135 
	 108 0 
	 109 173 
	 110 0 
	 111 0 
	 112 136 
	 113 0 
	 114 100 
	 115 157 
	 116 0 
	 117 176 
	 118 0 
	 119 0 
	 120 194 
	 121 158 
	 122 0 
	 123 0 
	 124 175 
	 125 0 
	 126 132 
	 127 117 
	 128 0 
	 129 0 
	 130 107 
	 131 147 
	 132 0 
	 133 104 
	 134 0 
	 135 0 
	 136 131 
	 137 144 
	 138 0 
	 139 0 
	 140 101 
	 141 0 
	 142 138 
	 143 129 
	 144 0 
	 145 195 
	 146 0 
	 147 0 
	 148 117 
	 149 0 
	 150 130 
	 151 200 
	 152 0 
	 153 0 
	 154 173 
	 155 149 
	 156 0 
	 157 144 
	 158 0 
	 159 0 
	 160 101 
	 161 175 
	 162 0 
	 163 0 
	 164 144 
	 165 0 
	 166 121 
	 167 155 
	 168 0 
	 169 0 
	 170 146 
	 171 177 
	 172 0 
	 173 108 
	 174 0 
	 175 0 
	 176 155 
	 177 0 
	 178 192 
	 179 199 
	 180 0 
	 181 160 
	 182 0 
	 183 0 
	 184 164 
	 185 108 
	 186 0 
	 187 0 
	 188 172 
	 189 0 
	 190 167 
	 191 130 
	 192 0 
	 193 176 
	 194 0 
	 195 0 
	 196 104 
	 197 0 
	 198 151 
	 199 144 
	 200 0 
	 201 0 
	 202 117 
	 203 145 
	 204 0 
	 205 179 
	 206 0 
	 207 0 
	 208 134 
	 209 0 
	 210 115 
	 211 161 
	 212 0 
	 213 103 
	 214 0 
	 215 0 
	 216 105 
	 217 154 
	 218 0 
	 219 0 
	 220 172 
	 221 0 
	 222 153 
	 223 180 
	 224 0 
	 225 0 
	 226 103 
	 227 174 
	 228 0 
	 229 171 
	 230 0 
	 231 0 
	 232 110 
	 233 154 
	 234 0 
	 235 0 
	 236 103 
	 237 0 
	 238 149 
	 239 128 
	 240 0 
	 241 158 
	 242 0 
	 243 0 
	 244 135 
	 245 0 
	 246 170 
	 247 176 
	 248 0 
	 249 0 
	 250 125 
	 251 142 
	 252 0 
	 253 118 
	 254 0 
	 255 0 
	 256 118 
	 1 100 1 129 
	 2 101 1 65 
	 3 108 1 33 
	 4 105 1 17 
	 5 105 1 9 
	 6 102 1 5 
	 7 100 1 3 
	 8 107 1 2 
	 9 107 2 130 
	 10 110 2 66 
	 11 104 2 34 
	 12 105 2 18 
	 13 109 2 10 
	 14 100 2 6 
	 15 100 2 4 
	 16 105 3 131 
	 17 107 3 67 
	 18 100 3 35 
	 19 104 3 19 
	 20 100 3 11 
	 21 104 3 7 
	 22 107 3 4 
	 23 106 4 132 
	 24 110 4 68 
	 25 109 4 36 
	 26 105 4 20 
	 27 101 4 12 
	 28 107 4 8 
	 29 104 5 133 
	 30 107 5 69 
	 31 110 5 37 
	 32 108 5 21 
	 33 102 5 13 
	 34 100 5 7 
	 35 108 5 6 
	 36 103 6 134 
	 37 106 6 70 
	 38 108 6 38 
	 39 110 6 22 
	 40 104 6 14 
	 41 102 6 8 
	 42 110 7 135 
	 43 107 7 71 
	 44 108 7 39 
	 45 107 7 23 
	 46 100 7 15 
	 47 106 7 8 
	 48 109 8 136 
	 49 102 8 72 
	 50 104 8 40 
	 51 108 8 24 
	 52 105 8 16 
	 53 102 9 137 
	 54 103 9 73 
	 55 103 9 41 
	 56 101 9 25 
	 57 105 9 13 
	 58 109 9 11 
	 59 110 9 10 
	 60 100 10 138 
	 61 109 10 74 
	 62 105 10 42 
	 63 105 10 26 
	 64 103 10 14 
	 65 110 10 12 
	 66 105 11 139 
	 67 102 11 75 
	 68 100 11 43 
	 69 110 11 27 
	 70 100 11 15 
	 71 105 11 12 
	 72 104 12 140 
	 73 103 12 76 
	 74 110 12 44 
	 75 105 12 28 
	 76 105 12 16 
	 77 110 13 141 
	 78 100 13 77 
	 79 108 13 45 
	 80 108 13 29 
	 81 109 13 15 
	 82 101 13 14 
	 83 100 14 142 
	 84 107 14 78 
	 85 109 14 46 
	 86 106 14 30 
	 87 108 14 16 
	 88 107 15 143 
	 89 110 15 79 
	 90 109 15 47 
	 91 102 15 31 
	 92 103 15 16 
	 93 103 16 144 
	 94 105 16 80 
	 95 106 16 48 
	 96 109 16 32 
	 97 104 17 145 
	 98 109 17 81 
	 99 102 17 49 
	 100 104 17 25 
	 101 105 17 21 
	 102 105 17 19 
	 103 103 17 18 
	 104 101 18 146 
	 105 101 18 82 
	 106 106 18 50 
	 107 108 18 26 
	 108 100 18 22 
	 109 105 18 20 
	 110 105 19 147 
	 111 110 19 83 
	 112 108 19 51 
	 113 106 19 27 
	 114 109 19 23 
	 115 106 19 20 
	 116 109 20 148 
	 117 101 20 84 
	 118 102 20 52 
	 119 107 20 28 
	 120 101 20 24 
	 121 101 21 149 
	 122 103 21 85 
	 123 100 21 53 
	 124 104 21 29 
	 125 100 21 23 
	 126 107 21 22 
	 127 110 22 150 
	 128 102 22 86 
	 129 101 22 54 
	 130 103 22 30 
	 131 109 22 24 
	 132 107 23 151 
	 133 101 23 87 
	 134 107 23 55 
	 135 104 23 31 
	 136 104 23 24 
	 137 105 24 152 
	 138 101 24 88 
	 139 106 24 56 
	 140 109 24 32 
	 141 106 25 153 
	 142 110 25 89 
	 143 106 25 57 
	 144 101 25 29 
	 145 110 25 27 
	 146 104 25 26 
	 147 101 26 154 
	 148 106 26 90 
	 149 102 26 58 
	 150 105 26 30 
	 151 105 26 28 
	 152 110 27 155 
	 153 101 27 91 
	 154 102 27 59 
	 155 103 27 31 
	 156 106 27 28 
	 157 101 28 156 
	 158 107 28 92 
	 159 106 28 60 
	 160 108 28 32 
	 161 102 29 157 
	 162 105 29 93 
	 163 104 29 61 
	 164 102 29 31 
	 165 100 29 30 
	 166 109 30 158 
	 167 104 30 94 
	 168 101 30 62 
	 169 110 30 32 
	 170 104 31 159 
	 171 101 31 95 
	 172 109 31 63 
	 173 101 31 32 
	 174 101 32 160 
	 175 100 32 96 
	 176 104 32 64 
	 177 102 33 161 
	 178 101 33 97 
	 179 108 33 49 
	 180 105 33 41 
	 181 103 33 37 
	 182 104 33 35 
	 183 108 33 34 
	 184 110 34 162 
	 185 107 34 98 
	 186 102 34 50 
	 187 107 34 42 
	 188 109 34 38 
	 189 102 34 36 
	 190 109 35 163 
	 191 105 35 99 
	 192 105 35 51 
	 193 106 35 43 
	 194 108 35 39 
	 195 108 35 36 
	 196 105 36 164 
	 197 110 36 100 
	 198 106 36 52 
	 199 104 36 44 
	 200 109 36 40 
	 201 107 37 165 
	 202 107 37 101 
	 203 110 37 53 
	 204 110 37 45 
	 205 109 37 39 
	 206 103 37 38 
	 207 105 38 166 
	 208 105 38 102 
	 209 101 38 54 
	 210 104 38 46 
	 211 106 38 40 
	 212 109 39 167 
	 213 104 39 103 
	 214 108 39 55 
	 215 109 39 47 
	 216 107 39 40 
	 217 108 40 168 
	 218 107 40 104 
	 219 108 40 56 
	 220 100 40 48 
	 221 109 41 169 
	 222 105 41 105 
	 223 105 41 57 
	 224 100 41 45 
	 225 107 41 43 
	 226 105 41 42 
	 227 107 42 170 
	 228 107 42 106 
	 229 102 42 58 
	 230 110 42 46 
	 231 109 42 44 
	 232 109 43 171 
	 233 105 43 107 
	 234 101 43 59 
	 235 104 43 47 
	 236 110 43 44 
	 237 102 44 172 
	 238 104 44 108 
	 239 103 44 60 
	 240 105 44 48 
	 241 109 45 173 
	 242 104 45 109 
	 243 105 45 61 
	 244 108 45 47 
	 245 104 45 46 
	 246 102 46 174 
	 247 110 46 110 
	 248 101 46 62 
	 249 106 46 48 
	 250 106 47 175 
	 251 100 47 111 
	 252 100 47 63 
	 253 108 47 48 
	 254 108 48 176 
	 255 103 48 112 
	 256 104 48 64 
	 257 107 49 177 
	 258 107 49 113 
	 259 102 49 57 
	 260 109 49 53 
	 261 107 49 51 
	 262 109 49 50 
	 263 101 50 178 
	 264 100 50 114 
	 265 108 50 58 
	 266 106 50 54 
	 267 102 50 52 
	 268 102 51 179 
	 269 100 51 115 
	 270 104 51 59 
	 271 110 51 55 
	 272 110 51 52 
	 273 104 52 180 
	 274 102 52 116 
	 275 107 52 60 
	 276 103 52 56 
	 277 108 53 181 
	 278 108 53 117 
	 279 104 53 61 
	 280 103 53 55 
	 281 102 53 54 
	 282 100 54 182 
	 283 102 54 118 
	 284 110 54 62 
	 285 102 54 56 
	 286 109 55 183 
	 287 101 55 119 
	 288 104 55 63 
	 289 106 55 56 
	 290 101 56 184 
	 291 109 56 120 
	 292 101 56 64 
	 293 110 57 185 
	 294 102 57 121 
	 295 102 57 61 
	 296 101 57 59 
	 297 102 57 58 
	 298 106 58 186 
	 299 107 58 122 
	 300 108 58 62 
	 301 107 58 60 
	 302 108 59 187 
	 303 107 59 123 
	 304 106 59 63 
	 305 100 59 60 
	 306 106 60 188 
	 307 102 60 124 
	 308 103 60 64 
	 309 107 61 189 
	 310 101 61 125 
	 311 108 61 63 
	 312 105 61 62 
	 313 106 62 190 
	 314 106 62 126 
	 315 103 62 64 
	 316 107 63 191 
	 317 101 63 127 
	 318 101 63 64 
	 319 105 64 192 
	 320 109 64 128 
	 321 108 65 193 
	 322 106 65 97 
	 323 108 65 81 
	 324 103 65 73 
	 325 101 65 69 
	 326 105 65 67 
	 327 103 65 66 
	 328 106 66 194 
	 329 105 66 98 
	 330 104 66 82 
	 331 102 66 74 
	 332 104 66 70 
	 333 104 66 68 
	 334 104 67 195 
	 335 105 67 99 
	 336 104 67 83 
	 337 103 67 75 
	 338 100 67 71 
	 339 104 67 68 
	 340 102 68 196 
	 341 107 68 100 
	 342 107 68 84 
	 343 105 68 76 
	 344 108 68 72 
	 345 107 69 197 
	 346 110 69 101 
	 347 105 69 85 
	 348 110 69 77 
	 349 103 69 71 
	 350 105 69 70 
	 351 105 70 198 
	 352 107 70 102 
	 353 104 70 86 
	 354 106 70 78 
	 355 110 70 72 
	 356 101 71 199 
	 357 107 71 103 
	 358 103 71 87 
	 359 105 71 79 
	 360 105 71 72 
	 361 109 72 200 
	 362 100 72 104 
	 363 103 72 88 
	 364 107 72 80 
	 365 106 73 201 
	 366 110 73 105 
	 367 102 73 89 
	 368 110 73 77 
	 369 102 73 75 
	 370 109 73 74 
	 371 107 74 202 
	 372 105 74 106 
	 373 108 74 90 
	 374 100 74 78 
	 375 101 74 76 
	 376 107 75 203 
	 377 107 75 107 
	 378 104 75 91 
	 379 106 75 79 
	 380 108 75 76 
	 381 110 76 204 
	 382 107 76 108 
	 383 103 76 92 
	 384 108 76 80 
	 385 101 77 205 
	 386 100 77 109 
	 387 105 77 93 
	 388 100 77 79 
	 389 101 77 78 
	 390 109 78 206 
	 391 108 78 110 
	 392 108 78 94 
	 393 104 78 80 
	 394 100 79 207 
	 395 106 79 111 
	 396 105 79 95 
	 397 100 79 80 
	 398 105 80 208 
	 399 104 80 112 
	 400 102 80 96 
	 401 104 81 209 
	 402 106 81 113 
	 403 107 81 89 
	 404 107 81 85 
	 405 105 81 83 
	 406 103 81 82 
	 407 108 82 210 
	 408 104 82 114 
	 409 107 82 90 
	 410 103 82 86 
	 411 100 82 84 
	 412 101 83 211 
	 413 105 83 115 
	 414 108 83 91 
	 415 102 83 87 
	 416 100 83 84 
	 417 100 84 212 
	 418 101 84 116 
	 419 107 84 92 
	 420 103 84 88 
	 421 100 85 213 
	 422 105 85 117 
	 423 105 85 93 
	 424 105 85 87 
	 425 104 85 86 
	 426 101 86 214 
	 427 103 86 118 
	 428 109 86 94 
	 429 107 86 88 
	 430 106 87 215 
	 431 107 87 119 
	 432 103 87 95 
	 433 100 87 88 
	 434 110 88 216 
	 435 105 88 120 
	 436 100 88 96 
	 437 109 89 217 
	 438 100 89 121 
	 439 104 89 93 
	 440 105 89 91 
	 441 106 89 90 
	 442 108 90 218 
	 443 107 90 122 
	 444 105 90 94 
	 445 100 90 92 
	 446 101 91 219 
	 447 110 91 123 
	 448 102 91 95 
	 449 103 91 92 
	 450 106 92 220 
	 451 106 92 124 
	 452 101 92 96 
	 453 106 93 221 
	 454 110 93 125 
	 455 103 93 95 
	 456 109 93 94 
	 457 110 94 222 
	 458 102 94 126 
	 459 102 94 96 
	 460 104 95 223 
	 461 108 95 127 
	 462 109 95 96 
	 463 102 96 224 
	 464 108 96 128 
	 465 107 97 225 
	 466 104 97 113 
	 467 102 97 105 
	 468 107 97 101 
	 469 101 97 99 
	 470 102 97 98 
	 471 101 98 226 
	 472 106 98 114 
	 473 100 98 106 
	 474 101 98 102 
	 475 106 98 100 
	 476 104 99 227 
	 477 100 99 115 
	 478 107 99 107 
	 479 104 99 103 
	 480 109 99 100 
	 481 101 100 228 
	 482 110 100 116 
	 483 100 100 108 
	 484 100 100 104 
	 485 105 101 229 
	 486 108 101 117 
	 487 110 101 109 
	 488 102 101 103 
	 489 103 101 102 
	 490 108 102 230 
	 491 105 102 118 
	 492 108 102 110 
	 493 107 102 104 
	 494 107 103 231 
	 495 108 103 119 
	 496 100 103 111 
	 497 102 103 104 
	 498 102 104 232 
	 499 106 104 120 
	 500 107 104 112 
	 501 106 105 233 
	 502 104 105 121 
	 503 102 105 109 
	 504 102 105 107 
	 505 107 105 106 
	 506 101 106 234 
	 507 108 106 122 
	 508 101 106 110 
	 509 100 106 108 
	 510 107 107 235 
	 511 101 107 123 
	 512 110 107 111 
	 513 105 107 108 
	 514 106 108 236 
	 515 110 108 124 
	 516 100 108 112 
	 517 106 109 237 
	 518 107 109 125 
	 519 105 109 111 
	 520 100 109 110 
	 521 104 110 238 
	 522 105 110 126 
	 523 108 110 112 
	 524 100 111 239 
	 525 104 111 127 
	 526 110 111 112 
	 527 105 112 240 
	 528 103 112 128 
	 529 104 113 241 
	 530 108 113 121 
	 531 102 113 117 
	 532 101 113 115 
	 533 104 113 114 
	 534 110 114 242 
	 535 110 114 122 
	 536 102 114 118 
	 537 100 114 116 
	 538 101 115 243 
	 539 105 115 123 
	 540 101 115 119 
	 541 105 115 116 
	 542 101 116 244 
	 543 109 116 124 
	 544 104 116 120 
	 545 104 117 245 
	 546 103 117 125 
	 547 107 117 119 
	 548 106 117 118 
	 549 109 118 246 
	 550 108 118 126 
	 551 109 118 120 
	 552 107 119 247 
	 553 104 119 127 
	 554 110 119 120 
	 555 106 120 248 
	 556 103 120 128 
	 557 105 121 249 
	 558 105 121 125 
	 559 104 121 123 
	 560 102 121 122 
	 561 100 122 250 
	 562 104 122 126 
	 563 105 122 124 
	 564 103 123 251 
	 565 101 123 127 
	 566 102 123 124 
	 567 108 124 252 
	 568 105 124 128 
	 569 107 125 253 
	 570 109 125 127 
	 571 102 125 126 
	 572 107 126 254 
	 573 102 126 128 
	 574 104 127 255 
	 575 100 127 128 
	 576 105 128 256 
	 577 102 129 193 
	 578 108 129 161 
	 579 105 129 145 
	 580 100 129 137 
	 581 102 129 133 
	 582 107 129 131 
	 583 104 129 130 
	 584 102 130 194 
	 585 110 130 162 
	 586 101 130 146 
	 587 108 130 138 
	 588 110 130 134 
	 589 101 130 132 
	 590 106 131 195 
	 591 100 131 163 
	 592 103 131 147 
	 593 103 131 139 
	 594 105 131 135 
	 595 109 131 132 
	 596 109 132 196 
	 597 107 132 164 
	 598 103 132 148 
	 599 108 132 140 
	 600 106 132 136 
	 601 100 133 197 
	 602 100 133 165 
	 603 101 133 149 
	 604 108 133 141 
	 605 100 133 135 
	 606 105 133 134 
	 607 110 134 198 
	 608 102 134 166 
	 609 102 134 150 
	 610 100 134 142 
	 611 107 134 136 
	 612 107 135 199 
	 613 105 135 167 
	 614 102 135 151 
	 615 107 135 143 
	 616 104 135 136 
	 617 102 136 200 
	 618 102 136 168 
	 619 104 136 152 
	 620 105 136 144 
	 621 109 137 201 
	 622 110 137 169 
	 623 104 137 153 
	 624 100 137 141 
	 625 105 137 139 
	 626 100 137 138 
	 627 108 138 202 
	 628 106 138 170 
	 629 109 138 154 
	 630 103 138 142 
	 631 102 138 140 
	 632 105 139 203 
	 633 104 139 171 
	 634 104 139 155 
	 635 110 139 143 
	 636 110 139 140 
	 637 109 140 204 
	 638 109 140 172 
	 639 103 140 156 
	 640 101 140 144 
	 641 110 141 205 
	 642 107 141 173 
	 643 105 141 157 
	 644 110 141 143 
	 645 107 141 142 
	 646 108 142 206 
	 647 105 142 174 
	 648 106 142 158 
	 649 101 142 144 
	 650 110 143 207 
	 651 109 143 175 
	 652 101 143 159 
	 653 100 143 144 
	 654 103 144 208 
	 655 101 144 176 
	 656 101 144 160 
	 657 105 145 209 
	 658 100 145 177 
	 659 106 145 153 
	 660 109 145 149 
	 661 105 145 147 
	 662 107 145 146 
	 663 108 146 210 
	 664 107 146 178 
	 665 100 146 154 
	 666 102 146 150 
	 667 107 146 148 
	 668 103 147 211 
	 669 100 147 179 
	 670 101 147 155 
	 671 110 147 151 
	 672 102 147 148 
	 673 104 148 212 
	 674 106 148 180 
	 675 101 148 156 
	 676 100 148 152 
	 677 107 149 213 
	 678 108 149 181 
	 679 107 149 157 
	 680 100 149 151 
	 681 106 149 150 
	 682 110 150 214 
	 683 110 150 182 
	 684 104 150 158 
	 685 105 150 152 
	 686 109 151 215 
	 687 110 151 183 
	 688 106 151 159 
	 689 107 151 152 
	 690 105 152 216 
	 691 105 152 184 
	 692 101 152 160 
	 693 110 153 217 
	 694 106 153 185 
	 695 103 153 157 
	 696 105 153 155 
	 697 107 153 154 
	 698 107 154 218 
	 699 101 154 186 
	 700 106 154 158 
	 701 106 154 156 
	 702 107 155 219 
	 703 105 155 187 
	 704 106 155 159 
	 705 106 155 156 
	 706 104 156 220 
	 707 101 156 188 
	 708 105 156 160 
	 709 108 157 221 
	 710 100 157 189 
	 711 100 157 159 
	 712 105 157 158 
	 713 103 158 222 
	 714 100 158 190 
	 715 102 158 160 
	 716 101 159 223 
	 717 104 159 191 
	 718 106 159 160 
	 719 106 160 224 
	 720 106 160 192 
	 721 110 161 225 
	 722 108 161 177 
	 723 105 161 169 
	 724 105 161 165 
	 725 107 161 163 
	 726 107 161 162 
	 727 104 162 226 
	 728 105 162 178 
	 729 105 162 170 
	 730 107 162 166 
	 731 105 162 164 
	 732 103 163 227 
	 733 106 163 179 
	 734 103 163 171 
	 735 107 163 167 
	 736 105 163 164 
	 737 110 164 228 
	 738 102 164 180 
	 739 104 164 172 
	 740 106 164 168 
	 741 108 165 229 
	 742 110 165 181 
	 743 107 165 173 
	 744 109 165 167 
	 745 105 165 166 
	 746 102 166 230 
	 747 101 166 182 
	 748 109 166 174 
	 749 102 166 168 
	 750 107 167 231 
	 751 100 167 183 
	 752 110 167 175 
	 753 103 167 168 
	 754 109 168 232 
	 755 103 168 184 
	 756 110 168 176 
	 757 105 169 233 
	 758 101 169 185 
	 759 104 169 173 
	 760 107 169 171 
	 761 104 169 170 
	 762 101 170 234 
	 763 108 170 186 
	 764 101 170 174 
	 765 104 170 172 
	 766 103 171 235 
	 767 103 171 187 
	 768 108 171 175 
	 769 103 171 172 
	 770 103 172 236 
	 771 100 172 188 
	 772 106 172 176 
	 773 105 173 237 
	 774 102 173 189 
	 775 101 173 175 
	 776 110 173 174 
	 777 109 174 238 
	 778 105 174 190 
	 779 104 174 176 
	 780 108 175 239 
	 781 101 175 191 
	 782 101 175 176 
	 783 100 176 240 
	 784 101 176 192 
	 785 105 177 241 
	 786 104 177 185 
	 787 109 177 181 
	 788 104 177 179 
	 789 104 177 178 
	 790 107 178 242 
	 791 103 178 186 
	 792 100 178 182 
	 793 108 178 180 
	 794 109 179 243 
	 795 110 179 187 
	 796 109 179 183 
	 797 108 179 180 
	 798 101 180 244 
	 799 106 180 188 
	 800 100 180 184 
	 801 108 181 245 
	 802 105 181 189 
	 803 109 181 183 
	 804 103 181 182 
	 805 109 182 246 
	 806 106 182 190 
	 807 104 182 184 
	 808 108 183 247 
	 809 105 183 191 
	 810 110 183 184 
	 811 104 184 248 
	 812 106 184 192 
	 813 108 185 249 
	 814 109 185 189 
	 815 103 185 187 
	 816 102 185 186 
	 817 108 186 250 
	 818 107 186 190 
	 819 109 186 188 
	 820 100 187 251 
	 821 107 187 191 
	 822 109 187 188 
	 823 103 188 252 
	 824 100 188 192 
	 825 101 189 253 
	 826 104 189 191 
	 827 101 189 190 
	 828 107 190 254 
	 829 106 190 192 
	 830 108 191 255 
	 831 109 191 192 
	 832 108 192 256 
	 833 106 193 225 
	 834 109 193 209 
	 835 109 193 201 
	 836 105 193 197 
	 837 101 193 195 
	 838 104 193 194 
	 839 104 194 226 
	 840 107 194 210 
	 841 101 194 202 
	 842 100 194 198 
	 843 101 194 196 
	 844 105 195 227 
	 845 107 195 211 
	 846 102 195 203 
	 847 104 195 199 
	 848 110 195 196 
	 849 106 196 228 
	 850 107 196 212 
	 851 109 196 204 
	 852 103 196 200 
	 853 109 197 229 
	 854 108 197 213 
	 855 104 197 205 
	 856 100 197 199 
	 857 105 197 198 
	 858 105 198 230 
	 859 104 198 214 
	 860 105 198 206 
	 861 108 198 200 
	 862 110 199 231 
	 863 103 199 215 
	 864 101 199 207 
	 865 101 199 200 
	 866 100 200 232 
	 867 110 200 216 
	 868 104 200 208 
	 869 102 201 233 
	 870 110 201 217 
	 871 109 201 205 
	 872 102 201 203 
	 873 101 201 202 
	 874 102 202 234 
	 875 103 202 218 
	 876 106 202 206 
	 877 104 202 204 
	 878 106 203 235 
	 879 104 203 219 
	 880 104 203 207 
	 881 104 203 204 
	 882 106 204 236 
	 883 104 204 220 
	 884 101 204 208 
	 885 107 205 237 
	 886 110 205 221 
	 887 107 205 207 
	 888 104 205 206 
	 889 109 206 238 
	 890 109 206 222 
	 891 108 206 208 
	 892 104 207 239 
	 893 100 207 223 
	 894 105 207 208 
	 895 107 208 240 
	 896 107 208 224 
	 897 107 209 241 
	 898 108 209 217 
	 899 104 209 213 
	 900 103 209 211 
	 901 104 209 210 
	 902 103 210 242 
	 903 107 210 218 
	 904 101 210 214 
	 905 103 210 212 
	 906 107 211 243 
	 907 109 211 219 
	 908 103 211 215 
	 909 101 211 212 
	 910 106 212 244 
	 911 100 212 220 
	 912 110 212 216 
	 913 104 213 245 
	 914 105 213 221 
	 915 103 213 215 
	 916 102 213 214 
	 917 103 214 246 
	 918 109 214 222 
	 919 101 214 216 
	 920 106 215 247 
	 921 100 215 223 
	 922 105 215 216 
	 923 104 216 248 
	 924 101 216 224 
	 925 108 217 249 
	 926 107 217 221 
	 927 100 217 219 
	 928 108 217 218 
	 929 106 218 250 
	 930 103 218 222 
	 931 104 218 220 
	 932 103 219 251 
	 933 105 219 223 
	 934 107 219 220 
	 935 109 220 252 
	 936 102 220 224 
	 937 105 221 253 
	 938 104 221 223 
	 939 100 221 222 
	 940 100 222 254 
	 941 102 222 224 
	 942 106 223 255 
	 943 109 223 224 
	 944 104 224 256 
	 945 109 225 241 
	 946 103 225 233 
	 947 101 225 229 
	 948 103 225 227 
	 949 110 225 226 
	 950 106 226 242 
	 951 104 226 234 
	 952 105 226 230 
	 953 106 226 228 
	 954 110 227 243 
	 955 104 227 235 
	 956 100 227 231 
	 957 104 227 228 
	 958 106 228 244 
	 959 108 228 236 
	 960 109 228 232 
	 961 101 229 245 
	 962 101 229 237 
	 963 107 229 231 
	 964 109 229 230 
	 965 106 230 246 
	 966 107 230 238 
	 967 110 230 232 
	 968 100 231 247 
	 969 110 231 239 
	 970 102 231 232 
	 971 110 232 248 
	 972 105 232 240 
	 973 103 233 249 
	 974 107 233 237 
	 975 106 233 235 
	 976 109 233 234 
	 977 109 234 250 
	 978 107 234 238 
	 979 108 234 236 
	 980 107 235 251 
	 981 103 235 239 
	 982 105 235 236 
	 983 107 236 252 
	 984 103 236 240 
	 985 109 237 253 
	 986 104 237 239 
	 987 110 237 238 
	 988 103 238 254 
	 989 110 238 240 
	 990 101 239 255 
	 991 104 239 240 
	 992 109 240 256 
	 993 110 241 249 
	 994 103 241 245 
	 995 105 241 243 
	 996 105 241 242 
	 997 108 242 250 
	 998 110 242 246 
	 999 107 242 244 
	 1000 102 243 251 
	 1001 110 243 247 
	 1002 106 243 244 
	 1003 101 244 252 
	 1004 102 244 248 
	 1005 109 245 253 
	 1006 102 245 247 
	 1007 101 245 246 
	 1008 109 246 254 
	 1009 106 246 248 
	 1010 106 247 255 
	 1011 109 247 248 
	 1012 107 248 256 
	 1013 104 249 253 
	 1014 109 249 251 
	 1015 107 249 250 
	 1016 101 250 254 
	 1017 100 250 252 
	 1018 107 251 255 
	 1019 106 251 252 
	 1020 105 252 256 
	 1021 106 253 255 
	 1022 100 253 254 
	 1023 103 254 256 
	 1024 109 255 256 
