256 1024
	 1 2 
	 2 0 
	 3 0 
	 4 2 
	 5 0 
	 6 2 
	 7 2 
	 8 0 
	 9 0 
	 10 1 
	 11 2 
	 12 0 
	 13 2 
	 14 0 
	 15 0 
	 16 2 
	 17 0 
	 18 2 
	 19 1 
	 20 0 
	 21 2 
	 22 0 
	 23 0 
	 24 2 
	 25 1 
	 26 0 
	 27 0 
	 28 1 
	 29 0 
	 30 2 
	 31 1 
	 32 0 
	 33 0 
	 34 1 
	 35 1 
	 36 0 
	 37 1 
	 38 0 
	 39 0 
	 40 2 
	 41 1 
	 42 0 
	 43 0 
	 44 1 
	 45 0 
	 46 1 
	 47 2 
	 48 0 
	 49 1 
	 50 0 
	 51 0 
	 52 2 
	 53 0 
	 54 2 
	 55 2 
	 56 0 
	 57 0 
	 58 1 
	 59 2 
	 60 0 
	 61 2 
	 62 0 
	 63 0 
	 64 2 
	 65 0 
	 66 2 
	 67 1 
	 68 0 
	 69 1 
	 70 0 
	 71 0 
	 72 1 
	 73 2 
	 74 0 
	 75 0 
	 76 2 
	 77 0 
	 78 2 
	 79 2 
	 80 0 
	 81 2 
	 82 0 
	 83 0 
	 84 2 
	 85 0 
	 86 2 
	 87 2 
	 88 0 
	 89 0 
	 90 2 
	 91 1 
	 92 0 
	 93 1 
	 94 0 
	 95 0 
	 96 2 
	 97 2 
	 98 0 
	 99 0 
	 100 1 
	 101 0 
	 102 1 
	 103 1 
	 104 0 
	 105 0 
	 106 1 
	 107 1 
	 108 0 
	 109 1 
	 110 0 
	 111 0 
	 112 1 
	 113 0 
	 114 2 
	 115 1 
	 116 0 
	 117 2 
	 118 0 
	 119 0 
	 120 2 
	 121 1 
	 122 0 
	 123 0 
	 124 2 
	 125 0 
	 126 2 
	 127 1 
	 128 0 
	 129 0 
	 130 1 
	 131 1 
	 132 0 
	 133 2 
	 134 0 
	 135 0 
	 136 2 
	 137 2 
	 138 0 
	 139 0 
	 140 2 
	 141 0 
	 142 1 
	 143 2 
	 144 0 
	 145 2 
	 146 0 
	 147 0 
	 148 2 
	 149 0 
	 150 1 
	 151 1 
	 152 0 
	 153 0 
	 154 1 
	 155 1 
	 156 0 
	 157 1 
	 158 0 
	 159 0 
	 160 2 
	 161 1 
	 162 0 
	 163 0 
	 164 1 
	 165 0 
	 166 1 
	 167 1 
	 168 0 
	 169 0 
	 170 2 
	 171 1 
	 172 0 
	 173 1 
	 174 0 
	 175 0 
	 176 2 
	 177 0 
	 178 2 
	 179 1 
	 180 0 
	 181 2 
	 182 0 
	 183 0 
	 184 2 
	 185 1 
	 186 0 
	 187 0 
	 188 1 
	 189 0 
	 190 2 
	 191 1 
	 192 0 
	 193 1 
	 194 0 
	 195 0 
	 196 1 
	 197 0 
	 198 1 
	 199 1 
	 200 0 
	 201 0 
	 202 1 
	 203 2 
	 204 0 
	 205 2 
	 206 0 
	 207 0 
	 208 2 
	 209 0 
	 210 1 
	 211 2 
	 212 0 
	 213 1 
	 214 0 
	 215 0 
	 216 2 
	 217 2 
	 218 0 
	 219 0 
	 220 2 
	 221 0 
	 222 2 
	 223 1 
	 224 0 
	 225 0 
	 226 2 
	 227 1 
	 228 0 
	 229 2 
	 230 0 
	 231 0 
	 232 2 
	 233 1 
	 234 0 
	 235 0 
	 236 1 
	 237 0 
	 238 2 
	 239 2 
	 240 0 
	 241 2 
	 242 0 
	 243 0 
	 244 1 
	 245 0 
	 246 2 
	 247 1 
	 248 0 
	 249 0 
	 250 1 
	 251 2 
	 252 0 
	 253 1 
	 254 0 
	 255 0 
	 256 2 
	 1 1 1 129 
	 2 1 1 65 
	 3 1 1 33 
	 4 1 1 17 
	 5 1 1 9 
	 6 1 1 5 
	 7 1 1 3 
	 8 1 1 2 
	 9 1 2 130 
	 10 1 2 66 
	 11 1 2 34 
	 12 1 2 18 
	 13 1 2 10 
	 14 1 2 6 
	 15 1 2 4 
	 16 1 3 131 
	 17 1 3 67 
	 18 1 3 35 
	 19 1 3 19 
	 20 1 3 11 
	 21 1 3 7 
	 22 1 3 4 
	 23 1 4 132 
	 24 1 4 68 
	 25 1 4 36 
	 26 1 4 20 
	 27 1 4 12 
	 28 1 4 8 
	 29 1 5 133 
	 30 1 5 69 
	 31 1 5 37 
	 32 1 5 21 
	 33 1 5 13 
	 34 1 5 7 
	 35 1 5 6 
	 36 1 6 134 
	 37 1 6 70 
	 38 1 6 38 
	 39 1 6 22 
	 40 1 6 14 
	 41 1 6 8 
	 42 1 7 135 
	 43 1 7 71 
	 44 1 7 39 
	 45 1 7 23 
	 46 1 7 15 
	 47 1 7 8 
	 48 1 8 136 
	 49 1 8 72 
	 50 1 8 40 
	 51 1 8 24 
	 52 1 8 16 
	 53 1 9 137 
	 54 1 9 73 
	 55 1 9 41 
	 56 1 9 25 
	 57 1 9 13 
	 58 1 9 11 
	 59 1 9 10 
	 60 1 10 138 
	 61 1 10 74 
	 62 1 10 42 
	 63 1 10 26 
	 64 1 10 14 
	 65 1 10 12 
	 66 1 11 139 
	 67 1 11 75 
	 68 1 11 43 
	 69 1 11 27 
	 70 1 11 15 
	 71 1 11 12 
	 72 1 12 140 
	 73 1 12 76 
	 74 1 12 44 
	 75 1 12 28 
	 76 1 12 16 
	 77 1 13 141 
	 78 1 13 77 
	 79 1 13 45 
	 80 1 13 29 
	 81 1 13 15 
	 82 1 13 14 
	 83 1 14 142 
	 84 1 14 78 
	 85 1 14 46 
	 86 1 14 30 
	 87 1 14 16 
	 88 1 15 143 
	 89 1 15 79 
	 90 1 15 47 
	 91 1 15 31 
	 92 1 15 16 
	 93 1 16 144 
	 94 1 16 80 
	 95 1 16 48 
	 96 1 16 32 
	 97 1 17 145 
	 98 1 17 81 
	 99 1 17 49 
	 100 1 17 25 
	 101 1 17 21 
	 102 1 17 19 
	 103 1 17 18 
	 104 1 18 146 
	 105 1 18 82 
	 106 1 18 50 
	 107 1 18 26 
	 108 1 18 22 
	 109 1 18 20 
	 110 1 19 147 
	 111 1 19 83 
	 112 1 19 51 
	 113 1 19 27 
	 114 1 19 23 
	 115 1 19 20 
	 116 1 20 148 
	 117 1 20 84 
	 118 1 20 52 
	 119 1 20 28 
	 120 1 20 24 
	 121 1 21 149 
	 122 1 21 85 
	 123 1 21 53 
	 124 1 21 29 
	 125 1 21 23 
	 126 1 21 22 
	 127 1 22 150 
	 128 1 22 86 
	 129 1 22 54 
	 130 1 22 30 
	 131 1 22 24 
	 132 1 23 151 
	 133 1 23 87 
	 134 1 23 55 
	 135 1 23 31 
	 136 1 23 24 
	 137 1 24 152 
	 138 1 24 88 
	 139 1 24 56 
	 140 1 24 32 
	 141 1 25 153 
	 142 1 25 89 
	 143 1 25 57 
	 144 1 25 29 
	 145 1 25 27 
	 146 1 25 26 
	 147 1 26 154 
	 148 1 26 90 
	 149 1 26 58 
	 150 1 26 30 
	 151 1 26 28 
	 152 1 27 155 
	 153 1 27 91 
	 154 1 27 59 
	 155 1 27 31 
	 156 1 27 28 
	 157 1 28 156 
	 158 1 28 92 
	 159 1 28 60 
	 160 1 28 32 
	 161 1 29 157 
	 162 1 29 93 
	 163 1 29 61 
	 164 1 29 31 
	 165 1 29 30 
	 166 1 30 158 
	 167 1 30 94 
	 168 1 30 62 
	 169 1 30 32 
	 170 1 31 159 
	 171 1 31 95 
	 172 1 31 63 
	 173 1 31 32 
	 174 1 32 160 
	 175 1 32 96 
	 176 1 32 64 
	 177 1 33 161 
	 178 1 33 97 
	 179 1 33 49 
	 180 1 33 41 
	 181 1 33 37 
	 182 1 33 35 
	 183 1 33 34 
	 184 1 34 162 
	 185 1 34 98 
	 186 1 34 50 
	 187 1 34 42 
	 188 1 34 38 
	 189 1 34 36 
	 190 1 35 163 
	 191 1 35 99 
	 192 1 35 51 
	 193 1 35 43 
	 194 1 35 39 
	 195 1 35 36 
	 196 1 36 164 
	 197 1 36 100 
	 198 1 36 52 
	 199 1 36 44 
	 200 1 36 40 
	 201 1 37 165 
	 202 1 37 101 
	 203 1 37 53 
	 204 1 37 45 
	 205 1 37 39 
	 206 1 37 38 
	 207 1 38 166 
	 208 1 38 102 
	 209 1 38 54 
	 210 1 38 46 
	 211 1 38 40 
	 212 1 39 167 
	 213 1 39 103 
	 214 1 39 55 
	 215 1 39 47 
	 216 1 39 40 
	 217 1 40 168 
	 218 1 40 104 
	 219 1 40 56 
	 220 1 40 48 
	 221 1 41 169 
	 222 1 41 105 
	 223 1 41 57 
	 224 1 41 45 
	 225 1 41 43 
	 226 1 41 42 
	 227 1 42 170 
	 228 1 42 106 
	 229 1 42 58 
	 230 1 42 46 
	 231 1 42 44 
	 232 1 43 171 
	 233 1 43 107 
	 234 1 43 59 
	 235 1 43 47 
	 236 1 43 44 
	 237 1 44 172 
	 238 1 44 108 
	 239 1 44 60 
	 240 1 44 48 
	 241 1 45 173 
	 242 1 45 109 
	 243 1 45 61 
	 244 1 45 47 
	 245 1 45 46 
	 246 1 46 174 
	 247 1 46 110 
	 248 1 46 62 
	 249 1 46 48 
	 250 1 47 175 
	 251 1 47 111 
	 252 1 47 63 
	 253 1 47 48 
	 254 1 48 176 
	 255 1 48 112 
	 256 1 48 64 
	 257 1 49 177 
	 258 1 49 113 
	 259 1 49 57 
	 260 1 49 53 
	 261 1 49 51 
	 262 1 49 50 
	 263 1 50 178 
	 264 1 50 114 
	 265 1 50 58 
	 266 1 50 54 
	 267 1 50 52 
	 268 1 51 179 
	 269 1 51 115 
	 270 1 51 59 
	 271 1 51 55 
	 272 1 51 52 
	 273 1 52 180 
	 274 1 52 116 
	 275 1 52 60 
	 276 1 52 56 
	 277 1 53 181 
	 278 1 53 117 
	 279 1 53 61 
	 280 1 53 55 
	 281 1 53 54 
	 282 1 54 182 
	 283 1 54 118 
	 284 1 54 62 
	 285 1 54 56 
	 286 1 55 183 
	 287 1 55 119 
	 288 1 55 63 
	 289 1 55 56 
	 290 1 56 184 
	 291 1 56 120 
	 292 1 56 64 
	 293 1 57 185 
	 294 1 57 121 
	 295 1 57 61 
	 296 1 57 59 
	 297 1 57 58 
	 298 1 58 186 
	 299 1 58 122 
	 300 1 58 62 
	 301 1 58 60 
	 302 1 59 187 
	 303 1 59 123 
	 304 1 59 63 
	 305 1 59 60 
	 306 1 60 188 
	 307 1 60 124 
	 308 1 60 64 
	 309 1 61 189 
	 310 1 61 125 
	 311 1 61 63 
	 312 1 61 62 
	 313 1 62 190 
	 314 1 62 126 
	 315 1 62 64 
	 316 1 63 191 
	 317 1 63 127 
	 318 1 63 64 
	 319 1 64 192 
	 320 1 64 128 
	 321 1 65 193 
	 322 1 65 97 
	 323 1 65 81 
	 324 1 65 73 
	 325 1 65 69 
	 326 1 65 67 
	 327 1 65 66 
	 328 1 66 194 
	 329 1 66 98 
	 330 1 66 82 
	 331 1 66 74 
	 332 1 66 70 
	 333 1 66 68 
	 334 1 67 195 
	 335 1 67 99 
	 336 1 67 83 
	 337 1 67 75 
	 338 1 67 71 
	 339 1 67 68 
	 340 1 68 196 
	 341 1 68 100 
	 342 1 68 84 
	 343 1 68 76 
	 344 1 68 72 
	 345 1 69 197 
	 346 1 69 101 
	 347 1 69 85 
	 348 1 69 77 
	 349 1 69 71 
	 350 1 69 70 
	 351 1 70 198 
	 352 1 70 102 
	 353 1 70 86 
	 354 1 70 78 
	 355 1 70 72 
	 356 1 71 199 
	 357 1 71 103 
	 358 1 71 87 
	 359 1 71 79 
	 360 1 71 72 
	 361 1 72 200 
	 362 1 72 104 
	 363 1 72 88 
	 364 1 72 80 
	 365 1 73 201 
	 366 1 73 105 
	 367 1 73 89 
	 368 1 73 77 
	 369 1 73 75 
	 370 1 73 74 
	 371 1 74 202 
	 372 1 74 106 
	 373 1 74 90 
	 374 1 74 78 
	 375 1 74 76 
	 376 1 75 203 
	 377 1 75 107 
	 378 1 75 91 
	 379 1 75 79 
	 380 1 75 76 
	 381 1 76 204 
	 382 1 76 108 
	 383 1 76 92 
	 384 1 76 80 
	 385 1 77 205 
	 386 1 77 109 
	 387 1 77 93 
	 388 1 77 79 
	 389 1 77 78 
	 390 1 78 206 
	 391 1 78 110 
	 392 1 78 94 
	 393 1 78 80 
	 394 1 79 207 
	 395 1 79 111 
	 396 1 79 95 
	 397 1 79 80 
	 398 1 80 208 
	 399 1 80 112 
	 400 1 80 96 
	 401 1 81 209 
	 402 1 81 113 
	 403 1 81 89 
	 404 1 81 85 
	 405 1 81 83 
	 406 1 81 82 
	 407 1 82 210 
	 408 1 82 114 
	 409 1 82 90 
	 410 1 82 86 
	 411 1 82 84 
	 412 1 83 211 
	 413 1 83 115 
	 414 1 83 91 
	 415 1 83 87 
	 416 1 83 84 
	 417 1 84 212 
	 418 1 84 116 
	 419 1 84 92 
	 420 1 84 88 
	 421 1 85 213 
	 422 1 85 117 
	 423 1 85 93 
	 424 1 85 87 
	 425 1 85 86 
	 426 1 86 214 
	 427 1 86 118 
	 428 1 86 94 
	 429 1 86 88 
	 430 1 87 215 
	 431 1 87 119 
	 432 1 87 95 
	 433 1 87 88 
	 434 1 88 216 
	 435 1 88 120 
	 436 1 88 96 
	 437 1 89 217 
	 438 1 89 121 
	 439 1 89 93 
	 440 1 89 91 
	 441 1 89 90 
	 442 1 90 218 
	 443 1 90 122 
	 444 1 90 94 
	 445 1 90 92 
	 446 1 91 219 
	 447 1 91 123 
	 448 1 91 95 
	 449 1 91 92 
	 450 1 92 220 
	 451 1 92 124 
	 452 1 92 96 
	 453 1 93 221 
	 454 1 93 125 
	 455 1 93 95 
	 456 1 93 94 
	 457 1 94 222 
	 458 1 94 126 
	 459 1 94 96 
	 460 1 95 223 
	 461 1 95 127 
	 462 1 95 96 
	 463 1 96 224 
	 464 1 96 128 
	 465 1 97 225 
	 466 1 97 113 
	 467 1 97 105 
	 468 1 97 101 
	 469 1 97 99 
	 470 1 97 98 
	 471 1 98 226 
	 472 1 98 114 
	 473 1 98 106 
	 474 1 98 102 
	 475 1 98 100 
	 476 1 99 227 
	 477 1 99 115 
	 478 1 99 107 
	 479 1 99 103 
	 480 1 99 100 
	 481 1 100 228 
	 482 1 100 116 
	 483 1 100 108 
	 484 1 100 104 
	 485 1 101 229 
	 486 1 101 117 
	 487 1 101 109 
	 488 1 101 103 
	 489 1 101 102 
	 490 1 102 230 
	 491 1 102 118 
	 492 1 102 110 
	 493 1 102 104 
	 494 1 103 231 
	 495 1 103 119 
	 496 1 103 111 
	 497 1 103 104 
	 498 1 104 232 
	 499 1 104 120 
	 500 1 104 112 
	 501 1 105 233 
	 502 1 105 121 
	 503 1 105 109 
	 504 1 105 107 
	 505 1 105 106 
	 506 1 106 234 
	 507 1 106 122 
	 508 1 106 110 
	 509 1 106 108 
	 510 1 107 235 
	 511 1 107 123 
	 512 1 107 111 
	 513 1 107 108 
	 514 1 108 236 
	 515 1 108 124 
	 516 1 108 112 
	 517 1 109 237 
	 518 1 109 125 
	 519 1 109 111 
	 520 1 109 110 
	 521 1 110 238 
	 522 1 110 126 
	 523 1 110 112 
	 524 1 111 239 
	 525 1 111 127 
	 526 1 111 112 
	 527 1 112 240 
	 528 1 112 128 
	 529 1 113 241 
	 530 1 113 121 
	 531 1 113 117 
	 532 1 113 115 
	 533 1 113 114 
	 534 1 114 242 
	 535 1 114 122 
	 536 1 114 118 
	 537 1 114 116 
	 538 1 115 243 
	 539 1 115 123 
	 540 1 115 119 
	 541 1 115 116 
	 542 1 116 244 
	 543 1 116 124 
	 544 1 116 120 
	 545 1 117 245 
	 546 1 117 125 
	 547 1 117 119 
	 548 1 117 118 
	 549 1 118 246 
	 550 1 118 126 
	 551 1 118 120 
	 552 1 119 247 
	 553 1 119 127 
	 554 1 119 120 
	 555 1 120 248 
	 556 1 120 128 
	 557 1 121 249 
	 558 1 121 125 
	 559 1 121 123 
	 560 1 121 122 
	 561 1 122 250 
	 562 1 122 126 
	 563 1 122 124 
	 564 1 123 251 
	 565 1 123 127 
	 566 1 123 124 
	 567 1 124 252 
	 568 1 124 128 
	 569 1 125 253 
	 570 1 125 127 
	 571 1 125 126 
	 572 1 126 254 
	 573 1 126 128 
	 574 1 127 255 
	 575 1 127 128 
	 576 1 128 256 
	 577 1 129 193 
	 578 1 129 161 
	 579 1 129 145 
	 580 1 129 137 
	 581 1 129 133 
	 582 1 129 131 
	 583 1 129 130 
	 584 1 130 194 
	 585 1 130 162 
	 586 1 130 146 
	 587 1 130 138 
	 588 1 130 134 
	 589 1 130 132 
	 590 1 131 195 
	 591 1 131 163 
	 592 1 131 147 
	 593 1 131 139 
	 594 1 131 135 
	 595 1 131 132 
	 596 1 132 196 
	 597 1 132 164 
	 598 1 132 148 
	 599 1 132 140 
	 600 1 132 136 
	 601 1 133 197 
	 602 1 133 165 
	 603 1 133 149 
	 604 1 133 141 
	 605 1 133 135 
	 606 1 133 134 
	 607 1 134 198 
	 608 1 134 166 
	 609 1 134 150 
	 610 1 134 142 
	 611 1 134 136 
	 612 1 135 199 
	 613 1 135 167 
	 614 1 135 151 
	 615 1 135 143 
	 616 1 135 136 
	 617 1 136 200 
	 618 1 136 168 
	 619 1 136 152 
	 620 1 136 144 
	 621 1 137 201 
	 622 1 137 169 
	 623 1 137 153 
	 624 1 137 141 
	 625 1 137 139 
	 626 1 137 138 
	 627 1 138 202 
	 628 1 138 170 
	 629 1 138 154 
	 630 1 138 142 
	 631 1 138 140 
	 632 1 139 203 
	 633 1 139 171 
	 634 1 139 155 
	 635 1 139 143 
	 636 1 139 140 
	 637 1 140 204 
	 638 1 140 172 
	 639 1 140 156 
	 640 1 140 144 
	 641 1 141 205 
	 642 1 141 173 
	 643 1 141 157 
	 644 1 141 143 
	 645 1 141 142 
	 646 1 142 206 
	 647 1 142 174 
	 648 1 142 158 
	 649 1 142 144 
	 650 1 143 207 
	 651 1 143 175 
	 652 1 143 159 
	 653 1 143 144 
	 654 1 144 208 
	 655 1 144 176 
	 656 1 144 160 
	 657 1 145 209 
	 658 1 145 177 
	 659 1 145 153 
	 660 1 145 149 
	 661 1 145 147 
	 662 1 145 146 
	 663 1 146 210 
	 664 1 146 178 
	 665 1 146 154 
	 666 1 146 150 
	 667 1 146 148 
	 668 1 147 211 
	 669 1 147 179 
	 670 1 147 155 
	 671 1 147 151 
	 672 1 147 148 
	 673 1 148 212 
	 674 1 148 180 
	 675 1 148 156 
	 676 1 148 152 
	 677 1 149 213 
	 678 1 149 181 
	 679 1 149 157 
	 680 1 149 151 
	 681 1 149 150 
	 682 1 150 214 
	 683 1 150 182 
	 684 1 150 158 
	 685 1 150 152 
	 686 1 151 215 
	 687 1 151 183 
	 688 1 151 159 
	 689 1 151 152 
	 690 1 152 216 
	 691 1 152 184 
	 692 1 152 160 
	 693 1 153 217 
	 694 1 153 185 
	 695 1 153 157 
	 696 1 153 155 
	 697 1 153 154 
	 698 1 154 218 
	 699 1 154 186 
	 700 1 154 158 
	 701 1 154 156 
	 702 1 155 219 
	 703 1 155 187 
	 704 1 155 159 
	 705 1 155 156 
	 706 1 156 220 
	 707 1 156 188 
	 708 1 156 160 
	 709 1 157 221 
	 710 1 157 189 
	 711 1 157 159 
	 712 1 157 158 
	 713 1 158 222 
	 714 1 158 190 
	 715 1 158 160 
	 716 1 159 223 
	 717 1 159 191 
	 718 1 159 160 
	 719 1 160 224 
	 720 1 160 192 
	 721 1 161 225 
	 722 1 161 177 
	 723 1 161 169 
	 724 1 161 165 
	 725 1 161 163 
	 726 1 161 162 
	 727 1 162 226 
	 728 1 162 178 
	 729 1 162 170 
	 730 1 162 166 
	 731 1 162 164 
	 732 1 163 227 
	 733 1 163 179 
	 734 1 163 171 
	 735 1 163 167 
	 736 1 163 164 
	 737 1 164 228 
	 738 1 164 180 
	 739 1 164 172 
	 740 1 164 168 
	 741 1 165 229 
	 742 1 165 181 
	 743 1 165 173 
	 744 1 165 167 
	 745 1 165 166 
	 746 1 166 230 
	 747 1 166 182 
	 748 1 166 174 
	 749 1 166 168 
	 750 1 167 231 
	 751 1 167 183 
	 752 1 167 175 
	 753 1 167 168 
	 754 1 168 232 
	 755 1 168 184 
	 756 1 168 176 
	 757 1 169 233 
	 758 1 169 185 
	 759 1 169 173 
	 760 1 169 171 
	 761 1 169 170 
	 762 1 170 234 
	 763 1 170 186 
	 764 1 170 174 
	 765 1 170 172 
	 766 1 171 235 
	 767 1 171 187 
	 768 1 171 175 
	 769 1 171 172 
	 770 1 172 236 
	 771 1 172 188 
	 772 1 172 176 
	 773 1 173 237 
	 774 1 173 189 
	 775 1 173 175 
	 776 1 173 174 
	 777 1 174 238 
	 778 1 174 190 
	 779 1 174 176 
	 780 1 175 239 
	 781 1 175 191 
	 782 1 175 176 
	 783 1 176 240 
	 784 1 176 192 
	 785 1 177 241 
	 786 1 177 185 
	 787 1 177 181 
	 788 1 177 179 
	 789 1 177 178 
	 790 1 178 242 
	 791 1 178 186 
	 792 1 178 182 
	 793 1 178 180 
	 794 1 179 243 
	 795 1 179 187 
	 796 1 179 183 
	 797 1 179 180 
	 798 1 180 244 
	 799 1 180 188 
	 800 1 180 184 
	 801 1 181 245 
	 802 1 181 189 
	 803 1 181 183 
	 804 1 181 182 
	 805 1 182 246 
	 806 1 182 190 
	 807 1 182 184 
	 808 1 183 247 
	 809 1 183 191 
	 810 1 183 184 
	 811 1 184 248 
	 812 1 184 192 
	 813 1 185 249 
	 814 1 185 189 
	 815 1 185 187 
	 816 1 185 186 
	 817 1 186 250 
	 818 1 186 190 
	 819 1 186 188 
	 820 1 187 251 
	 821 1 187 191 
	 822 1 187 188 
	 823 1 188 252 
	 824 1 188 192 
	 825 1 189 253 
	 826 1 189 191 
	 827 1 189 190 
	 828 1 190 254 
	 829 1 190 192 
	 830 1 191 255 
	 831 1 191 192 
	 832 1 192 256 
	 833 1 193 225 
	 834 1 193 209 
	 835 1 193 201 
	 836 1 193 197 
	 837 1 193 195 
	 838 1 193 194 
	 839 1 194 226 
	 840 1 194 210 
	 841 1 194 202 
	 842 1 194 198 
	 843 1 194 196 
	 844 1 195 227 
	 845 1 195 211 
	 846 1 195 203 
	 847 1 195 199 
	 848 1 195 196 
	 849 1 196 228 
	 850 1 196 212 
	 851 1 196 204 
	 852 1 196 200 
	 853 1 197 229 
	 854 1 197 213 
	 855 1 197 205 
	 856 1 197 199 
	 857 1 197 198 
	 858 1 198 230 
	 859 1 198 214 
	 860 1 198 206 
	 861 1 198 200 
	 862 1 199 231 
	 863 1 199 215 
	 864 1 199 207 
	 865 1 199 200 
	 866 1 200 232 
	 867 1 200 216 
	 868 1 200 208 
	 869 1 201 233 
	 870 1 201 217 
	 871 1 201 205 
	 872 1 201 203 
	 873 1 201 202 
	 874 1 202 234 
	 875 1 202 218 
	 876 1 202 206 
	 877 1 202 204 
	 878 1 203 235 
	 879 1 203 219 
	 880 1 203 207 
	 881 1 203 204 
	 882 1 204 236 
	 883 1 204 220 
	 884 1 204 208 
	 885 1 205 237 
	 886 1 205 221 
	 887 1 205 207 
	 888 1 205 206 
	 889 1 206 238 
	 890 1 206 222 
	 891 1 206 208 
	 892 1 207 239 
	 893 1 207 223 
	 894 1 207 208 
	 895 1 208 240 
	 896 1 208 224 
	 897 1 209 241 
	 898 1 209 217 
	 899 1 209 213 
	 900 1 209 211 
	 901 1 209 210 
	 902 1 210 242 
	 903 1 210 218 
	 904 1 210 214 
	 905 1 210 212 
	 906 1 211 243 
	 907 1 211 219 
	 908 1 211 215 
	 909 1 211 212 
	 910 1 212 244 
	 911 1 212 220 
	 912 1 212 216 
	 913 1 213 245 
	 914 1 213 221 
	 915 1 213 215 
	 916 1 213 214 
	 917 1 214 246 
	 918 1 214 222 
	 919 1 214 216 
	 920 1 215 247 
	 921 1 215 223 
	 922 1 215 216 
	 923 1 216 248 
	 924 1 216 224 
	 925 1 217 249 
	 926 1 217 221 
	 927 1 217 219 
	 928 1 217 218 
	 929 1 218 250 
	 930 1 218 222 
	 931 1 218 220 
	 932 1 219 251 
	 933 1 219 223 
	 934 1 219 220 
	 935 1 220 252 
	 936 1 220 224 
	 937 1 221 253 
	 938 1 221 223 
	 939 1 221 222 
	 940 1 222 254 
	 941 1 222 224 
	 942 1 223 255 
	 943 1 223 224 
	 944 1 224 256 
	 945 1 225 241 
	 946 1 225 233 
	 947 1 225 229 
	 948 1 225 227 
	 949 1 225 226 
	 950 1 226 242 
	 951 1 226 234 
	 952 1 226 230 
	 953 1 226 228 
	 954 1 227 243 
	 955 1 227 235 
	 956 1 227 231 
	 957 1 227 228 
	 958 1 228 244 
	 959 1 228 236 
	 960 1 228 232 
	 961 1 229 245 
	 962 1 229 237 
	 963 1 229 231 
	 964 1 229 230 
	 965 1 230 246 
	 966 1 230 238 
	 967 1 230 232 
	 968 1 231 247 
	 969 1 231 239 
	 970 1 231 232 
	 971 1 232 248 
	 972 1 232 240 
	 973 1 233 249 
	 974 1 233 237 
	 975 1 233 235 
	 976 1 233 234 
	 977 1 234 250 
	 978 1 234 238 
	 979 1 234 236 
	 980 1 235 251 
	 981 1 235 239 
	 982 1 235 236 
	 983 1 236 252 
	 984 1 236 240 
	 985 1 237 253 
	 986 1 237 239 
	 987 1 237 238 
	 988 1 238 254 
	 989 1 238 240 
	 990 1 239 255 
	 991 1 239 240 
	 992 1 240 256 
	 993 1 241 249 
	 994 1 241 245 
	 995 1 241 243 
	 996 1 241 242 
	 997 1 242 250 
	 998 1 242 246 
	 999 1 242 244 
	 1000 1 243 251 
	 1001 1 243 247 
	 1002 1 243 244 
	 1003 1 244 252 
	 1004 1 244 248 
	 1005 1 245 253 
	 1006 1 245 247 
	 1007 1 245 246 
	 1008 1 246 254 
	 1009 1 246 248 
	 1010 1 247 255 
	 1011 1 247 248 
	 1012 1 248 256 
	 1013 1 249 253 
	 1014 1 249 251 
	 1015 1 249 250 
	 1016 1 250 254 
	 1017 1 250 252 
	 1018 1 251 255 
	 1019 1 251 252 
	 1020 1 252 256 
	 1021 1 253 255 
	 1022 1 253 254 
	 1023 1 254 256 
	 1024 1 255 256 
