512 2304
	 1 1 
	 2 0 
	 3 0 
	 4 2 
	 5 0 
	 6 1 
	 7 1 
	 8 0 
	 9 0 
	 10 2 
	 11 1 
	 12 0 
	 13 2 
	 14 0 
	 15 0 
	 16 2 
	 17 0 
	 18 2 
	 19 1 
	 20 0 
	 21 2 
	 22 0 
	 23 0 
	 24 2 
	 25 1 
	 26 0 
	 27 0 
	 28 1 
	 29 0 
	 30 1 
	 31 1 
	 32 0 
	 33 0 
	 34 1 
	 35 1 
	 36 0 
	 37 1 
	 38 0 
	 39 0 
	 40 1 
	 41 2 
	 42 0 
	 43 0 
	 44 1 
	 45 0 
	 46 1 
	 47 1 
	 48 0 
	 49 2 
	 50 0 
	 51 0 
	 52 2 
	 53 0 
	 54 2 
	 55 1 
	 56 0 
	 57 0 
	 58 1 
	 59 1 
	 60 0 
	 61 1 
	 62 0 
	 63 0 
	 64 2 
	 65 0 
	 66 2 
	 67 1 
	 68 0 
	 69 1 
	 70 0 
	 71 0 
	 72 1 
	 73 1 
	 74 0 
	 75 0 
	 76 1 
	 77 0 
	 78 2 
	 79 2 
	 80 0 
	 81 2 
	 82 0 
	 83 0 
	 84 1 
	 85 0 
	 86 2 
	 87 1 
	 88 0 
	 89 0 
	 90 2 
	 91 2 
	 92 0 
	 93 2 
	 94 0 
	 95 0 
	 96 1 
	 97 2 
	 98 0 
	 99 0 
	 100 1 
	 101 0 
	 102 2 
	 103 2 
	 104 0 
	 105 0 
	 106 1 
	 107 2 
	 108 0 
	 109 2 
	 110 0 
	 111 0 
	 112 2 
	 113 0 
	 114 2 
	 115 2 
	 116 0 
	 117 1 
	 118 0 
	 119 0 
	 120 1 
	 121 1 
	 122 0 
	 123 0 
	 124 2 
	 125 0 
	 126 1 
	 127 2 
	 128 0 
	 129 0 
	 130 2 
	 131 2 
	 132 0 
	 133 1 
	 134 0 
	 135 0 
	 136 2 
	 137 2 
	 138 0 
	 139 0 
	 140 2 
	 141 0 
	 142 1 
	 143 1 
	 144 0 
	 145 2 
	 146 0 
	 147 0 
	 148 2 
	 149 0 
	 150 2 
	 151 1 
	 152 0 
	 153 0 
	 154 1 
	 155 1 
	 156 0 
	 157 2 
	 158 0 
	 159 0 
	 160 2 
	 161 1 
	 162 0 
	 163 0 
	 164 1 
	 165 0 
	 166 1 
	 167 1 
	 168 0 
	 169 0 
	 170 1 
	 171 2 
	 172 0 
	 173 2 
	 174 0 
	 175 0 
	 176 2 
	 177 0 
	 178 2 
	 179 2 
	 180 0 
	 181 2 
	 182 0 
	 183 0 
	 184 1 
	 185 1 
	 186 0 
	 187 0 
	 188 1 
	 189 0 
	 190 1 
	 191 1 
	 192 0 
	 193 2 
	 194 0 
	 195 0 
	 196 2 
	 197 0 
	 198 1 
	 199 1 
	 200 0 
	 201 0 
	 202 2 
	 203 2 
	 204 0 
	 205 1 
	 206 0 
	 207 0 
	 208 2 
	 209 0 
	 210 2 
	 211 1 
	 212 0 
	 213 2 
	 214 0 
	 215 0 
	 216 2 
	 217 1 
	 218 0 
	 219 0 
	 220 1 
	 221 0 
	 222 2 
	 223 2 
	 224 0 
	 225 0 
	 226 2 
	 227 2 
	 228 0 
	 229 1 
	 230 0 
	 231 0 
	 232 1 
	 233 2 
	 234 0 
	 235 0 
	 236 1 
	 237 0 
	 238 1 
	 239 2 
	 240 0 
	 241 2 
	 242 0 
	 243 0 
	 244 1 
	 245 0 
	 246 2 
	 247 2 
	 248 0 
	 249 0 
	 250 2 
	 251 1 
	 252 0 
	 253 2 
	 254 0 
	 255 0 
	 256 2 
	 257 0 
	 258 2 
	 259 2 
	 260 0 
	 261 1 
	 262 0 
	 263 0 
	 264 1 
	 265 2 
	 266 0 
	 267 0 
	 268 1 
	 269 0 
	 270 2 
	 271 2 
	 272 0 
	 273 1 
	 274 0 
	 275 0 
	 276 2 
	 277 0 
	 278 2 
	 279 1 
	 280 0 
	 281 0 
	 282 1 
	 283 2 
	 284 0 
	 285 1 
	 286 0 
	 287 0 
	 288 1 
	 289 2 
	 290 0 
	 291 0 
	 292 2 
	 293 0 
	 294 1 
	 295 2 
	 296 0 
	 297 0 
	 298 2 
	 299 2 
	 300 0 
	 301 1 
	 302 0 
	 303 0 
	 304 1 
	 305 0 
	 306 2 
	 307 2 
	 308 0 
	 309 2 
	 310 0 
	 311 0 
	 312 1 
	 313 2 
	 314 0 
	 315 0 
	 316 2 
	 317 0 
	 318 1 
	 319 2 
	 320 0 
	 321 1 
	 322 0 
	 323 0 
	 324 2 
	 325 0 
	 326 2 
	 327 2 
	 328 0 
	 329 0 
	 330 2 
	 331 2 
	 332 0 
	 333 2 
	 334 0 
	 335 0 
	 336 2 
	 337 0 
	 338 1 
	 339 2 
	 340 0 
	 341 2 
	 342 0 
	 343 0 
	 344 2 
	 345 2 
	 346 0 
	 347 0 
	 348 2 
	 349 0 
	 350 2 
	 351 1 
	 352 0 
	 353 0 
	 354 1 
	 355 1 
	 356 0 
	 357 1 
	 358 0 
	 359 0 
	 360 1 
	 361 1 
	 362 0 
	 363 0 
	 364 2 
	 365 0 
	 366 2 
	 367 2 
	 368 0 
	 369 2 
	 370 0 
	 371 0 
	 372 2 
	 373 0 
	 374 2 
	 375 2 
	 376 0 
	 377 0 
	 378 2 
	 379 1 
	 380 0 
	 381 2 
	 382 0 
	 383 0 
	 384 1 
	 385 1 
	 386 0 
	 387 0 
	 388 2 
	 389 0 
	 390 2 
	 391 2 
	 392 0 
	 393 0 
	 394 1 
	 395 1 
	 396 0 
	 397 1 
	 398 0 
	 399 0 
	 400 2 
	 401 0 
	 402 2 
	 403 1 
	 404 0 
	 405 2 
	 406 0 
	 407 0 
	 408 2 
	 409 2 
	 410 0 
	 411 0 
	 412 1 
	 413 0 
	 414 2 
	 415 1 
	 416 0 
	 417 0 
	 418 1 
	 419 2 
	 420 0 
	 421 1 
	 422 0 
	 423 0 
	 424 2 
	 425 2 
	 426 0 
	 427 0 
	 428 1 
	 429 0 
	 430 2 
	 431 2 
	 432 0 
	 433 1 
	 434 0 
	 435 0 
	 436 2 
	 437 0 
	 438 2 
	 439 1 
	 440 0 
	 441 0 
	 442 2 
	 443 2 
	 444 0 
	 445 2 
	 446 0 
	 447 0 
	 448 1 
	 449 0 
	 450 1 
	 451 1 
	 452 0 
	 453 2 
	 454 0 
	 455 0 
	 456 1 
	 457 2 
	 458 0 
	 459 0 
	 460 1 
	 461 0 
	 462 1 
	 463 1 
	 464 0 
	 465 1 
	 466 0 
	 467 0 
	 468 2 
	 469 0 
	 470 2 
	 471 1 
	 472 0 
	 473 0 
	 474 1 
	 475 1 
	 476 0 
	 477 2 
	 478 0 
	 479 0 
	 480 1 
	 481 1 
	 482 0 
	 483 0 
	 484 2 
	 485 0 
	 486 1 
	 487 2 
	 488 0 
	 489 0 
	 490 2 
	 491 1 
	 492 0 
	 493 2 
	 494 0 
	 495 0 
	 496 1 
	 497 0 
	 498 1 
	 499 2 
	 500 0 
	 501 1 
	 502 0 
	 503 0 
	 504 2 
	 505 2 
	 506 0 
	 507 0 
	 508 2 
	 509 0 
	 510 1 
	 511 2 
	 512 0 
	 1 1 1 257 
	 2 1 1 129 
	 3 1 1 65 
	 4 1 1 33 
	 5 1 1 17 
	 6 1 1 9 
	 7 1 1 5 
	 8 1 1 3 
	 9 1 1 2 
	 10 1 2 258 
	 11 1 2 130 
	 12 1 2 66 
	 13 1 2 34 
	 14 1 2 18 
	 15 1 2 10 
	 16 1 2 6 
	 17 1 2 4 
	 18 1 3 259 
	 19 1 3 131 
	 20 1 3 67 
	 21 1 3 35 
	 22 1 3 19 
	 23 1 3 11 
	 24 1 3 7 
	 25 1 3 4 
	 26 1 4 260 
	 27 1 4 132 
	 28 1 4 68 
	 29 1 4 36 
	 30 1 4 20 
	 31 1 4 12 
	 32 1 4 8 
	 33 1 5 261 
	 34 1 5 133 
	 35 1 5 69 
	 36 1 5 37 
	 37 1 5 21 
	 38 1 5 13 
	 39 1 5 7 
	 40 1 5 6 
	 41 1 6 262 
	 42 1 6 134 
	 43 1 6 70 
	 44 1 6 38 
	 45 1 6 22 
	 46 1 6 14 
	 47 1 6 8 
	 48 1 7 263 
	 49 1 7 135 
	 50 1 7 71 
	 51 1 7 39 
	 52 1 7 23 
	 53 1 7 15 
	 54 1 7 8 
	 55 1 8 264 
	 56 1 8 136 
	 57 1 8 72 
	 58 1 8 40 
	 59 1 8 24 
	 60 1 8 16 
	 61 1 9 265 
	 62 1 9 137 
	 63 1 9 73 
	 64 1 9 41 
	 65 1 9 25 
	 66 1 9 13 
	 67 1 9 11 
	 68 1 9 10 
	 69 1 10 266 
	 70 1 10 138 
	 71 1 10 74 
	 72 1 10 42 
	 73 1 10 26 
	 74 1 10 14 
	 75 1 10 12 
	 76 1 11 267 
	 77 1 11 139 
	 78 1 11 75 
	 79 1 11 43 
	 80 1 11 27 
	 81 1 11 15 
	 82 1 11 12 
	 83 1 12 268 
	 84 1 12 140 
	 85 1 12 76 
	 86 1 12 44 
	 87 1 12 28 
	 88 1 12 16 
	 89 1 13 269 
	 90 1 13 141 
	 91 1 13 77 
	 92 1 13 45 
	 93 1 13 29 
	 94 1 13 15 
	 95 1 13 14 
	 96 1 14 270 
	 97 1 14 142 
	 98 1 14 78 
	 99 1 14 46 
	 100 1 14 30 
	 101 1 14 16 
	 102 1 15 271 
	 103 1 15 143 
	 104 1 15 79 
	 105 1 15 47 
	 106 1 15 31 
	 107 1 15 16 
	 108 1 16 272 
	 109 1 16 144 
	 110 1 16 80 
	 111 1 16 48 
	 112 1 16 32 
	 113 1 17 273 
	 114 1 17 145 
	 115 1 17 81 
	 116 1 17 49 
	 117 1 17 25 
	 118 1 17 21 
	 119 1 17 19 
	 120 1 17 18 
	 121 1 18 274 
	 122 1 18 146 
	 123 1 18 82 
	 124 1 18 50 
	 125 1 18 26 
	 126 1 18 22 
	 127 1 18 20 
	 128 1 19 275 
	 129 1 19 147 
	 130 1 19 83 
	 131 1 19 51 
	 132 1 19 27 
	 133 1 19 23 
	 134 1 19 20 
	 135 1 20 276 
	 136 1 20 148 
	 137 1 20 84 
	 138 1 20 52 
	 139 1 20 28 
	 140 1 20 24 
	 141 1 21 277 
	 142 1 21 149 
	 143 1 21 85 
	 144 1 21 53 
	 145 1 21 29 
	 146 1 21 23 
	 147 1 21 22 
	 148 1 22 278 
	 149 1 22 150 
	 150 1 22 86 
	 151 1 22 54 
	 152 1 22 30 
	 153 1 22 24 
	 154 1 23 279 
	 155 1 23 151 
	 156 1 23 87 
	 157 1 23 55 
	 158 1 23 31 
	 159 1 23 24 
	 160 1 24 280 
	 161 1 24 152 
	 162 1 24 88 
	 163 1 24 56 
	 164 1 24 32 
	 165 1 25 281 
	 166 1 25 153 
	 167 1 25 89 
	 168 1 25 57 
	 169 1 25 29 
	 170 1 25 27 
	 171 1 25 26 
	 172 1 26 282 
	 173 1 26 154 
	 174 1 26 90 
	 175 1 26 58 
	 176 1 26 30 
	 177 1 26 28 
	 178 1 27 283 
	 179 1 27 155 
	 180 1 27 91 
	 181 1 27 59 
	 182 1 27 31 
	 183 1 27 28 
	 184 1 28 284 
	 185 1 28 156 
	 186 1 28 92 
	 187 1 28 60 
	 188 1 28 32 
	 189 1 29 285 
	 190 1 29 157 
	 191 1 29 93 
	 192 1 29 61 
	 193 1 29 31 
	 194 1 29 30 
	 195 1 30 286 
	 196 1 30 158 
	 197 1 30 94 
	 198 1 30 62 
	 199 1 30 32 
	 200 1 31 287 
	 201 1 31 159 
	 202 1 31 95 
	 203 1 31 63 
	 204 1 31 32 
	 205 1 32 288 
	 206 1 32 160 
	 207 1 32 96 
	 208 1 32 64 
	 209 1 33 289 
	 210 1 33 161 
	 211 1 33 97 
	 212 1 33 49 
	 213 1 33 41 
	 214 1 33 37 
	 215 1 33 35 
	 216 1 33 34 
	 217 1 34 290 
	 218 1 34 162 
	 219 1 34 98 
	 220 1 34 50 
	 221 1 34 42 
	 222 1 34 38 
	 223 1 34 36 
	 224 1 35 291 
	 225 1 35 163 
	 226 1 35 99 
	 227 1 35 51 
	 228 1 35 43 
	 229 1 35 39 
	 230 1 35 36 
	 231 1 36 292 
	 232 1 36 164 
	 233 1 36 100 
	 234 1 36 52 
	 235 1 36 44 
	 236 1 36 40 
	 237 1 37 293 
	 238 1 37 165 
	 239 1 37 101 
	 240 1 37 53 
	 241 1 37 45 
	 242 1 37 39 
	 243 1 37 38 
	 244 1 38 294 
	 245 1 38 166 
	 246 1 38 102 
	 247 1 38 54 
	 248 1 38 46 
	 249 1 38 40 
	 250 1 39 295 
	 251 1 39 167 
	 252 1 39 103 
	 253 1 39 55 
	 254 1 39 47 
	 255 1 39 40 
	 256 1 40 296 
	 257 1 40 168 
	 258 1 40 104 
	 259 1 40 56 
	 260 1 40 48 
	 261 1 41 297 
	 262 1 41 169 
	 263 1 41 105 
	 264 1 41 57 
	 265 1 41 45 
	 266 1 41 43 
	 267 1 41 42 
	 268 1 42 298 
	 269 1 42 170 
	 270 1 42 106 
	 271 1 42 58 
	 272 1 42 46 
	 273 1 42 44 
	 274 1 43 299 
	 275 1 43 171 
	 276 1 43 107 
	 277 1 43 59 
	 278 1 43 47 
	 279 1 43 44 
	 280 1 44 300 
	 281 1 44 172 
	 282 1 44 108 
	 283 1 44 60 
	 284 1 44 48 
	 285 1 45 301 
	 286 1 45 173 
	 287 1 45 109 
	 288 1 45 61 
	 289 1 45 47 
	 290 1 45 46 
	 291 1 46 302 
	 292 1 46 174 
	 293 1 46 110 
	 294 1 46 62 
	 295 1 46 48 
	 296 1 47 303 
	 297 1 47 175 
	 298 1 47 111 
	 299 1 47 63 
	 300 1 47 48 
	 301 1 48 304 
	 302 1 48 176 
	 303 1 48 112 
	 304 1 48 64 
	 305 1 49 305 
	 306 1 49 177 
	 307 1 49 113 
	 308 1 49 57 
	 309 1 49 53 
	 310 1 49 51 
	 311 1 49 50 
	 312 1 50 306 
	 313 1 50 178 
	 314 1 50 114 
	 315 1 50 58 
	 316 1 50 54 
	 317 1 50 52 
	 318 1 51 307 
	 319 1 51 179 
	 320 1 51 115 
	 321 1 51 59 
	 322 1 51 55 
	 323 1 51 52 
	 324 1 52 308 
	 325 1 52 180 
	 326 1 52 116 
	 327 1 52 60 
	 328 1 52 56 
	 329 1 53 309 
	 330 1 53 181 
	 331 1 53 117 
	 332 1 53 61 
	 333 1 53 55 
	 334 1 53 54 
	 335 1 54 310 
	 336 1 54 182 
	 337 1 54 118 
	 338 1 54 62 
	 339 1 54 56 
	 340 1 55 311 
	 341 1 55 183 
	 342 1 55 119 
	 343 1 55 63 
	 344 1 55 56 
	 345 1 56 312 
	 346 1 56 184 
	 347 1 56 120 
	 348 1 56 64 
	 349 1 57 313 
	 350 1 57 185 
	 351 1 57 121 
	 352 1 57 61 
	 353 1 57 59 
	 354 1 57 58 
	 355 1 58 314 
	 356 1 58 186 
	 357 1 58 122 
	 358 1 58 62 
	 359 1 58 60 
	 360 1 59 315 
	 361 1 59 187 
	 362 1 59 123 
	 363 1 59 63 
	 364 1 59 60 
	 365 1 60 316 
	 366 1 60 188 
	 367 1 60 124 
	 368 1 60 64 
	 369 1 61 317 
	 370 1 61 189 
	 371 1 61 125 
	 372 1 61 63 
	 373 1 61 62 
	 374 1 62 318 
	 375 1 62 190 
	 376 1 62 126 
	 377 1 62 64 
	 378 1 63 319 
	 379 1 63 191 
	 380 1 63 127 
	 381 1 63 64 
	 382 1 64 320 
	 383 1 64 192 
	 384 1 64 128 
	 385 1 65 321 
	 386 1 65 193 
	 387 1 65 97 
	 388 1 65 81 
	 389 1 65 73 
	 390 1 65 69 
	 391 1 65 67 
	 392 1 65 66 
	 393 1 66 322 
	 394 1 66 194 
	 395 1 66 98 
	 396 1 66 82 
	 397 1 66 74 
	 398 1 66 70 
	 399 1 66 68 
	 400 1 67 323 
	 401 1 67 195 
	 402 1 67 99 
	 403 1 67 83 
	 404 1 67 75 
	 405 1 67 71 
	 406 1 67 68 
	 407 1 68 324 
	 408 1 68 196 
	 409 1 68 100 
	 410 1 68 84 
	 411 1 68 76 
	 412 1 68 72 
	 413 1 69 325 
	 414 1 69 197 
	 415 1 69 101 
	 416 1 69 85 
	 417 1 69 77 
	 418 1 69 71 
	 419 1 69 70 
	 420 1 70 326 
	 421 1 70 198 
	 422 1 70 102 
	 423 1 70 86 
	 424 1 70 78 
	 425 1 70 72 
	 426 1 71 327 
	 427 1 71 199 
	 428 1 71 103 
	 429 1 71 87 
	 430 1 71 79 
	 431 1 71 72 
	 432 1 72 328 
	 433 1 72 200 
	 434 1 72 104 
	 435 1 72 88 
	 436 1 72 80 
	 437 1 73 329 
	 438 1 73 201 
	 439 1 73 105 
	 440 1 73 89 
	 441 1 73 77 
	 442 1 73 75 
	 443 1 73 74 
	 444 1 74 330 
	 445 1 74 202 
	 446 1 74 106 
	 447 1 74 90 
	 448 1 74 78 
	 449 1 74 76 
	 450 1 75 331 
	 451 1 75 203 
	 452 1 75 107 
	 453 1 75 91 
	 454 1 75 79 
	 455 1 75 76 
	 456 1 76 332 
	 457 1 76 204 
	 458 1 76 108 
	 459 1 76 92 
	 460 1 76 80 
	 461 1 77 333 
	 462 1 77 205 
	 463 1 77 109 
	 464 1 77 93 
	 465 1 77 79 
	 466 1 77 78 
	 467 1 78 334 
	 468 1 78 206 
	 469 1 78 110 
	 470 1 78 94 
	 471 1 78 80 
	 472 1 79 335 
	 473 1 79 207 
	 474 1 79 111 
	 475 1 79 95 
	 476 1 79 80 
	 477 1 80 336 
	 478 1 80 208 
	 479 1 80 112 
	 480 1 80 96 
	 481 1 81 337 
	 482 1 81 209 
	 483 1 81 113 
	 484 1 81 89 
	 485 1 81 85 
	 486 1 81 83 
	 487 1 81 82 
	 488 1 82 338 
	 489 1 82 210 
	 490 1 82 114 
	 491 1 82 90 
	 492 1 82 86 
	 493 1 82 84 
	 494 1 83 339 
	 495 1 83 211 
	 496 1 83 115 
	 497 1 83 91 
	 498 1 83 87 
	 499 1 83 84 
	 500 1 84 340 
	 501 1 84 212 
	 502 1 84 116 
	 503 1 84 92 
	 504 1 84 88 
	 505 1 85 341 
	 506 1 85 213 
	 507 1 85 117 
	 508 1 85 93 
	 509 1 85 87 
	 510 1 85 86 
	 511 1 86 342 
	 512 1 86 214 
	 513 1 86 118 
	 514 1 86 94 
	 515 1 86 88 
	 516 1 87 343 
	 517 1 87 215 
	 518 1 87 119 
	 519 1 87 95 
	 520 1 87 88 
	 521 1 88 344 
	 522 1 88 216 
	 523 1 88 120 
	 524 1 88 96 
	 525 1 89 345 
	 526 1 89 217 
	 527 1 89 121 
	 528 1 89 93 
	 529 1 89 91 
	 530 1 89 90 
	 531 1 90 346 
	 532 1 90 218 
	 533 1 90 122 
	 534 1 90 94 
	 535 1 90 92 
	 536 1 91 347 
	 537 1 91 219 
	 538 1 91 123 
	 539 1 91 95 
	 540 1 91 92 
	 541 1 92 348 
	 542 1 92 220 
	 543 1 92 124 
	 544 1 92 96 
	 545 1 93 349 
	 546 1 93 221 
	 547 1 93 125 
	 548 1 93 95 
	 549 1 93 94 
	 550 1 94 350 
	 551 1 94 222 
	 552 1 94 126 
	 553 1 94 96 
	 554 1 95 351 
	 555 1 95 223 
	 556 1 95 127 
	 557 1 95 96 
	 558 1 96 352 
	 559 1 96 224 
	 560 1 96 128 
	 561 1 97 353 
	 562 1 97 225 
	 563 1 97 113 
	 564 1 97 105 
	 565 1 97 101 
	 566 1 97 99 
	 567 1 97 98 
	 568 1 98 354 
	 569 1 98 226 
	 570 1 98 114 
	 571 1 98 106 
	 572 1 98 102 
	 573 1 98 100 
	 574 1 99 355 
	 575 1 99 227 
	 576 1 99 115 
	 577 1 99 107 
	 578 1 99 103 
	 579 1 99 100 
	 580 1 100 356 
	 581 1 100 228 
	 582 1 100 116 
	 583 1 100 108 
	 584 1 100 104 
	 585 1 101 357 
	 586 1 101 229 
	 587 1 101 117 
	 588 1 101 109 
	 589 1 101 103 
	 590 1 101 102 
	 591 1 102 358 
	 592 1 102 230 
	 593 1 102 118 
	 594 1 102 110 
	 595 1 102 104 
	 596 1 103 359 
	 597 1 103 231 
	 598 1 103 119 
	 599 1 103 111 
	 600 1 103 104 
	 601 1 104 360 
	 602 1 104 232 
	 603 1 104 120 
	 604 1 104 112 
	 605 1 105 361 
	 606 1 105 233 
	 607 1 105 121 
	 608 1 105 109 
	 609 1 105 107 
	 610 1 105 106 
	 611 1 106 362 
	 612 1 106 234 
	 613 1 106 122 
	 614 1 106 110 
	 615 1 106 108 
	 616 1 107 363 
	 617 1 107 235 
	 618 1 107 123 
	 619 1 107 111 
	 620 1 107 108 
	 621 1 108 364 
	 622 1 108 236 
	 623 1 108 124 
	 624 1 108 112 
	 625 1 109 365 
	 626 1 109 237 
	 627 1 109 125 
	 628 1 109 111 
	 629 1 109 110 
	 630 1 110 366 
	 631 1 110 238 
	 632 1 110 126 
	 633 1 110 112 
	 634 1 111 367 
	 635 1 111 239 
	 636 1 111 127 
	 637 1 111 112 
	 638 1 112 368 
	 639 1 112 240 
	 640 1 112 128 
	 641 1 113 369 
	 642 1 113 241 
	 643 1 113 121 
	 644 1 113 117 
	 645 1 113 115 
	 646 1 113 114 
	 647 1 114 370 
	 648 1 114 242 
	 649 1 114 122 
	 650 1 114 118 
	 651 1 114 116 
	 652 1 115 371 
	 653 1 115 243 
	 654 1 115 123 
	 655 1 115 119 
	 656 1 115 116 
	 657 1 116 372 
	 658 1 116 244 
	 659 1 116 124 
	 660 1 116 120 
	 661 1 117 373 
	 662 1 117 245 
	 663 1 117 125 
	 664 1 117 119 
	 665 1 117 118 
	 666 1 118 374 
	 667 1 118 246 
	 668 1 118 126 
	 669 1 118 120 
	 670 1 119 375 
	 671 1 119 247 
	 672 1 119 127 
	 673 1 119 120 
	 674 1 120 376 
	 675 1 120 248 
	 676 1 120 128 
	 677 1 121 377 
	 678 1 121 249 
	 679 1 121 125 
	 680 1 121 123 
	 681 1 121 122 
	 682 1 122 378 
	 683 1 122 250 
	 684 1 122 126 
	 685 1 122 124 
	 686 1 123 379 
	 687 1 123 251 
	 688 1 123 127 
	 689 1 123 124 
	 690 1 124 380 
	 691 1 124 252 
	 692 1 124 128 
	 693 1 125 381 
	 694 1 125 253 
	 695 1 125 127 
	 696 1 125 126 
	 697 1 126 382 
	 698 1 126 254 
	 699 1 126 128 
	 700 1 127 383 
	 701 1 127 255 
	 702 1 127 128 
	 703 1 128 384 
	 704 1 128 256 
	 705 1 129 385 
	 706 1 129 193 
	 707 1 129 161 
	 708 1 129 145 
	 709 1 129 137 
	 710 1 129 133 
	 711 1 129 131 
	 712 1 129 130 
	 713 1 130 386 
	 714 1 130 194 
	 715 1 130 162 
	 716 1 130 146 
	 717 1 130 138 
	 718 1 130 134 
	 719 1 130 132 
	 720 1 131 387 
	 721 1 131 195 
	 722 1 131 163 
	 723 1 131 147 
	 724 1 131 139 
	 725 1 131 135 
	 726 1 131 132 
	 727 1 132 388 
	 728 1 132 196 
	 729 1 132 164 
	 730 1 132 148 
	 731 1 132 140 
	 732 1 132 136 
	 733 1 133 389 
	 734 1 133 197 
	 735 1 133 165 
	 736 1 133 149 
	 737 1 133 141 
	 738 1 133 135 
	 739 1 133 134 
	 740 1 134 390 
	 741 1 134 198 
	 742 1 134 166 
	 743 1 134 150 
	 744 1 134 142 
	 745 1 134 136 
	 746 1 135 391 
	 747 1 135 199 
	 748 1 135 167 
	 749 1 135 151 
	 750 1 135 143 
	 751 1 135 136 
	 752 1 136 392 
	 753 1 136 200 
	 754 1 136 168 
	 755 1 136 152 
	 756 1 136 144 
	 757 1 137 393 
	 758 1 137 201 
	 759 1 137 169 
	 760 1 137 153 
	 761 1 137 141 
	 762 1 137 139 
	 763 1 137 138 
	 764 1 138 394 
	 765 1 138 202 
	 766 1 138 170 
	 767 1 138 154 
	 768 1 138 142 
	 769 1 138 140 
	 770 1 139 395 
	 771 1 139 203 
	 772 1 139 171 
	 773 1 139 155 
	 774 1 139 143 
	 775 1 139 140 
	 776 1 140 396 
	 777 1 140 204 
	 778 1 140 172 
	 779 1 140 156 
	 780 1 140 144 
	 781 1 141 397 
	 782 1 141 205 
	 783 1 141 173 
	 784 1 141 157 
	 785 1 141 143 
	 786 1 141 142 
	 787 1 142 398 
	 788 1 142 206 
	 789 1 142 174 
	 790 1 142 158 
	 791 1 142 144 
	 792 1 143 399 
	 793 1 143 207 
	 794 1 143 175 
	 795 1 143 159 
	 796 1 143 144 
	 797 1 144 400 
	 798 1 144 208 
	 799 1 144 176 
	 800 1 144 160 
	 801 1 145 401 
	 802 1 145 209 
	 803 1 145 177 
	 804 1 145 153 
	 805 1 145 149 
	 806 1 145 147 
	 807 1 145 146 
	 808 1 146 402 
	 809 1 146 210 
	 810 1 146 178 
	 811 1 146 154 
	 812 1 146 150 
	 813 1 146 148 
	 814 1 147 403 
	 815 1 147 211 
	 816 1 147 179 
	 817 1 147 155 
	 818 1 147 151 
	 819 1 147 148 
	 820 1 148 404 
	 821 1 148 212 
	 822 1 148 180 
	 823 1 148 156 
	 824 1 148 152 
	 825 1 149 405 
	 826 1 149 213 
	 827 1 149 181 
	 828 1 149 157 
	 829 1 149 151 
	 830 1 149 150 
	 831 1 150 406 
	 832 1 150 214 
	 833 1 150 182 
	 834 1 150 158 
	 835 1 150 152 
	 836 1 151 407 
	 837 1 151 215 
	 838 1 151 183 
	 839 1 151 159 
	 840 1 151 152 
	 841 1 152 408 
	 842 1 152 216 
	 843 1 152 184 
	 844 1 152 160 
	 845 1 153 409 
	 846 1 153 217 
	 847 1 153 185 
	 848 1 153 157 
	 849 1 153 155 
	 850 1 153 154 
	 851 1 154 410 
	 852 1 154 218 
	 853 1 154 186 
	 854 1 154 158 
	 855 1 154 156 
	 856 1 155 411 
	 857 1 155 219 
	 858 1 155 187 
	 859 1 155 159 
	 860 1 155 156 
	 861 1 156 412 
	 862 1 156 220 
	 863 1 156 188 
	 864 1 156 160 
	 865 1 157 413 
	 866 1 157 221 
	 867 1 157 189 
	 868 1 157 159 
	 869 1 157 158 
	 870 1 158 414 
	 871 1 158 222 
	 872 1 158 190 
	 873 1 158 160 
	 874 1 159 415 
	 875 1 159 223 
	 876 1 159 191 
	 877 1 159 160 
	 878 1 160 416 
	 879 1 160 224 
	 880 1 160 192 
	 881 1 161 417 
	 882 1 161 225 
	 883 1 161 177 
	 884 1 161 169 
	 885 1 161 165 
	 886 1 161 163 
	 887 1 161 162 
	 888 1 162 418 
	 889 1 162 226 
	 890 1 162 178 
	 891 1 162 170 
	 892 1 162 166 
	 893 1 162 164 
	 894 1 163 419 
	 895 1 163 227 
	 896 1 163 179 
	 897 1 163 171 
	 898 1 163 167 
	 899 1 163 164 
	 900 1 164 420 
	 901 1 164 228 
	 902 1 164 180 
	 903 1 164 172 
	 904 1 164 168 
	 905 1 165 421 
	 906 1 165 229 
	 907 1 165 181 
	 908 1 165 173 
	 909 1 165 167 
	 910 1 165 166 
	 911 1 166 422 
	 912 1 166 230 
	 913 1 166 182 
	 914 1 166 174 
	 915 1 166 168 
	 916 1 167 423 
	 917 1 167 231 
	 918 1 167 183 
	 919 1 167 175 
	 920 1 167 168 
	 921 1 168 424 
	 922 1 168 232 
	 923 1 168 184 
	 924 1 168 176 
	 925 1 169 425 
	 926 1 169 233 
	 927 1 169 185 
	 928 1 169 173 
	 929 1 169 171 
	 930 1 169 170 
	 931 1 170 426 
	 932 1 170 234 
	 933 1 170 186 
	 934 1 170 174 
	 935 1 170 172 
	 936 1 171 427 
	 937 1 171 235 
	 938 1 171 187 
	 939 1 171 175 
	 940 1 171 172 
	 941 1 172 428 
	 942 1 172 236 
	 943 1 172 188 
	 944 1 172 176 
	 945 1 173 429 
	 946 1 173 237 
	 947 1 173 189 
	 948 1 173 175 
	 949 1 173 174 
	 950 1 174 430 
	 951 1 174 238 
	 952 1 174 190 
	 953 1 174 176 
	 954 1 175 431 
	 955 1 175 239 
	 956 1 175 191 
	 957 1 175 176 
	 958 1 176 432 
	 959 1 176 240 
	 960 1 176 192 
	 961 1 177 433 
	 962 1 177 241 
	 963 1 177 185 
	 964 1 177 181 
	 965 1 177 179 
	 966 1 177 178 
	 967 1 178 434 
	 968 1 178 242 
	 969 1 178 186 
	 970 1 178 182 
	 971 1 178 180 
	 972 1 179 435 
	 973 1 179 243 
	 974 1 179 187 
	 975 1 179 183 
	 976 1 179 180 
	 977 1 180 436 
	 978 1 180 244 
	 979 1 180 188 
	 980 1 180 184 
	 981 1 181 437 
	 982 1 181 245 
	 983 1 181 189 
	 984 1 181 183 
	 985 1 181 182 
	 986 1 182 438 
	 987 1 182 246 
	 988 1 182 190 
	 989 1 182 184 
	 990 1 183 439 
	 991 1 183 247 
	 992 1 183 191 
	 993 1 183 184 
	 994 1 184 440 
	 995 1 184 248 
	 996 1 184 192 
	 997 1 185 441 
	 998 1 185 249 
	 999 1 185 189 
	 1000 1 185 187 
	 1001 1 185 186 
	 1002 1 186 442 
	 1003 1 186 250 
	 1004 1 186 190 
	 1005 1 186 188 
	 1006 1 187 443 
	 1007 1 187 251 
	 1008 1 187 191 
	 1009 1 187 188 
	 1010 1 188 444 
	 1011 1 188 252 
	 1012 1 188 192 
	 1013 1 189 445 
	 1014 1 189 253 
	 1015 1 189 191 
	 1016 1 189 190 
	 1017 1 190 446 
	 1018 1 190 254 
	 1019 1 190 192 
	 1020 1 191 447 
	 1021 1 191 255 
	 1022 1 191 192 
	 1023 1 192 448 
	 1024 1 192 256 
	 1025 1 193 449 
	 1026 1 193 225 
	 1027 1 193 209 
	 1028 1 193 201 
	 1029 1 193 197 
	 1030 1 193 195 
	 1031 1 193 194 
	 1032 1 194 450 
	 1033 1 194 226 
	 1034 1 194 210 
	 1035 1 194 202 
	 1036 1 194 198 
	 1037 1 194 196 
	 1038 1 195 451 
	 1039 1 195 227 
	 1040 1 195 211 
	 1041 1 195 203 
	 1042 1 195 199 
	 1043 1 195 196 
	 1044 1 196 452 
	 1045 1 196 228 
	 1046 1 196 212 
	 1047 1 196 204 
	 1048 1 196 200 
	 1049 1 197 453 
	 1050 1 197 229 
	 1051 1 197 213 
	 1052 1 197 205 
	 1053 1 197 199 
	 1054 1 197 198 
	 1055 1 198 454 
	 1056 1 198 230 
	 1057 1 198 214 
	 1058 1 198 206 
	 1059 1 198 200 
	 1060 1 199 455 
	 1061 1 199 231 
	 1062 1 199 215 
	 1063 1 199 207 
	 1064 1 199 200 
	 1065 1 200 456 
	 1066 1 200 232 
	 1067 1 200 216 
	 1068 1 200 208 
	 1069 1 201 457 
	 1070 1 201 233 
	 1071 1 201 217 
	 1072 1 201 205 
	 1073 1 201 203 
	 1074 1 201 202 
	 1075 1 202 458 
	 1076 1 202 234 
	 1077 1 202 218 
	 1078 1 202 206 
	 1079 1 202 204 
	 1080 1 203 459 
	 1081 1 203 235 
	 1082 1 203 219 
	 1083 1 203 207 
	 1084 1 203 204 
	 1085 1 204 460 
	 1086 1 204 236 
	 1087 1 204 220 
	 1088 1 204 208 
	 1089 1 205 461 
	 1090 1 205 237 
	 1091 1 205 221 
	 1092 1 205 207 
	 1093 1 205 206 
	 1094 1 206 462 
	 1095 1 206 238 
	 1096 1 206 222 
	 1097 1 206 208 
	 1098 1 207 463 
	 1099 1 207 239 
	 1100 1 207 223 
	 1101 1 207 208 
	 1102 1 208 464 
	 1103 1 208 240 
	 1104 1 208 224 
	 1105 1 209 465 
	 1106 1 209 241 
	 1107 1 209 217 
	 1108 1 209 213 
	 1109 1 209 211 
	 1110 1 209 210 
	 1111 1 210 466 
	 1112 1 210 242 
	 1113 1 210 218 
	 1114 1 210 214 
	 1115 1 210 212 
	 1116 1 211 467 
	 1117 1 211 243 
	 1118 1 211 219 
	 1119 1 211 215 
	 1120 1 211 212 
	 1121 1 212 468 
	 1122 1 212 244 
	 1123 1 212 220 
	 1124 1 212 216 
	 1125 1 213 469 
	 1126 1 213 245 
	 1127 1 213 221 
	 1128 1 213 215 
	 1129 1 213 214 
	 1130 1 214 470 
	 1131 1 214 246 
	 1132 1 214 222 
	 1133 1 214 216 
	 1134 1 215 471 
	 1135 1 215 247 
	 1136 1 215 223 
	 1137 1 215 216 
	 1138 1 216 472 
	 1139 1 216 248 
	 1140 1 216 224 
	 1141 1 217 473 
	 1142 1 217 249 
	 1143 1 217 221 
	 1144 1 217 219 
	 1145 1 217 218 
	 1146 1 218 474 
	 1147 1 218 250 
	 1148 1 218 222 
	 1149 1 218 220 
	 1150 1 219 475 
	 1151 1 219 251 
	 1152 1 219 223 
	 1153 1 219 220 
	 1154 1 220 476 
	 1155 1 220 252 
	 1156 1 220 224 
	 1157 1 221 477 
	 1158 1 221 253 
	 1159 1 221 223 
	 1160 1 221 222 
	 1161 1 222 478 
	 1162 1 222 254 
	 1163 1 222 224 
	 1164 1 223 479 
	 1165 1 223 255 
	 1166 1 223 224 
	 1167 1 224 480 
	 1168 1 224 256 
	 1169 1 225 481 
	 1170 1 225 241 
	 1171 1 225 233 
	 1172 1 225 229 
	 1173 1 225 227 
	 1174 1 225 226 
	 1175 1 226 482 
	 1176 1 226 242 
	 1177 1 226 234 
	 1178 1 226 230 
	 1179 1 226 228 
	 1180 1 227 483 
	 1181 1 227 243 
	 1182 1 227 235 
	 1183 1 227 231 
	 1184 1 227 228 
	 1185 1 228 484 
	 1186 1 228 244 
	 1187 1 228 236 
	 1188 1 228 232 
	 1189 1 229 485 
	 1190 1 229 245 
	 1191 1 229 237 
	 1192 1 229 231 
	 1193 1 229 230 
	 1194 1 230 486 
	 1195 1 230 246 
	 1196 1 230 238 
	 1197 1 230 232 
	 1198 1 231 487 
	 1199 1 231 247 
	 1200 1 231 239 
	 1201 1 231 232 
	 1202 1 232 488 
	 1203 1 232 248 
	 1204 1 232 240 
	 1205 1 233 489 
	 1206 1 233 249 
	 1207 1 233 237 
	 1208 1 233 235 
	 1209 1 233 234 
	 1210 1 234 490 
	 1211 1 234 250 
	 1212 1 234 238 
	 1213 1 234 236 
	 1214 1 235 491 
	 1215 1 235 251 
	 1216 1 235 239 
	 1217 1 235 236 
	 1218 1 236 492 
	 1219 1 236 252 
	 1220 1 236 240 
	 1221 1 237 493 
	 1222 1 237 253 
	 1223 1 237 239 
	 1224 1 237 238 
	 1225 1 238 494 
	 1226 1 238 254 
	 1227 1 238 240 
	 1228 1 239 495 
	 1229 1 239 255 
	 1230 1 239 240 
	 1231 1 240 496 
	 1232 1 240 256 
	 1233 1 241 497 
	 1234 1 241 249 
	 1235 1 241 245 
	 1236 1 241 243 
	 1237 1 241 242 
	 1238 1 242 498 
	 1239 1 242 250 
	 1240 1 242 246 
	 1241 1 242 244 
	 1242 1 243 499 
	 1243 1 243 251 
	 1244 1 243 247 
	 1245 1 243 244 
	 1246 1 244 500 
	 1247 1 244 252 
	 1248 1 244 248 
	 1249 1 245 501 
	 1250 1 245 253 
	 1251 1 245 247 
	 1252 1 245 246 
	 1253 1 246 502 
	 1254 1 246 254 
	 1255 1 246 248 
	 1256 1 247 503 
	 1257 1 247 255 
	 1258 1 247 248 
	 1259 1 248 504 
	 1260 1 248 256 
	 1261 1 249 505 
	 1262 1 249 253 
	 1263 1 249 251 
	 1264 1 249 250 
	 1265 1 250 506 
	 1266 1 250 254 
	 1267 1 250 252 
	 1268 1 251 507 
	 1269 1 251 255 
	 1270 1 251 252 
	 1271 1 252 508 
	 1272 1 252 256 
	 1273 1 253 509 
	 1274 1 253 255 
	 1275 1 253 254 
	 1276 1 254 510 
	 1277 1 254 256 
	 1278 1 255 511 
	 1279 1 255 256 
	 1280 1 256 512 
	 1281 1 257 385 
	 1282 1 257 321 
	 1283 1 257 289 
	 1284 1 257 273 
	 1285 1 257 265 
	 1286 1 257 261 
	 1287 1 257 259 
	 1288 1 257 258 
	 1289 1 258 386 
	 1290 1 258 322 
	 1291 1 258 290 
	 1292 1 258 274 
	 1293 1 258 266 
	 1294 1 258 262 
	 1295 1 258 260 
	 1296 1 259 387 
	 1297 1 259 323 
	 1298 1 259 291 
	 1299 1 259 275 
	 1300 1 259 267 
	 1301 1 259 263 
	 1302 1 259 260 
	 1303 1 260 388 
	 1304 1 260 324 
	 1305 1 260 292 
	 1306 1 260 276 
	 1307 1 260 268 
	 1308 1 260 264 
	 1309 1 261 389 
	 1310 1 261 325 
	 1311 1 261 293 
	 1312 1 261 277 
	 1313 1 261 269 
	 1314 1 261 263 
	 1315 1 261 262 
	 1316 1 262 390 
	 1317 1 262 326 
	 1318 1 262 294 
	 1319 1 262 278 
	 1320 1 262 270 
	 1321 1 262 264 
	 1322 1 263 391 
	 1323 1 263 327 
	 1324 1 263 295 
	 1325 1 263 279 
	 1326 1 263 271 
	 1327 1 263 264 
	 1328 1 264 392 
	 1329 1 264 328 
	 1330 1 264 296 
	 1331 1 264 280 
	 1332 1 264 272 
	 1333 1 265 393 
	 1334 1 265 329 
	 1335 1 265 297 
	 1336 1 265 281 
	 1337 1 265 269 
	 1338 1 265 267 
	 1339 1 265 266 
	 1340 1 266 394 
	 1341 1 266 330 
	 1342 1 266 298 
	 1343 1 266 282 
	 1344 1 266 270 
	 1345 1 266 268 
	 1346 1 267 395 
	 1347 1 267 331 
	 1348 1 267 299 
	 1349 1 267 283 
	 1350 1 267 271 
	 1351 1 267 268 
	 1352 1 268 396 
	 1353 1 268 332 
	 1354 1 268 300 
	 1355 1 268 284 
	 1356 1 268 272 
	 1357 1 269 397 
	 1358 1 269 333 
	 1359 1 269 301 
	 1360 1 269 285 
	 1361 1 269 271 
	 1362 1 269 270 
	 1363 1 270 398 
	 1364 1 270 334 
	 1365 1 270 302 
	 1366 1 270 286 
	 1367 1 270 272 
	 1368 1 271 399 
	 1369 1 271 335 
	 1370 1 271 303 
	 1371 1 271 287 
	 1372 1 271 272 
	 1373 1 272 400 
	 1374 1 272 336 
	 1375 1 272 304 
	 1376 1 272 288 
	 1377 1 273 401 
	 1378 1 273 337 
	 1379 1 273 305 
	 1380 1 273 281 
	 1381 1 273 277 
	 1382 1 273 275 
	 1383 1 273 274 
	 1384 1 274 402 
	 1385 1 274 338 
	 1386 1 274 306 
	 1387 1 274 282 
	 1388 1 274 278 
	 1389 1 274 276 
	 1390 1 275 403 
	 1391 1 275 339 
	 1392 1 275 307 
	 1393 1 275 283 
	 1394 1 275 279 
	 1395 1 275 276 
	 1396 1 276 404 
	 1397 1 276 340 
	 1398 1 276 308 
	 1399 1 276 284 
	 1400 1 276 280 
	 1401 1 277 405 
	 1402 1 277 341 
	 1403 1 277 309 
	 1404 1 277 285 
	 1405 1 277 279 
	 1406 1 277 278 
	 1407 1 278 406 
	 1408 1 278 342 
	 1409 1 278 310 
	 1410 1 278 286 
	 1411 1 278 280 
	 1412 1 279 407 
	 1413 1 279 343 
	 1414 1 279 311 
	 1415 1 279 287 
	 1416 1 279 280 
	 1417 1 280 408 
	 1418 1 280 344 
	 1419 1 280 312 
	 1420 1 280 288 
	 1421 1 281 409 
	 1422 1 281 345 
	 1423 1 281 313 
	 1424 1 281 285 
	 1425 1 281 283 
	 1426 1 281 282 
	 1427 1 282 410 
	 1428 1 282 346 
	 1429 1 282 314 
	 1430 1 282 286 
	 1431 1 282 284 
	 1432 1 283 411 
	 1433 1 283 347 
	 1434 1 283 315 
	 1435 1 283 287 
	 1436 1 283 284 
	 1437 1 284 412 
	 1438 1 284 348 
	 1439 1 284 316 
	 1440 1 284 288 
	 1441 1 285 413 
	 1442 1 285 349 
	 1443 1 285 317 
	 1444 1 285 287 
	 1445 1 285 286 
	 1446 1 286 414 
	 1447 1 286 350 
	 1448 1 286 318 
	 1449 1 286 288 
	 1450 1 287 415 
	 1451 1 287 351 
	 1452 1 287 319 
	 1453 1 287 288 
	 1454 1 288 416 
	 1455 1 288 352 
	 1456 1 288 320 
	 1457 1 289 417 
	 1458 1 289 353 
	 1459 1 289 305 
	 1460 1 289 297 
	 1461 1 289 293 
	 1462 1 289 291 
	 1463 1 289 290 
	 1464 1 290 418 
	 1465 1 290 354 
	 1466 1 290 306 
	 1467 1 290 298 
	 1468 1 290 294 
	 1469 1 290 292 
	 1470 1 291 419 
	 1471 1 291 355 
	 1472 1 291 307 
	 1473 1 291 299 
	 1474 1 291 295 
	 1475 1 291 292 
	 1476 1 292 420 
	 1477 1 292 356 
	 1478 1 292 308 
	 1479 1 292 300 
	 1480 1 292 296 
	 1481 1 293 421 
	 1482 1 293 357 
	 1483 1 293 309 
	 1484 1 293 301 
	 1485 1 293 295 
	 1486 1 293 294 
	 1487 1 294 422 
	 1488 1 294 358 
	 1489 1 294 310 
	 1490 1 294 302 
	 1491 1 294 296 
	 1492 1 295 423 
	 1493 1 295 359 
	 1494 1 295 311 
	 1495 1 295 303 
	 1496 1 295 296 
	 1497 1 296 424 
	 1498 1 296 360 
	 1499 1 296 312 
	 1500 1 296 304 
	 1501 1 297 425 
	 1502 1 297 361 
	 1503 1 297 313 
	 1504 1 297 301 
	 1505 1 297 299 
	 1506 1 297 298 
	 1507 1 298 426 
	 1508 1 298 362 
	 1509 1 298 314 
	 1510 1 298 302 
	 1511 1 298 300 
	 1512 1 299 427 
	 1513 1 299 363 
	 1514 1 299 315 
	 1515 1 299 303 
	 1516 1 299 300 
	 1517 1 300 428 
	 1518 1 300 364 
	 1519 1 300 316 
	 1520 1 300 304 
	 1521 1 301 429 
	 1522 1 301 365 
	 1523 1 301 317 
	 1524 1 301 303 
	 1525 1 301 302 
	 1526 1 302 430 
	 1527 1 302 366 
	 1528 1 302 318 
	 1529 1 302 304 
	 1530 1 303 431 
	 1531 1 303 367 
	 1532 1 303 319 
	 1533 1 303 304 
	 1534 1 304 432 
	 1535 1 304 368 
	 1536 1 304 320 
	 1537 1 305 433 
	 1538 1 305 369 
	 1539 1 305 313 
	 1540 1 305 309 
	 1541 1 305 307 
	 1542 1 305 306 
	 1543 1 306 434 
	 1544 1 306 370 
	 1545 1 306 314 
	 1546 1 306 310 
	 1547 1 306 308 
	 1548 1 307 435 
	 1549 1 307 371 
	 1550 1 307 315 
	 1551 1 307 311 
	 1552 1 307 308 
	 1553 1 308 436 
	 1554 1 308 372 
	 1555 1 308 316 
	 1556 1 308 312 
	 1557 1 309 437 
	 1558 1 309 373 
	 1559 1 309 317 
	 1560 1 309 311 
	 1561 1 309 310 
	 1562 1 310 438 
	 1563 1 310 374 
	 1564 1 310 318 
	 1565 1 310 312 
	 1566 1 311 439 
	 1567 1 311 375 
	 1568 1 311 319 
	 1569 1 311 312 
	 1570 1 312 440 
	 1571 1 312 376 
	 1572 1 312 320 
	 1573 1 313 441 
	 1574 1 313 377 
	 1575 1 313 317 
	 1576 1 313 315 
	 1577 1 313 314 
	 1578 1 314 442 
	 1579 1 314 378 
	 1580 1 314 318 
	 1581 1 314 316 
	 1582 1 315 443 
	 1583 1 315 379 
	 1584 1 315 319 
	 1585 1 315 316 
	 1586 1 316 444 
	 1587 1 316 380 
	 1588 1 316 320 
	 1589 1 317 445 
	 1590 1 317 381 
	 1591 1 317 319 
	 1592 1 317 318 
	 1593 1 318 446 
	 1594 1 318 382 
	 1595 1 318 320 
	 1596 1 319 447 
	 1597 1 319 383 
	 1598 1 319 320 
	 1599 1 320 448 
	 1600 1 320 384 
	 1601 1 321 449 
	 1602 1 321 353 
	 1603 1 321 337 
	 1604 1 321 329 
	 1605 1 321 325 
	 1606 1 321 323 
	 1607 1 321 322 
	 1608 1 322 450 
	 1609 1 322 354 
	 1610 1 322 338 
	 1611 1 322 330 
	 1612 1 322 326 
	 1613 1 322 324 
	 1614 1 323 451 
	 1615 1 323 355 
	 1616 1 323 339 
	 1617 1 323 331 
	 1618 1 323 327 
	 1619 1 323 324 
	 1620 1 324 452 
	 1621 1 324 356 
	 1622 1 324 340 
	 1623 1 324 332 
	 1624 1 324 328 
	 1625 1 325 453 
	 1626 1 325 357 
	 1627 1 325 341 
	 1628 1 325 333 
	 1629 1 325 327 
	 1630 1 325 326 
	 1631 1 326 454 
	 1632 1 326 358 
	 1633 1 326 342 
	 1634 1 326 334 
	 1635 1 326 328 
	 1636 1 327 455 
	 1637 1 327 359 
	 1638 1 327 343 
	 1639 1 327 335 
	 1640 1 327 328 
	 1641 1 328 456 
	 1642 1 328 360 
	 1643 1 328 344 
	 1644 1 328 336 
	 1645 1 329 457 
	 1646 1 329 361 
	 1647 1 329 345 
	 1648 1 329 333 
	 1649 1 329 331 
	 1650 1 329 330 
	 1651 1 330 458 
	 1652 1 330 362 
	 1653 1 330 346 
	 1654 1 330 334 
	 1655 1 330 332 
	 1656 1 331 459 
	 1657 1 331 363 
	 1658 1 331 347 
	 1659 1 331 335 
	 1660 1 331 332 
	 1661 1 332 460 
	 1662 1 332 364 
	 1663 1 332 348 
	 1664 1 332 336 
	 1665 1 333 461 
	 1666 1 333 365 
	 1667 1 333 349 
	 1668 1 333 335 
	 1669 1 333 334 
	 1670 1 334 462 
	 1671 1 334 366 
	 1672 1 334 350 
	 1673 1 334 336 
	 1674 1 335 463 
	 1675 1 335 367 
	 1676 1 335 351 
	 1677 1 335 336 
	 1678 1 336 464 
	 1679 1 336 368 
	 1680 1 336 352 
	 1681 1 337 465 
	 1682 1 337 369 
	 1683 1 337 345 
	 1684 1 337 341 
	 1685 1 337 339 
	 1686 1 337 338 
	 1687 1 338 466 
	 1688 1 338 370 
	 1689 1 338 346 
	 1690 1 338 342 
	 1691 1 338 340 
	 1692 1 339 467 
	 1693 1 339 371 
	 1694 1 339 347 
	 1695 1 339 343 
	 1696 1 339 340 
	 1697 1 340 468 
	 1698 1 340 372 
	 1699 1 340 348 
	 1700 1 340 344 
	 1701 1 341 469 
	 1702 1 341 373 
	 1703 1 341 349 
	 1704 1 341 343 
	 1705 1 341 342 
	 1706 1 342 470 
	 1707 1 342 374 
	 1708 1 342 350 
	 1709 1 342 344 
	 1710 1 343 471 
	 1711 1 343 375 
	 1712 1 343 351 
	 1713 1 343 344 
	 1714 1 344 472 
	 1715 1 344 376 
	 1716 1 344 352 
	 1717 1 345 473 
	 1718 1 345 377 
	 1719 1 345 349 
	 1720 1 345 347 
	 1721 1 345 346 
	 1722 1 346 474 
	 1723 1 346 378 
	 1724 1 346 350 
	 1725 1 346 348 
	 1726 1 347 475 
	 1727 1 347 379 
	 1728 1 347 351 
	 1729 1 347 348 
	 1730 1 348 476 
	 1731 1 348 380 
	 1732 1 348 352 
	 1733 1 349 477 
	 1734 1 349 381 
	 1735 1 349 351 
	 1736 1 349 350 
	 1737 1 350 478 
	 1738 1 350 382 
	 1739 1 350 352 
	 1740 1 351 479 
	 1741 1 351 383 
	 1742 1 351 352 
	 1743 1 352 480 
	 1744 1 352 384 
	 1745 1 353 481 
	 1746 1 353 369 
	 1747 1 353 361 
	 1748 1 353 357 
	 1749 1 353 355 
	 1750 1 353 354 
	 1751 1 354 482 
	 1752 1 354 370 
	 1753 1 354 362 
	 1754 1 354 358 
	 1755 1 354 356 
	 1756 1 355 483 
	 1757 1 355 371 
	 1758 1 355 363 
	 1759 1 355 359 
	 1760 1 355 356 
	 1761 1 356 484 
	 1762 1 356 372 
	 1763 1 356 364 
	 1764 1 356 360 
	 1765 1 357 485 
	 1766 1 357 373 
	 1767 1 357 365 
	 1768 1 357 359 
	 1769 1 357 358 
	 1770 1 358 486 
	 1771 1 358 374 
	 1772 1 358 366 
	 1773 1 358 360 
	 1774 1 359 487 
	 1775 1 359 375 
	 1776 1 359 367 
	 1777 1 359 360 
	 1778 1 360 488 
	 1779 1 360 376 
	 1780 1 360 368 
	 1781 1 361 489 
	 1782 1 361 377 
	 1783 1 361 365 
	 1784 1 361 363 
	 1785 1 361 362 
	 1786 1 362 490 
	 1787 1 362 378 
	 1788 1 362 366 
	 1789 1 362 364 
	 1790 1 363 491 
	 1791 1 363 379 
	 1792 1 363 367 
	 1793 1 363 364 
	 1794 1 364 492 
	 1795 1 364 380 
	 1796 1 364 368 
	 1797 1 365 493 
	 1798 1 365 381 
	 1799 1 365 367 
	 1800 1 365 366 
	 1801 1 366 494 
	 1802 1 366 382 
	 1803 1 366 368 
	 1804 1 367 495 
	 1805 1 367 383 
	 1806 1 367 368 
	 1807 1 368 496 
	 1808 1 368 384 
	 1809 1 369 497 
	 1810 1 369 377 
	 1811 1 369 373 
	 1812 1 369 371 
	 1813 1 369 370 
	 1814 1 370 498 
	 1815 1 370 378 
	 1816 1 370 374 
	 1817 1 370 372 
	 1818 1 371 499 
	 1819 1 371 379 
	 1820 1 371 375 
	 1821 1 371 372 
	 1822 1 372 500 
	 1823 1 372 380 
	 1824 1 372 376 
	 1825 1 373 501 
	 1826 1 373 381 
	 1827 1 373 375 
	 1828 1 373 374 
	 1829 1 374 502 
	 1830 1 374 382 
	 1831 1 374 376 
	 1832 1 375 503 
	 1833 1 375 383 
	 1834 1 375 376 
	 1835 1 376 504 
	 1836 1 376 384 
	 1837 1 377 505 
	 1838 1 377 381 
	 1839 1 377 379 
	 1840 1 377 378 
	 1841 1 378 506 
	 1842 1 378 382 
	 1843 1 378 380 
	 1844 1 379 507 
	 1845 1 379 383 
	 1846 1 379 380 
	 1847 1 380 508 
	 1848 1 380 384 
	 1849 1 381 509 
	 1850 1 381 383 
	 1851 1 381 382 
	 1852 1 382 510 
	 1853 1 382 384 
	 1854 1 383 511 
	 1855 1 383 384 
	 1856 1 384 512 
	 1857 1 385 449 
	 1858 1 385 417 
	 1859 1 385 401 
	 1860 1 385 393 
	 1861 1 385 389 
	 1862 1 385 387 
	 1863 1 385 386 
	 1864 1 386 450 
	 1865 1 386 418 
	 1866 1 386 402 
	 1867 1 386 394 
	 1868 1 386 390 
	 1869 1 386 388 
	 1870 1 387 451 
	 1871 1 387 419 
	 1872 1 387 403 
	 1873 1 387 395 
	 1874 1 387 391 
	 1875 1 387 388 
	 1876 1 388 452 
	 1877 1 388 420 
	 1878 1 388 404 
	 1879 1 388 396 
	 1880 1 388 392 
	 1881 1 389 453 
	 1882 1 389 421 
	 1883 1 389 405 
	 1884 1 389 397 
	 1885 1 389 391 
	 1886 1 389 390 
	 1887 1 390 454 
	 1888 1 390 422 
	 1889 1 390 406 
	 1890 1 390 398 
	 1891 1 390 392 
	 1892 1 391 455 
	 1893 1 391 423 
	 1894 1 391 407 
	 1895 1 391 399 
	 1896 1 391 392 
	 1897 1 392 456 
	 1898 1 392 424 
	 1899 1 392 408 
	 1900 1 392 400 
	 1901 1 393 457 
	 1902 1 393 425 
	 1903 1 393 409 
	 1904 1 393 397 
	 1905 1 393 395 
	 1906 1 393 394 
	 1907 1 394 458 
	 1908 1 394 426 
	 1909 1 394 410 
	 1910 1 394 398 
	 1911 1 394 396 
	 1912 1 395 459 
	 1913 1 395 427 
	 1914 1 395 411 
	 1915 1 395 399 
	 1916 1 395 396 
	 1917 1 396 460 
	 1918 1 396 428 
	 1919 1 396 412 
	 1920 1 396 400 
	 1921 1 397 461 
	 1922 1 397 429 
	 1923 1 397 413 
	 1924 1 397 399 
	 1925 1 397 398 
	 1926 1 398 462 
	 1927 1 398 430 
	 1928 1 398 414 
	 1929 1 398 400 
	 1930 1 399 463 
	 1931 1 399 431 
	 1932 1 399 415 
	 1933 1 399 400 
	 1934 1 400 464 
	 1935 1 400 432 
	 1936 1 400 416 
	 1937 1 401 465 
	 1938 1 401 433 
	 1939 1 401 409 
	 1940 1 401 405 
	 1941 1 401 403 
	 1942 1 401 402 
	 1943 1 402 466 
	 1944 1 402 434 
	 1945 1 402 410 
	 1946 1 402 406 
	 1947 1 402 404 
	 1948 1 403 467 
	 1949 1 403 435 
	 1950 1 403 411 
	 1951 1 403 407 
	 1952 1 403 404 
	 1953 1 404 468 
	 1954 1 404 436 
	 1955 1 404 412 
	 1956 1 404 408 
	 1957 1 405 469 
	 1958 1 405 437 
	 1959 1 405 413 
	 1960 1 405 407 
	 1961 1 405 406 
	 1962 1 406 470 
	 1963 1 406 438 
	 1964 1 406 414 
	 1965 1 406 408 
	 1966 1 407 471 
	 1967 1 407 439 
	 1968 1 407 415 
	 1969 1 407 408 
	 1970 1 408 472 
	 1971 1 408 440 
	 1972 1 408 416 
	 1973 1 409 473 
	 1974 1 409 441 
	 1975 1 409 413 
	 1976 1 409 411 
	 1977 1 409 410 
	 1978 1 410 474 
	 1979 1 410 442 
	 1980 1 410 414 
	 1981 1 410 412 
	 1982 1 411 475 
	 1983 1 411 443 
	 1984 1 411 415 
	 1985 1 411 412 
	 1986 1 412 476 
	 1987 1 412 444 
	 1988 1 412 416 
	 1989 1 413 477 
	 1990 1 413 445 
	 1991 1 413 415 
	 1992 1 413 414 
	 1993 1 414 478 
	 1994 1 414 446 
	 1995 1 414 416 
	 1996 1 415 479 
	 1997 1 415 447 
	 1998 1 415 416 
	 1999 1 416 480 
	 2000 1 416 448 
	 2001 1 417 481 
	 2002 1 417 433 
	 2003 1 417 425 
	 2004 1 417 421 
	 2005 1 417 419 
	 2006 1 417 418 
	 2007 1 418 482 
	 2008 1 418 434 
	 2009 1 418 426 
	 2010 1 418 422 
	 2011 1 418 420 
	 2012 1 419 483 
	 2013 1 419 435 
	 2014 1 419 427 
	 2015 1 419 423 
	 2016 1 419 420 
	 2017 1 420 484 
	 2018 1 420 436 
	 2019 1 420 428 
	 2020 1 420 424 
	 2021 1 421 485 
	 2022 1 421 437 
	 2023 1 421 429 
	 2024 1 421 423 
	 2025 1 421 422 
	 2026 1 422 486 
	 2027 1 422 438 
	 2028 1 422 430 
	 2029 1 422 424 
	 2030 1 423 487 
	 2031 1 423 439 
	 2032 1 423 431 
	 2033 1 423 424 
	 2034 1 424 488 
	 2035 1 424 440 
	 2036 1 424 432 
	 2037 1 425 489 
	 2038 1 425 441 
	 2039 1 425 429 
	 2040 1 425 427 
	 2041 1 425 426 
	 2042 1 426 490 
	 2043 1 426 442 
	 2044 1 426 430 
	 2045 1 426 428 
	 2046 1 427 491 
	 2047 1 427 443 
	 2048 1 427 431 
	 2049 1 427 428 
	 2050 1 428 492 
	 2051 1 428 444 
	 2052 1 428 432 
	 2053 1 429 493 
	 2054 1 429 445 
	 2055 1 429 431 
	 2056 1 429 430 
	 2057 1 430 494 
	 2058 1 430 446 
	 2059 1 430 432 
	 2060 1 431 495 
	 2061 1 431 447 
	 2062 1 431 432 
	 2063 1 432 496 
	 2064 1 432 448 
	 2065 1 433 497 
	 2066 1 433 441 
	 2067 1 433 437 
	 2068 1 433 435 
	 2069 1 433 434 
	 2070 1 434 498 
	 2071 1 434 442 
	 2072 1 434 438 
	 2073 1 434 436 
	 2074 1 435 499 
	 2075 1 435 443 
	 2076 1 435 439 
	 2077 1 435 436 
	 2078 1 436 500 
	 2079 1 436 444 
	 2080 1 436 440 
	 2081 1 437 501 
	 2082 1 437 445 
	 2083 1 437 439 
	 2084 1 437 438 
	 2085 1 438 502 
	 2086 1 438 446 
	 2087 1 438 440 
	 2088 1 439 503 
	 2089 1 439 447 
	 2090 1 439 440 
	 2091 1 440 504 
	 2092 1 440 448 
	 2093 1 441 505 
	 2094 1 441 445 
	 2095 1 441 443 
	 2096 1 441 442 
	 2097 1 442 506 
	 2098 1 442 446 
	 2099 1 442 444 
	 2100 1 443 507 
	 2101 1 443 447 
	 2102 1 443 444 
	 2103 1 444 508 
	 2104 1 444 448 
	 2105 1 445 509 
	 2106 1 445 447 
	 2107 1 445 446 
	 2108 1 446 510 
	 2109 1 446 448 
	 2110 1 447 511 
	 2111 1 447 448 
	 2112 1 448 512 
	 2113 1 449 481 
	 2114 1 449 465 
	 2115 1 449 457 
	 2116 1 449 453 
	 2117 1 449 451 
	 2118 1 449 450 
	 2119 1 450 482 
	 2120 1 450 466 
	 2121 1 450 458 
	 2122 1 450 454 
	 2123 1 450 452 
	 2124 1 451 483 
	 2125 1 451 467 
	 2126 1 451 459 
	 2127 1 451 455 
	 2128 1 451 452 
	 2129 1 452 484 
	 2130 1 452 468 
	 2131 1 452 460 
	 2132 1 452 456 
	 2133 1 453 485 
	 2134 1 453 469 
	 2135 1 453 461 
	 2136 1 453 455 
	 2137 1 453 454 
	 2138 1 454 486 
	 2139 1 454 470 
	 2140 1 454 462 
	 2141 1 454 456 
	 2142 1 455 487 
	 2143 1 455 471 
	 2144 1 455 463 
	 2145 1 455 456 
	 2146 1 456 488 
	 2147 1 456 472 
	 2148 1 456 464 
	 2149 1 457 489 
	 2150 1 457 473 
	 2151 1 457 461 
	 2152 1 457 459 
	 2153 1 457 458 
	 2154 1 458 490 
	 2155 1 458 474 
	 2156 1 458 462 
	 2157 1 458 460 
	 2158 1 459 491 
	 2159 1 459 475 
	 2160 1 459 463 
	 2161 1 459 460 
	 2162 1 460 492 
	 2163 1 460 476 
	 2164 1 460 464 
	 2165 1 461 493 
	 2166 1 461 477 
	 2167 1 461 463 
	 2168 1 461 462 
	 2169 1 462 494 
	 2170 1 462 478 
	 2171 1 462 464 
	 2172 1 463 495 
	 2173 1 463 479 
	 2174 1 463 464 
	 2175 1 464 496 
	 2176 1 464 480 
	 2177 1 465 497 
	 2178 1 465 473 
	 2179 1 465 469 
	 2180 1 465 467 
	 2181 1 465 466 
	 2182 1 466 498 
	 2183 1 466 474 
	 2184 1 466 470 
	 2185 1 466 468 
	 2186 1 467 499 
	 2187 1 467 475 
	 2188 1 467 471 
	 2189 1 467 468 
	 2190 1 468 500 
	 2191 1 468 476 
	 2192 1 468 472 
	 2193 1 469 501 
	 2194 1 469 477 
	 2195 1 469 471 
	 2196 1 469 470 
	 2197 1 470 502 
	 2198 1 470 478 
	 2199 1 470 472 
	 2200 1 471 503 
	 2201 1 471 479 
	 2202 1 471 472 
	 2203 1 472 504 
	 2204 1 472 480 
	 2205 1 473 505 
	 2206 1 473 477 
	 2207 1 473 475 
	 2208 1 473 474 
	 2209 1 474 506 
	 2210 1 474 478 
	 2211 1 474 476 
	 2212 1 475 507 
	 2213 1 475 479 
	 2214 1 475 476 
	 2215 1 476 508 
	 2216 1 476 480 
	 2217 1 477 509 
	 2218 1 477 479 
	 2219 1 477 478 
	 2220 1 478 510 
	 2221 1 478 480 
	 2222 1 479 511 
	 2223 1 479 480 
	 2224 1 480 512 
	 2225 1 481 497 
	 2226 1 481 489 
	 2227 1 481 485 
	 2228 1 481 483 
	 2229 1 481 482 
	 2230 1 482 498 
	 2231 1 482 490 
	 2232 1 482 486 
	 2233 1 482 484 
	 2234 1 483 499 
	 2235 1 483 491 
	 2236 1 483 487 
	 2237 1 483 484 
	 2238 1 484 500 
	 2239 1 484 492 
	 2240 1 484 488 
	 2241 1 485 501 
	 2242 1 485 493 
	 2243 1 485 487 
	 2244 1 485 486 
	 2245 1 486 502 
	 2246 1 486 494 
	 2247 1 486 488 
	 2248 1 487 503 
	 2249 1 487 495 
	 2250 1 487 488 
	 2251 1 488 504 
	 2252 1 488 496 
	 2253 1 489 505 
	 2254 1 489 493 
	 2255 1 489 491 
	 2256 1 489 490 
	 2257 1 490 506 
	 2258 1 490 494 
	 2259 1 490 492 
	 2260 1 491 507 
	 2261 1 491 495 
	 2262 1 491 492 
	 2263 1 492 508 
	 2264 1 492 496 
	 2265 1 493 509 
	 2266 1 493 495 
	 2267 1 493 494 
	 2268 1 494 510 
	 2269 1 494 496 
	 2270 1 495 511 
	 2271 1 495 496 
	 2272 1 496 512 
	 2273 1 497 505 
	 2274 1 497 501 
	 2275 1 497 499 
	 2276 1 497 498 
	 2277 1 498 506 
	 2278 1 498 502 
	 2279 1 498 500 
	 2280 1 499 507 
	 2281 1 499 503 
	 2282 1 499 500 
	 2283 1 500 508 
	 2284 1 500 504 
	 2285 1 501 509 
	 2286 1 501 503 
	 2287 1 501 502 
	 2288 1 502 510 
	 2289 1 502 504 
	 2290 1 503 511 
	 2291 1 503 504 
	 2292 1 504 512 
	 2293 1 505 509 
	 2294 1 505 507 
	 2295 1 505 506 
	 2296 1 506 510 
	 2297 1 506 508 
	 2298 1 507 511 
	 2299 1 507 508 
	 2300 1 508 512 
	 2301 1 509 511 
	 2302 1 509 510 
	 2303 1 510 512 
	 2304 1 511 512 
