900 1740
1   977 
2   674 
3   724 
4   818 
5   618 
6   445 
7   483 
8   420 
9   491 
10   250 
11   536 
12    10 
13   455 
14    97 
15   407 
16   367 
17   390 
18   559 
19   336 
20   247 
21   457 
22    99 
23   115 
24    10 
25   120 
26   944 
27   384 
28   635 
29   155 
30   251 
31   493 
32   472 
33   840 
34   678 
35   234 
36   394 
37   982 
38   493 
39   926 
40    12 
41    67 
42   496 
43   398 
44   309 
45   124 
46   270 
47   543 
48    27 
49   677 
50   902 
51   610 
52   134 
53   620 
54   944 
55   747 
56   618 
57   325 
58   604 
59   941 
60   542 
61   747 
62   165 
63   638 
64    52 
65   362 
66   668 
67   852 
68   365 
69    30 
70   898 
71   720 
72    47 
73   527 
74   302 
75    13 
76   462 
77   754 
78   678 
79   657 
80   803 
81   685 
82   488 
83   405 
84   694 
85   332 
86   176 
87   813 
88   831 
89   583 
90   450 
91   440 
92   220 
93   455 
94   925 
95   953 
96   335 
97   321 
98   441 
99   118 
100   767 
101   783 
102   732 
103   707 
104    45 
105   786 
106   558 
107   831 
108   124 
109   255 
110   923 
111   123 
112   226 
113   514 
114   127 
115   426 
116   609 
117   682 
118   630 
119   628 
120   512 
121    77 
122    62 
123   211 
124   223 
125   283 
126   263 
127   610 
128   194 
129   345 
130   788 
131   537 
132   764 
133    36 
134   528 
135   615 
136    12 
137   378 
138   289 
139    19 
140   838 
141   587 
142   285 
143   541 
144   574 
145   408 
146    54 
147   543 
148   389 
149   271 
150   772 
151   495 
152   815 
153   881 
154   101 
155   450 
156   888 
157    50 
158   820 
159    99 
160   135 
161    68 
162   695 
163   979 
164   637 
165   577 
166   286 
167   323 
168    17 
169   657 
170   507 
171   251 
172   903 
173   597 
174   747 
175   950 
176   201 
177   388 
178   415 
179   621 
180   412 
181   920 
182   508 
183   613 
184   679 
185    14 
186   518 
187   929 
188   834 
189   893 
190   863 
191   519 
192   143 
193   156 
194   693 
195   212 
196   187 
197   981 
198   938 
199   722 
200   691 
201   197 
202   812 
203   519 
204   197 
205   101 
206   111 
207   663 
208    77 
209   880 
210   354 
211   488 
212   333 
213   957 
214   324 
215   511 
216   955 
217   548 
218   667 
219   892 
220   456 
221   337 
222   298 
223   356 
224   319 
225   840 
226   977 
227   238 
228   157 
229   427 
230   995 
231   831 
232   944 
233   274 
234   961 
235   702 
236   382 
237   550 
238   827 
239   283 
240   678 
241   615 
242   229 
243   555 
244   253 
245   310 
246   446 
247   738 
248   167 
249   800 
250   569 
251   777 
252   226 
253   376 
254   746 
255   919 
256   228 
257   581 
258   558 
259   166 
260   675 
261   702 
262   600 
263   696 
264   270 
265   738 
266    15 
267    19 
268   180 
269   392 
270   872 
271   258 
272    95 
273   576 
274   718 
275   913 
276   913 
277   201 
278   542 
279   644 
280   786 
281   797 
282   787 
283   824 
284   975 
285   830 
286   709 
287   627 
288   940 
289   460 
290   172 
291   868 
292   252 
293   593 
294   739 
295   769 
296   242 
297   546 
298   338 
299   204 
300   602 
301   888 
302   378 
303   389 
304   333 
305    44 
306   138 
307   876 
308   704 
309   797 
310   646 
311   988 
312   321 
313   911 
314   521 
315   795 
316   883 
317   380 
318   211 
319   440 
320   933 
321   270 
322   138 
323    36 
324   329 
325   670 
326   324 
327   303 
328   600 
329   374 
330    51 
331   450 
332   933 
333   684 
334   894 
335   596 
336   519 
337   794 
338   582 
339   851 
340   373 
341   906 
342   846 
343    39 
344   909 
345    30 
346   805 
347   445 
348   413 
349   627 
350   982 
351   899 
352   361 
353   270 
354   625 
355   754 
356   816 
357   543 
358   727 
359   820 
360    50 
361   391 
362   302 
363   641 
364   713 
365   602 
366   332 
367   482 
368   544 
369   372 
370   592 
371   921 
372   960 
373   501 
374   417 
375   487 
376   838 
377   293 
378   476 
379   163 
380   125 
381    54 
382   630 
383    31 
384   275 
385   706 
386   169 
387   732 
388   235 
389   266 
390   378 
391   749 
392   704 
393    89 
394   180 
395   361 
396   331 
397   972 
398   812 
399   120 
400   563 
401   696 
402   678 
403   368 
404   945 
405   336 
406   346 
407   713 
408   370 
409   336 
410   197 
411   643 
412    25 
413   176 
414   720 
415   928 
416   719 
417    36 
418   616 
419   618 
420   193 
421   878 
422   739 
423   258 
424   648 
425   469 
426   961 
427   834 
428   688 
429   633 
430    43 
431   866 
432   157 
433   259 
434   277 
435   391 
436   436 
437   808 
438   958 
439   307 
440   419 
441   749 
442   663 
443   257 
444   414 
445   831 
446   282 
447   222 
448   960 
449   113 
450   625 
451   715 
452   589 
453    65 
454   811 
455   120 
456   926 
457   858 
458   901 
459   498 
460   469 
461   926 
462   460 
463   850 
464   139 
465   405 
466   144 
467   383 
468   112 
469   690 
470   469 
471   931 
472   459 
473   909 
474   135 
475   733 
476   703 
477   989 
478   429 
479   436 
480   339 
481   750 
482   865 
483   891 
484    84 
485   490 
486   594 
487   991 
488   399 
489   884 
490   630 
491   978 
492   963 
493   624 
494   861 
495    17 
496   673 
497   630 
498   724 
499   385 
500   779 
501   392 
502   446 
503   324 
504   346 
505   820 
506   912 
507   980 
508   521 
509   570 
510   768 
511   276 
512   474 
513   994 
514   790 
515   463 
516   107 
517   747 
518    34 
519   714 
520   945 
521   938 
522   244 
523   877 
524   452 
525   634 
526   690 
527   889 
528   870 
529    79 
530   621 
531   916 
532   870 
533   502 
534   240 
535   429 
536   965 
537    24 
538   696 
539   659 
540   517 
541   867 
542   643 
543    63 
544   608 
545   569 
546   930 
547   695 
548   971 
549    65 
550   951 
551   900 
552   458 
553   901 
554   861 
555    48 
556   686 
557   184 
558   721 
559   783 
560   266 
561   435 
562   989 
563   397 
564   711 
565   637 
566   316 
567   982 
568   242 
569   982 
570   432 
571   787 
572   484 
573   255 
574   332 
575   843 
576   544 
577    58 
578    48 
579   487 
580   917 
581   333 
582   662 
583   547 
584   858 
585   689 
586   567 
587   672 
588   856 
589   398 
590   838 
591   602 
592    52 
593   615 
594   165 
595   784 
596   893 
597   933 
598   102 
599   918 
600   814 
601   201 
602   167 
603   839 
604   771 
605   730 
606   135 
607   129 
608    89 
609   332 
610   108 
611   203 
612   729 
613   608 
614   460 
615   425 
616   368 
617   954 
618   619 
619   269 
620   990 
621   416 
622   359 
623    81 
624   518 
625   218 
626   617 
627   336 
628   200 
629   987 
630   364 
631   977 
632   475 
633   541 
634   430 
635    37 
636   438 
637    86 
638   191 
639   206 
640   791 
641   348 
642   529 
643    33 
644   169 
645    19 
646   744 
647   357 
648   260 
649   497 
650   467 
651    93 
652   408 
653   306 
654    56 
655   764 
656   614 
657    32 
658   413 
659   422 
660   265 
661   789 
662   759 
663   952 
664   671 
665    62 
666   510 
667   985 
668   398 
669   444 
670   530 
671   544 
672   426 
673   355 
674   537 
675   294 
676   594 
677   344 
678   473 
679   496 
680   812 
681   828 
682   219 
683   439 
684   338 
685   770 
686   110 
687   735 
688    55 
689   548 
690   230 
691   497 
692   492 
693    82 
694   114 
695    60 
696   662 
697   313 
698   860 
699   385 
700   724 
701   442 
702   592 
703    57 
704   400 
705   956 
706   589 
707    45 
708   169 
709   725 
710    27 
711   798 
712   413 
713   388 
714   618 
715   279 
716    97 
717   322 
718   982 
719   260 
720   125 
721   449 
722   245 
723   260 
724   715 
725   541 
726   139 
727   572 
728   601 
729   785 
730   684 
731    67 
732   536 
733   859 
734   485 
735   375 
736   330 
737   637 
738   314 
739   710 
740   694 
741   175 
742   913 
743   184 
744   903 
745   894 
746    24 
747   860 
748   972 
749   241 
750   282 
751   603 
752   547 
753   752 
754   565 
755   109 
756   276 
757   411 
758   120 
759   627 
760   329 
761   700 
762   353 
763   655 
764    35 
765   553 
766   163 
767    98 
768   356 
769   994 
770   170 
771   881 
772   934 
773   701 
774   742 
775   957 
776   991 
777   243 
778   821 
779   202 
780   896 
781   962 
782   976 
783    18 
784   318 
785   195 
786   346 
787    65 
788   285 
789   151 
790    54 
791   265 
792    81 
793   911 
794   754 
795   739 
796   102 
797   470 
798   411 
799   526 
800   999 
801   289 
802   169 
803   480 
804   233 
805   440 
806   114 
807   409 
808    99 
809   130 
810   502 
811   496 
812   238 
813   511 
814   181 
815   982 
816    47 
817   940 
818   590 
819    73 
820   469 
821   985 
822   319 
823    27 
824   712 
825   957 
826   925 
827   170 
828   132 
829   591 
830   610 
831   386 
832   203 
833   669 
834   124 
835   767 
836   967 
837   944 
838   454 
839   791 
840   412 
841   121 
842   595 
843   392 
844   171 
845   868 
846   564 
847   994 
848   865 
849   398 
850   685 
851   974 
852   227 
853    96 
854   375 
855   322 
856   431 
857   896 
858   826 
859   103 
860   515 
861    16 
862    93 
863    49 
864    91 
865   901 
866   245 
867   930 
868   409 
869    58 
870   337 
871   433 
872    35 
873   362 
874    78 
875   251 
876   629 
877    89 
878   390 
879   444 
880   579 
881   789 
882   340 
883   598 
884   146 
885   790 
886   992 
887   326 
888   307 
889   754 
890   545 
891   301 
892    56 
893   414 
894   674 
895   367 
896   167 
897   365 
898   202 
899    15 
900   110 
1 31 0 
1 2 0 
2 32 0 
2 3 0 
3 33 0 
3 4 0 
4 34 0 
4 5 0 
5 35 0 
5 6 0 
6 36 0 
6 7 0 
7 37 0 
7 8 0 
8 38 0 
8 9 0 
9 39 0 
9 10 0 
10 40 0 
10 11 0 
11 41 0 
11 12 0 
12 42 0 
12 13 0 
13 43 0 
13 14 0 
14 44 0 
14 15 0 
15 45 0 
15 16 0 
16 46 0 
16 17 0 
17 47 0 
17 18 0 
18 48 0 
18 19 0 
19 49 0 
19 20 0 
20 50 0 
20 21 0 
21 51 0 
21 22 0 
22 52 0 
22 23 0 
23 53 0 
23 24 0 
24 54 0 
24 25 0 
25 55 0 
25 26 0 
26 56 0 
26 27 0 
27 57 0 
27 28 0 
28 58 0 
28 29 0 
29 59 0 
29 30 0 
30 60 0 
31 61 0 
31 32 0 
32 62 0 
32 33 0 
33 63 0 
33 34 0 
34 64 0 
34 35 0 
35 65 0 
35 36 0 
36 66 0 
36 37 0 
37 67 0 
37 38 0 
38 68 0 
38 39 0 
39 69 0 
39 40 0 
40 70 0 
40 41 0 
41 71 0 
41 42 0 
42 72 0 
42 43 0 
43 73 0 
43 44 0 
44 74 0 
44 45 0 
45 75 0 
45 46 0 
46 76 0 
46 47 0 
47 77 0 
47 48 0 
48 78 0 
48 49 0 
49 79 0 
49 50 0 
50 80 0 
50 51 0 
51 81 0 
51 52 0 
52 82 0 
52 53 0 
53 83 0 
53 54 0 
54 84 0 
54 55 0 
55 85 0 
55 56 0 
56 86 0 
56 57 0 
57 87 0 
57 58 0 
58 88 0 
58 59 0 
59 89 0 
59 60 0 
60 90 0 
61 91 0 
61 62 0 
62 92 0 
62 63 0 
63 93 0 
63 64 0 
64 94 0 
64 65 0 
65 95 0 
65 66 0 
66 96 0 
66 67 0 
67 97 0 
67 68 0 
68 98 0 
68 69 0 
69 99 0 
69 70 0 
70 100 0 
70 71 0 
71 101 0 
71 72 0 
72 102 0 
72 73 0 
73 103 0 
73 74 0 
74 104 0 
74 75 0 
75 105 0 
75 76 0 
76 106 0 
76 77 0 
77 107 0 
77 78 0 
78 108 0 
78 79 0 
79 109 0 
79 80 0 
80 110 0 
80 81 0 
81 111 0 
81 82 0 
82 112 0 
82 83 0 
83 113 0 
83 84 0 
84 114 0 
84 85 0 
85 115 0 
85 86 0 
86 116 0 
86 87 0 
87 117 0 
87 88 0 
88 118 0 
88 89 0 
89 119 0 
89 90 0 
90 120 0 
91 121 0 
91 92 0 
92 122 0 
92 93 0 
93 123 0 
93 94 0 
94 124 0 
94 95 0 
95 125 0 
95 96 0 
96 126 0 
96 97 0 
97 127 0 
97 98 0 
98 128 0 
98 99 0 
99 129 0 
99 100 0 
100 130 0 
100 101 0 
101 131 0 
101 102 0 
102 132 0 
102 103 0 
103 133 0 
103 104 0 
104 134 0 
104 105 0 
105 135 0 
105 106 0 
106 136 0 
106 107 0 
107 137 0 
107 108 0 
108 138 0 
108 109 0 
109 139 0 
109 110 0 
110 140 0 
110 111 0 
111 141 0 
111 112 0 
112 142 0 
112 113 0 
113 143 0 
113 114 0 
114 144 0 
114 115 0 
115 145 0 
115 116 0 
116 146 0 
116 117 0 
117 147 0 
117 118 0 
118 148 0 
118 119 0 
119 149 0 
119 120 0 
120 150 0 
121 151 0 
121 122 0 
122 152 0 
122 123 0 
123 153 0 
123 124 0 
124 154 0 
124 125 0 
125 155 0 
125 126 0 
126 156 0 
126 127 0 
127 157 0 
127 128 0 
128 158 0 
128 129 0 
129 159 0 
129 130 0 
130 160 0 
130 131 0 
131 161 0 
131 132 0 
132 162 0 
132 133 0 
133 163 0 
133 134 0 
134 164 0 
134 135 0 
135 165 0 
135 136 0 
136 166 0 
136 137 0 
137 167 0 
137 138 0 
138 168 0 
138 139 0 
139 169 0 
139 140 0 
140 170 0 
140 141 0 
141 171 0 
141 142 0 
142 172 0 
142 143 0 
143 173 0 
143 144 0 
144 174 0 
144 145 0 
145 175 0 
145 146 0 
146 176 0 
146 147 0 
147 177 0 
147 148 0 
148 178 0 
148 149 0 
149 179 0 
149 150 0 
150 180 0 
151 181 0 
151 152 0 
152 182 0 
152 153 0 
153 183 0 
153 154 0 
154 184 0 
154 155 0 
155 185 0 
155 156 0 
156 186 0 
156 157 0 
157 187 0 
157 158 0 
158 188 0 
158 159 0 
159 189 0 
159 160 0 
160 190 0 
160 161 0 
161 191 0 
161 162 0 
162 192 0 
162 163 0 
163 193 0 
163 164 0 
164 194 0 
164 165 0 
165 195 0 
165 166 0 
166 196 0 
166 167 0 
167 197 0 
167 168 0 
168 198 0 
168 169 0 
169 199 0 
169 170 0 
170 200 0 
170 171 0 
171 201 0 
171 172 0 
172 202 0 
172 173 0 
173 203 0 
173 174 0 
174 204 0 
174 175 0 
175 205 0 
175 176 0 
176 206 0 
176 177 0 
177 207 0 
177 178 0 
178 208 0 
178 179 0 
179 209 0 
179 180 0 
180 210 0 
181 211 0 
181 182 0 
182 212 0 
182 183 0 
183 213 0 
183 184 0 
184 214 0 
184 185 0 
185 215 0 
185 186 0 
186 216 0 
186 187 0 
187 217 0 
187 188 0 
188 218 0 
188 189 0 
189 219 0 
189 190 0 
190 220 0 
190 191 0 
191 221 0 
191 192 0 
192 222 0 
192 193 0 
193 223 0 
193 194 0 
194 224 0 
194 195 0 
195 225 0 
195 196 0 
196 226 0 
196 197 0 
197 227 0 
197 198 0 
198 228 0 
198 199 0 
199 229 0 
199 200 0 
200 230 0 
200 201 0 
201 231 0 
201 202 0 
202 232 0 
202 203 0 
203 233 0 
203 204 0 
204 234 0 
204 205 0 
205 235 0 
205 206 0 
206 236 0 
206 207 0 
207 237 0 
207 208 0 
208 238 0 
208 209 0 
209 239 0 
209 210 0 
210 240 0 
211 241 0 
211 212 0 
212 242 0 
212 213 0 
213 243 0 
213 214 0 
214 244 0 
214 215 0 
215 245 0 
215 216 0 
216 246 0 
216 217 0 
217 247 0 
217 218 0 
218 248 0 
218 219 0 
219 249 0 
219 220 0 
220 250 0 
220 221 0 
221 251 0 
221 222 0 
222 252 0 
222 223 0 
223 253 0 
223 224 0 
224 254 0 
224 225 0 
225 255 0 
225 226 0 
226 256 0 
226 227 0 
227 257 0 
227 228 0 
228 258 0 
228 229 0 
229 259 0 
229 230 0 
230 260 0 
230 231 0 
231 261 0 
231 232 0 
232 262 0 
232 233 0 
233 263 0 
233 234 0 
234 264 0 
234 235 0 
235 265 0 
235 236 0 
236 266 0 
236 237 0 
237 267 0 
237 238 0 
238 268 0 
238 239 0 
239 269 0 
239 240 0 
240 270 0 
241 271 0 
241 242 0 
242 272 0 
242 243 0 
243 273 0 
243 244 0 
244 274 0 
244 245 0 
245 275 0 
245 246 0 
246 276 0 
246 247 0 
247 277 0 
247 248 0 
248 278 0 
248 249 0 
249 279 0 
249 250 0 
250 280 0 
250 251 0 
251 281 0 
251 252 0 
252 282 0 
252 253 0 
253 283 0 
253 254 0 
254 284 0 
254 255 0 
255 285 0 
255 256 0 
256 286 0 
256 257 0 
257 287 0 
257 258 0 
258 288 0 
258 259 0 
259 289 0 
259 260 0 
260 290 0 
260 261 0 
261 291 0 
261 262 0 
262 292 0 
262 263 0 
263 293 0 
263 264 0 
264 294 0 
264 265 0 
265 295 0 
265 266 0 
266 296 0 
266 267 0 
267 297 0 
267 268 0 
268 298 0 
268 269 0 
269 299 0 
269 270 0 
270 300 0 
271 301 0 
271 272 0 
272 302 0 
272 273 0 
273 303 0 
273 274 0 
274 304 0 
274 275 0 
275 305 0 
275 276 0 
276 306 0 
276 277 0 
277 307 0 
277 278 0 
278 308 0 
278 279 0 
279 309 0 
279 280 0 
280 310 0 
280 281 0 
281 311 0 
281 282 0 
282 312 0 
282 283 0 
283 313 0 
283 284 0 
284 314 0 
284 285 0 
285 315 0 
285 286 0 
286 316 0 
286 287 0 
287 317 0 
287 288 0 
288 318 0 
288 289 0 
289 319 0 
289 290 0 
290 320 0 
290 291 0 
291 321 0 
291 292 0 
292 322 0 
292 293 0 
293 323 0 
293 294 0 
294 324 0 
294 295 0 
295 325 0 
295 296 0 
296 326 0 
296 297 0 
297 327 0 
297 298 0 
298 328 0 
298 299 0 
299 329 0 
299 300 0 
300 330 0 
301 331 0 
301 302 0 
302 332 0 
302 303 0 
303 333 0 
303 304 0 
304 334 0 
304 305 0 
305 335 0 
305 306 0 
306 336 0 
306 307 0 
307 337 0 
307 308 0 
308 338 0 
308 309 0 
309 339 0 
309 310 0 
310 340 0 
310 311 0 
311 341 0 
311 312 0 
312 342 0 
312 313 0 
313 343 0 
313 314 0 
314 344 0 
314 315 0 
315 345 0 
315 316 0 
316 346 0 
316 317 0 
317 347 0 
317 318 0 
318 348 0 
318 319 0 
319 349 0 
319 320 0 
320 350 0 
320 321 0 
321 351 0 
321 322 0 
322 352 0 
322 323 0 
323 353 0 
323 324 0 
324 354 0 
324 325 0 
325 355 0 
325 326 0 
326 356 0 
326 327 0 
327 357 0 
327 328 0 
328 358 0 
328 329 0 
329 359 0 
329 330 0 
330 360 0 
331 361 0 
331 332 0 
332 362 0 
332 333 0 
333 363 0 
333 334 0 
334 364 0 
334 335 0 
335 365 0 
335 336 0 
336 366 0 
336 337 0 
337 367 0 
337 338 0 
338 368 0 
338 339 0 
339 369 0 
339 340 0 
340 370 0 
340 341 0 
341 371 0 
341 342 0 
342 372 0 
342 343 0 
343 373 0 
343 344 0 
344 374 0 
344 345 0 
345 375 0 
345 346 0 
346 376 0 
346 347 0 
347 377 0 
347 348 0 
348 378 0 
348 349 0 
349 379 0 
349 350 0 
350 380 0 
350 351 0 
351 381 0 
351 352 0 
352 382 0 
352 353 0 
353 383 0 
353 354 0 
354 384 0 
354 355 0 
355 385 0 
355 356 0 
356 386 0 
356 357 0 
357 387 0 
357 358 0 
358 388 0 
358 359 0 
359 389 0 
359 360 0 
360 390 0 
361 391 0 
361 362 0 
362 392 0 
362 363 0 
363 393 0 
363 364 0 
364 394 0 
364 365 0 
365 395 0 
365 366 0 
366 396 0 
366 367 0 
367 397 0 
367 368 0 
368 398 0 
368 369 0 
369 399 0 
369 370 0 
370 400 0 
370 371 0 
371 401 0 
371 372 0 
372 402 0 
372 373 0 
373 403 0 
373 374 0 
374 404 0 
374 375 0 
375 405 0 
375 376 0 
376 406 0 
376 377 0 
377 407 0 
377 378 0 
378 408 0 
378 379 0 
379 409 0 
379 380 0 
380 410 0 
380 381 0 
381 411 0 
381 382 0 
382 412 0 
382 383 0 
383 413 0 
383 384 0 
384 414 0 
384 385 0 
385 415 0 
385 386 0 
386 416 0 
386 387 0 
387 417 0 
387 388 0 
388 418 0 
388 389 0 
389 419 0 
389 390 0 
390 420 0 
391 421 0 
391 392 0 
392 422 0 
392 393 0 
393 423 0 
393 394 0 
394 424 0 
394 395 0 
395 425 0 
395 396 0 
396 426 0 
396 397 0 
397 427 0 
397 398 0 
398 428 0 
398 399 0 
399 429 0 
399 400 0 
400 430 0 
400 401 0 
401 431 0 
401 402 0 
402 432 0 
402 403 0 
403 433 0 
403 404 0 
404 434 0 
404 405 0 
405 435 0 
405 406 0 
406 436 0 
406 407 0 
407 437 0 
407 408 0 
408 438 0 
408 409 0 
409 439 0 
409 410 0 
410 440 0 
410 411 0 
411 441 0 
411 412 0 
412 442 0 
412 413 0 
413 443 0 
413 414 0 
414 444 0 
414 415 0 
415 445 0 
415 416 0 
416 446 0 
416 417 0 
417 447 0 
417 418 0 
418 448 0 
418 419 0 
419 449 0 
419 420 0 
420 450 0 
421 451 0 
421 422 0 
422 452 0 
422 423 0 
423 453 0 
423 424 0 
424 454 0 
424 425 0 
425 455 0 
425 426 0 
426 456 0 
426 427 0 
427 457 0 
427 428 0 
428 458 0 
428 429 0 
429 459 0 
429 430 0 
430 460 0 
430 431 0 
431 461 0 
431 432 0 
432 462 0 
432 433 0 
433 463 0 
433 434 0 
434 464 0 
434 435 0 
435 465 0 
435 436 0 
436 466 0 
436 437 0 
437 467 0 
437 438 0 
438 468 0 
438 439 0 
439 469 0 
439 440 0 
440 470 0 
440 441 0 
441 471 0 
441 442 0 
442 472 0 
442 443 0 
443 473 0 
443 444 0 
444 474 0 
444 445 0 
445 475 0 
445 446 0 
446 476 0 
446 447 0 
447 477 0 
447 448 0 
448 478 0 
448 449 0 
449 479 0 
449 450 0 
450 480 0 
451 481 0 
451 452 0 
452 482 0 
452 453 0 
453 483 0 
453 454 0 
454 484 0 
454 455 0 
455 485 0 
455 456 0 
456 486 0 
456 457 0 
457 487 0 
457 458 0 
458 488 0 
458 459 0 
459 489 0 
459 460 0 
460 490 0 
460 461 0 
461 491 0 
461 462 0 
462 492 0 
462 463 0 
463 493 0 
463 464 0 
464 494 0 
464 465 0 
465 495 0 
465 466 0 
466 496 0 
466 467 0 
467 497 0 
467 468 0 
468 498 0 
468 469 0 
469 499 0 
469 470 0 
470 500 0 
470 471 0 
471 501 0 
471 472 0 
472 502 0 
472 473 0 
473 503 0 
473 474 0 
474 504 0 
474 475 0 
475 505 0 
475 476 0 
476 506 0 
476 477 0 
477 507 0 
477 478 0 
478 508 0 
478 479 0 
479 509 0 
479 480 0 
480 510 0 
481 511 0 
481 482 0 
482 512 0 
482 483 0 
483 513 0 
483 484 0 
484 514 0 
484 485 0 
485 515 0 
485 486 0 
486 516 0 
486 487 0 
487 517 0 
487 488 0 
488 518 0 
488 489 0 
489 519 0 
489 490 0 
490 520 0 
490 491 0 
491 521 0 
491 492 0 
492 522 0 
492 493 0 
493 523 0 
493 494 0 
494 524 0 
494 495 0 
495 525 0 
495 496 0 
496 526 0 
496 497 0 
497 527 0 
497 498 0 
498 528 0 
498 499 0 
499 529 0 
499 500 0 
500 530 0 
500 501 0 
501 531 0 
501 502 0 
502 532 0 
502 503 0 
503 533 0 
503 504 0 
504 534 0 
504 505 0 
505 535 0 
505 506 0 
506 536 0 
506 507 0 
507 537 0 
507 508 0 
508 538 0 
508 509 0 
509 539 0 
509 510 0 
510 540 0 
511 541 0 
511 512 0 
512 542 0 
512 513 0 
513 543 0 
513 514 0 
514 544 0 
514 515 0 
515 545 0 
515 516 0 
516 546 0 
516 517 0 
517 547 0 
517 518 0 
518 548 0 
518 519 0 
519 549 0 
519 520 0 
520 550 0 
520 521 0 
521 551 0 
521 522 0 
522 552 0 
522 523 0 
523 553 0 
523 524 0 
524 554 0 
524 525 0 
525 555 0 
525 526 0 
526 556 0 
526 527 0 
527 557 0 
527 528 0 
528 558 0 
528 529 0 
529 559 0 
529 530 0 
530 560 0 
530 531 0 
531 561 0 
531 532 0 
532 562 0 
532 533 0 
533 563 0 
533 534 0 
534 564 0 
534 535 0 
535 565 0 
535 536 0 
536 566 0 
536 537 0 
537 567 0 
537 538 0 
538 568 0 
538 539 0 
539 569 0 
539 540 0 
540 570 0 
541 571 0 
541 542 0 
542 572 0 
542 543 0 
543 573 0 
543 544 0 
544 574 0 
544 545 0 
545 575 0 
545 546 0 
546 576 0 
546 547 0 
547 577 0 
547 548 0 
548 578 0 
548 549 0 
549 579 0 
549 550 0 
550 580 0 
550 551 0 
551 581 0 
551 552 0 
552 582 0 
552 553 0 
553 583 0 
553 554 0 
554 584 0 
554 555 0 
555 585 0 
555 556 0 
556 586 0 
556 557 0 
557 587 0 
557 558 0 
558 588 0 
558 559 0 
559 589 0 
559 560 0 
560 590 0 
560 561 0 
561 591 0 
561 562 0 
562 592 0 
562 563 0 
563 593 0 
563 564 0 
564 594 0 
564 565 0 
565 595 0 
565 566 0 
566 596 0 
566 567 0 
567 597 0 
567 568 0 
568 598 0 
568 569 0 
569 599 0 
569 570 0 
570 600 0 
571 601 0 
571 572 0 
572 602 0 
572 573 0 
573 603 0 
573 574 0 
574 604 0 
574 575 0 
575 605 0 
575 576 0 
576 606 0 
576 577 0 
577 607 0 
577 578 0 
578 608 0 
578 579 0 
579 609 0 
579 580 0 
580 610 0 
580 581 0 
581 611 0 
581 582 0 
582 612 0 
582 583 0 
583 613 0 
583 584 0 
584 614 0 
584 585 0 
585 615 0 
585 586 0 
586 616 0 
586 587 0 
587 617 0 
587 588 0 
588 618 0 
588 589 0 
589 619 0 
589 590 0 
590 620 0 
590 591 0 
591 621 0 
591 592 0 
592 622 0 
592 593 0 
593 623 0 
593 594 0 
594 624 0 
594 595 0 
595 625 0 
595 596 0 
596 626 0 
596 597 0 
597 627 0 
597 598 0 
598 628 0 
598 599 0 
599 629 0 
599 600 0 
600 630 0 
601 631 0 
601 602 0 
602 632 0 
602 603 0 
603 633 0 
603 604 0 
604 634 0 
604 605 0 
605 635 0 
605 606 0 
606 636 0 
606 607 0 
607 637 0 
607 608 0 
608 638 0 
608 609 0 
609 639 0 
609 610 0 
610 640 0 
610 611 0 
611 641 0 
611 612 0 
612 642 0 
612 613 0 
613 643 0 
613 614 0 
614 644 0 
614 615 0 
615 645 0 
615 616 0 
616 646 0 
616 617 0 
617 647 0 
617 618 0 
618 648 0 
618 619 0 
619 649 0 
619 620 0 
620 650 0 
620 621 0 
621 651 0 
621 622 0 
622 652 0 
622 623 0 
623 653 0 
623 624 0 
624 654 0 
624 625 0 
625 655 0 
625 626 0 
626 656 0 
626 627 0 
627 657 0 
627 628 0 
628 658 0 
628 629 0 
629 659 0 
629 630 0 
630 660 0 
631 661 0 
631 632 0 
632 662 0 
632 633 0 
633 663 0 
633 634 0 
634 664 0 
634 635 0 
635 665 0 
635 636 0 
636 666 0 
636 637 0 
637 667 0 
637 638 0 
638 668 0 
638 639 0 
639 669 0 
639 640 0 
640 670 0 
640 641 0 
641 671 0 
641 642 0 
642 672 0 
642 643 0 
643 673 0 
643 644 0 
644 674 0 
644 645 0 
645 675 0 
645 646 0 
646 676 0 
646 647 0 
647 677 0 
647 648 0 
648 678 0 
648 649 0 
649 679 0 
649 650 0 
650 680 0 
650 651 0 
651 681 0 
651 652 0 
652 682 0 
652 653 0 
653 683 0 
653 654 0 
654 684 0 
654 655 0 
655 685 0 
655 656 0 
656 686 0 
656 657 0 
657 687 0 
657 658 0 
658 688 0 
658 659 0 
659 689 0 
659 660 0 
660 690 0 
661 691 0 
661 662 0 
662 692 0 
662 663 0 
663 693 0 
663 664 0 
664 694 0 
664 665 0 
665 695 0 
665 666 0 
666 696 0 
666 667 0 
667 697 0 
667 668 0 
668 698 0 
668 669 0 
669 699 0 
669 670 0 
670 700 0 
670 671 0 
671 701 0 
671 672 0 
672 702 0 
672 673 0 
673 703 0 
673 674 0 
674 704 0 
674 675 0 
675 705 0 
675 676 0 
676 706 0 
676 677 0 
677 707 0 
677 678 0 
678 708 0 
678 679 0 
679 709 0 
679 680 0 
680 710 0 
680 681 0 
681 711 0 
681 682 0 
682 712 0 
682 683 0 
683 713 0 
683 684 0 
684 714 0 
684 685 0 
685 715 0 
685 686 0 
686 716 0 
686 687 0 
687 717 0 
687 688 0 
688 718 0 
688 689 0 
689 719 0 
689 690 0 
690 720 0 
691 721 0 
691 692 0 
692 722 0 
692 693 0 
693 723 0 
693 694 0 
694 724 0 
694 695 0 
695 725 0 
695 696 0 
696 726 0 
696 697 0 
697 727 0 
697 698 0 
698 728 0 
698 699 0 
699 729 0 
699 700 0 
700 730 0 
700 701 0 
701 731 0 
701 702 0 
702 732 0 
702 703 0 
703 733 0 
703 704 0 
704 734 0 
704 705 0 
705 735 0 
705 706 0 
706 736 0 
706 707 0 
707 737 0 
707 708 0 
708 738 0 
708 709 0 
709 739 0 
709 710 0 
710 740 0 
710 711 0 
711 741 0 
711 712 0 
712 742 0 
712 713 0 
713 743 0 
713 714 0 
714 744 0 
714 715 0 
715 745 0 
715 716 0 
716 746 0 
716 717 0 
717 747 0 
717 718 0 
718 748 0 
718 719 0 
719 749 0 
719 720 0 
720 750 0 
721 751 0 
721 722 0 
722 752 0 
722 723 0 
723 753 0 
723 724 0 
724 754 0 
724 725 0 
725 755 0 
725 726 0 
726 756 0 
726 727 0 
727 757 0 
727 728 0 
728 758 0 
728 729 0 
729 759 0 
729 730 0 
730 760 0 
730 731 0 
731 761 0 
731 732 0 
732 762 0 
732 733 0 
733 763 0 
733 734 0 
734 764 0 
734 735 0 
735 765 0 
735 736 0 
736 766 0 
736 737 0 
737 767 0 
737 738 0 
738 768 0 
738 739 0 
739 769 0 
739 740 0 
740 770 0 
740 741 0 
741 771 0 
741 742 0 
742 772 0 
742 743 0 
743 773 0 
743 744 0 
744 774 0 
744 745 0 
745 775 0 
745 746 0 
746 776 0 
746 747 0 
747 777 0 
747 748 0 
748 778 0 
748 749 0 
749 779 0 
749 750 0 
750 780 0 
751 781 0 
751 752 0 
752 782 0 
752 753 0 
753 783 0 
753 754 0 
754 784 0 
754 755 0 
755 785 0 
755 756 0 
756 786 0 
756 757 0 
757 787 0 
757 758 0 
758 788 0 
758 759 0 
759 789 0 
759 760 0 
760 790 0 
760 761 0 
761 791 0 
761 762 0 
762 792 0 
762 763 0 
763 793 0 
763 764 0 
764 794 0 
764 765 0 
765 795 0 
765 766 0 
766 796 0 
766 767 0 
767 797 0 
767 768 0 
768 798 0 
768 769 0 
769 799 0 
769 770 0 
770 800 0 
770 771 0 
771 801 0 
771 772 0 
772 802 0 
772 773 0 
773 803 0 
773 774 0 
774 804 0 
774 775 0 
775 805 0 
775 776 0 
776 806 0 
776 777 0 
777 807 0 
777 778 0 
778 808 0 
778 779 0 
779 809 0 
779 780 0 
780 810 0 
781 811 0 
781 782 0 
782 812 0 
782 783 0 
783 813 0 
783 784 0 
784 814 0 
784 785 0 
785 815 0 
785 786 0 
786 816 0 
786 787 0 
787 817 0 
787 788 0 
788 818 0 
788 789 0 
789 819 0 
789 790 0 
790 820 0 
790 791 0 
791 821 0 
791 792 0 
792 822 0 
792 793 0 
793 823 0 
793 794 0 
794 824 0 
794 795 0 
795 825 0 
795 796 0 
796 826 0 
796 797 0 
797 827 0 
797 798 0 
798 828 0 
798 799 0 
799 829 0 
799 800 0 
800 830 0 
800 801 0 
801 831 0 
801 802 0 
802 832 0 
802 803 0 
803 833 0 
803 804 0 
804 834 0 
804 805 0 
805 835 0 
805 806 0 
806 836 0 
806 807 0 
807 837 0 
807 808 0 
808 838 0 
808 809 0 
809 839 0 
809 810 0 
810 840 0 
811 841 0 
811 812 0 
812 842 0 
812 813 0 
813 843 0 
813 814 0 
814 844 0 
814 815 0 
815 845 0 
815 816 0 
816 846 0 
816 817 0 
817 847 0 
817 818 0 
818 848 0 
818 819 0 
819 849 0 
819 820 0 
820 850 0 
820 821 0 
821 851 0 
821 822 0 
822 852 0 
822 823 0 
823 853 0 
823 824 0 
824 854 0 
824 825 0 
825 855 0 
825 826 0 
826 856 0 
826 827 0 
827 857 0 
827 828 0 
828 858 0 
828 829 0 
829 859 0 
829 830 0 
830 860 0 
830 831 0 
831 861 0 
831 832 0 
832 862 0 
832 833 0 
833 863 0 
833 834 0 
834 864 0 
834 835 0 
835 865 0 
835 836 0 
836 866 0 
836 837 0 
837 867 0 
837 838 0 
838 868 0 
838 839 0 
839 869 0 
839 840 0 
840 870 0 
841 871 0 
841 842 0 
842 872 0 
842 843 0 
843 873 0 
843 844 0 
844 874 0 
844 845 0 
845 875 0 
845 846 0 
846 876 0 
846 847 0 
847 877 0 
847 848 0 
848 878 0 
848 849 0 
849 879 0 
849 850 0 
850 880 0 
850 851 0 
851 881 0 
851 852 0 
852 882 0 
852 853 0 
853 883 0 
853 854 0 
854 884 0 
854 855 0 
855 885 0 
855 856 0 
856 886 0 
856 857 0 
857 887 0 
857 858 0 
858 888 0 
858 859 0 
859 889 0 
859 860 0 
860 890 0 
860 861 0 
861 891 0 
861 862 0 
862 892 0 
862 863 0 
863 893 0 
863 864 0 
864 894 0 
864 865 0 
865 895 0 
865 866 0 
866 896 0 
866 867 0 
867 897 0 
867 868 0 
868 898 0 
868 869 0 
869 899 0 
869 870 0 
870 900 0 
871 872 0 
872 873 0 
873 874 0 
874 875 0 
875 876 0 
876 877 0 
877 878 0 
878 879 0 
879 880 0 
880 881 0 
881 882 0 
882 883 0 
883 884 0 
884 885 0 
885 886 0 
886 887 0 
887 888 0 
888 889 0 
889 890 0 
890 891 0 
891 892 0 
892 893 0 
893 894 0 
894 895 0 
895 896 0 
896 897 0 
897 898 0 
898 899 0 
899 900 0 
