2500 4900 
1   397 
2    53 
3   993 
4   172 
5   795 
6   407 
7   112 
8    13 
9   107 
10   910 
11   860 
12   731 
13   805 
14   224 
15   956 
16    89 
17   777 
18   618 
19   449 
20   197 
21   267 
22   354 
23   339 
24   794 
25   612 
26   851 
27   569 
28   300 
29   166 
30    87 
31   501 
32   790 
33   428 
34   757 
35   105 
36   685 
37   796 
38   908 
39    48 
40   662 
41   318 
42   576 
43   131 
44   400 
45   958 
46    47 
47   909 
48   158 
49    99 
50    59 
51   127 
52   119 
53   779 
54   479 
55   160 
56   800 
57   602 
58   809 
59   999 
60   634 
61   386 
62   720 
63   501 
64   928 
65   509 
66   106 
67   604 
68   994 
69    26 
70   466 
71    44 
72   102 
73   973 
74   373 
75   528 
76   625 
77   320 
78   879 
79   467 
80   418 
81   569 
82   106 
83   401 
84    61 
85    14 
86   760 
87   154 
88    65 
89   500 
90   124 
91   120 
92   494 
93   109 
94   176 
95   490 
96   320 
97   757 
98   744 
99   632 
100   827 
101    23 
102   790 
103   107 
104   886 
105   841 
106   735 
107   899 
108   690 
109   417 
110   605 
111   473 
112   329 
113   570 
114   246 
115   522 
116   989 
117   344 
118   958 
119   448 
120   642 
121   663 
122   970 
123   443 
124   620 
125   745 
126   154 
127   142 
128   794 
129   966 
130   903 
131    42 
132   878 
133   189 
134    61 
135   158 
136   260 
137   105 
138   283 
139   740 
140   312 
141   557 
142   638 
143   375 
144   609 
145   964 
146   657 
147   504 
148   694 
149   955 
150   257 
151   458 
152   696 
153   409 
154    73 
155   233 
156   215 
157   990 
158   507 
159   709 
160   786 
161    31 
162   244 
163   831 
164   921 
165   373 
166   951 
167   558 
168   718 
169   219 
170   830 
171   180 
172   388 
173   633 
174   409 
175   364 
176   275 
177   385 
178   210 
179   869 
180   852 
181   350 
182   525 
183   391 
184   137 
185   494 
186   546 
187   897 
188   646 
189   345 
190   119 
191   349 
192   425 
193   139 
194   570 
195   526 
196   915 
197   667 
198   177 
199   263 
200   686 
201   436 
202   823 
203   245 
204   894 
205   957 
206   836 
207   713 
208   731 
209   421 
210   235 
211    53 
212    16 
213   234 
214   688 
215   240 
216   440 
217    80 
218   497 
219   444 
220   319 
221   524 
222   583 
223    20 
224   368 
225   726 
226   468 
227   630 
228   496 
229   455 
230   842 
231   431 
232   557 
233   766 
234   591 
235   253 
236   262 
237   289 
238   752 
239    20 
240   141 
241   529 
242   935 
243   703 
244   574 
245   477 
246   526 
247    20 
248   209 
249   857 
250   257 
251   377 
252   776 
253   872 
254   999 
255   523 
256   883 
257   250 
258   217 
259   440 
260   338 
261    35 
262   349 
263   243 
264   644 
265   609 
266   584 
267   982 
268   894 
269   519 
270   746 
271   528 
272   783 
273   352 
274   551 
275   227 
276   161 
277   212 
278   710 
279   459 
280   162 
281   918 
282    82 
283    70 
284    94 
285   110 
286   445 
287   517 
288   712 
289   546 
290   930 
291   253 
292   987 
293   514 
294   589 
295   703 
296   228 
297   265 
298   702 
299   616 
300   883 
301   580 
302   337 
303   633 
304   758 
305   362 
306   567 
307   428 
308   635 
309   328 
310   722 
311    92 
312   151 
313   248 
314   768 
315   203 
316   556 
317   712 
318    70 
319   554 
320   775 
321   930 
322   777 
323   812 
324    91 
325   580 
326   444 
327   980 
328   531 
329   538 
330   764 
331   178 
332   783 
333   146 
334   332 
335   769 
336   824 
337   377 
338   873 
339   155 
340   201 
341   540 
342   393 
343   994 
344   312 
345   256 
346   467 
347   163 
348   692 
349   473 
350   647 
351   736 
352   989 
353    51 
354   916 
355   949 
356   760 
357   378 
358   997 
359    59 
360   177 
361   317 
362   246 
363   142 
364   887 
365   756 
366   197 
367   183 
368   637 
369   455 
370   605 
371   334 
372   495 
373   286 
374    80 
375    25 
376   423 
377    19 
378   820 
379   943 
380   353 
381   390 
382   453 
383   724 
384   991 
385   287 
386   316 
387    56 
388   192 
389   598 
390   922 
391   309 
392   495 
393   360 
394   224 
395   309 
396   390 
397   994 
398   140 
399   402 
400   864 
401   512 
402   811 
403   623 
404   533 
405   917 
406   420 
407   698 
408   161 
409   819 
410   482 
411   252 
412   277 
413   260 
414   723 
415   518 
416   445 
417   204 
418   240 
419   669 
420   398 
421   333 
422   984 
423   397 
424    50 
425   602 
426   844 
427   385 
428   756 
429   455 
430   115 
431   906 
432   912 
433   856 
434   869 
435    13 
436   921 
437   636 
438   935 
439   895 
440   747 
441   892 
442   538 
443    66 
444    38 
445   278 
446   545 
447   718 
448   110 
449   245 
450    89 
451   499 
452   159 
453   819 
454   878 
455   985 
456   417 
457   431 
458   428 
459   942 
460   973 
461   884 
462   956 
463   870 
464   411 
465   498 
466   112 
467   236 
468   158 
469   736 
470   679 
471   362 
472   362 
473   616 
474   930 
475   285 
476   991 
477   779 
478   995 
479   667 
480   549 
481   888 
482   871 
483   278 
484   804 
485   580 
486   242 
487    35 
488   541 
489   972 
490   479 
491   958 
492   581 
493    55 
494   921 
495   724 
496   524 
497   135 
498   601 
499   460 
500   109 
501   955 
502   723 
503   872 
504   999 
505   142 
506   866 
507   320 
508   173 
509   359 
510   844 
511   788 
512   411 
513   427 
514   413 
515   248 
516    38 
517   610 
518    46 
519   802 
520   144 
521   515 
522   470 
523   412 
524   643 
525   580 
526   348 
527   826 
528   354 
529   611 
530   385 
531   716 
532   324 
533   379 
534   893 
535   613 
536   596 
537   319 
538   208 
539   657 
540   315 
541   958 
542   923 
543   296 
544   240 
545    80 
546   353 
547   472 
548   173 
549   802 
550   766 
551   751 
552   280 
553   423 
554   144 
555    41 
556    32 
557   697 
558   509 
559    84 
560   243 
561   935 
562   635 
563   221 
564   398 
565   359 
566   862 
567   775 
568   947 
569    24 
570   162 
571   370 
572   863 
573   661 
574   261 
575   890 
576   446 
577   223 
578   874 
579   485 
580   379 
581   286 
582   579 
583   418 
584   413 
585   257 
586   234 
587   654 
588   308 
589   677 
590   136 
591   734 
592   869 
593   749 
594   632 
595   464 
596   426 
597   266 
598   895 
599   756 
600   641 
601   645 
602    63 
603   768 
604    75 
605   919 
606   260 
607   424 
608   455 
609   292 
610   270 
611   974 
612   129 
613   291 
614   980 
615   261 
616   576 
617   189 
618   752 
619   522 
620   288 
621   114 
622   186 
623   148 
624   292 
625   858 
626   855 
627   330 
628    70 
629    86 
630   306 
631   716 
632   707 
633   208 
634   639 
635   753 
636   872 
637   863 
638   858 
639   463 
640   259 
641   904 
642   312 
643   928 
644   641 
645   680 
646   953 
647   648 
648   373 
649   604 
650   661 
651   469 
652   389 
653   443 
654   367 
655   227 
656   924 
657   264 
658   598 
659   275 
660    90 
661    51 
662   847 
663   845 
664   516 
665    42 
666   278 
667   306 
668   466 
669   967 
670    35 
671   551 
672   182 
673   708 
674   421 
675   277 
676   409 
677   225 
678   424 
679   328 
680   556 
681   114 
682   730 
683   787 
684   832 
685   580 
686   781 
687   558 
688   973 
689   657 
690   435 
691   256 
692   876 
693   937 
694   683 
695   578 
696   946 
697   309 
698   950 
699   840 
700   832 
701   463 
702   762 
703   724 
704   462 
705   913 
706   920 
707   841 
708   890 
709   992 
710   244 
711   631 
712   672 
713   533 
714    14 
715   436 
716   704 
717   254 
718   342 
719   657 
720   137 
721   361 
722   416 
723   970 
724   404 
725   391 
726   973 
727   662 
728   675 
729   997 
730   233 
731   311 
732   705 
733   156 
734    90 
735   920 
736   107 
737   166 
738   170 
739   952 
740   700 
741   744 
742   320 
743   235 
744   685 
745   326 
746   967 
747   670 
748   236 
749   305 
750   399 
751   897 
752   673 
753   408 
754    49 
755   732 
756   365 
757   860 
758   195 
759   201 
760   991 
761   228 
762   489 
763   578 
764   841 
765   896 
766   482 
767   631 
768   216 
769   593 
770   156 
771   498 
772   556 
773   800 
774   815 
775   661 
776    11 
777   693 
778   525 
779   259 
780   699 
781   468 
782   299 
783   871 
784   111 
785    62 
786    85 
787   842 
788   240 
789   334 
790   326 
791   848 
792   820 
793   527 
794   634 
795   444 
796   103 
797   408 
798   797 
799   477 
800    46 
801   313 
802   195 
803   442 
804   233 
805   105 
806   257 
807   277 
808   829 
809   211 
810   663 
811   828 
812   435 
813   878 
814   133 
815   693 
816   416 
817   588 
818   994 
819   948 
820    87 
821   678 
822   756 
823   511 
824   224 
825   673 
826   684 
827   207 
828    23 
829   439 
830   201 
831   366 
832   669 
833   627 
834   106 
835   877 
836   340 
837   711 
838   973 
839   596 
840   141 
841   999 
842   760 
843   198 
844   220 
845   785 
846   846 
847   175 
848   448 
849   388 
850   799 
851   546 
852   838 
853   686 
854   423 
855   847 
856   786 
857   244 
858   709 
859   880 
860   124 
861   832 
862   120 
863   457 
864   257 
865   325 
866   726 
867   648 
868   754 
869   546 
870   455 
871   863 
872   707 
873   820 
874   360 
875   322 
876   868 
877   996 
878   502 
879   979 
880   129 
881   518 
882   872 
883   902 
884   223 
885   820 
886   757 
887   597 
888   305 
889   397 
890   768 
891   708 
892   639 
893   131 
894   281 
895   907 
896   393 
897    38 
898   107 
899   582 
900   646 
901   346 
902   827 
903   761 
904   471 
905   454 
906   621 
907   701 
908   560 
909   734 
910   363 
911   803 
912   735 
913    49 
914   925 
915   592 
916   348 
917   811 
918   391 
919   422 
920   161 
921   620 
922   223 
923   719 
924    46 
925   490 
926   218 
927    45 
928   316 
929   873 
930   553 
931   731 
932   134 
933    72 
934   214 
935    92 
936   463 
937   986 
938   479 
939   154 
940   776 
941   955 
942   912 
943   319 
944   368 
945   144 
946   162 
947   439 
948    79 
949   943 
950   852 
951   378 
952   273 
953   777 
954    95 
955   391 
956   390 
957   528 
958   862 
959   858 
960   380 
961   129 
962   247 
963   863 
964   347 
965   199 
966   663 
967   855 
968   192 
969   521 
970   534 
971   147 
972   829 
973   864 
974    20 
975   571 
976   337 
977   376 
978   770 
979   186 
980   721 
981   646 
982   308 
983   796 
984    47 
985   532 
986   307 
987   420 
988    98 
989   213 
990   629 
991   669 
992   568 
993   869 
994   771 
995   848 
996    49 
997   144 
998   848 
999   700 
1000   512 
1001   779 
1002   809 
1003   789 
1004    30 
1005    66 
1006   986 
1007    84 
1008   148 
1009   837 
1010   302 
1011   395 
1012   768 
1013   527 
1014   890 
1015   887 
1016   880 
1017   863 
1018   480 
1019   650 
1020   781 
1021    90 
1022   711 
1023   419 
1024   688 
1025   588 
1026   769 
1027    76 
1028   215 
1029   502 
1030   697 
1031   579 
1032   179 
1033    37 
1034   482 
1035   704 
1036   722 
1037   898 
1038   277 
1039   284 
1040   880 
1041   820 
1042   979 
1043   853 
1044   559 
1045   536 
1046   716 
1047   821 
1048   329 
1049   373 
1050   460 
1051    46 
1052   942 
1053    96 
1054   849 
1055   821 
1056   204 
1057   660 
1058   161 
1059   283 
1060   126 
1061   741 
1062    12 
1063   549 
1064   608 
1065   520 
1066   631 
1067   686 
1068   975 
1069   427 
1070   276 
1071   227 
1072    57 
1073   462 
1074   594 
1075   640 
1076   987 
1077    79 
1078   976 
1079   800 
1080   736 
1081   299 
1082   219 
1083   623 
1084    11 
1085   518 
1086   195 
1087   860 
1088   513 
1089   342 
1090   603 
1091   689 
1092   153 
1093   406 
1094   869 
1095   427 
1096   228 
1097   475 
1098   414 
1099   707 
1100   462 
1101   291 
1102   818 
1103   418 
1104   564 
1105   313 
1106   789 
1107   327 
1108   877 
1109   605 
1110   966 
1111   421 
1112   600 
1113   241 
1114   400 
1115   364 
1116   358 
1117   465 
1118   467 
1119    33 
1120   738 
1121   139 
1122   963 
1123   789 
1124   940 
1125   417 
1126   308 
1127   557 
1128   986 
1129   111 
1130   812 
1131   989 
1132   235 
1133   591 
1134   194 
1135   768 
1136   362 
1137   809 
1138   608 
1139   383 
1140   393 
1141   869 
1142   813 
1143   803 
1144   686 
1145   428 
1146   568 
1147   362 
1148   488 
1149   611 
1150   786 
1151   853 
1152   616 
1153   496 
1154   903 
1155   718 
1156   757 
1157   389 
1158   951 
1159   520 
1160   675 
1161   584 
1162   130 
1163    36 
1164   669 
1165   431 
1166   119 
1167   509 
1168   965 
1169   764 
1170    87 
1171   348 
1172   251 
1173    83 
1174   534 
1175   596 
1176   437 
1177   690 
1178   908 
1179    14 
1180   349 
1181   506 
1182   564 
1183   437 
1184   167 
1185   151 
1186   331 
1187   540 
1188   294 
1189   856 
1190   560 
1191   202 
1192   541 
1193   578 
1194   493 
1195   896 
1196   377 
1197   952 
1198   288 
1199   530 
1200   547 
1201   145 
1202   551 
1203    39 
1204   504 
1205   245 
1206   351 
1207   317 
1208   417 
1209   129 
1210   263 
1211   845 
1212   211 
1213   526 
1214    91 
1215   200 
1216   935 
1217    23 
1218   244 
1219   537 
1220   964 
1221   733 
1222   153 
1223   561 
1224   928 
1225   349 
1226   447 
1227   734 
1228   859 
1229   656 
1230   911 
1231    32 
1232    68 
1233    31 
1234   739 
1235   429 
1236   184 
1237   563 
1238   138 
1239   195 
1240   729 
1241   129 
1242   717 
1243   814 
1244    54 
1245   296 
1246   880 
1247   622 
1248   727 
1249   615 
1250   679 
1251   125 
1252   432 
1253   228 
1254   476 
1255   858 
1256   278 
1257   933 
1258    25 
1259   329 
1260   387 
1261   652 
1262   655 
1263   101 
1264    76 
1265   557 
1266   506 
1267   824 
1268   480 
1269   425 
1270   542 
1271   140 
1272   318 
1273   477 
1274   790 
1275   278 
1276   662 
1277   844 
1278   952 
1279    54 
1280   664 
1281   286 
1282   332 
1283   606 
1284   664 
1285   420 
1286   681 
1287   572 
1288   276 
1289   649 
1290   907 
1291   455 
1292   692 
1293    97 
1294   245 
1295   716 
1296   712 
1297   828 
1298   475 
1299   275 
1300   341 
1301   699 
1302   302 
1303   168 
1304   225 
1305   457 
1306   763 
1307   397 
1308   199 
1309   148 
1310   598 
1311   567 
1312   589 
1313   927 
1314   794 
1315   925 
1316   926 
1317   472 
1318    21 
1319   555 
1320   630 
1321   490 
1322   331 
1323   451 
1324   845 
1325   864 
1326   108 
1327   707 
1328    25 
1329   689 
1330   488 
1331    93 
1332   790 
1333   659 
1334   425 
1335    31 
1336   421 
1337   394 
1338   442 
1339   925 
1340   609 
1341   894 
1342   431 
1343   496 
1344   909 
1345   386 
1346   761 
1347   899 
1348   848 
1349   741 
1350   514 
1351   522 
1352   872 
1353   572 
1354   815 
1355   262 
1356   901 
1357   655 
1358   583 
1359   610 
1360   561 
1361   223 
1362   203 
1363   186 
1364   893 
1365   991 
1366   366 
1367   351 
1368   613 
1369   354 
1370    67 
1371   777 
1372   913 
1373   741 
1374   396 
1375   415 
1376   524 
1377   659 
1378   345 
1379   624 
1380    39 
1381   467 
1382   996 
1383   165 
1384   132 
1385   465 
1386   239 
1387   929 
1388   570 
1389   181 
1390   444 
1391   153 
1392   450 
1393   654 
1394   152 
1395    19 
1396   509 
1397    37 
1398    99 
1399   541 
1400   586 
1401   627 
1402    44 
1403   286 
1404   341 
1405   442 
1406   681 
1407   570 
1408   477 
1409   977 
1410    78 
1411   243 
1412   399 
1413   581 
1414   527 
1415   349 
1416   565 
1417    20 
1418   833 
1419   301 
1420   317 
1421   288 
1422   689 
1423   591 
1424   367 
1425   272 
1426   960 
1427   247 
1428   854 
1429   816 
1430   567 
1431   870 
1432   491 
1433   405 
1434   205 
1435   510 
1436   837 
1437    57 
1438   456 
1439   137 
1440   901 
1441   359 
1442   199 
1443   299 
1444   928 
1445   919 
1446   547 
1447   608 
1448   859 
1449   936 
1450   427 
1451   600 
1452   837 
1453   312 
1454   143 
1455   762 
1456   165 
1457    98 
1458    97 
1459   836 
1460   251 
1461   988 
1462   415 
1463   587 
1464   185 
1465   583 
1466   807 
1467   886 
1468   143 
1469   752 
1470    23 
1471    28 
1472   450 
1473   543 
1474   776 
1475   164 
1476   380 
1477   652 
1478   700 
1479   948 
1480   442 
1481   877 
1482    80 
1483   702 
1484   955 
1485   251 
1486   447 
1487   843 
1488   958 
1489   559 
1490   316 
1491   287 
1492    57 
1493   602 
1494   350 
1495   104 
1496   201 
1497   140 
1498   991 
1499   428 
1500   737 
1501   134 
1502   222 
1503   272 
1504   813 
1505   386 
1506   503 
1507   921 
1508   919 
1509   348 
1510   289 
1511   765 
1512   997 
1513   686 
1514   365 
1515   408 
1516   991 
1517   176 
1518   535 
1519   413 
1520   818 
1521   597 
1522   920 
1523   192 
1524   647 
1525   521 
1526    41 
1527   530 
1528   689 
1529   830 
1530    43 
1531   791 
1532   669 
1533   757 
1534   771 
1535    41 
1536   994 
1537   271 
1538   353 
1539    45 
1540   749 
1541   458 
1542   651 
1543   836 
1544   388 
1545   830 
1546   491 
1547   422 
1548   266 
1549   960 
1550   786 
1551   574 
1552   175 
1553   523 
1554   756 
1555   884 
1556   217 
1557   434 
1558   813 
1559   573 
1560   737 
1561    60 
1562   989 
1563   140 
1564   943 
1565    81 
1566   784 
1567   626 
1568   854 
1569   691 
1570   563 
1571   533 
1572   974 
1573   244 
1574   660 
1575   638 
1576   778 
1577   730 
1578    25 
1579   316 
1580   280 
1581   746 
1582   272 
1583   354 
1584   876 
1585   601 
1586   467 
1587   268 
1588   307 
1589   968 
1590   296 
1591   112 
1592   583 
1593   460 
1594   891 
1595    69 
1596   195 
1597   936 
1598   587 
1599   660 
1600   112 
1601   103 
1602   486 
1603   458 
1604   930 
1605    76 
1606   758 
1607   432 
1608   105 
1609   838 
1610   932 
1611   610 
1612   147 
1613   597 
1614   891 
1615   329 
1616   725 
1617   626 
1618   958 
1619   675 
1620   727 
1621   498 
1622   308 
1623   480 
1624   113 
1625    77 
1626   378 
1627   918 
1628   690 
1629   922 
1630   249 
1631   351 
1632   181 
1633    51 
1634   975 
1635   469 
1636   153 
1637    94 
1638   315 
1639   853 
1640    59 
1641   569 
1642   248 
1643   397 
1644   999 
1645   180 
1646    45 
1647   521 
1648   947 
1649   846 
1650   910 
1651   576 
1652   820 
1653   119 
1654   595 
1655   534 
1656   162 
1657   432 
1658   995 
1659   983 
1660   701 
1661   275 
1662   846 
1663   235 
1664   143 
1665   782 
1666   972 
1667    76 
1668   803 
1669   344 
1670   243 
1671   436 
1672   977 
1673   342 
1674   463 
1675   165 
1676   508 
1677    60 
1678   700 
1679   531 
1680   771 
1681   186 
1682   953 
1683   155 
1684   640 
1685   699 
1686   162 
1687   607 
1688   911 
1689   982 
1690   586 
1691   782 
1692   450 
1693    40 
1694   335 
1695    36 
1696   522 
1697   139 
1698   598 
1699   638 
1700    87 
1701    96 
1702   874 
1703   134 
1704   946 
1705   917 
1706   950 
1707   365 
1708   603 
1709   719 
1710   993 
1711   885 
1712   130 
1713   131 
1714   142 
1715   707 
1716   656 
1717   876 
1718   350 
1719   311 
1720   125 
1721   621 
1722   621 
1723   605 
1724   610 
1725   399 
1726   459 
1727   945 
1728   182 
1729   967 
1730   692 
1731   532 
1732    90 
1733   821 
1734   616 
1735   295 
1736   592 
1737   267 
1738    32 
1739   527 
1740   781 
1741   697 
1742    12 
1743   250 
1744   795 
1745   342 
1746   597 
1747   190 
1748   616 
1749   549 
1750   287 
1751   565 
1752   630 
1753    30 
1754   332 
1755   613 
1756   548 
1757   264 
1758    27 
1759   279 
1760   418 
1761   743 
1762   627 
1763   434 
1764   122 
1765   280 
1766   663 
1767   311 
1768   665 
1769   969 
1770   745 
1771    60 
1772   594 
1773   117 
1774   155 
1775   899 
1776   716 
1777    26 
1778   514 
1779   585 
1780   875 
1781   548 
1782   692 
1783   677 
1784   925 
1785   116 
1786   688 
1787    12 
1788   821 
1789   558 
1790    15 
1791   829 
1792    20 
1793    74 
1794   499 
1795   863 
1796   114 
1797   774 
1798   980 
1799   679 
1800   261 
1801   958 
1802   890 
1803    13 
1804   634 
1805   189 
1806   297 
1807   727 
1808   315 
1809   732 
1810   269 
1811   376 
1812   248 
1813   363 
1814   929 
1815   111 
1816   463 
1817   634 
1818   602 
1819   894 
1820    13 
1821   257 
1822   770 
1823   981 
1824    99 
1825   743 
1826    70 
1827   706 
1828   672 
1829   752 
1830   163 
1831   212 
1832   814 
1833   109 
1834   843 
1835   720 
1836   168 
1837   349 
1838   378 
1839   650 
1840   574 
1841   988 
1842   272 
1843   197 
1844   660 
1845   527 
1846   300 
1847   337 
1848   752 
1849   752 
1850   141 
1851   208 
1852   833 
1853   936 
1854   481 
1855    50 
1856   690 
1857   699 
1858   800 
1859   829 
1860   131 
1861   333 
1862   132 
1863   358 
1864   545 
1865   229 
1866   259 
1867   399 
1868   470 
1869   449 
1870   233 
1871   631 
1872   619 
1873   676 
1874   240 
1875   505 
1876   996 
1877   139 
1878   283 
1879   157 
1880   342 
1881   103 
1882   811 
1883   973 
1884   673 
1885   527 
1886   877 
1887   850 
1888   927 
1889   741 
1890   313 
1891   698 
1892   609 
1893   331 
1894   182 
1895   682 
1896   983 
1897   661 
1898   544 
1899    46 
1900   741 
1901   198 
1902    96 
1903   317 
1904   362 
1905    73 
1906   792 
1907   182 
1908   991 
1909   232 
1910   484 
1911   973 
1912   519 
1913   785 
1914   112 
1915   305 
1916   390 
1917   687 
1918   399 
1919   848 
1920   897 
1921   471 
1922   960 
1923   994 
1924   981 
1925   276 
1926   495 
1927   647 
1928   992 
1929   957 
1930   938 
1931   421 
1932   729 
1933   348 
1934   767 
1935   886 
1936   556 
1937   908 
1938   424 
1939   946 
1940    89 
1941   278 
1942   235 
1943   301 
1944   697 
1945   207 
1946   879 
1947   930 
1948    50 
1949   640 
1950   848 
1951   759 
1952   248 
1953   515 
1954   428 
1955    58 
1956   400 
1957   439 
1958   196 
1959   430 
1960   314 
1961   637 
1962   164 
1963   485 
1964   248 
1965   147 
1966   544 
1967   793 
1968   242 
1969    50 
1970   921 
1971   576 
1972   143 
1973   919 
1974   129 
1975   619 
1976   223 
1977   502 
1978   260 
1979   556 
1980   804 
1981    51 
1982   567 
1983   822 
1984   122 
1985   763 
1986   611 
1987   225 
1988   745 
1989   421 
1990   715 
1991   943 
1992   801 
1993   636 
1994   904 
1995   656 
1996   117 
1997   626 
1998   773 
1999    89 
2000    85 
2001   154 
2002   145 
2003   478 
2004   338 
2005    61 
2006   341 
2007   251 
2008   905 
2009   855 
2010   653 
2011   588 
2012   865 
2013   879 
2014   325 
2015   987 
2016    86 
2017   373 
2018   523 
2019   825 
2020   828 
2021   496 
2022   195 
2023   377 
2024   611 
2025   443 
2026    83 
2027   656 
2028   306 
2029    78 
2030   176 
2031    16 
2032   849 
2033   397 
2034   474 
2035   722 
2036   290 
2037   123 
2038   506 
2039   974 
2040   329 
2041   834 
2042   674 
2043   547 
2044   815 
2045   570 
2046   337 
2047   580 
2048   698 
2049   241 
2050   535 
2051    59 
2052   966 
2053   636 
2054   524 
2055   800 
2056   958 
2057   752 
2058   638 
2059   486 
2060   438 
2061   317 
2062    48 
2063   248 
2064   342 
2065   342 
2066   338 
2067   368 
2068   348 
2069   224 
2070   586 
2071   992 
2072   410 
2073   843 
2074   376 
2075   625 
2076    97 
2077   693 
2078   143 
2079   786 
2080   680 
2081   881 
2082   740 
2083   945 
2084   377 
2085   616 
2086   723 
2087   872 
2088   873 
2089   651 
2090   822 
2091   259 
2092   328 
2093    53 
2094    41 
2095    68 
2096   899 
2097   175 
2098   459 
2099   949 
2100    33 
2101   972 
2102   728 
2103    49 
2104   382 
2105   777 
2106   134 
2107    73 
2108   371 
2109   680 
2110   254 
2111   748 
2112   500 
2113   283 
2114   324 
2115   829 
2116   860 
2117   969 
2118   683 
2119   972 
2120   451 
2121   451 
2122    90 
2123   191 
2124   259 
2125   492 
2126   929 
2127   372 
2128   183 
2129   597 
2130    48 
2131   961 
2132   668 
2133   554 
2134   291 
2135   921 
2136   253 
2137   944 
2138   900 
2139   456 
2140   693 
2141   598 
2142   191 
2143   704 
2144   595 
2145   698 
2146   325 
2147   255 
2148   862 
2149   117 
2150   236 
2151   653 
2152   107 
2153   125 
2154   865 
2155   333 
2156   160 
2157   957 
2158   572 
2159   657 
2160   626 
2161   536 
2162   202 
2163   921 
2164   752 
2165   520 
2166   851 
2167    82 
2168   550 
2169    43 
2170    19 
2171   567 
2172   679 
2173   119 
2174   582 
2175   975 
2176   987 
2177    84 
2178   166 
2179   813 
2180   136 
2181   756 
2182   986 
2183   310 
2184    78 
2185   891 
2186   433 
2187   451 
2188   416 
2189   314 
2190   359 
2191   965 
2192   415 
2193   943 
2194   385 
2195   947 
2196    89 
2197   396 
2198   146 
2199   417 
2200   652 
2201   148 
2202   106 
2203   266 
2204   768 
2205   170 
2206   841 
2207   118 
2208   614 
2209   522 
2210   951 
2211   455 
2212   616 
2213   211 
2214   984 
2215   941 
2216   935 
2217   346 
2218   968 
2219   454 
2220   147 
2221   621 
2222    15 
2223    47 
2224   396 
2225   674 
2226   774 
2227   370 
2228    51 
2229   355 
2230   647 
2231   231 
2232   452 
2233   934 
2234   908 
2235   761 
2236   723 
2237   544 
2238   844 
2239    51 
2240   816 
2241   311 
2242   504 
2243   367 
2244   651 
2245    32 
2246   375 
2247   863 
2248   533 
2249   997 
2250    87 
2251   160 
2252   164 
2253   241 
2254   764 
2255   960 
2256   229 
2257   109 
2258   715 
2259   878 
2260   610 
2261   252 
2262   876 
2263   172 
2264    70 
2265    47 
2266   335 
2267   477 
2268   299 
2269    98 
2270   586 
2271   583 
2272   967 
2273   132 
2274    60 
2275   429 
2276   855 
2277   403 
2278   936 
2279   652 
2280    35 
2281   569 
2282   865 
2283   954 
2284   827 
2285   810 
2286   244 
2287   578 
2288    74 
2289   937 
2290   330 
2291   590 
2292   442 
2293   967 
2294   819 
2295   631 
2296   759 
2297   110 
2298   887 
2299   676 
2300   185 
2301   386 
2302   780 
2303   568 
2304   282 
2305   762 
2306   706 
2307   401 
2308   292 
2309   763 
2310   108 
2311    96 
2312   816 
2313   342 
2314   718 
2315   622 
2316   373 
2317   536 
2318   316 
2319   736 
2320    49 
2321   779 
2322   823 
2323   109 
2324   401 
2325   867 
2326   225 
2327   977 
2328    12 
2329   891 
2330   937 
2331   609 
2332   619 
2333   749 
2334    43 
2335   518 
2336   185 
2337    23 
2338   262 
2339   937 
2340   261 
2341   442 
2342   319 
2343   192 
2344   734 
2345   693 
2346   666 
2347   554 
2348   850 
2349   612 
2350   812 
2351   998 
2352    19 
2353   415 
2354   217 
2355   598 
2356   278 
2357   200 
2358   863 
2359   531 
2360   465 
2361   235 
2362   771 
2363   683 
2364   856 
2365   646 
2366   878 
2367   254 
2368   742 
2369   308 
2370   913 
2371   322 
2372   285 
2373   654 
2374   831 
2375   833 
2376   151 
2377   161 
2378   734 
2379   842 
2380    32 
2381   790 
2382   481 
2383   405 
2384   996 
2385   478 
2386   131 
2387   502 
2388   891 
2389   716 
2390   412 
2391   844 
2392    98 
2393   410 
2394   125 
2395   784 
2396   386 
2397   233 
2398   367 
2399    17 
2400    23 
2401   512 
2402   385 
2403   226 
2404   569 
2405   339 
2406    80 
2407   369 
2408   450 
2409   610 
2410   265 
2411    22 
2412   969 
2413   255 
2414   153 
2415   989 
2416   428 
2417   627 
2418   856 
2419   310 
2420   195 
2421   938 
2422   774 
2423   815 
2424   826 
2425   300 
2426   412 
2427   139 
2428   648 
2429   412 
2430   262 
2431   619 
2432   879 
2433   328 
2434   705 
2435   988 
2436   299 
2437   976 
2438   793 
2439   625 
2440   138 
2441   921 
2442   207 
2443   613 
2444   810 
2445   425 
2446   164 
2447   648 
2448   296 
2449   875 
2450   274 
2451   119 
2452   248 
2453   806 
2454    70 
2455   738 
2456   924 
2457   537 
2458   685 
2459   952 
2460   558 
2461   958 
2462   128 
2463   880 
2464   963 
2465   321 
2466    16 
2467   452 
2468   549 
2469   714 
2470   198 
2471    41 
2472   688 
2473   838 
2474   849 
2475   753 
2476   579 
2477   174 
2478   450 
2479   997 
2480   569 
2481   874 
2482   326 
2483   697 
2484   375 
2485   546 
2486   323 
2487   929 
2488   277 
2489   776 
2490   444 
2491   194 
2492   787 
2493    80 
2494   912 
2495   506 
2496   432 
2497   332 
2498   786 
2499   661 
2500   845 
1 51 0 
1 2 0 
2 52 0 
2 3 0 
3 53 0 
3 4 0 
4 54 0 
4 5 0 
5 55 0 
5 6 0 
6 56 0 
6 7 0 
7 57 0 
7 8 0 
8 58 0 
8 9 0 
9 59 0 
9 10 0 
10 60 0 
10 11 0 
11 61 0 
11 12 0 
12 62 0 
12 13 0 
13 63 0 
13 14 0 
14 64 0 
14 15 0 
15 65 0 
15 16 0 
16 66 0 
16 17 0 
17 67 0 
17 18 0 
18 68 0 
18 19 0 
19 69 0 
19 20 0 
20 70 0 
20 21 0 
21 71 0 
21 22 0 
22 72 0 
22 23 0 
23 73 0 
23 24 0 
24 74 0 
24 25 0 
25 75 0 
25 26 0 
26 76 0 
26 27 0 
27 77 0 
27 28 0 
28 78 0 
28 29 0 
29 79 0 
29 30 0 
30 80 0 
30 31 0 
31 81 0 
31 32 0 
32 82 0 
32 33 0 
33 83 0 
33 34 0 
34 84 0 
34 35 0 
35 85 0 
35 36 0 
36 86 0 
36 37 0 
37 87 0 
37 38 0 
38 88 0 
38 39 0 
39 89 0 
39 40 0 
40 90 0 
40 41 0 
41 91 0 
41 42 0 
42 92 0 
42 43 0 
43 93 0 
43 44 0 
44 94 0 
44 45 0 
45 95 0 
45 46 0 
46 96 0 
46 47 0 
47 97 0 
47 48 0 
48 98 0 
48 49 0 
49 99 0 
49 50 0 
50 100 0 
51 101 0 
51 52 0 
52 102 0 
52 53 0 
53 103 0 
53 54 0 
54 104 0 
54 55 0 
55 105 0 
55 56 0 
56 106 0 
56 57 0 
57 107 0 
57 58 0 
58 108 0 
58 59 0 
59 109 0 
59 60 0 
60 110 0 
60 61 0 
61 111 0 
61 62 0 
62 112 0 
62 63 0 
63 113 0 
63 64 0 
64 114 0 
64 65 0 
65 115 0 
65 66 0 
66 116 0 
66 67 0 
67 117 0 
67 68 0 
68 118 0 
68 69 0 
69 119 0 
69 70 0 
70 120 0 
70 71 0 
71 121 0 
71 72 0 
72 122 0 
72 73 0 
73 123 0 
73 74 0 
74 124 0 
74 75 0 
75 125 0 
75 76 0 
76 126 0 
76 77 0 
77 127 0 
77 78 0 
78 128 0 
78 79 0 
79 129 0 
79 80 0 
80 130 0 
80 81 0 
81 131 0 
81 82 0 
82 132 0 
82 83 0 
83 133 0 
83 84 0 
84 134 0 
84 85 0 
85 135 0 
85 86 0 
86 136 0 
86 87 0 
87 137 0 
87 88 0 
88 138 0 
88 89 0 
89 139 0 
89 90 0 
90 140 0 
90 91 0 
91 141 0 
91 92 0 
92 142 0 
92 93 0 
93 143 0 
93 94 0 
94 144 0 
94 95 0 
95 145 0 
95 96 0 
96 146 0 
96 97 0 
97 147 0 
97 98 0 
98 148 0 
98 99 0 
99 149 0 
99 100 0 
100 150 0 
101 151 0 
101 102 0 
102 152 0 
102 103 0 
103 153 0 
103 104 0 
104 154 0 
104 105 0 
105 155 0 
105 106 0 
106 156 0 
106 107 0 
107 157 0 
107 108 0 
108 158 0 
108 109 0 
109 159 0 
109 110 0 
110 160 0 
110 111 0 
111 161 0 
111 112 0 
112 162 0 
112 113 0 
113 163 0 
113 114 0 
114 164 0 
114 115 0 
115 165 0 
115 116 0 
116 166 0 
116 117 0 
117 167 0 
117 118 0 
118 168 0 
118 119 0 
119 169 0 
119 120 0 
120 170 0 
120 121 0 
121 171 0 
121 122 0 
122 172 0 
122 123 0 
123 173 0 
123 124 0 
124 174 0 
124 125 0 
125 175 0 
125 126 0 
126 176 0 
126 127 0 
127 177 0 
127 128 0 
128 178 0 
128 129 0 
129 179 0 
129 130 0 
130 180 0 
130 131 0 
131 181 0 
131 132 0 
132 182 0 
132 133 0 
133 183 0 
133 134 0 
134 184 0 
134 135 0 
135 185 0 
135 136 0 
136 186 0 
136 137 0 
137 187 0 
137 138 0 
138 188 0 
138 139 0 
139 189 0 
139 140 0 
140 190 0 
140 141 0 
141 191 0 
141 142 0 
142 192 0 
142 143 0 
143 193 0 
143 144 0 
144 194 0 
144 145 0 
145 195 0 
145 146 0 
146 196 0 
146 147 0 
147 197 0 
147 148 0 
148 198 0 
148 149 0 
149 199 0 
149 150 0 
150 200 0 
151 201 0 
151 152 0 
152 202 0 
152 153 0 
153 203 0 
153 154 0 
154 204 0 
154 155 0 
155 205 0 
155 156 0 
156 206 0 
156 157 0 
157 207 0 
157 158 0 
158 208 0 
158 159 0 
159 209 0 
159 160 0 
160 210 0 
160 161 0 
161 211 0 
161 162 0 
162 212 0 
162 163 0 
163 213 0 
163 164 0 
164 214 0 
164 165 0 
165 215 0 
165 166 0 
166 216 0 
166 167 0 
167 217 0 
167 168 0 
168 218 0 
168 169 0 
169 219 0 
169 170 0 
170 220 0 
170 171 0 
171 221 0 
171 172 0 
172 222 0 
172 173 0 
173 223 0 
173 174 0 
174 224 0 
174 175 0 
175 225 0 
175 176 0 
176 226 0 
176 177 0 
177 227 0 
177 178 0 
178 228 0 
178 179 0 
179 229 0 
179 180 0 
180 230 0 
180 181 0 
181 231 0 
181 182 0 
182 232 0 
182 183 0 
183 233 0 
183 184 0 
184 234 0 
184 185 0 
185 235 0 
185 186 0 
186 236 0 
186 187 0 
187 237 0 
187 188 0 
188 238 0 
188 189 0 
189 239 0 
189 190 0 
190 240 0 
190 191 0 
191 241 0 
191 192 0 
192 242 0 
192 193 0 
193 243 0 
193 194 0 
194 244 0 
194 195 0 
195 245 0 
195 196 0 
196 246 0 
196 197 0 
197 247 0 
197 198 0 
198 248 0 
198 199 0 
199 249 0 
199 200 0 
200 250 0 
201 251 0 
201 202 0 
202 252 0 
202 203 0 
203 253 0 
203 204 0 
204 254 0 
204 205 0 
205 255 0 
205 206 0 
206 256 0 
206 207 0 
207 257 0 
207 208 0 
208 258 0 
208 209 0 
209 259 0 
209 210 0 
210 260 0 
210 211 0 
211 261 0 
211 212 0 
212 262 0 
212 213 0 
213 263 0 
213 214 0 
214 264 0 
214 215 0 
215 265 0 
215 216 0 
216 266 0 
216 217 0 
217 267 0 
217 218 0 
218 268 0 
218 219 0 
219 269 0 
219 220 0 
220 270 0 
220 221 0 
221 271 0 
221 222 0 
222 272 0 
222 223 0 
223 273 0 
223 224 0 
224 274 0 
224 225 0 
225 275 0 
225 226 0 
226 276 0 
226 227 0 
227 277 0 
227 228 0 
228 278 0 
228 229 0 
229 279 0 
229 230 0 
230 280 0 
230 231 0 
231 281 0 
231 232 0 
232 282 0 
232 233 0 
233 283 0 
233 234 0 
234 284 0 
234 235 0 
235 285 0 
235 236 0 
236 286 0 
236 237 0 
237 287 0 
237 238 0 
238 288 0 
238 239 0 
239 289 0 
239 240 0 
240 290 0 
240 241 0 
241 291 0 
241 242 0 
242 292 0 
242 243 0 
243 293 0 
243 244 0 
244 294 0 
244 245 0 
245 295 0 
245 246 0 
246 296 0 
246 247 0 
247 297 0 
247 248 0 
248 298 0 
248 249 0 
249 299 0 
249 250 0 
250 300 0 
251 301 0 
251 252 0 
252 302 0 
252 253 0 
253 303 0 
253 254 0 
254 304 0 
254 255 0 
255 305 0 
255 256 0 
256 306 0 
256 257 0 
257 307 0 
257 258 0 
258 308 0 
258 259 0 
259 309 0 
259 260 0 
260 310 0 
260 261 0 
261 311 0 
261 262 0 
262 312 0 
262 263 0 
263 313 0 
263 264 0 
264 314 0 
264 265 0 
265 315 0 
265 266 0 
266 316 0 
266 267 0 
267 317 0 
267 268 0 
268 318 0 
268 269 0 
269 319 0 
269 270 0 
270 320 0 
270 271 0 
271 321 0 
271 272 0 
272 322 0 
272 273 0 
273 323 0 
273 274 0 
274 324 0 
274 275 0 
275 325 0 
275 276 0 
276 326 0 
276 277 0 
277 327 0 
277 278 0 
278 328 0 
278 279 0 
279 329 0 
279 280 0 
280 330 0 
280 281 0 
281 331 0 
281 282 0 
282 332 0 
282 283 0 
283 333 0 
283 284 0 
284 334 0 
284 285 0 
285 335 0 
285 286 0 
286 336 0 
286 287 0 
287 337 0 
287 288 0 
288 338 0 
288 289 0 
289 339 0 
289 290 0 
290 340 0 
290 291 0 
291 341 0 
291 292 0 
292 342 0 
292 293 0 
293 343 0 
293 294 0 
294 344 0 
294 295 0 
295 345 0 
295 296 0 
296 346 0 
296 297 0 
297 347 0 
297 298 0 
298 348 0 
298 299 0 
299 349 0 
299 300 0 
300 350 0 
301 351 0 
301 302 0 
302 352 0 
302 303 0 
303 353 0 
303 304 0 
304 354 0 
304 305 0 
305 355 0 
305 306 0 
306 356 0 
306 307 0 
307 357 0 
307 308 0 
308 358 0 
308 309 0 
309 359 0 
309 310 0 
310 360 0 
310 311 0 
311 361 0 
311 312 0 
312 362 0 
312 313 0 
313 363 0 
313 314 0 
314 364 0 
314 315 0 
315 365 0 
315 316 0 
316 366 0 
316 317 0 
317 367 0 
317 318 0 
318 368 0 
318 319 0 
319 369 0 
319 320 0 
320 370 0 
320 321 0 
321 371 0 
321 322 0 
322 372 0 
322 323 0 
323 373 0 
323 324 0 
324 374 0 
324 325 0 
325 375 0 
325 326 0 
326 376 0 
326 327 0 
327 377 0 
327 328 0 
328 378 0 
328 329 0 
329 379 0 
329 330 0 
330 380 0 
330 331 0 
331 381 0 
331 332 0 
332 382 0 
332 333 0 
333 383 0 
333 334 0 
334 384 0 
334 335 0 
335 385 0 
335 336 0 
336 386 0 
336 337 0 
337 387 0 
337 338 0 
338 388 0 
338 339 0 
339 389 0 
339 340 0 
340 390 0 
340 341 0 
341 391 0 
341 342 0 
342 392 0 
342 343 0 
343 393 0 
343 344 0 
344 394 0 
344 345 0 
345 395 0 
345 346 0 
346 396 0 
346 347 0 
347 397 0 
347 348 0 
348 398 0 
348 349 0 
349 399 0 
349 350 0 
350 400 0 
351 401 0 
351 352 0 
352 402 0 
352 353 0 
353 403 0 
353 354 0 
354 404 0 
354 355 0 
355 405 0 
355 356 0 
356 406 0 
356 357 0 
357 407 0 
357 358 0 
358 408 0 
358 359 0 
359 409 0 
359 360 0 
360 410 0 
360 361 0 
361 411 0 
361 362 0 
362 412 0 
362 363 0 
363 413 0 
363 364 0 
364 414 0 
364 365 0 
365 415 0 
365 366 0 
366 416 0 
366 367 0 
367 417 0 
367 368 0 
368 418 0 
368 369 0 
369 419 0 
369 370 0 
370 420 0 
370 371 0 
371 421 0 
371 372 0 
372 422 0 
372 373 0 
373 423 0 
373 374 0 
374 424 0 
374 375 0 
375 425 0 
375 376 0 
376 426 0 
376 377 0 
377 427 0 
377 378 0 
378 428 0 
378 379 0 
379 429 0 
379 380 0 
380 430 0 
380 381 0 
381 431 0 
381 382 0 
382 432 0 
382 383 0 
383 433 0 
383 384 0 
384 434 0 
384 385 0 
385 435 0 
385 386 0 
386 436 0 
386 387 0 
387 437 0 
387 388 0 
388 438 0 
388 389 0 
389 439 0 
389 390 0 
390 440 0 
390 391 0 
391 441 0 
391 392 0 
392 442 0 
392 393 0 
393 443 0 
393 394 0 
394 444 0 
394 395 0 
395 445 0 
395 396 0 
396 446 0 
396 397 0 
397 447 0 
397 398 0 
398 448 0 
398 399 0 
399 449 0 
399 400 0 
400 450 0 
401 451 0 
401 402 0 
402 452 0 
402 403 0 
403 453 0 
403 404 0 
404 454 0 
404 405 0 
405 455 0 
405 406 0 
406 456 0 
406 407 0 
407 457 0 
407 408 0 
408 458 0 
408 409 0 
409 459 0 
409 410 0 
410 460 0 
410 411 0 
411 461 0 
411 412 0 
412 462 0 
412 413 0 
413 463 0 
413 414 0 
414 464 0 
414 415 0 
415 465 0 
415 416 0 
416 466 0 
416 417 0 
417 467 0 
417 418 0 
418 468 0 
418 419 0 
419 469 0 
419 420 0 
420 470 0 
420 421 0 
421 471 0 
421 422 0 
422 472 0 
422 423 0 
423 473 0 
423 424 0 
424 474 0 
424 425 0 
425 475 0 
425 426 0 
426 476 0 
426 427 0 
427 477 0 
427 428 0 
428 478 0 
428 429 0 
429 479 0 
429 430 0 
430 480 0 
430 431 0 
431 481 0 
431 432 0 
432 482 0 
432 433 0 
433 483 0 
433 434 0 
434 484 0 
434 435 0 
435 485 0 
435 436 0 
436 486 0 
436 437 0 
437 487 0 
437 438 0 
438 488 0 
438 439 0 
439 489 0 
439 440 0 
440 490 0 
440 441 0 
441 491 0 
441 442 0 
442 492 0 
442 443 0 
443 493 0 
443 444 0 
444 494 0 
444 445 0 
445 495 0 
445 446 0 
446 496 0 
446 447 0 
447 497 0 
447 448 0 
448 498 0 
448 449 0 
449 499 0 
449 450 0 
450 500 0 
451 501 0 
451 452 0 
452 502 0 
452 453 0 
453 503 0 
453 454 0 
454 504 0 
454 455 0 
455 505 0 
455 456 0 
456 506 0 
456 457 0 
457 507 0 
457 458 0 
458 508 0 
458 459 0 
459 509 0 
459 460 0 
460 510 0 
460 461 0 
461 511 0 
461 462 0 
462 512 0 
462 463 0 
463 513 0 
463 464 0 
464 514 0 
464 465 0 
465 515 0 
465 466 0 
466 516 0 
466 467 0 
467 517 0 
467 468 0 
468 518 0 
468 469 0 
469 519 0 
469 470 0 
470 520 0 
470 471 0 
471 521 0 
471 472 0 
472 522 0 
472 473 0 
473 523 0 
473 474 0 
474 524 0 
474 475 0 
475 525 0 
475 476 0 
476 526 0 
476 477 0 
477 527 0 
477 478 0 
478 528 0 
478 479 0 
479 529 0 
479 480 0 
480 530 0 
480 481 0 
481 531 0 
481 482 0 
482 532 0 
482 483 0 
483 533 0 
483 484 0 
484 534 0 
484 485 0 
485 535 0 
485 486 0 
486 536 0 
486 487 0 
487 537 0 
487 488 0 
488 538 0 
488 489 0 
489 539 0 
489 490 0 
490 540 0 
490 491 0 
491 541 0 
491 492 0 
492 542 0 
492 493 0 
493 543 0 
493 494 0 
494 544 0 
494 495 0 
495 545 0 
495 496 0 
496 546 0 
496 497 0 
497 547 0 
497 498 0 
498 548 0 
498 499 0 
499 549 0 
499 500 0 
500 550 0 
501 551 0 
501 502 0 
502 552 0 
502 503 0 
503 553 0 
503 504 0 
504 554 0 
504 505 0 
505 555 0 
505 506 0 
506 556 0 
506 507 0 
507 557 0 
507 508 0 
508 558 0 
508 509 0 
509 559 0 
509 510 0 
510 560 0 
510 511 0 
511 561 0 
511 512 0 
512 562 0 
512 513 0 
513 563 0 
513 514 0 
514 564 0 
514 515 0 
515 565 0 
515 516 0 
516 566 0 
516 517 0 
517 567 0 
517 518 0 
518 568 0 
518 519 0 
519 569 0 
519 520 0 
520 570 0 
520 521 0 
521 571 0 
521 522 0 
522 572 0 
522 523 0 
523 573 0 
523 524 0 
524 574 0 
524 525 0 
525 575 0 
525 526 0 
526 576 0 
526 527 0 
527 577 0 
527 528 0 
528 578 0 
528 529 0 
529 579 0 
529 530 0 
530 580 0 
530 531 0 
531 581 0 
531 532 0 
532 582 0 
532 533 0 
533 583 0 
533 534 0 
534 584 0 
534 535 0 
535 585 0 
535 536 0 
536 586 0 
536 537 0 
537 587 0 
537 538 0 
538 588 0 
538 539 0 
539 589 0 
539 540 0 
540 590 0 
540 541 0 
541 591 0 
541 542 0 
542 592 0 
542 543 0 
543 593 0 
543 544 0 
544 594 0 
544 545 0 
545 595 0 
545 546 0 
546 596 0 
546 547 0 
547 597 0 
547 548 0 
548 598 0 
548 549 0 
549 599 0 
549 550 0 
550 600 0 
551 601 0 
551 552 0 
552 602 0 
552 553 0 
553 603 0 
553 554 0 
554 604 0 
554 555 0 
555 605 0 
555 556 0 
556 606 0 
556 557 0 
557 607 0 
557 558 0 
558 608 0 
558 559 0 
559 609 0 
559 560 0 
560 610 0 
560 561 0 
561 611 0 
561 562 0 
562 612 0 
562 563 0 
563 613 0 
563 564 0 
564 614 0 
564 565 0 
565 615 0 
565 566 0 
566 616 0 
566 567 0 
567 617 0 
567 568 0 
568 618 0 
568 569 0 
569 619 0 
569 570 0 
570 620 0 
570 571 0 
571 621 0 
571 572 0 
572 622 0 
572 573 0 
573 623 0 
573 574 0 
574 624 0 
574 575 0 
575 625 0 
575 576 0 
576 626 0 
576 577 0 
577 627 0 
577 578 0 
578 628 0 
578 579 0 
579 629 0 
579 580 0 
580 630 0 
580 581 0 
581 631 0 
581 582 0 
582 632 0 
582 583 0 
583 633 0 
583 584 0 
584 634 0 
584 585 0 
585 635 0 
585 586 0 
586 636 0 
586 587 0 
587 637 0 
587 588 0 
588 638 0 
588 589 0 
589 639 0 
589 590 0 
590 640 0 
590 591 0 
591 641 0 
591 592 0 
592 642 0 
592 593 0 
593 643 0 
593 594 0 
594 644 0 
594 595 0 
595 645 0 
595 596 0 
596 646 0 
596 597 0 
597 647 0 
597 598 0 
598 648 0 
598 599 0 
599 649 0 
599 600 0 
600 650 0 
601 651 0 
601 602 0 
602 652 0 
602 603 0 
603 653 0 
603 604 0 
604 654 0 
604 605 0 
605 655 0 
605 606 0 
606 656 0 
606 607 0 
607 657 0 
607 608 0 
608 658 0 
608 609 0 
609 659 0 
609 610 0 
610 660 0 
610 611 0 
611 661 0 
611 612 0 
612 662 0 
612 613 0 
613 663 0 
613 614 0 
614 664 0 
614 615 0 
615 665 0 
615 616 0 
616 666 0 
616 617 0 
617 667 0 
617 618 0 
618 668 0 
618 619 0 
619 669 0 
619 620 0 
620 670 0 
620 621 0 
621 671 0 
621 622 0 
622 672 0 
622 623 0 
623 673 0 
623 624 0 
624 674 0 
624 625 0 
625 675 0 
625 626 0 
626 676 0 
626 627 0 
627 677 0 
627 628 0 
628 678 0 
628 629 0 
629 679 0 
629 630 0 
630 680 0 
630 631 0 
631 681 0 
631 632 0 
632 682 0 
632 633 0 
633 683 0 
633 634 0 
634 684 0 
634 635 0 
635 685 0 
635 636 0 
636 686 0 
636 637 0 
637 687 0 
637 638 0 
638 688 0 
638 639 0 
639 689 0 
639 640 0 
640 690 0 
640 641 0 
641 691 0 
641 642 0 
642 692 0 
642 643 0 
643 693 0 
643 644 0 
644 694 0 
644 645 0 
645 695 0 
645 646 0 
646 696 0 
646 647 0 
647 697 0 
647 648 0 
648 698 0 
648 649 0 
649 699 0 
649 650 0 
650 700 0 
651 701 0 
651 652 0 
652 702 0 
652 653 0 
653 703 0 
653 654 0 
654 704 0 
654 655 0 
655 705 0 
655 656 0 
656 706 0 
656 657 0 
657 707 0 
657 658 0 
658 708 0 
658 659 0 
659 709 0 
659 660 0 
660 710 0 
660 661 0 
661 711 0 
661 662 0 
662 712 0 
662 663 0 
663 713 0 
663 664 0 
664 714 0 
664 665 0 
665 715 0 
665 666 0 
666 716 0 
666 667 0 
667 717 0 
667 668 0 
668 718 0 
668 669 0 
669 719 0 
669 670 0 
670 720 0 
670 671 0 
671 721 0 
671 672 0 
672 722 0 
672 673 0 
673 723 0 
673 674 0 
674 724 0 
674 675 0 
675 725 0 
675 676 0 
676 726 0 
676 677 0 
677 727 0 
677 678 0 
678 728 0 
678 679 0 
679 729 0 
679 680 0 
680 730 0 
680 681 0 
681 731 0 
681 682 0 
682 732 0 
682 683 0 
683 733 0 
683 684 0 
684 734 0 
684 685 0 
685 735 0 
685 686 0 
686 736 0 
686 687 0 
687 737 0 
687 688 0 
688 738 0 
688 689 0 
689 739 0 
689 690 0 
690 740 0 
690 691 0 
691 741 0 
691 692 0 
692 742 0 
692 693 0 
693 743 0 
693 694 0 
694 744 0 
694 695 0 
695 745 0 
695 696 0 
696 746 0 
696 697 0 
697 747 0 
697 698 0 
698 748 0 
698 699 0 
699 749 0 
699 700 0 
700 750 0 
701 751 0 
701 702 0 
702 752 0 
702 703 0 
703 753 0 
703 704 0 
704 754 0 
704 705 0 
705 755 0 
705 706 0 
706 756 0 
706 707 0 
707 757 0 
707 708 0 
708 758 0 
708 709 0 
709 759 0 
709 710 0 
710 760 0 
710 711 0 
711 761 0 
711 712 0 
712 762 0 
712 713 0 
713 763 0 
713 714 0 
714 764 0 
714 715 0 
715 765 0 
715 716 0 
716 766 0 
716 717 0 
717 767 0 
717 718 0 
718 768 0 
718 719 0 
719 769 0 
719 720 0 
720 770 0 
720 721 0 
721 771 0 
721 722 0 
722 772 0 
722 723 0 
723 773 0 
723 724 0 
724 774 0 
724 725 0 
725 775 0 
725 726 0 
726 776 0 
726 727 0 
727 777 0 
727 728 0 
728 778 0 
728 729 0 
729 779 0 
729 730 0 
730 780 0 
730 731 0 
731 781 0 
731 732 0 
732 782 0 
732 733 0 
733 783 0 
733 734 0 
734 784 0 
734 735 0 
735 785 0 
735 736 0 
736 786 0 
736 737 0 
737 787 0 
737 738 0 
738 788 0 
738 739 0 
739 789 0 
739 740 0 
740 790 0 
740 741 0 
741 791 0 
741 742 0 
742 792 0 
742 743 0 
743 793 0 
743 744 0 
744 794 0 
744 745 0 
745 795 0 
745 746 0 
746 796 0 
746 747 0 
747 797 0 
747 748 0 
748 798 0 
748 749 0 
749 799 0 
749 750 0 
750 800 0 
751 801 0 
751 752 0 
752 802 0 
752 753 0 
753 803 0 
753 754 0 
754 804 0 
754 755 0 
755 805 0 
755 756 0 
756 806 0 
756 757 0 
757 807 0 
757 758 0 
758 808 0 
758 759 0 
759 809 0 
759 760 0 
760 810 0 
760 761 0 
761 811 0 
761 762 0 
762 812 0 
762 763 0 
763 813 0 
763 764 0 
764 814 0 
764 765 0 
765 815 0 
765 766 0 
766 816 0 
766 767 0 
767 817 0 
767 768 0 
768 818 0 
768 769 0 
769 819 0 
769 770 0 
770 820 0 
770 771 0 
771 821 0 
771 772 0 
772 822 0 
772 773 0 
773 823 0 
773 774 0 
774 824 0 
774 775 0 
775 825 0 
775 776 0 
776 826 0 
776 777 0 
777 827 0 
777 778 0 
778 828 0 
778 779 0 
779 829 0 
779 780 0 
780 830 0 
780 781 0 
781 831 0 
781 782 0 
782 832 0 
782 783 0 
783 833 0 
783 784 0 
784 834 0 
784 785 0 
785 835 0 
785 786 0 
786 836 0 
786 787 0 
787 837 0 
787 788 0 
788 838 0 
788 789 0 
789 839 0 
789 790 0 
790 840 0 
790 791 0 
791 841 0 
791 792 0 
792 842 0 
792 793 0 
793 843 0 
793 794 0 
794 844 0 
794 795 0 
795 845 0 
795 796 0 
796 846 0 
796 797 0 
797 847 0 
797 798 0 
798 848 0 
798 799 0 
799 849 0 
799 800 0 
800 850 0 
801 851 0 
801 802 0 
802 852 0 
802 803 0 
803 853 0 
803 804 0 
804 854 0 
804 805 0 
805 855 0 
805 806 0 
806 856 0 
806 807 0 
807 857 0 
807 808 0 
808 858 0 
808 809 0 
809 859 0 
809 810 0 
810 860 0 
810 811 0 
811 861 0 
811 812 0 
812 862 0 
812 813 0 
813 863 0 
813 814 0 
814 864 0 
814 815 0 
815 865 0 
815 816 0 
816 866 0 
816 817 0 
817 867 0 
817 818 0 
818 868 0 
818 819 0 
819 869 0 
819 820 0 
820 870 0 
820 821 0 
821 871 0 
821 822 0 
822 872 0 
822 823 0 
823 873 0 
823 824 0 
824 874 0 
824 825 0 
825 875 0 
825 826 0 
826 876 0 
826 827 0 
827 877 0 
827 828 0 
828 878 0 
828 829 0 
829 879 0 
829 830 0 
830 880 0 
830 831 0 
831 881 0 
831 832 0 
832 882 0 
832 833 0 
833 883 0 
833 834 0 
834 884 0 
834 835 0 
835 885 0 
835 836 0 
836 886 0 
836 837 0 
837 887 0 
837 838 0 
838 888 0 
838 839 0 
839 889 0 
839 840 0 
840 890 0 
840 841 0 
841 891 0 
841 842 0 
842 892 0 
842 843 0 
843 893 0 
843 844 0 
844 894 0 
844 845 0 
845 895 0 
845 846 0 
846 896 0 
846 847 0 
847 897 0 
847 848 0 
848 898 0 
848 849 0 
849 899 0 
849 850 0 
850 900 0 
851 901 0 
851 852 0 
852 902 0 
852 853 0 
853 903 0 
853 854 0 
854 904 0 
854 855 0 
855 905 0 
855 856 0 
856 906 0 
856 857 0 
857 907 0 
857 858 0 
858 908 0 
858 859 0 
859 909 0 
859 860 0 
860 910 0 
860 861 0 
861 911 0 
861 862 0 
862 912 0 
862 863 0 
863 913 0 
863 864 0 
864 914 0 
864 865 0 
865 915 0 
865 866 0 
866 916 0 
866 867 0 
867 917 0 
867 868 0 
868 918 0 
868 869 0 
869 919 0 
869 870 0 
870 920 0 
870 871 0 
871 921 0 
871 872 0 
872 922 0 
872 873 0 
873 923 0 
873 874 0 
874 924 0 
874 875 0 
875 925 0 
875 876 0 
876 926 0 
876 877 0 
877 927 0 
877 878 0 
878 928 0 
878 879 0 
879 929 0 
879 880 0 
880 930 0 
880 881 0 
881 931 0 
881 882 0 
882 932 0 
882 883 0 
883 933 0 
883 884 0 
884 934 0 
884 885 0 
885 935 0 
885 886 0 
886 936 0 
886 887 0 
887 937 0 
887 888 0 
888 938 0 
888 889 0 
889 939 0 
889 890 0 
890 940 0 
890 891 0 
891 941 0 
891 892 0 
892 942 0 
892 893 0 
893 943 0 
893 894 0 
894 944 0 
894 895 0 
895 945 0 
895 896 0 
896 946 0 
896 897 0 
897 947 0 
897 898 0 
898 948 0 
898 899 0 
899 949 0 
899 900 0 
900 950 0 
901 951 0 
901 902 0 
902 952 0 
902 903 0 
903 953 0 
903 904 0 
904 954 0 
904 905 0 
905 955 0 
905 906 0 
906 956 0 
906 907 0 
907 957 0 
907 908 0 
908 958 0 
908 909 0 
909 959 0 
909 910 0 
910 960 0 
910 911 0 
911 961 0 
911 912 0 
912 962 0 
912 913 0 
913 963 0 
913 914 0 
914 964 0 
914 915 0 
915 965 0 
915 916 0 
916 966 0 
916 917 0 
917 967 0 
917 918 0 
918 968 0 
918 919 0 
919 969 0 
919 920 0 
920 970 0 
920 921 0 
921 971 0 
921 922 0 
922 972 0 
922 923 0 
923 973 0 
923 924 0 
924 974 0 
924 925 0 
925 975 0 
925 926 0 
926 976 0 
926 927 0 
927 977 0 
927 928 0 
928 978 0 
928 929 0 
929 979 0 
929 930 0 
930 980 0 
930 931 0 
931 981 0 
931 932 0 
932 982 0 
932 933 0 
933 983 0 
933 934 0 
934 984 0 
934 935 0 
935 985 0 
935 936 0 
936 986 0 
936 937 0 
937 987 0 
937 938 0 
938 988 0 
938 939 0 
939 989 0 
939 940 0 
940 990 0 
940 941 0 
941 991 0 
941 942 0 
942 992 0 
942 943 0 
943 993 0 
943 944 0 
944 994 0 
944 945 0 
945 995 0 
945 946 0 
946 996 0 
946 947 0 
947 997 0 
947 948 0 
948 998 0 
948 949 0 
949 999 0 
949 950 0 
950 1000 0 
951 1001 0 
951 952 0 
952 1002 0 
952 953 0 
953 1003 0 
953 954 0 
954 1004 0 
954 955 0 
955 1005 0 
955 956 0 
956 1006 0 
956 957 0 
957 1007 0 
957 958 0 
958 1008 0 
958 959 0 
959 1009 0 
959 960 0 
960 1010 0 
960 961 0 
961 1011 0 
961 962 0 
962 1012 0 
962 963 0 
963 1013 0 
963 964 0 
964 1014 0 
964 965 0 
965 1015 0 
965 966 0 
966 1016 0 
966 967 0 
967 1017 0 
967 968 0 
968 1018 0 
968 969 0 
969 1019 0 
969 970 0 
970 1020 0 
970 971 0 
971 1021 0 
971 972 0 
972 1022 0 
972 973 0 
973 1023 0 
973 974 0 
974 1024 0 
974 975 0 
975 1025 0 
975 976 0 
976 1026 0 
976 977 0 
977 1027 0 
977 978 0 
978 1028 0 
978 979 0 
979 1029 0 
979 980 0 
980 1030 0 
980 981 0 
981 1031 0 
981 982 0 
982 1032 0 
982 983 0 
983 1033 0 
983 984 0 
984 1034 0 
984 985 0 
985 1035 0 
985 986 0 
986 1036 0 
986 987 0 
987 1037 0 
987 988 0 
988 1038 0 
988 989 0 
989 1039 0 
989 990 0 
990 1040 0 
990 991 0 
991 1041 0 
991 992 0 
992 1042 0 
992 993 0 
993 1043 0 
993 994 0 
994 1044 0 
994 995 0 
995 1045 0 
995 996 0 
996 1046 0 
996 997 0 
997 1047 0 
997 998 0 
998 1048 0 
998 999 0 
999 1049 0 
999 1000 0 
1000 1050 0 
1001 1051 0 
1001 1002 0 
1002 1052 0 
1002 1003 0 
1003 1053 0 
1003 1004 0 
1004 1054 0 
1004 1005 0 
1005 1055 0 
1005 1006 0 
1006 1056 0 
1006 1007 0 
1007 1057 0 
1007 1008 0 
1008 1058 0 
1008 1009 0 
1009 1059 0 
1009 1010 0 
1010 1060 0 
1010 1011 0 
1011 1061 0 
1011 1012 0 
1012 1062 0 
1012 1013 0 
1013 1063 0 
1013 1014 0 
1014 1064 0 
1014 1015 0 
1015 1065 0 
1015 1016 0 
1016 1066 0 
1016 1017 0 
1017 1067 0 
1017 1018 0 
1018 1068 0 
1018 1019 0 
1019 1069 0 
1019 1020 0 
1020 1070 0 
1020 1021 0 
1021 1071 0 
1021 1022 0 
1022 1072 0 
1022 1023 0 
1023 1073 0 
1023 1024 0 
1024 1074 0 
1024 1025 0 
1025 1075 0 
1025 1026 0 
1026 1076 0 
1026 1027 0 
1027 1077 0 
1027 1028 0 
1028 1078 0 
1028 1029 0 
1029 1079 0 
1029 1030 0 
1030 1080 0 
1030 1031 0 
1031 1081 0 
1031 1032 0 
1032 1082 0 
1032 1033 0 
1033 1083 0 
1033 1034 0 
1034 1084 0 
1034 1035 0 
1035 1085 0 
1035 1036 0 
1036 1086 0 
1036 1037 0 
1037 1087 0 
1037 1038 0 
1038 1088 0 
1038 1039 0 
1039 1089 0 
1039 1040 0 
1040 1090 0 
1040 1041 0 
1041 1091 0 
1041 1042 0 
1042 1092 0 
1042 1043 0 
1043 1093 0 
1043 1044 0 
1044 1094 0 
1044 1045 0 
1045 1095 0 
1045 1046 0 
1046 1096 0 
1046 1047 0 
1047 1097 0 
1047 1048 0 
1048 1098 0 
1048 1049 0 
1049 1099 0 
1049 1050 0 
1050 1100 0 
1051 1101 0 
1051 1052 0 
1052 1102 0 
1052 1053 0 
1053 1103 0 
1053 1054 0 
1054 1104 0 
1054 1055 0 
1055 1105 0 
1055 1056 0 
1056 1106 0 
1056 1057 0 
1057 1107 0 
1057 1058 0 
1058 1108 0 
1058 1059 0 
1059 1109 0 
1059 1060 0 
1060 1110 0 
1060 1061 0 
1061 1111 0 
1061 1062 0 
1062 1112 0 
1062 1063 0 
1063 1113 0 
1063 1064 0 
1064 1114 0 
1064 1065 0 
1065 1115 0 
1065 1066 0 
1066 1116 0 
1066 1067 0 
1067 1117 0 
1067 1068 0 
1068 1118 0 
1068 1069 0 
1069 1119 0 
1069 1070 0 
1070 1120 0 
1070 1071 0 
1071 1121 0 
1071 1072 0 
1072 1122 0 
1072 1073 0 
1073 1123 0 
1073 1074 0 
1074 1124 0 
1074 1075 0 
1075 1125 0 
1075 1076 0 
1076 1126 0 
1076 1077 0 
1077 1127 0 
1077 1078 0 
1078 1128 0 
1078 1079 0 
1079 1129 0 
1079 1080 0 
1080 1130 0 
1080 1081 0 
1081 1131 0 
1081 1082 0 
1082 1132 0 
1082 1083 0 
1083 1133 0 
1083 1084 0 
1084 1134 0 
1084 1085 0 
1085 1135 0 
1085 1086 0 
1086 1136 0 
1086 1087 0 
1087 1137 0 
1087 1088 0 
1088 1138 0 
1088 1089 0 
1089 1139 0 
1089 1090 0 
1090 1140 0 
1090 1091 0 
1091 1141 0 
1091 1092 0 
1092 1142 0 
1092 1093 0 
1093 1143 0 
1093 1094 0 
1094 1144 0 
1094 1095 0 
1095 1145 0 
1095 1096 0 
1096 1146 0 
1096 1097 0 
1097 1147 0 
1097 1098 0 
1098 1148 0 
1098 1099 0 
1099 1149 0 
1099 1100 0 
1100 1150 0 
1101 1151 0 
1101 1102 0 
1102 1152 0 
1102 1103 0 
1103 1153 0 
1103 1104 0 
1104 1154 0 
1104 1105 0 
1105 1155 0 
1105 1106 0 
1106 1156 0 
1106 1107 0 
1107 1157 0 
1107 1108 0 
1108 1158 0 
1108 1109 0 
1109 1159 0 
1109 1110 0 
1110 1160 0 
1110 1111 0 
1111 1161 0 
1111 1112 0 
1112 1162 0 
1112 1113 0 
1113 1163 0 
1113 1114 0 
1114 1164 0 
1114 1115 0 
1115 1165 0 
1115 1116 0 
1116 1166 0 
1116 1117 0 
1117 1167 0 
1117 1118 0 
1118 1168 0 
1118 1119 0 
1119 1169 0 
1119 1120 0 
1120 1170 0 
1120 1121 0 
1121 1171 0 
1121 1122 0 
1122 1172 0 
1122 1123 0 
1123 1173 0 
1123 1124 0 
1124 1174 0 
1124 1125 0 
1125 1175 0 
1125 1126 0 
1126 1176 0 
1126 1127 0 
1127 1177 0 
1127 1128 0 
1128 1178 0 
1128 1129 0 
1129 1179 0 
1129 1130 0 
1130 1180 0 
1130 1131 0 
1131 1181 0 
1131 1132 0 
1132 1182 0 
1132 1133 0 
1133 1183 0 
1133 1134 0 
1134 1184 0 
1134 1135 0 
1135 1185 0 
1135 1136 0 
1136 1186 0 
1136 1137 0 
1137 1187 0 
1137 1138 0 
1138 1188 0 
1138 1139 0 
1139 1189 0 
1139 1140 0 
1140 1190 0 
1140 1141 0 
1141 1191 0 
1141 1142 0 
1142 1192 0 
1142 1143 0 
1143 1193 0 
1143 1144 0 
1144 1194 0 
1144 1145 0 
1145 1195 0 
1145 1146 0 
1146 1196 0 
1146 1147 0 
1147 1197 0 
1147 1148 0 
1148 1198 0 
1148 1149 0 
1149 1199 0 
1149 1150 0 
1150 1200 0 
1151 1201 0 
1151 1152 0 
1152 1202 0 
1152 1153 0 
1153 1203 0 
1153 1154 0 
1154 1204 0 
1154 1155 0 
1155 1205 0 
1155 1156 0 
1156 1206 0 
1156 1157 0 
1157 1207 0 
1157 1158 0 
1158 1208 0 
1158 1159 0 
1159 1209 0 
1159 1160 0 
1160 1210 0 
1160 1161 0 
1161 1211 0 
1161 1162 0 
1162 1212 0 
1162 1163 0 
1163 1213 0 
1163 1164 0 
1164 1214 0 
1164 1165 0 
1165 1215 0 
1165 1166 0 
1166 1216 0 
1166 1167 0 
1167 1217 0 
1167 1168 0 
1168 1218 0 
1168 1169 0 
1169 1219 0 
1169 1170 0 
1170 1220 0 
1170 1171 0 
1171 1221 0 
1171 1172 0 
1172 1222 0 
1172 1173 0 
1173 1223 0 
1173 1174 0 
1174 1224 0 
1174 1175 0 
1175 1225 0 
1175 1176 0 
1176 1226 0 
1176 1177 0 
1177 1227 0 
1177 1178 0 
1178 1228 0 
1178 1179 0 
1179 1229 0 
1179 1180 0 
1180 1230 0 
1180 1181 0 
1181 1231 0 
1181 1182 0 
1182 1232 0 
1182 1183 0 
1183 1233 0 
1183 1184 0 
1184 1234 0 
1184 1185 0 
1185 1235 0 
1185 1186 0 
1186 1236 0 
1186 1187 0 
1187 1237 0 
1187 1188 0 
1188 1238 0 
1188 1189 0 
1189 1239 0 
1189 1190 0 
1190 1240 0 
1190 1191 0 
1191 1241 0 
1191 1192 0 
1192 1242 0 
1192 1193 0 
1193 1243 0 
1193 1194 0 
1194 1244 0 
1194 1195 0 
1195 1245 0 
1195 1196 0 
1196 1246 0 
1196 1197 0 
1197 1247 0 
1197 1198 0 
1198 1248 0 
1198 1199 0 
1199 1249 0 
1199 1200 0 
1200 1250 0 
1201 1251 0 
1201 1202 0 
1202 1252 0 
1202 1203 0 
1203 1253 0 
1203 1204 0 
1204 1254 0 
1204 1205 0 
1205 1255 0 
1205 1206 0 
1206 1256 0 
1206 1207 0 
1207 1257 0 
1207 1208 0 
1208 1258 0 
1208 1209 0 
1209 1259 0 
1209 1210 0 
1210 1260 0 
1210 1211 0 
1211 1261 0 
1211 1212 0 
1212 1262 0 
1212 1213 0 
1213 1263 0 
1213 1214 0 
1214 1264 0 
1214 1215 0 
1215 1265 0 
1215 1216 0 
1216 1266 0 
1216 1217 0 
1217 1267 0 
1217 1218 0 
1218 1268 0 
1218 1219 0 
1219 1269 0 
1219 1220 0 
1220 1270 0 
1220 1221 0 
1221 1271 0 
1221 1222 0 
1222 1272 0 
1222 1223 0 
1223 1273 0 
1223 1224 0 
1224 1274 0 
1224 1225 0 
1225 1275 0 
1225 1226 0 
1226 1276 0 
1226 1227 0 
1227 1277 0 
1227 1228 0 
1228 1278 0 
1228 1229 0 
1229 1279 0 
1229 1230 0 
1230 1280 0 
1230 1231 0 
1231 1281 0 
1231 1232 0 
1232 1282 0 
1232 1233 0 
1233 1283 0 
1233 1234 0 
1234 1284 0 
1234 1235 0 
1235 1285 0 
1235 1236 0 
1236 1286 0 
1236 1237 0 
1237 1287 0 
1237 1238 0 
1238 1288 0 
1238 1239 0 
1239 1289 0 
1239 1240 0 
1240 1290 0 
1240 1241 0 
1241 1291 0 
1241 1242 0 
1242 1292 0 
1242 1243 0 
1243 1293 0 
1243 1244 0 
1244 1294 0 
1244 1245 0 
1245 1295 0 
1245 1246 0 
1246 1296 0 
1246 1247 0 
1247 1297 0 
1247 1248 0 
1248 1298 0 
1248 1249 0 
1249 1299 0 
1249 1250 0 
1250 1300 0 
1251 1301 0 
1251 1252 0 
1252 1302 0 
1252 1253 0 
1253 1303 0 
1253 1254 0 
1254 1304 0 
1254 1255 0 
1255 1305 0 
1255 1256 0 
1256 1306 0 
1256 1257 0 
1257 1307 0 
1257 1258 0 
1258 1308 0 
1258 1259 0 
1259 1309 0 
1259 1260 0 
1260 1310 0 
1260 1261 0 
1261 1311 0 
1261 1262 0 
1262 1312 0 
1262 1263 0 
1263 1313 0 
1263 1264 0 
1264 1314 0 
1264 1265 0 
1265 1315 0 
1265 1266 0 
1266 1316 0 
1266 1267 0 
1267 1317 0 
1267 1268 0 
1268 1318 0 
1268 1269 0 
1269 1319 0 
1269 1270 0 
1270 1320 0 
1270 1271 0 
1271 1321 0 
1271 1272 0 
1272 1322 0 
1272 1273 0 
1273 1323 0 
1273 1274 0 
1274 1324 0 
1274 1275 0 
1275 1325 0 
1275 1276 0 
1276 1326 0 
1276 1277 0 
1277 1327 0 
1277 1278 0 
1278 1328 0 
1278 1279 0 
1279 1329 0 
1279 1280 0 
1280 1330 0 
1280 1281 0 
1281 1331 0 
1281 1282 0 
1282 1332 0 
1282 1283 0 
1283 1333 0 
1283 1284 0 
1284 1334 0 
1284 1285 0 
1285 1335 0 
1285 1286 0 
1286 1336 0 
1286 1287 0 
1287 1337 0 
1287 1288 0 
1288 1338 0 
1288 1289 0 
1289 1339 0 
1289 1290 0 
1290 1340 0 
1290 1291 0 
1291 1341 0 
1291 1292 0 
1292 1342 0 
1292 1293 0 
1293 1343 0 
1293 1294 0 
1294 1344 0 
1294 1295 0 
1295 1345 0 
1295 1296 0 
1296 1346 0 
1296 1297 0 
1297 1347 0 
1297 1298 0 
1298 1348 0 
1298 1299 0 
1299 1349 0 
1299 1300 0 
1300 1350 0 
1301 1351 0 
1301 1302 0 
1302 1352 0 
1302 1303 0 
1303 1353 0 
1303 1304 0 
1304 1354 0 
1304 1305 0 
1305 1355 0 
1305 1306 0 
1306 1356 0 
1306 1307 0 
1307 1357 0 
1307 1308 0 
1308 1358 0 
1308 1309 0 
1309 1359 0 
1309 1310 0 
1310 1360 0 
1310 1311 0 
1311 1361 0 
1311 1312 0 
1312 1362 0 
1312 1313 0 
1313 1363 0 
1313 1314 0 
1314 1364 0 
1314 1315 0 
1315 1365 0 
1315 1316 0 
1316 1366 0 
1316 1317 0 
1317 1367 0 
1317 1318 0 
1318 1368 0 
1318 1319 0 
1319 1369 0 
1319 1320 0 
1320 1370 0 
1320 1321 0 
1321 1371 0 
1321 1322 0 
1322 1372 0 
1322 1323 0 
1323 1373 0 
1323 1324 0 
1324 1374 0 
1324 1325 0 
1325 1375 0 
1325 1326 0 
1326 1376 0 
1326 1327 0 
1327 1377 0 
1327 1328 0 
1328 1378 0 
1328 1329 0 
1329 1379 0 
1329 1330 0 
1330 1380 0 
1330 1331 0 
1331 1381 0 
1331 1332 0 
1332 1382 0 
1332 1333 0 
1333 1383 0 
1333 1334 0 
1334 1384 0 
1334 1335 0 
1335 1385 0 
1335 1336 0 
1336 1386 0 
1336 1337 0 
1337 1387 0 
1337 1338 0 
1338 1388 0 
1338 1339 0 
1339 1389 0 
1339 1340 0 
1340 1390 0 
1340 1341 0 
1341 1391 0 
1341 1342 0 
1342 1392 0 
1342 1343 0 
1343 1393 0 
1343 1344 0 
1344 1394 0 
1344 1345 0 
1345 1395 0 
1345 1346 0 
1346 1396 0 
1346 1347 0 
1347 1397 0 
1347 1348 0 
1348 1398 0 
1348 1349 0 
1349 1399 0 
1349 1350 0 
1350 1400 0 
1351 1401 0 
1351 1352 0 
1352 1402 0 
1352 1353 0 
1353 1403 0 
1353 1354 0 
1354 1404 0 
1354 1355 0 
1355 1405 0 
1355 1356 0 
1356 1406 0 
1356 1357 0 
1357 1407 0 
1357 1358 0 
1358 1408 0 
1358 1359 0 
1359 1409 0 
1359 1360 0 
1360 1410 0 
1360 1361 0 
1361 1411 0 
1361 1362 0 
1362 1412 0 
1362 1363 0 
1363 1413 0 
1363 1364 0 
1364 1414 0 
1364 1365 0 
1365 1415 0 
1365 1366 0 
1366 1416 0 
1366 1367 0 
1367 1417 0 
1367 1368 0 
1368 1418 0 
1368 1369 0 
1369 1419 0 
1369 1370 0 
1370 1420 0 
1370 1371 0 
1371 1421 0 
1371 1372 0 
1372 1422 0 
1372 1373 0 
1373 1423 0 
1373 1374 0 
1374 1424 0 
1374 1375 0 
1375 1425 0 
1375 1376 0 
1376 1426 0 
1376 1377 0 
1377 1427 0 
1377 1378 0 
1378 1428 0 
1378 1379 0 
1379 1429 0 
1379 1380 0 
1380 1430 0 
1380 1381 0 
1381 1431 0 
1381 1382 0 
1382 1432 0 
1382 1383 0 
1383 1433 0 
1383 1384 0 
1384 1434 0 
1384 1385 0 
1385 1435 0 
1385 1386 0 
1386 1436 0 
1386 1387 0 
1387 1437 0 
1387 1388 0 
1388 1438 0 
1388 1389 0 
1389 1439 0 
1389 1390 0 
1390 1440 0 
1390 1391 0 
1391 1441 0 
1391 1392 0 
1392 1442 0 
1392 1393 0 
1393 1443 0 
1393 1394 0 
1394 1444 0 
1394 1395 0 
1395 1445 0 
1395 1396 0 
1396 1446 0 
1396 1397 0 
1397 1447 0 
1397 1398 0 
1398 1448 0 
1398 1399 0 
1399 1449 0 
1399 1400 0 
1400 1450 0 
1401 1451 0 
1401 1402 0 
1402 1452 0 
1402 1403 0 
1403 1453 0 
1403 1404 0 
1404 1454 0 
1404 1405 0 
1405 1455 0 
1405 1406 0 
1406 1456 0 
1406 1407 0 
1407 1457 0 
1407 1408 0 
1408 1458 0 
1408 1409 0 
1409 1459 0 
1409 1410 0 
1410 1460 0 
1410 1411 0 
1411 1461 0 
1411 1412 0 
1412 1462 0 
1412 1413 0 
1413 1463 0 
1413 1414 0 
1414 1464 0 
1414 1415 0 
1415 1465 0 
1415 1416 0 
1416 1466 0 
1416 1417 0 
1417 1467 0 
1417 1418 0 
1418 1468 0 
1418 1419 0 
1419 1469 0 
1419 1420 0 
1420 1470 0 
1420 1421 0 
1421 1471 0 
1421 1422 0 
1422 1472 0 
1422 1423 0 
1423 1473 0 
1423 1424 0 
1424 1474 0 
1424 1425 0 
1425 1475 0 
1425 1426 0 
1426 1476 0 
1426 1427 0 
1427 1477 0 
1427 1428 0 
1428 1478 0 
1428 1429 0 
1429 1479 0 
1429 1430 0 
1430 1480 0 
1430 1431 0 
1431 1481 0 
1431 1432 0 
1432 1482 0 
1432 1433 0 
1433 1483 0 
1433 1434 0 
1434 1484 0 
1434 1435 0 
1435 1485 0 
1435 1436 0 
1436 1486 0 
1436 1437 0 
1437 1487 0 
1437 1438 0 
1438 1488 0 
1438 1439 0 
1439 1489 0 
1439 1440 0 
1440 1490 0 
1440 1441 0 
1441 1491 0 
1441 1442 0 
1442 1492 0 
1442 1443 0 
1443 1493 0 
1443 1444 0 
1444 1494 0 
1444 1445 0 
1445 1495 0 
1445 1446 0 
1446 1496 0 
1446 1447 0 
1447 1497 0 
1447 1448 0 
1448 1498 0 
1448 1449 0 
1449 1499 0 
1449 1450 0 
1450 1500 0 
1451 1501 0 
1451 1452 0 
1452 1502 0 
1452 1453 0 
1453 1503 0 
1453 1454 0 
1454 1504 0 
1454 1455 0 
1455 1505 0 
1455 1456 0 
1456 1506 0 
1456 1457 0 
1457 1507 0 
1457 1458 0 
1458 1508 0 
1458 1459 0 
1459 1509 0 
1459 1460 0 
1460 1510 0 
1460 1461 0 
1461 1511 0 
1461 1462 0 
1462 1512 0 
1462 1463 0 
1463 1513 0 
1463 1464 0 
1464 1514 0 
1464 1465 0 
1465 1515 0 
1465 1466 0 
1466 1516 0 
1466 1467 0 
1467 1517 0 
1467 1468 0 
1468 1518 0 
1468 1469 0 
1469 1519 0 
1469 1470 0 
1470 1520 0 
1470 1471 0 
1471 1521 0 
1471 1472 0 
1472 1522 0 
1472 1473 0 
1473 1523 0 
1473 1474 0 
1474 1524 0 
1474 1475 0 
1475 1525 0 
1475 1476 0 
1476 1526 0 
1476 1477 0 
1477 1527 0 
1477 1478 0 
1478 1528 0 
1478 1479 0 
1479 1529 0 
1479 1480 0 
1480 1530 0 
1480 1481 0 
1481 1531 0 
1481 1482 0 
1482 1532 0 
1482 1483 0 
1483 1533 0 
1483 1484 0 
1484 1534 0 
1484 1485 0 
1485 1535 0 
1485 1486 0 
1486 1536 0 
1486 1487 0 
1487 1537 0 
1487 1488 0 
1488 1538 0 
1488 1489 0 
1489 1539 0 
1489 1490 0 
1490 1540 0 
1490 1491 0 
1491 1541 0 
1491 1492 0 
1492 1542 0 
1492 1493 0 
1493 1543 0 
1493 1494 0 
1494 1544 0 
1494 1495 0 
1495 1545 0 
1495 1496 0 
1496 1546 0 
1496 1497 0 
1497 1547 0 
1497 1498 0 
1498 1548 0 
1498 1499 0 
1499 1549 0 
1499 1500 0 
1500 1550 0 
1501 1551 0 
1501 1502 0 
1502 1552 0 
1502 1503 0 
1503 1553 0 
1503 1504 0 
1504 1554 0 
1504 1505 0 
1505 1555 0 
1505 1506 0 
1506 1556 0 
1506 1507 0 
1507 1557 0 
1507 1508 0 
1508 1558 0 
1508 1509 0 
1509 1559 0 
1509 1510 0 
1510 1560 0 
1510 1511 0 
1511 1561 0 
1511 1512 0 
1512 1562 0 
1512 1513 0 
1513 1563 0 
1513 1514 0 
1514 1564 0 
1514 1515 0 
1515 1565 0 
1515 1516 0 
1516 1566 0 
1516 1517 0 
1517 1567 0 
1517 1518 0 
1518 1568 0 
1518 1519 0 
1519 1569 0 
1519 1520 0 
1520 1570 0 
1520 1521 0 
1521 1571 0 
1521 1522 0 
1522 1572 0 
1522 1523 0 
1523 1573 0 
1523 1524 0 
1524 1574 0 
1524 1525 0 
1525 1575 0 
1525 1526 0 
1526 1576 0 
1526 1527 0 
1527 1577 0 
1527 1528 0 
1528 1578 0 
1528 1529 0 
1529 1579 0 
1529 1530 0 
1530 1580 0 
1530 1531 0 
1531 1581 0 
1531 1532 0 
1532 1582 0 
1532 1533 0 
1533 1583 0 
1533 1534 0 
1534 1584 0 
1534 1535 0 
1535 1585 0 
1535 1536 0 
1536 1586 0 
1536 1537 0 
1537 1587 0 
1537 1538 0 
1538 1588 0 
1538 1539 0 
1539 1589 0 
1539 1540 0 
1540 1590 0 
1540 1541 0 
1541 1591 0 
1541 1542 0 
1542 1592 0 
1542 1543 0 
1543 1593 0 
1543 1544 0 
1544 1594 0 
1544 1545 0 
1545 1595 0 
1545 1546 0 
1546 1596 0 
1546 1547 0 
1547 1597 0 
1547 1548 0 
1548 1598 0 
1548 1549 0 
1549 1599 0 
1549 1550 0 
1550 1600 0 
1551 1601 0 
1551 1552 0 
1552 1602 0 
1552 1553 0 
1553 1603 0 
1553 1554 0 
1554 1604 0 
1554 1555 0 
1555 1605 0 
1555 1556 0 
1556 1606 0 
1556 1557 0 
1557 1607 0 
1557 1558 0 
1558 1608 0 
1558 1559 0 
1559 1609 0 
1559 1560 0 
1560 1610 0 
1560 1561 0 
1561 1611 0 
1561 1562 0 
1562 1612 0 
1562 1563 0 
1563 1613 0 
1563 1564 0 
1564 1614 0 
1564 1565 0 
1565 1615 0 
1565 1566 0 
1566 1616 0 
1566 1567 0 
1567 1617 0 
1567 1568 0 
1568 1618 0 
1568 1569 0 
1569 1619 0 
1569 1570 0 
1570 1620 0 
1570 1571 0 
1571 1621 0 
1571 1572 0 
1572 1622 0 
1572 1573 0 
1573 1623 0 
1573 1574 0 
1574 1624 0 
1574 1575 0 
1575 1625 0 
1575 1576 0 
1576 1626 0 
1576 1577 0 
1577 1627 0 
1577 1578 0 
1578 1628 0 
1578 1579 0 
1579 1629 0 
1579 1580 0 
1580 1630 0 
1580 1581 0 
1581 1631 0 
1581 1582 0 
1582 1632 0 
1582 1583 0 
1583 1633 0 
1583 1584 0 
1584 1634 0 
1584 1585 0 
1585 1635 0 
1585 1586 0 
1586 1636 0 
1586 1587 0 
1587 1637 0 
1587 1588 0 
1588 1638 0 
1588 1589 0 
1589 1639 0 
1589 1590 0 
1590 1640 0 
1590 1591 0 
1591 1641 0 
1591 1592 0 
1592 1642 0 
1592 1593 0 
1593 1643 0 
1593 1594 0 
1594 1644 0 
1594 1595 0 
1595 1645 0 
1595 1596 0 
1596 1646 0 
1596 1597 0 
1597 1647 0 
1597 1598 0 
1598 1648 0 
1598 1599 0 
1599 1649 0 
1599 1600 0 
1600 1650 0 
1601 1651 0 
1601 1602 0 
1602 1652 0 
1602 1603 0 
1603 1653 0 
1603 1604 0 
1604 1654 0 
1604 1605 0 
1605 1655 0 
1605 1606 0 
1606 1656 0 
1606 1607 0 
1607 1657 0 
1607 1608 0 
1608 1658 0 
1608 1609 0 
1609 1659 0 
1609 1610 0 
1610 1660 0 
1610 1611 0 
1611 1661 0 
1611 1612 0 
1612 1662 0 
1612 1613 0 
1613 1663 0 
1613 1614 0 
1614 1664 0 
1614 1615 0 
1615 1665 0 
1615 1616 0 
1616 1666 0 
1616 1617 0 
1617 1667 0 
1617 1618 0 
1618 1668 0 
1618 1619 0 
1619 1669 0 
1619 1620 0 
1620 1670 0 
1620 1621 0 
1621 1671 0 
1621 1622 0 
1622 1672 0 
1622 1623 0 
1623 1673 0 
1623 1624 0 
1624 1674 0 
1624 1625 0 
1625 1675 0 
1625 1626 0 
1626 1676 0 
1626 1627 0 
1627 1677 0 
1627 1628 0 
1628 1678 0 
1628 1629 0 
1629 1679 0 
1629 1630 0 
1630 1680 0 
1630 1631 0 
1631 1681 0 
1631 1632 0 
1632 1682 0 
1632 1633 0 
1633 1683 0 
1633 1634 0 
1634 1684 0 
1634 1635 0 
1635 1685 0 
1635 1636 0 
1636 1686 0 
1636 1637 0 
1637 1687 0 
1637 1638 0 
1638 1688 0 
1638 1639 0 
1639 1689 0 
1639 1640 0 
1640 1690 0 
1640 1641 0 
1641 1691 0 
1641 1642 0 
1642 1692 0 
1642 1643 0 
1643 1693 0 
1643 1644 0 
1644 1694 0 
1644 1645 0 
1645 1695 0 
1645 1646 0 
1646 1696 0 
1646 1647 0 
1647 1697 0 
1647 1648 0 
1648 1698 0 
1648 1649 0 
1649 1699 0 
1649 1650 0 
1650 1700 0 
1651 1701 0 
1651 1652 0 
1652 1702 0 
1652 1653 0 
1653 1703 0 
1653 1654 0 
1654 1704 0 
1654 1655 0 
1655 1705 0 
1655 1656 0 
1656 1706 0 
1656 1657 0 
1657 1707 0 
1657 1658 0 
1658 1708 0 
1658 1659 0 
1659 1709 0 
1659 1660 0 
1660 1710 0 
1660 1661 0 
1661 1711 0 
1661 1662 0 
1662 1712 0 
1662 1663 0 
1663 1713 0 
1663 1664 0 
1664 1714 0 
1664 1665 0 
1665 1715 0 
1665 1666 0 
1666 1716 0 
1666 1667 0 
1667 1717 0 
1667 1668 0 
1668 1718 0 
1668 1669 0 
1669 1719 0 
1669 1670 0 
1670 1720 0 
1670 1671 0 
1671 1721 0 
1671 1672 0 
1672 1722 0 
1672 1673 0 
1673 1723 0 
1673 1674 0 
1674 1724 0 
1674 1675 0 
1675 1725 0 
1675 1676 0 
1676 1726 0 
1676 1677 0 
1677 1727 0 
1677 1678 0 
1678 1728 0 
1678 1679 0 
1679 1729 0 
1679 1680 0 
1680 1730 0 
1680 1681 0 
1681 1731 0 
1681 1682 0 
1682 1732 0 
1682 1683 0 
1683 1733 0 
1683 1684 0 
1684 1734 0 
1684 1685 0 
1685 1735 0 
1685 1686 0 
1686 1736 0 
1686 1687 0 
1687 1737 0 
1687 1688 0 
1688 1738 0 
1688 1689 0 
1689 1739 0 
1689 1690 0 
1690 1740 0 
1690 1691 0 
1691 1741 0 
1691 1692 0 
1692 1742 0 
1692 1693 0 
1693 1743 0 
1693 1694 0 
1694 1744 0 
1694 1695 0 
1695 1745 0 
1695 1696 0 
1696 1746 0 
1696 1697 0 
1697 1747 0 
1697 1698 0 
1698 1748 0 
1698 1699 0 
1699 1749 0 
1699 1700 0 
1700 1750 0 
1701 1751 0 
1701 1702 0 
1702 1752 0 
1702 1703 0 
1703 1753 0 
1703 1704 0 
1704 1754 0 
1704 1705 0 
1705 1755 0 
1705 1706 0 
1706 1756 0 
1706 1707 0 
1707 1757 0 
1707 1708 0 
1708 1758 0 
1708 1709 0 
1709 1759 0 
1709 1710 0 
1710 1760 0 
1710 1711 0 
1711 1761 0 
1711 1712 0 
1712 1762 0 
1712 1713 0 
1713 1763 0 
1713 1714 0 
1714 1764 0 
1714 1715 0 
1715 1765 0 
1715 1716 0 
1716 1766 0 
1716 1717 0 
1717 1767 0 
1717 1718 0 
1718 1768 0 
1718 1719 0 
1719 1769 0 
1719 1720 0 
1720 1770 0 
1720 1721 0 
1721 1771 0 
1721 1722 0 
1722 1772 0 
1722 1723 0 
1723 1773 0 
1723 1724 0 
1724 1774 0 
1724 1725 0 
1725 1775 0 
1725 1726 0 
1726 1776 0 
1726 1727 0 
1727 1777 0 
1727 1728 0 
1728 1778 0 
1728 1729 0 
1729 1779 0 
1729 1730 0 
1730 1780 0 
1730 1731 0 
1731 1781 0 
1731 1732 0 
1732 1782 0 
1732 1733 0 
1733 1783 0 
1733 1734 0 
1734 1784 0 
1734 1735 0 
1735 1785 0 
1735 1736 0 
1736 1786 0 
1736 1737 0 
1737 1787 0 
1737 1738 0 
1738 1788 0 
1738 1739 0 
1739 1789 0 
1739 1740 0 
1740 1790 0 
1740 1741 0 
1741 1791 0 
1741 1742 0 
1742 1792 0 
1742 1743 0 
1743 1793 0 
1743 1744 0 
1744 1794 0 
1744 1745 0 
1745 1795 0 
1745 1746 0 
1746 1796 0 
1746 1747 0 
1747 1797 0 
1747 1748 0 
1748 1798 0 
1748 1749 0 
1749 1799 0 
1749 1750 0 
1750 1800 0 
1751 1801 0 
1751 1752 0 
1752 1802 0 
1752 1753 0 
1753 1803 0 
1753 1754 0 
1754 1804 0 
1754 1755 0 
1755 1805 0 
1755 1756 0 
1756 1806 0 
1756 1757 0 
1757 1807 0 
1757 1758 0 
1758 1808 0 
1758 1759 0 
1759 1809 0 
1759 1760 0 
1760 1810 0 
1760 1761 0 
1761 1811 0 
1761 1762 0 
1762 1812 0 
1762 1763 0 
1763 1813 0 
1763 1764 0 
1764 1814 0 
1764 1765 0 
1765 1815 0 
1765 1766 0 
1766 1816 0 
1766 1767 0 
1767 1817 0 
1767 1768 0 
1768 1818 0 
1768 1769 0 
1769 1819 0 
1769 1770 0 
1770 1820 0 
1770 1771 0 
1771 1821 0 
1771 1772 0 
1772 1822 0 
1772 1773 0 
1773 1823 0 
1773 1774 0 
1774 1824 0 
1774 1775 0 
1775 1825 0 
1775 1776 0 
1776 1826 0 
1776 1777 0 
1777 1827 0 
1777 1778 0 
1778 1828 0 
1778 1779 0 
1779 1829 0 
1779 1780 0 
1780 1830 0 
1780 1781 0 
1781 1831 0 
1781 1782 0 
1782 1832 0 
1782 1783 0 
1783 1833 0 
1783 1784 0 
1784 1834 0 
1784 1785 0 
1785 1835 0 
1785 1786 0 
1786 1836 0 
1786 1787 0 
1787 1837 0 
1787 1788 0 
1788 1838 0 
1788 1789 0 
1789 1839 0 
1789 1790 0 
1790 1840 0 
1790 1791 0 
1791 1841 0 
1791 1792 0 
1792 1842 0 
1792 1793 0 
1793 1843 0 
1793 1794 0 
1794 1844 0 
1794 1795 0 
1795 1845 0 
1795 1796 0 
1796 1846 0 
1796 1797 0 
1797 1847 0 
1797 1798 0 
1798 1848 0 
1798 1799 0 
1799 1849 0 
1799 1800 0 
1800 1850 0 
1801 1851 0 
1801 1802 0 
1802 1852 0 
1802 1803 0 
1803 1853 0 
1803 1804 0 
1804 1854 0 
1804 1805 0 
1805 1855 0 
1805 1806 0 
1806 1856 0 
1806 1807 0 
1807 1857 0 
1807 1808 0 
1808 1858 0 
1808 1809 0 
1809 1859 0 
1809 1810 0 
1810 1860 0 
1810 1811 0 
1811 1861 0 
1811 1812 0 
1812 1862 0 
1812 1813 0 
1813 1863 0 
1813 1814 0 
1814 1864 0 
1814 1815 0 
1815 1865 0 
1815 1816 0 
1816 1866 0 
1816 1817 0 
1817 1867 0 
1817 1818 0 
1818 1868 0 
1818 1819 0 
1819 1869 0 
1819 1820 0 
1820 1870 0 
1820 1821 0 
1821 1871 0 
1821 1822 0 
1822 1872 0 
1822 1823 0 
1823 1873 0 
1823 1824 0 
1824 1874 0 
1824 1825 0 
1825 1875 0 
1825 1826 0 
1826 1876 0 
1826 1827 0 
1827 1877 0 
1827 1828 0 
1828 1878 0 
1828 1829 0 
1829 1879 0 
1829 1830 0 
1830 1880 0 
1830 1831 0 
1831 1881 0 
1831 1832 0 
1832 1882 0 
1832 1833 0 
1833 1883 0 
1833 1834 0 
1834 1884 0 
1834 1835 0 
1835 1885 0 
1835 1836 0 
1836 1886 0 
1836 1837 0 
1837 1887 0 
1837 1838 0 
1838 1888 0 
1838 1839 0 
1839 1889 0 
1839 1840 0 
1840 1890 0 
1840 1841 0 
1841 1891 0 
1841 1842 0 
1842 1892 0 
1842 1843 0 
1843 1893 0 
1843 1844 0 
1844 1894 0 
1844 1845 0 
1845 1895 0 
1845 1846 0 
1846 1896 0 
1846 1847 0 
1847 1897 0 
1847 1848 0 
1848 1898 0 
1848 1849 0 
1849 1899 0 
1849 1850 0 
1850 1900 0 
1851 1901 0 
1851 1852 0 
1852 1902 0 
1852 1853 0 
1853 1903 0 
1853 1854 0 
1854 1904 0 
1854 1855 0 
1855 1905 0 
1855 1856 0 
1856 1906 0 
1856 1857 0 
1857 1907 0 
1857 1858 0 
1858 1908 0 
1858 1859 0 
1859 1909 0 
1859 1860 0 
1860 1910 0 
1860 1861 0 
1861 1911 0 
1861 1862 0 
1862 1912 0 
1862 1863 0 
1863 1913 0 
1863 1864 0 
1864 1914 0 
1864 1865 0 
1865 1915 0 
1865 1866 0 
1866 1916 0 
1866 1867 0 
1867 1917 0 
1867 1868 0 
1868 1918 0 
1868 1869 0 
1869 1919 0 
1869 1870 0 
1870 1920 0 
1870 1871 0 
1871 1921 0 
1871 1872 0 
1872 1922 0 
1872 1873 0 
1873 1923 0 
1873 1874 0 
1874 1924 0 
1874 1875 0 
1875 1925 0 
1875 1876 0 
1876 1926 0 
1876 1877 0 
1877 1927 0 
1877 1878 0 
1878 1928 0 
1878 1879 0 
1879 1929 0 
1879 1880 0 
1880 1930 0 
1880 1881 0 
1881 1931 0 
1881 1882 0 
1882 1932 0 
1882 1883 0 
1883 1933 0 
1883 1884 0 
1884 1934 0 
1884 1885 0 
1885 1935 0 
1885 1886 0 
1886 1936 0 
1886 1887 0 
1887 1937 0 
1887 1888 0 
1888 1938 0 
1888 1889 0 
1889 1939 0 
1889 1890 0 
1890 1940 0 
1890 1891 0 
1891 1941 0 
1891 1892 0 
1892 1942 0 
1892 1893 0 
1893 1943 0 
1893 1894 0 
1894 1944 0 
1894 1895 0 
1895 1945 0 
1895 1896 0 
1896 1946 0 
1896 1897 0 
1897 1947 0 
1897 1898 0 
1898 1948 0 
1898 1899 0 
1899 1949 0 
1899 1900 0 
1900 1950 0 
1901 1951 0 
1901 1902 0 
1902 1952 0 
1902 1903 0 
1903 1953 0 
1903 1904 0 
1904 1954 0 
1904 1905 0 
1905 1955 0 
1905 1906 0 
1906 1956 0 
1906 1907 0 
1907 1957 0 
1907 1908 0 
1908 1958 0 
1908 1909 0 
1909 1959 0 
1909 1910 0 
1910 1960 0 
1910 1911 0 
1911 1961 0 
1911 1912 0 
1912 1962 0 
1912 1913 0 
1913 1963 0 
1913 1914 0 
1914 1964 0 
1914 1915 0 
1915 1965 0 
1915 1916 0 
1916 1966 0 
1916 1917 0 
1917 1967 0 
1917 1918 0 
1918 1968 0 
1918 1919 0 
1919 1969 0 
1919 1920 0 
1920 1970 0 
1920 1921 0 
1921 1971 0 
1921 1922 0 
1922 1972 0 
1922 1923 0 
1923 1973 0 
1923 1924 0 
1924 1974 0 
1924 1925 0 
1925 1975 0 
1925 1926 0 
1926 1976 0 
1926 1927 0 
1927 1977 0 
1927 1928 0 
1928 1978 0 
1928 1929 0 
1929 1979 0 
1929 1930 0 
1930 1980 0 
1930 1931 0 
1931 1981 0 
1931 1932 0 
1932 1982 0 
1932 1933 0 
1933 1983 0 
1933 1934 0 
1934 1984 0 
1934 1935 0 
1935 1985 0 
1935 1936 0 
1936 1986 0 
1936 1937 0 
1937 1987 0 
1937 1938 0 
1938 1988 0 
1938 1939 0 
1939 1989 0 
1939 1940 0 
1940 1990 0 
1940 1941 0 
1941 1991 0 
1941 1942 0 
1942 1992 0 
1942 1943 0 
1943 1993 0 
1943 1944 0 
1944 1994 0 
1944 1945 0 
1945 1995 0 
1945 1946 0 
1946 1996 0 
1946 1947 0 
1947 1997 0 
1947 1948 0 
1948 1998 0 
1948 1949 0 
1949 1999 0 
1949 1950 0 
1950 2000 0 
1951 2001 0 
1951 1952 0 
1952 2002 0 
1952 1953 0 
1953 2003 0 
1953 1954 0 
1954 2004 0 
1954 1955 0 
1955 2005 0 
1955 1956 0 
1956 2006 0 
1956 1957 0 
1957 2007 0 
1957 1958 0 
1958 2008 0 
1958 1959 0 
1959 2009 0 
1959 1960 0 
1960 2010 0 
1960 1961 0 
1961 2011 0 
1961 1962 0 
1962 2012 0 
1962 1963 0 
1963 2013 0 
1963 1964 0 
1964 2014 0 
1964 1965 0 
1965 2015 0 
1965 1966 0 
1966 2016 0 
1966 1967 0 
1967 2017 0 
1967 1968 0 
1968 2018 0 
1968 1969 0 
1969 2019 0 
1969 1970 0 
1970 2020 0 
1970 1971 0 
1971 2021 0 
1971 1972 0 
1972 2022 0 
1972 1973 0 
1973 2023 0 
1973 1974 0 
1974 2024 0 
1974 1975 0 
1975 2025 0 
1975 1976 0 
1976 2026 0 
1976 1977 0 
1977 2027 0 
1977 1978 0 
1978 2028 0 
1978 1979 0 
1979 2029 0 
1979 1980 0 
1980 2030 0 
1980 1981 0 
1981 2031 0 
1981 1982 0 
1982 2032 0 
1982 1983 0 
1983 2033 0 
1983 1984 0 
1984 2034 0 
1984 1985 0 
1985 2035 0 
1985 1986 0 
1986 2036 0 
1986 1987 0 
1987 2037 0 
1987 1988 0 
1988 2038 0 
1988 1989 0 
1989 2039 0 
1989 1990 0 
1990 2040 0 
1990 1991 0 
1991 2041 0 
1991 1992 0 
1992 2042 0 
1992 1993 0 
1993 2043 0 
1993 1994 0 
1994 2044 0 
1994 1995 0 
1995 2045 0 
1995 1996 0 
1996 2046 0 
1996 1997 0 
1997 2047 0 
1997 1998 0 
1998 2048 0 
1998 1999 0 
1999 2049 0 
1999 2000 0 
2000 2050 0 
2001 2051 0 
2001 2002 0 
2002 2052 0 
2002 2003 0 
2003 2053 0 
2003 2004 0 
2004 2054 0 
2004 2005 0 
2005 2055 0 
2005 2006 0 
2006 2056 0 
2006 2007 0 
2007 2057 0 
2007 2008 0 
2008 2058 0 
2008 2009 0 
2009 2059 0 
2009 2010 0 
2010 2060 0 
2010 2011 0 
2011 2061 0 
2011 2012 0 
2012 2062 0 
2012 2013 0 
2013 2063 0 
2013 2014 0 
2014 2064 0 
2014 2015 0 
2015 2065 0 
2015 2016 0 
2016 2066 0 
2016 2017 0 
2017 2067 0 
2017 2018 0 
2018 2068 0 
2018 2019 0 
2019 2069 0 
2019 2020 0 
2020 2070 0 
2020 2021 0 
2021 2071 0 
2021 2022 0 
2022 2072 0 
2022 2023 0 
2023 2073 0 
2023 2024 0 
2024 2074 0 
2024 2025 0 
2025 2075 0 
2025 2026 0 
2026 2076 0 
2026 2027 0 
2027 2077 0 
2027 2028 0 
2028 2078 0 
2028 2029 0 
2029 2079 0 
2029 2030 0 
2030 2080 0 
2030 2031 0 
2031 2081 0 
2031 2032 0 
2032 2082 0 
2032 2033 0 
2033 2083 0 
2033 2034 0 
2034 2084 0 
2034 2035 0 
2035 2085 0 
2035 2036 0 
2036 2086 0 
2036 2037 0 
2037 2087 0 
2037 2038 0 
2038 2088 0 
2038 2039 0 
2039 2089 0 
2039 2040 0 
2040 2090 0 
2040 2041 0 
2041 2091 0 
2041 2042 0 
2042 2092 0 
2042 2043 0 
2043 2093 0 
2043 2044 0 
2044 2094 0 
2044 2045 0 
2045 2095 0 
2045 2046 0 
2046 2096 0 
2046 2047 0 
2047 2097 0 
2047 2048 0 
2048 2098 0 
2048 2049 0 
2049 2099 0 
2049 2050 0 
2050 2100 0 
2051 2101 0 
2051 2052 0 
2052 2102 0 
2052 2053 0 
2053 2103 0 
2053 2054 0 
2054 2104 0 
2054 2055 0 
2055 2105 0 
2055 2056 0 
2056 2106 0 
2056 2057 0 
2057 2107 0 
2057 2058 0 
2058 2108 0 
2058 2059 0 
2059 2109 0 
2059 2060 0 
2060 2110 0 
2060 2061 0 
2061 2111 0 
2061 2062 0 
2062 2112 0 
2062 2063 0 
2063 2113 0 
2063 2064 0 
2064 2114 0 
2064 2065 0 
2065 2115 0 
2065 2066 0 
2066 2116 0 
2066 2067 0 
2067 2117 0 
2067 2068 0 
2068 2118 0 
2068 2069 0 
2069 2119 0 
2069 2070 0 
2070 2120 0 
2070 2071 0 
2071 2121 0 
2071 2072 0 
2072 2122 0 
2072 2073 0 
2073 2123 0 
2073 2074 0 
2074 2124 0 
2074 2075 0 
2075 2125 0 
2075 2076 0 
2076 2126 0 
2076 2077 0 
2077 2127 0 
2077 2078 0 
2078 2128 0 
2078 2079 0 
2079 2129 0 
2079 2080 0 
2080 2130 0 
2080 2081 0 
2081 2131 0 
2081 2082 0 
2082 2132 0 
2082 2083 0 
2083 2133 0 
2083 2084 0 
2084 2134 0 
2084 2085 0 
2085 2135 0 
2085 2086 0 
2086 2136 0 
2086 2087 0 
2087 2137 0 
2087 2088 0 
2088 2138 0 
2088 2089 0 
2089 2139 0 
2089 2090 0 
2090 2140 0 
2090 2091 0 
2091 2141 0 
2091 2092 0 
2092 2142 0 
2092 2093 0 
2093 2143 0 
2093 2094 0 
2094 2144 0 
2094 2095 0 
2095 2145 0 
2095 2096 0 
2096 2146 0 
2096 2097 0 
2097 2147 0 
2097 2098 0 
2098 2148 0 
2098 2099 0 
2099 2149 0 
2099 2100 0 
2100 2150 0 
2101 2151 0 
2101 2102 0 
2102 2152 0 
2102 2103 0 
2103 2153 0 
2103 2104 0 
2104 2154 0 
2104 2105 0 
2105 2155 0 
2105 2106 0 
2106 2156 0 
2106 2107 0 
2107 2157 0 
2107 2108 0 
2108 2158 0 
2108 2109 0 
2109 2159 0 
2109 2110 0 
2110 2160 0 
2110 2111 0 
2111 2161 0 
2111 2112 0 
2112 2162 0 
2112 2113 0 
2113 2163 0 
2113 2114 0 
2114 2164 0 
2114 2115 0 
2115 2165 0 
2115 2116 0 
2116 2166 0 
2116 2117 0 
2117 2167 0 
2117 2118 0 
2118 2168 0 
2118 2119 0 
2119 2169 0 
2119 2120 0 
2120 2170 0 
2120 2121 0 
2121 2171 0 
2121 2122 0 
2122 2172 0 
2122 2123 0 
2123 2173 0 
2123 2124 0 
2124 2174 0 
2124 2125 0 
2125 2175 0 
2125 2126 0 
2126 2176 0 
2126 2127 0 
2127 2177 0 
2127 2128 0 
2128 2178 0 
2128 2129 0 
2129 2179 0 
2129 2130 0 
2130 2180 0 
2130 2131 0 
2131 2181 0 
2131 2132 0 
2132 2182 0 
2132 2133 0 
2133 2183 0 
2133 2134 0 
2134 2184 0 
2134 2135 0 
2135 2185 0 
2135 2136 0 
2136 2186 0 
2136 2137 0 
2137 2187 0 
2137 2138 0 
2138 2188 0 
2138 2139 0 
2139 2189 0 
2139 2140 0 
2140 2190 0 
2140 2141 0 
2141 2191 0 
2141 2142 0 
2142 2192 0 
2142 2143 0 
2143 2193 0 
2143 2144 0 
2144 2194 0 
2144 2145 0 
2145 2195 0 
2145 2146 0 
2146 2196 0 
2146 2147 0 
2147 2197 0 
2147 2148 0 
2148 2198 0 
2148 2149 0 
2149 2199 0 
2149 2150 0 
2150 2200 0 
2151 2201 0 
2151 2152 0 
2152 2202 0 
2152 2153 0 
2153 2203 0 
2153 2154 0 
2154 2204 0 
2154 2155 0 
2155 2205 0 
2155 2156 0 
2156 2206 0 
2156 2157 0 
2157 2207 0 
2157 2158 0 
2158 2208 0 
2158 2159 0 
2159 2209 0 
2159 2160 0 
2160 2210 0 
2160 2161 0 
2161 2211 0 
2161 2162 0 
2162 2212 0 
2162 2163 0 
2163 2213 0 
2163 2164 0 
2164 2214 0 
2164 2165 0 
2165 2215 0 
2165 2166 0 
2166 2216 0 
2166 2167 0 
2167 2217 0 
2167 2168 0 
2168 2218 0 
2168 2169 0 
2169 2219 0 
2169 2170 0 
2170 2220 0 
2170 2171 0 
2171 2221 0 
2171 2172 0 
2172 2222 0 
2172 2173 0 
2173 2223 0 
2173 2174 0 
2174 2224 0 
2174 2175 0 
2175 2225 0 
2175 2176 0 
2176 2226 0 
2176 2177 0 
2177 2227 0 
2177 2178 0 
2178 2228 0 
2178 2179 0 
2179 2229 0 
2179 2180 0 
2180 2230 0 
2180 2181 0 
2181 2231 0 
2181 2182 0 
2182 2232 0 
2182 2183 0 
2183 2233 0 
2183 2184 0 
2184 2234 0 
2184 2185 0 
2185 2235 0 
2185 2186 0 
2186 2236 0 
2186 2187 0 
2187 2237 0 
2187 2188 0 
2188 2238 0 
2188 2189 0 
2189 2239 0 
2189 2190 0 
2190 2240 0 
2190 2191 0 
2191 2241 0 
2191 2192 0 
2192 2242 0 
2192 2193 0 
2193 2243 0 
2193 2194 0 
2194 2244 0 
2194 2195 0 
2195 2245 0 
2195 2196 0 
2196 2246 0 
2196 2197 0 
2197 2247 0 
2197 2198 0 
2198 2248 0 
2198 2199 0 
2199 2249 0 
2199 2200 0 
2200 2250 0 
2201 2251 0 
2201 2202 0 
2202 2252 0 
2202 2203 0 
2203 2253 0 
2203 2204 0 
2204 2254 0 
2204 2205 0 
2205 2255 0 
2205 2206 0 
2206 2256 0 
2206 2207 0 
2207 2257 0 
2207 2208 0 
2208 2258 0 
2208 2209 0 
2209 2259 0 
2209 2210 0 
2210 2260 0 
2210 2211 0 
2211 2261 0 
2211 2212 0 
2212 2262 0 
2212 2213 0 
2213 2263 0 
2213 2214 0 
2214 2264 0 
2214 2215 0 
2215 2265 0 
2215 2216 0 
2216 2266 0 
2216 2217 0 
2217 2267 0 
2217 2218 0 
2218 2268 0 
2218 2219 0 
2219 2269 0 
2219 2220 0 
2220 2270 0 
2220 2221 0 
2221 2271 0 
2221 2222 0 
2222 2272 0 
2222 2223 0 
2223 2273 0 
2223 2224 0 
2224 2274 0 
2224 2225 0 
2225 2275 0 
2225 2226 0 
2226 2276 0 
2226 2227 0 
2227 2277 0 
2227 2228 0 
2228 2278 0 
2228 2229 0 
2229 2279 0 
2229 2230 0 
2230 2280 0 
2230 2231 0 
2231 2281 0 
2231 2232 0 
2232 2282 0 
2232 2233 0 
2233 2283 0 
2233 2234 0 
2234 2284 0 
2234 2235 0 
2235 2285 0 
2235 2236 0 
2236 2286 0 
2236 2237 0 
2237 2287 0 
2237 2238 0 
2238 2288 0 
2238 2239 0 
2239 2289 0 
2239 2240 0 
2240 2290 0 
2240 2241 0 
2241 2291 0 
2241 2242 0 
2242 2292 0 
2242 2243 0 
2243 2293 0 
2243 2244 0 
2244 2294 0 
2244 2245 0 
2245 2295 0 
2245 2246 0 
2246 2296 0 
2246 2247 0 
2247 2297 0 
2247 2248 0 
2248 2298 0 
2248 2249 0 
2249 2299 0 
2249 2250 0 
2250 2300 0 
2251 2301 0 
2251 2252 0 
2252 2302 0 
2252 2253 0 
2253 2303 0 
2253 2254 0 
2254 2304 0 
2254 2255 0 
2255 2305 0 
2255 2256 0 
2256 2306 0 
2256 2257 0 
2257 2307 0 
2257 2258 0 
2258 2308 0 
2258 2259 0 
2259 2309 0 
2259 2260 0 
2260 2310 0 
2260 2261 0 
2261 2311 0 
2261 2262 0 
2262 2312 0 
2262 2263 0 
2263 2313 0 
2263 2264 0 
2264 2314 0 
2264 2265 0 
2265 2315 0 
2265 2266 0 
2266 2316 0 
2266 2267 0 
2267 2317 0 
2267 2268 0 
2268 2318 0 
2268 2269 0 
2269 2319 0 
2269 2270 0 
2270 2320 0 
2270 2271 0 
2271 2321 0 
2271 2272 0 
2272 2322 0 
2272 2273 0 
2273 2323 0 
2273 2274 0 
2274 2324 0 
2274 2275 0 
2275 2325 0 
2275 2276 0 
2276 2326 0 
2276 2277 0 
2277 2327 0 
2277 2278 0 
2278 2328 0 
2278 2279 0 
2279 2329 0 
2279 2280 0 
2280 2330 0 
2280 2281 0 
2281 2331 0 
2281 2282 0 
2282 2332 0 
2282 2283 0 
2283 2333 0 
2283 2284 0 
2284 2334 0 
2284 2285 0 
2285 2335 0 
2285 2286 0 
2286 2336 0 
2286 2287 0 
2287 2337 0 
2287 2288 0 
2288 2338 0 
2288 2289 0 
2289 2339 0 
2289 2290 0 
2290 2340 0 
2290 2291 0 
2291 2341 0 
2291 2292 0 
2292 2342 0 
2292 2293 0 
2293 2343 0 
2293 2294 0 
2294 2344 0 
2294 2295 0 
2295 2345 0 
2295 2296 0 
2296 2346 0 
2296 2297 0 
2297 2347 0 
2297 2298 0 
2298 2348 0 
2298 2299 0 
2299 2349 0 
2299 2300 0 
2300 2350 0 
2301 2351 0 
2301 2302 0 
2302 2352 0 
2302 2303 0 
2303 2353 0 
2303 2304 0 
2304 2354 0 
2304 2305 0 
2305 2355 0 
2305 2306 0 
2306 2356 0 
2306 2307 0 
2307 2357 0 
2307 2308 0 
2308 2358 0 
2308 2309 0 
2309 2359 0 
2309 2310 0 
2310 2360 0 
2310 2311 0 
2311 2361 0 
2311 2312 0 
2312 2362 0 
2312 2313 0 
2313 2363 0 
2313 2314 0 
2314 2364 0 
2314 2315 0 
2315 2365 0 
2315 2316 0 
2316 2366 0 
2316 2317 0 
2317 2367 0 
2317 2318 0 
2318 2368 0 
2318 2319 0 
2319 2369 0 
2319 2320 0 
2320 2370 0 
2320 2321 0 
2321 2371 0 
2321 2322 0 
2322 2372 0 
2322 2323 0 
2323 2373 0 
2323 2324 0 
2324 2374 0 
2324 2325 0 
2325 2375 0 
2325 2326 0 
2326 2376 0 
2326 2327 0 
2327 2377 0 
2327 2328 0 
2328 2378 0 
2328 2329 0 
2329 2379 0 
2329 2330 0 
2330 2380 0 
2330 2331 0 
2331 2381 0 
2331 2332 0 
2332 2382 0 
2332 2333 0 
2333 2383 0 
2333 2334 0 
2334 2384 0 
2334 2335 0 
2335 2385 0 
2335 2336 0 
2336 2386 0 
2336 2337 0 
2337 2387 0 
2337 2338 0 
2338 2388 0 
2338 2339 0 
2339 2389 0 
2339 2340 0 
2340 2390 0 
2340 2341 0 
2341 2391 0 
2341 2342 0 
2342 2392 0 
2342 2343 0 
2343 2393 0 
2343 2344 0 
2344 2394 0 
2344 2345 0 
2345 2395 0 
2345 2346 0 
2346 2396 0 
2346 2347 0 
2347 2397 0 
2347 2348 0 
2348 2398 0 
2348 2349 0 
2349 2399 0 
2349 2350 0 
2350 2400 0 
2351 2401 0 
2351 2352 0 
2352 2402 0 
2352 2353 0 
2353 2403 0 
2353 2354 0 
2354 2404 0 
2354 2355 0 
2355 2405 0 
2355 2356 0 
2356 2406 0 
2356 2357 0 
2357 2407 0 
2357 2358 0 
2358 2408 0 
2358 2359 0 
2359 2409 0 
2359 2360 0 
2360 2410 0 
2360 2361 0 
2361 2411 0 
2361 2362 0 
2362 2412 0 
2362 2363 0 
2363 2413 0 
2363 2364 0 
2364 2414 0 
2364 2365 0 
2365 2415 0 
2365 2366 0 
2366 2416 0 
2366 2367 0 
2367 2417 0 
2367 2368 0 
2368 2418 0 
2368 2369 0 
2369 2419 0 
2369 2370 0 
2370 2420 0 
2370 2371 0 
2371 2421 0 
2371 2372 0 
2372 2422 0 
2372 2373 0 
2373 2423 0 
2373 2374 0 
2374 2424 0 
2374 2375 0 
2375 2425 0 
2375 2376 0 
2376 2426 0 
2376 2377 0 
2377 2427 0 
2377 2378 0 
2378 2428 0 
2378 2379 0 
2379 2429 0 
2379 2380 0 
2380 2430 0 
2380 2381 0 
2381 2431 0 
2381 2382 0 
2382 2432 0 
2382 2383 0 
2383 2433 0 
2383 2384 0 
2384 2434 0 
2384 2385 0 
2385 2435 0 
2385 2386 0 
2386 2436 0 
2386 2387 0 
2387 2437 0 
2387 2388 0 
2388 2438 0 
2388 2389 0 
2389 2439 0 
2389 2390 0 
2390 2440 0 
2390 2391 0 
2391 2441 0 
2391 2392 0 
2392 2442 0 
2392 2393 0 
2393 2443 0 
2393 2394 0 
2394 2444 0 
2394 2395 0 
2395 2445 0 
2395 2396 0 
2396 2446 0 
2396 2397 0 
2397 2447 0 
2397 2398 0 
2398 2448 0 
2398 2399 0 
2399 2449 0 
2399 2400 0 
2400 2450 0 
2401 2451 0 
2401 2402 0 
2402 2452 0 
2402 2403 0 
2403 2453 0 
2403 2404 0 
2404 2454 0 
2404 2405 0 
2405 2455 0 
2405 2406 0 
2406 2456 0 
2406 2407 0 
2407 2457 0 
2407 2408 0 
2408 2458 0 
2408 2409 0 
2409 2459 0 
2409 2410 0 
2410 2460 0 
2410 2411 0 
2411 2461 0 
2411 2412 0 
2412 2462 0 
2412 2413 0 
2413 2463 0 
2413 2414 0 
2414 2464 0 
2414 2415 0 
2415 2465 0 
2415 2416 0 
2416 2466 0 
2416 2417 0 
2417 2467 0 
2417 2418 0 
2418 2468 0 
2418 2419 0 
2419 2469 0 
2419 2420 0 
2420 2470 0 
2420 2421 0 
2421 2471 0 
2421 2422 0 
2422 2472 0 
2422 2423 0 
2423 2473 0 
2423 2424 0 
2424 2474 0 
2424 2425 0 
2425 2475 0 
2425 2426 0 
2426 2476 0 
2426 2427 0 
2427 2477 0 
2427 2428 0 
2428 2478 0 
2428 2429 0 
2429 2479 0 
2429 2430 0 
2430 2480 0 
2430 2431 0 
2431 2481 0 
2431 2432 0 
2432 2482 0 
2432 2433 0 
2433 2483 0 
2433 2434 0 
2434 2484 0 
2434 2435 0 
2435 2485 0 
2435 2436 0 
2436 2486 0 
2436 2437 0 
2437 2487 0 
2437 2438 0 
2438 2488 0 
2438 2439 0 
2439 2489 0 
2439 2440 0 
2440 2490 0 
2440 2441 0 
2441 2491 0 
2441 2442 0 
2442 2492 0 
2442 2443 0 
2443 2493 0 
2443 2444 0 
2444 2494 0 
2444 2445 0 
2445 2495 0 
2445 2446 0 
2446 2496 0 
2446 2447 0 
2447 2497 0 
2447 2448 0 
2448 2498 0 
2448 2449 0 
2449 2499 0 
2449 2450 0 
2450 2500 0 
2451 2452 0 
2452 2453 0 
2453 2454 0 
2454 2455 0 
2455 2456 0 
2456 2457 0 
2457 2458 0 
2458 2459 0 
2459 2460 0 
2460 2461 0 
2461 2462 0 
2462 2463 0 
2463 2464 0 
2464 2465 0 
2465 2466 0 
2466 2467 0 
2467 2468 0 
2468 2469 0 
2469 2470 0 
2470 2471 0 
2471 2472 0 
2472 2473 0 
2473 2474 0 
2474 2475 0 
2475 2476 0 
2476 2477 0 
2477 2478 0 
2478 2479 0 
2479 2480 0 
2480 2481 0 
2481 2482 0 
2482 2483 0 
2483 2484 0 
2484 2485 0 
2485 2486 0 
2486 2487 0 
2487 2488 0 
2488 2489 0 
2489 2490 0 
2490 2491 0 
2491 2492 0 
2492 2493 0 
2493 2494 0 
2494 2495 0 
2495 2496 0 
2496 2497 0 
2497 2498 0 
2498 2499 0 
2499 2500 0 
