1600 3120 
1   661 
2   223 
3   987 
4   430 
5   659 
6   495 
7    76 
8   910 
9   618 
10   972 
11   133 
12   949 
13   834 
14   171 
15   124 
16   595 
17   310 
18   134 
19   962 
20   788 
21   730 
22   341 
23   815 
24    83 
25   792 
26   350 
27   734 
28   598 
29   747 
30    40 
31   316 
32    70 
33   260 
34   925 
35   571 
36   693 
37   528 
38   668 
39   926 
40   477 
41   260 
42    21 
43   411 
44   106 
45   670 
46   809 
47   778 
48   300 
49   769 
50   600 
51    93 
52   760 
53   737 
54   145 
55   775 
56   480 
57   481 
58    79 
59    43 
60   928 
61   530 
62   975 
63   690 
64   420 
65   123 
66   958 
67   105 
68   673 
69   433 
70   699 
71   870 
72   555 
73   894 
74   742 
75   435 
76   799 
77   429 
78   158 
79   591 
80   674 
81   900 
82   358 
83   633 
84   325 
85   434 
86    68 
87   234 
88   855 
89   785 
90   218 
91   590 
92   894 
93   887 
94   665 
95   851 
96   780 
97   640 
98   352 
99   671 
100   580 
101   356 
102   674 
103   803 
104   405 
105   550 
106    72 
107   845 
108    64 
109   941 
110   172 
111   967 
112   954 
113   718 
114    17 
115   447 
116   949 
117   797 
118   420 
119   815 
120   173 
121   538 
122   850 
123   852 
124   648 
125   577 
126   480 
127    34 
128   421 
129   341 
130   763 
131   416 
132   803 
133   364 
134   508 
135   199 
136   692 
137   644 
138   411 
139   796 
140   307 
141   313 
142   796 
143   467 
144   960 
145   450 
146   272 
147   624 
148    57 
149   446 
150   782 
151   232 
152   183 
153   362 
154   183 
155    25 
156   569 
157   252 
158   185 
159   811 
160   475 
161   671 
162   800 
163    20 
164    48 
165   877 
166   926 
167    61 
168    63 
169   404 
170   602 
171   272 
172   853 
173   677 
174   585 
175   469 
176    87 
177   316 
178   200 
179   999 
180   727 
181   952 
182   158 
183   660 
184   595 
185   554 
186   915 
187   667 
188   769 
189   270 
190   922 
191    31 
192   524 
193   968 
194   478 
195    25 
196   477 
197   893 
198   434 
199   211 
200   285 
201   309 
202   595 
203    99 
204   977 
205   557 
206   191 
207   843 
208   919 
209   717 
210   977 
211   599 
212   807 
213    14 
214   869 
215   511 
216   658 
217   228 
218   662 
219   367 
220   574 
221   291 
222    41 
223   792 
224   872 
225   774 
226   815 
227   415 
228   481 
229    65 
230   661 
231   414 
232    69 
233   635 
234   208 
235   566 
236   735 
237   687 
238   989 
239   249 
240   994 
241   761 
242    94 
243   997 
244   551 
245   768 
246   765 
247    21 
248   505 
249   132 
250   851 
251   829 
252   362 
253   716 
254    27 
255   313 
256    55 
257   368 
258   657 
259   324 
260   639 
261    20 
262   785 
263   349 
264   895 
265   572 
266   399 
267    54 
268   986 
269   324 
270   432 
271   790 
272   871 
273   239 
274    97 
275   967 
276    94 
277   834 
278    46 
279   125 
280   908 
281   164 
282   132 
283   793 
284    12 
285   651 
286   879 
287   338 
288   614 
289    69 
290   870 
291   880 
292   305 
293    14 
294   987 
295   789 
296   831 
297   407 
298   533 
299   793 
300   146 
301   747 
302   738 
303   741 
304   669 
305   670 
306   958 
307   382 
308    12 
309   421 
310   724 
311   782 
312   365 
313   789 
314   329 
315   840 
316   576 
317    47 
318   324 
319   715 
320   866 
321   628 
322   646 
323   934 
324   895 
325   393 
326   597 
327   620 
328   426 
329   593 
330   592 
331   847 
332   388 
333   189 
334   771 
335   676 
336   818 
337   399 
338   941 
339   606 
340   941 
341   159 
342   946 
343   926 
344   351 
345   441 
346   289 
347   658 
348   234 
349   709 
350   105 
351   448 
352   475 
353   660 
354   905 
355   847 
356   279 
357   690 
358   370 
359   413 
360   973 
361   501 
362   912 
363   749 
364   229 
365   385 
366   406 
367   322 
368   819 
369   137 
370   369 
371   394 
372   975 
373   306 
374   981 
375   874 
376   686 
377   409 
378    38 
379   231 
380   148 
381   973 
382   366 
383   488 
384   850 
385   323 
386   495 
387   734 
388   741 
389   192 
390   516 
391    39 
392   590 
393    14 
394   365 
395   355 
396   888 
397   812 
398   441 
399   242 
400    63 
401   325 
402   253 
403   860 
404   535 
405   137 
406   860 
407   179 
408   838 
409   300 
410   178 
411   524 
412   997 
413   876 
414   632 
415   526 
416   826 
417   854 
418   783 
419   895 
420   709 
421   641 
422   641 
423   646 
424   555 
425    49 
426   564 
427   395 
428   408 
429   654 
430   776 
431   704 
432    41 
433   760 
434   621 
435   786 
436   937 
437   563 
438    76 
439   651 
440   754 
441   555 
442   767 
443   739 
444   679 
445   631 
446   775 
447   707 
448   763 
449   196 
450   409 
451   273 
452   857 
453   745 
454   376 
455   438 
456   998 
457   602 
458   895 
459   567 
460   937 
461   699 
462    95 
463   730 
464   286 
465   933 
466   249 
467    33 
468    35 
469   843 
470   431 
471   417 
472   122 
473   496 
474   966 
475   873 
476   180 
477   807 
478   830 
479   282 
480   558 
481   260 
482   860 
483   645 
484   849 
485   343 
486   727 
487   447 
488   413 
489   826 
490   707 
491   968 
492   123 
493   532 
494   322 
495   321 
496   147 
497   588 
498   250 
499   683 
500   843 
501   141 
502   879 
503   723 
504   654 
505   499 
506   554 
507   947 
508    58 
509    78 
510   760 
511   221 
512   733 
513   122 
514   716 
515   311 
516   805 
517    14 
518   858 
519   267 
520    27 
521   307 
522   585 
523   326 
524   513 
525   803 
526   431 
527   789 
528   360 
529   549 
530   735 
531   677 
532   299 
533   573 
534   433 
535   611 
536   537 
537   955 
538   295 
539   417 
540   939 
541    26 
542   895 
543   265 
544   518 
545   647 
546   389 
547   530 
548    32 
549   120 
550   489 
551   330 
552   207 
553   935 
554    38 
555   713 
556   236 
557   973 
558   571 
559   671 
560   627 
561   573 
562   752 
563   532 
564   415 
565   745 
566   991 
567   700 
568   318 
569   576 
570   538 
571   320 
572   502 
573    87 
574   957 
575   251 
576   364 
577   809 
578   864 
579   419 
580   544 
581   366 
582   212 
583   611 
584   548 
585   142 
586   519 
587    80 
588    75 
589   599 
590   840 
591   289 
592   160 
593   714 
594   116 
595   658 
596   491 
597   315 
598   564 
599    96 
600   252 
601   890 
602   633 
603   828 
604   318 
605   258 
606   684 
607   682 
608   721 
609   395 
610   619 
611    63 
612   383 
613   541 
614   384 
615   311 
616   784 
617   122 
618   979 
619   397 
620   744 
621   456 
622   210 
623   129 
624   894 
625   977 
626   216 
627   444 
628   654 
629   794 
630    30 
631   550 
632   614 
633   155 
634   244 
635   884 
636   425 
637   789 
638    82 
639   230 
640   471 
641    86 
642   911 
643   840 
644   810 
645   251 
646   251 
647    80 
648   244 
649   819 
650   359 
651   940 
652   980 
653   203 
654   195 
655   320 
656    16 
657   753 
658   451 
659   960 
660   397 
661   808 
662    22 
663   312 
664   768 
665   513 
666   562 
667    72 
668   264 
669   298 
670   851 
671   388 
672   131 
673   421 
674    54 
675   341 
676   153 
677   189 
678   183 
679   384 
680    11 
681   620 
682   480 
683   989 
684    12 
685   637 
686   778 
687   982 
688   217 
689   546 
690   736 
691   875 
692   337 
693   585 
694   725 
695   892 
696   415 
697   343 
698   518 
699   170 
700   336 
701   941 
702   227 
703   912 
704   490 
705   495 
706   717 
707   504 
708   640 
709   880 
710   644 
711   701 
712   188 
713   374 
714   748 
715   943 
716   192 
717   848 
718   866 
719   124 
720   261 
721   361 
722   615 
723   593 
724   871 
725   730 
726   575 
727   205 
728   251 
729   298 
730   292 
731   842 
732   780 
733   792 
734   100 
735   624 
736   556 
737   798 
738    35 
739   330 
740   645 
741   322 
742   314 
743   667 
744    97 
745   306 
746   512 
747   393 
748   710 
749    32 
750   134 
751    17 
752   761 
753   372 
754   401 
755   779 
756   801 
757   691 
758   766 
759   580 
760   288 
761   632 
762   181 
763   846 
764   561 
765   475 
766   992 
767   889 
768   550 
769   656 
770   674 
771   985 
772   800 
773   733 
774   186 
775   181 
776   608 
777   684 
778   851 
779   618 
780   578 
781   185 
782   265 
783   173 
784   971 
785    45 
786   736 
787   461 
788   998 
789    22 
790    73 
791   707 
792   281 
793   467 
794   183 
795   742 
796   883 
797   459 
798    97 
799   372 
800   192 
801   768 
802   858 
803   946 
804   625 
805   747 
806    81 
807   353 
808   486 
809   400 
810   287 
811   406 
812   528 
813   841 
814   152 
815   390 
816   588 
817   730 
818   520 
819   849 
820   505 
821   428 
822   470 
823   537 
824   985 
825   416 
826   156 
827   483 
828   202 
829   177 
830    11 
831   747 
832   164 
833   111 
834   584 
835   710 
836   483 
837    20 
838   261 
839   134 
840   469 
841   902 
842   270 
843   966 
844   679 
845   707 
846   634 
847   681 
848   369 
849   649 
850   177 
851   824 
852   971 
853    50 
854   995 
855   706 
856   250 
857   492 
858   244 
859   586 
860    13 
861   287 
862   311 
863   893 
864   604 
865   832 
866   486 
867   992 
868   791 
869   893 
870   644 
871   100 
872   230 
873   120 
874   897 
875   930 
876    38 
877   128 
878   418 
879   380 
880   383 
881   312 
882   999 
883   668 
884   239 
885   449 
886   982 
887   501 
888   781 
889   172 
890   302 
891   590 
892   545 
893   819 
894   771 
895   358 
896   583 
897   361 
898   291 
899   185 
900   529 
901   131 
902   617 
903   807 
904   524 
905   865 
906   830 
907   268 
908   585 
909   410 
910   490 
911   788 
912   835 
913   927 
914   816 
915   826 
916    63 
917   785 
918   842 
919   975 
920   659 
921   485 
922    49 
923   268 
924   977 
925   410 
926   747 
927   192 
928    39 
929   692 
930   575 
931   521 
932   813 
933   645 
934   881 
935   609 
936   591 
937   989 
938    97 
939   601 
940    99 
941    79 
942   626 
943   314 
944   589 
945   632 
946   490 
947   144 
948   680 
949   227 
950    14 
951   246 
952   625 
953   842 
954   430 
955   797 
956   323 
957   831 
958   239 
959   778 
960    79 
961   270 
962   603 
963   513 
964    15 
965   737 
966   590 
967   724 
968   251 
969   538 
970   414 
971   982 
972    51 
973   804 
974   942 
975   711 
976    73 
977   716 
978   726 
979   318 
980   939 
981   788 
982   472 
983   728 
984   541 
985    23 
986   921 
987   959 
988   609 
989   922 
990   697 
991   539 
992   909 
993   999 
994   788 
995   840 
996    13 
997   304 
998    48 
999   901 
1000   143 
1001   912 
1002   347 
1003   463 
1004   330 
1005   747 
1006   775 
1007   722 
1008   430 
1009   165 
1010   500 
1011   839 
1012   898 
1013   910 
1014   884 
1015   984 
1016    41 
1017   869 
1018   241 
1019   347 
1020   410 
1021   579 
1022   204 
1023   488 
1024   958 
1025   258 
1026   419 
1027   425 
1028   584 
1029   122 
1030   557 
1031   645 
1032   468 
1033   914 
1034   556 
1035   170 
1036   335 
1037   508 
1038   602 
1039   162 
1040   276 
1041   581 
1042   713 
1043   672 
1044   971 
1045    38 
1046    94 
1047   265 
1048   916 
1049   896 
1050   477 
1051   474 
1052   212 
1053   952 
1054   537 
1055    73 
1056    85 
1057   572 
1058   389 
1059   448 
1060   311 
1061   109 
1062   949 
1063   906 
1064   967 
1065   940 
1066   410 
1067   686 
1068   717 
1069   489 
1070   328 
1071   459 
1072   753 
1073   703 
1074   851 
1075   608 
1076   702 
1077   132 
1078   442 
1079   399 
1080   571 
1081   352 
1082   143 
1083   844 
1084   767 
1085   108 
1086   495 
1087   699 
1088   509 
1089   694 
1090   574 
1091    14 
1092   762 
1093    55 
1094   883 
1095   910 
1096   905 
1097   646 
1098   138 
1099    14 
1100   821 
1101   183 
1102   177 
1103   477 
1104   523 
1105   360 
1106   861 
1107   450 
1108   400 
1109   631 
1110   549 
1111   161 
1112   530 
1113   622 
1114   609 
1115   560 
1116   811 
1117   716 
1118   312 
1119   265 
1120   839 
1121   938 
1122   830 
1123   408 
1124   402 
1125   804 
1126   999 
1127   858 
1128   765 
1129   991 
1130   516 
1131   598 
1132   462 
1133    92 
1134   969 
1135   504 
1136   146 
1137   545 
1138   349 
1139   257 
1140   480 
1141   617 
1142   495 
1143    65 
1144   143 
1145   554 
1146   333 
1147   348 
1148   199 
1149   101 
1150   447 
1151    27 
1152   257 
1153   324 
1154   719 
1155    11 
1156   591 
1157   389 
1158   818 
1159   401 
1160   896 
1161   411 
1162   788 
1163   159 
1164   502 
1165   570 
1166   358 
1167   119 
1168   865 
1169   678 
1170   337 
1171   627 
1172   950 
1173   150 
1174   794 
1175   344 
1176   945 
1177   242 
1178   680 
1179   859 
1180   193 
1181   869 
1182   341 
1183   503 
1184   660 
1185   487 
1186   515 
1187   785 
1188   326 
1189   586 
1190   673 
1191   851 
1192   236 
1193   194 
1194   986 
1195   640 
1196    60 
1197   607 
1198    17 
1199   438 
1200   769 
1201   325 
1202   289 
1203   106 
1204    66 
1205   993 
1206   373 
1207   132 
1208   230 
1209   433 
1210   557 
1211   980 
1212   476 
1213   561 
1214   603 
1215   594 
1216   637 
1217   971 
1218   301 
1219   541 
1220   262 
1221   618 
1222   214 
1223   502 
1224   532 
1225   283 
1226   749 
1227   973 
1228   163 
1229   200 
1230   939 
1231   606 
1232   229 
1233   577 
1234   275 
1235   937 
1236   771 
1237   548 
1238   235 
1239   231 
1240   448 
1241    78 
1242   978 
1243   971 
1244   615 
1245   457 
1246    17 
1247   348 
1248   219 
1249   516 
1250   111 
1251   280 
1252   394 
1253   231 
1254   126 
1255   544 
1256   134 
1257   334 
1258   642 
1259   467 
1260   944 
1261   378 
1262   195 
1263   626 
1264   933 
1265   962 
1266   261 
1267    70 
1268   257 
1269   497 
1270   286 
1271   631 
1272   552 
1273   299 
1274   188 
1275   676 
1276   175 
1277   511 
1278   777 
1279   825 
1280   277 
1281   786 
1282   915 
1283   790 
1284   849 
1285    68 
1286   793 
1287   589 
1288   436 
1289    66 
1290   168 
1291   711 
1292   348 
1293   504 
1294   463 
1295   245 
1296   490 
1297   406 
1298   940 
1299   793 
1300   358 
1301   482 
1302   889 
1303   159 
1304   988 
1305   927 
1306   850 
1307    19 
1308    85 
1309   205 
1310   122 
1311   415 
1312   667 
1313   933 
1314   424 
1315   732 
1316   931 
1317    88 
1318   182 
1319   519 
1320   686 
1321   277 
1322   586 
1323   882 
1324   385 
1325    35 
1326   541 
1327   365 
1328   781 
1329   463 
1330   383 
1331   809 
1332   625 
1333   172 
1334   647 
1335   428 
1336   265 
1337    90 
1338    84 
1339    27 
1340   551 
1341   462 
1342   111 
1343   856 
1344   616 
1345   716 
1346   214 
1347   900 
1348   279 
1349   811 
1350   614 
1351   253 
1352   690 
1353   600 
1354   977 
1355   652 
1356   641 
1357   335 
1358    21 
1359   907 
1360    12 
1361   823 
1362   229 
1363   128 
1364   749 
1365   170 
1366   320 
1367   899 
1368   793 
1369   877 
1370   103 
1371   429 
1372    18 
1373   819 
1374   294 
1375   941 
1376   696 
1377   825 
1378   816 
1379   247 
1380   404 
1381   215 
1382   236 
1383   118 
1384   314 
1385   200 
1386   171 
1387   475 
1388   838 
1389   566 
1390   895 
1391   190 
1392   644 
1393   158 
1394   921 
1395    53 
1396   312 
1397   173 
1398   707 
1399   973 
1400   164 
1401   622 
1402    33 
1403   347 
1404   138 
1405   239 
1406   414 
1407   769 
1408   155 
1409   923 
1410   445 
1411   215 
1412   349 
1413   136 
1414   980 
1415   701 
1416   691 
1417   633 
1418    84 
1419   674 
1420   908 
1421   978 
1422   757 
1423   371 
1424   929 
1425   149 
1426   735 
1427   923 
1428   721 
1429   909 
1430   578 
1431   790 
1432    52 
1433   543 
1434   237 
1435   174 
1436   502 
1437   821 
1438   189 
1439   790 
1440   200 
1441   704 
1442   323 
1443    66 
1444   411 
1445   605 
1446   780 
1447    19 
1448   715 
1449   917 
1450   859 
1451   186 
1452   393 
1453   810 
1454   447 
1455   638 
1456   405 
1457   275 
1458    16 
1459   405 
1460   846 
1461   546 
1462   965 
1463   654 
1464   728 
1465   622 
1466   223 
1467   401 
1468   601 
1469   439 
1470   112 
1471   468 
1472   457 
1473   335 
1474   718 
1475   485 
1476   397 
1477   637 
1478   954 
1479   753 
1480   735 
1481   569 
1482   226 
1483   141 
1484   758 
1485   542 
1486   166 
1487   977 
1488    42 
1489   641 
1490    87 
1491   874 
1492   525 
1493   606 
1494   732 
1495   356 
1496   241 
1497   941 
1498    27 
1499    49 
1500   485 
1501    98 
1502   455 
1503   701 
1504   699 
1505    77 
1506   223 
1507   214 
1508   433 
1509   229 
1510   379 
1511   768 
1512   907 
1513   380 
1514   562 
1515   629 
1516   860 
1517   793 
1518   338 
1519   456 
1520   165 
1521   622 
1522   927 
1523   573 
1524   481 
1525   318 
1526   219 
1527    52 
1528   416 
1529   570 
1530    69 
1531   892 
1532   995 
1533   288 
1534   309 
1535   910 
1536   441 
1537   597 
1538   516 
1539   711 
1540   546 
1541   611 
1542   580 
1543    75 
1544   683 
1545   759 
1546   753 
1547   937 
1548   652 
1549   275 
1550   882 
1551   619 
1552   952 
1553   104 
1554   293 
1555   543 
1556   162 
1557   495 
1558   599 
1559   934 
1560   675 
1561   400 
1562   985 
1563   656 
1564   246 
1565   921 
1566   419 
1567   693 
1568    21 
1569   120 
1570   202 
1571   274 
1572   823 
1573   149 
1574   198 
1575   213 
1576   107 
1577   329 
1578   818 
1579   562 
1580   170 
1581   519 
1582   603 
1583    33 
1584    98 
1585   732 
1586   858 
1587   160 
1588   359 
1589   770 
1590   471 
1591   693 
1592   903 
1593   635 
1594   199 
1595   694 
1596   834 
1597   114 
1598   522 
1599   132 
1600    19 
1 41 0 
1 2 0 
2 42 0 
2 3 0 
3 43 0 
3 4 0 
4 44 0 
4 5 0 
5 45 0 
5 6 0 
6 46 0 
6 7 0 
7 47 0 
7 8 0 
8 48 0 
8 9 0 
9 49 0 
9 10 0 
10 50 0 
10 11 0 
11 51 0 
11 12 0 
12 52 0 
12 13 0 
13 53 0 
13 14 0 
14 54 0 
14 15 0 
15 55 0 
15 16 0 
16 56 0 
16 17 0 
17 57 0 
17 18 0 
18 58 0 
18 19 0 
19 59 0 
19 20 0 
20 60 0 
20 21 0 
21 61 0 
21 22 0 
22 62 0 
22 23 0 
23 63 0 
23 24 0 
24 64 0 
24 25 0 
25 65 0 
25 26 0 
26 66 0 
26 27 0 
27 67 0 
27 28 0 
28 68 0 
28 29 0 
29 69 0 
29 30 0 
30 70 0 
30 31 0 
31 71 0 
31 32 0 
32 72 0 
32 33 0 
33 73 0 
33 34 0 
34 74 0 
34 35 0 
35 75 0 
35 36 0 
36 76 0 
36 37 0 
37 77 0 
37 38 0 
38 78 0 
38 39 0 
39 79 0 
39 40 0 
40 80 0 
41 81 0 
41 42 0 
42 82 0 
42 43 0 
43 83 0 
43 44 0 
44 84 0 
44 45 0 
45 85 0 
45 46 0 
46 86 0 
46 47 0 
47 87 0 
47 48 0 
48 88 0 
48 49 0 
49 89 0 
49 50 0 
50 90 0 
50 51 0 
51 91 0 
51 52 0 
52 92 0 
52 53 0 
53 93 0 
53 54 0 
54 94 0 
54 55 0 
55 95 0 
55 56 0 
56 96 0 
56 57 0 
57 97 0 
57 58 0 
58 98 0 
58 59 0 
59 99 0 
59 60 0 
60 100 0 
60 61 0 
61 101 0 
61 62 0 
62 102 0 
62 63 0 
63 103 0 
63 64 0 
64 104 0 
64 65 0 
65 105 0 
65 66 0 
66 106 0 
66 67 0 
67 107 0 
67 68 0 
68 108 0 
68 69 0 
69 109 0 
69 70 0 
70 110 0 
70 71 0 
71 111 0 
71 72 0 
72 112 0 
72 73 0 
73 113 0 
73 74 0 
74 114 0 
74 75 0 
75 115 0 
75 76 0 
76 116 0 
76 77 0 
77 117 0 
77 78 0 
78 118 0 
78 79 0 
79 119 0 
79 80 0 
80 120 0 
81 121 0 
81 82 0 
82 122 0 
82 83 0 
83 123 0 
83 84 0 
84 124 0 
84 85 0 
85 125 0 
85 86 0 
86 126 0 
86 87 0 
87 127 0 
87 88 0 
88 128 0 
88 89 0 
89 129 0 
89 90 0 
90 130 0 
90 91 0 
91 131 0 
91 92 0 
92 132 0 
92 93 0 
93 133 0 
93 94 0 
94 134 0 
94 95 0 
95 135 0 
95 96 0 
96 136 0 
96 97 0 
97 137 0 
97 98 0 
98 138 0 
98 99 0 
99 139 0 
99 100 0 
100 140 0 
100 101 0 
101 141 0 
101 102 0 
102 142 0 
102 103 0 
103 143 0 
103 104 0 
104 144 0 
104 105 0 
105 145 0 
105 106 0 
106 146 0 
106 107 0 
107 147 0 
107 108 0 
108 148 0 
108 109 0 
109 149 0 
109 110 0 
110 150 0 
110 111 0 
111 151 0 
111 112 0 
112 152 0 
112 113 0 
113 153 0 
113 114 0 
114 154 0 
114 115 0 
115 155 0 
115 116 0 
116 156 0 
116 117 0 
117 157 0 
117 118 0 
118 158 0 
118 119 0 
119 159 0 
119 120 0 
120 160 0 
121 161 0 
121 122 0 
122 162 0 
122 123 0 
123 163 0 
123 124 0 
124 164 0 
124 125 0 
125 165 0 
125 126 0 
126 166 0 
126 127 0 
127 167 0 
127 128 0 
128 168 0 
128 129 0 
129 169 0 
129 130 0 
130 170 0 
130 131 0 
131 171 0 
131 132 0 
132 172 0 
132 133 0 
133 173 0 
133 134 0 
134 174 0 
134 135 0 
135 175 0 
135 136 0 
136 176 0 
136 137 0 
137 177 0 
137 138 0 
138 178 0 
138 139 0 
139 179 0 
139 140 0 
140 180 0 
140 141 0 
141 181 0 
141 142 0 
142 182 0 
142 143 0 
143 183 0 
143 144 0 
144 184 0 
144 145 0 
145 185 0 
145 146 0 
146 186 0 
146 147 0 
147 187 0 
147 148 0 
148 188 0 
148 149 0 
149 189 0 
149 150 0 
150 190 0 
150 151 0 
151 191 0 
151 152 0 
152 192 0 
152 153 0 
153 193 0 
153 154 0 
154 194 0 
154 155 0 
155 195 0 
155 156 0 
156 196 0 
156 157 0 
157 197 0 
157 158 0 
158 198 0 
158 159 0 
159 199 0 
159 160 0 
160 200 0 
161 201 0 
161 162 0 
162 202 0 
162 163 0 
163 203 0 
163 164 0 
164 204 0 
164 165 0 
165 205 0 
165 166 0 
166 206 0 
166 167 0 
167 207 0 
167 168 0 
168 208 0 
168 169 0 
169 209 0 
169 170 0 
170 210 0 
170 171 0 
171 211 0 
171 172 0 
172 212 0 
172 173 0 
173 213 0 
173 174 0 
174 214 0 
174 175 0 
175 215 0 
175 176 0 
176 216 0 
176 177 0 
177 217 0 
177 178 0 
178 218 0 
178 179 0 
179 219 0 
179 180 0 
180 220 0 
180 181 0 
181 221 0 
181 182 0 
182 222 0 
182 183 0 
183 223 0 
183 184 0 
184 224 0 
184 185 0 
185 225 0 
185 186 0 
186 226 0 
186 187 0 
187 227 0 
187 188 0 
188 228 0 
188 189 0 
189 229 0 
189 190 0 
190 230 0 
190 191 0 
191 231 0 
191 192 0 
192 232 0 
192 193 0 
193 233 0 
193 194 0 
194 234 0 
194 195 0 
195 235 0 
195 196 0 
196 236 0 
196 197 0 
197 237 0 
197 198 0 
198 238 0 
198 199 0 
199 239 0 
199 200 0 
200 240 0 
201 241 0 
201 202 0 
202 242 0 
202 203 0 
203 243 0 
203 204 0 
204 244 0 
204 205 0 
205 245 0 
205 206 0 
206 246 0 
206 207 0 
207 247 0 
207 208 0 
208 248 0 
208 209 0 
209 249 0 
209 210 0 
210 250 0 
210 211 0 
211 251 0 
211 212 0 
212 252 0 
212 213 0 
213 253 0 
213 214 0 
214 254 0 
214 215 0 
215 255 0 
215 216 0 
216 256 0 
216 217 0 
217 257 0 
217 218 0 
218 258 0 
218 219 0 
219 259 0 
219 220 0 
220 260 0 
220 221 0 
221 261 0 
221 222 0 
222 262 0 
222 223 0 
223 263 0 
223 224 0 
224 264 0 
224 225 0 
225 265 0 
225 226 0 
226 266 0 
226 227 0 
227 267 0 
227 228 0 
228 268 0 
228 229 0 
229 269 0 
229 230 0 
230 270 0 
230 231 0 
231 271 0 
231 232 0 
232 272 0 
232 233 0 
233 273 0 
233 234 0 
234 274 0 
234 235 0 
235 275 0 
235 236 0 
236 276 0 
236 237 0 
237 277 0 
237 238 0 
238 278 0 
238 239 0 
239 279 0 
239 240 0 
240 280 0 
241 281 0 
241 242 0 
242 282 0 
242 243 0 
243 283 0 
243 244 0 
244 284 0 
244 245 0 
245 285 0 
245 246 0 
246 286 0 
246 247 0 
247 287 0 
247 248 0 
248 288 0 
248 249 0 
249 289 0 
249 250 0 
250 290 0 
250 251 0 
251 291 0 
251 252 0 
252 292 0 
252 253 0 
253 293 0 
253 254 0 
254 294 0 
254 255 0 
255 295 0 
255 256 0 
256 296 0 
256 257 0 
257 297 0 
257 258 0 
258 298 0 
258 259 0 
259 299 0 
259 260 0 
260 300 0 
260 261 0 
261 301 0 
261 262 0 
262 302 0 
262 263 0 
263 303 0 
263 264 0 
264 304 0 
264 265 0 
265 305 0 
265 266 0 
266 306 0 
266 267 0 
267 307 0 
267 268 0 
268 308 0 
268 269 0 
269 309 0 
269 270 0 
270 310 0 
270 271 0 
271 311 0 
271 272 0 
272 312 0 
272 273 0 
273 313 0 
273 274 0 
274 314 0 
274 275 0 
275 315 0 
275 276 0 
276 316 0 
276 277 0 
277 317 0 
277 278 0 
278 318 0 
278 279 0 
279 319 0 
279 280 0 
280 320 0 
281 321 0 
281 282 0 
282 322 0 
282 283 0 
283 323 0 
283 284 0 
284 324 0 
284 285 0 
285 325 0 
285 286 0 
286 326 0 
286 287 0 
287 327 0 
287 288 0 
288 328 0 
288 289 0 
289 329 0 
289 290 0 
290 330 0 
290 291 0 
291 331 0 
291 292 0 
292 332 0 
292 293 0 
293 333 0 
293 294 0 
294 334 0 
294 295 0 
295 335 0 
295 296 0 
296 336 0 
296 297 0 
297 337 0 
297 298 0 
298 338 0 
298 299 0 
299 339 0 
299 300 0 
300 340 0 
300 301 0 
301 341 0 
301 302 0 
302 342 0 
302 303 0 
303 343 0 
303 304 0 
304 344 0 
304 305 0 
305 345 0 
305 306 0 
306 346 0 
306 307 0 
307 347 0 
307 308 0 
308 348 0 
308 309 0 
309 349 0 
309 310 0 
310 350 0 
310 311 0 
311 351 0 
311 312 0 
312 352 0 
312 313 0 
313 353 0 
313 314 0 
314 354 0 
314 315 0 
315 355 0 
315 316 0 
316 356 0 
316 317 0 
317 357 0 
317 318 0 
318 358 0 
318 319 0 
319 359 0 
319 320 0 
320 360 0 
321 361 0 
321 322 0 
322 362 0 
322 323 0 
323 363 0 
323 324 0 
324 364 0 
324 325 0 
325 365 0 
325 326 0 
326 366 0 
326 327 0 
327 367 0 
327 328 0 
328 368 0 
328 329 0 
329 369 0 
329 330 0 
330 370 0 
330 331 0 
331 371 0 
331 332 0 
332 372 0 
332 333 0 
333 373 0 
333 334 0 
334 374 0 
334 335 0 
335 375 0 
335 336 0 
336 376 0 
336 337 0 
337 377 0 
337 338 0 
338 378 0 
338 339 0 
339 379 0 
339 340 0 
340 380 0 
340 341 0 
341 381 0 
341 342 0 
342 382 0 
342 343 0 
343 383 0 
343 344 0 
344 384 0 
344 345 0 
345 385 0 
345 346 0 
346 386 0 
346 347 0 
347 387 0 
347 348 0 
348 388 0 
348 349 0 
349 389 0 
349 350 0 
350 390 0 
350 351 0 
351 391 0 
351 352 0 
352 392 0 
352 353 0 
353 393 0 
353 354 0 
354 394 0 
354 355 0 
355 395 0 
355 356 0 
356 396 0 
356 357 0 
357 397 0 
357 358 0 
358 398 0 
358 359 0 
359 399 0 
359 360 0 
360 400 0 
361 401 0 
361 362 0 
362 402 0 
362 363 0 
363 403 0 
363 364 0 
364 404 0 
364 365 0 
365 405 0 
365 366 0 
366 406 0 
366 367 0 
367 407 0 
367 368 0 
368 408 0 
368 369 0 
369 409 0 
369 370 0 
370 410 0 
370 371 0 
371 411 0 
371 372 0 
372 412 0 
372 373 0 
373 413 0 
373 374 0 
374 414 0 
374 375 0 
375 415 0 
375 376 0 
376 416 0 
376 377 0 
377 417 0 
377 378 0 
378 418 0 
378 379 0 
379 419 0 
379 380 0 
380 420 0 
380 381 0 
381 421 0 
381 382 0 
382 422 0 
382 383 0 
383 423 0 
383 384 0 
384 424 0 
384 385 0 
385 425 0 
385 386 0 
386 426 0 
386 387 0 
387 427 0 
387 388 0 
388 428 0 
388 389 0 
389 429 0 
389 390 0 
390 430 0 
390 391 0 
391 431 0 
391 392 0 
392 432 0 
392 393 0 
393 433 0 
393 394 0 
394 434 0 
394 395 0 
395 435 0 
395 396 0 
396 436 0 
396 397 0 
397 437 0 
397 398 0 
398 438 0 
398 399 0 
399 439 0 
399 400 0 
400 440 0 
401 441 0 
401 402 0 
402 442 0 
402 403 0 
403 443 0 
403 404 0 
404 444 0 
404 405 0 
405 445 0 
405 406 0 
406 446 0 
406 407 0 
407 447 0 
407 408 0 
408 448 0 
408 409 0 
409 449 0 
409 410 0 
410 450 0 
410 411 0 
411 451 0 
411 412 0 
412 452 0 
412 413 0 
413 453 0 
413 414 0 
414 454 0 
414 415 0 
415 455 0 
415 416 0 
416 456 0 
416 417 0 
417 457 0 
417 418 0 
418 458 0 
418 419 0 
419 459 0 
419 420 0 
420 460 0 
420 421 0 
421 461 0 
421 422 0 
422 462 0 
422 423 0 
423 463 0 
423 424 0 
424 464 0 
424 425 0 
425 465 0 
425 426 0 
426 466 0 
426 427 0 
427 467 0 
427 428 0 
428 468 0 
428 429 0 
429 469 0 
429 430 0 
430 470 0 
430 431 0 
431 471 0 
431 432 0 
432 472 0 
432 433 0 
433 473 0 
433 434 0 
434 474 0 
434 435 0 
435 475 0 
435 436 0 
436 476 0 
436 437 0 
437 477 0 
437 438 0 
438 478 0 
438 439 0 
439 479 0 
439 440 0 
440 480 0 
441 481 0 
441 442 0 
442 482 0 
442 443 0 
443 483 0 
443 444 0 
444 484 0 
444 445 0 
445 485 0 
445 446 0 
446 486 0 
446 447 0 
447 487 0 
447 448 0 
448 488 0 
448 449 0 
449 489 0 
449 450 0 
450 490 0 
450 451 0 
451 491 0 
451 452 0 
452 492 0 
452 453 0 
453 493 0 
453 454 0 
454 494 0 
454 455 0 
455 495 0 
455 456 0 
456 496 0 
456 457 0 
457 497 0 
457 458 0 
458 498 0 
458 459 0 
459 499 0 
459 460 0 
460 500 0 
460 461 0 
461 501 0 
461 462 0 
462 502 0 
462 463 0 
463 503 0 
463 464 0 
464 504 0 
464 465 0 
465 505 0 
465 466 0 
466 506 0 
466 467 0 
467 507 0 
467 468 0 
468 508 0 
468 469 0 
469 509 0 
469 470 0 
470 510 0 
470 471 0 
471 511 0 
471 472 0 
472 512 0 
472 473 0 
473 513 0 
473 474 0 
474 514 0 
474 475 0 
475 515 0 
475 476 0 
476 516 0 
476 477 0 
477 517 0 
477 478 0 
478 518 0 
478 479 0 
479 519 0 
479 480 0 
480 520 0 
481 521 0 
481 482 0 
482 522 0 
482 483 0 
483 523 0 
483 484 0 
484 524 0 
484 485 0 
485 525 0 
485 486 0 
486 526 0 
486 487 0 
487 527 0 
487 488 0 
488 528 0 
488 489 0 
489 529 0 
489 490 0 
490 530 0 
490 491 0 
491 531 0 
491 492 0 
492 532 0 
492 493 0 
493 533 0 
493 494 0 
494 534 0 
494 495 0 
495 535 0 
495 496 0 
496 536 0 
496 497 0 
497 537 0 
497 498 0 
498 538 0 
498 499 0 
499 539 0 
499 500 0 
500 540 0 
500 501 0 
501 541 0 
501 502 0 
502 542 0 
502 503 0 
503 543 0 
503 504 0 
504 544 0 
504 505 0 
505 545 0 
505 506 0 
506 546 0 
506 507 0 
507 547 0 
507 508 0 
508 548 0 
508 509 0 
509 549 0 
509 510 0 
510 550 0 
510 511 0 
511 551 0 
511 512 0 
512 552 0 
512 513 0 
513 553 0 
513 514 0 
514 554 0 
514 515 0 
515 555 0 
515 516 0 
516 556 0 
516 517 0 
517 557 0 
517 518 0 
518 558 0 
518 519 0 
519 559 0 
519 520 0 
520 560 0 
521 561 0 
521 522 0 
522 562 0 
522 523 0 
523 563 0 
523 524 0 
524 564 0 
524 525 0 
525 565 0 
525 526 0 
526 566 0 
526 527 0 
527 567 0 
527 528 0 
528 568 0 
528 529 0 
529 569 0 
529 530 0 
530 570 0 
530 531 0 
531 571 0 
531 532 0 
532 572 0 
532 533 0 
533 573 0 
533 534 0 
534 574 0 
534 535 0 
535 575 0 
535 536 0 
536 576 0 
536 537 0 
537 577 0 
537 538 0 
538 578 0 
538 539 0 
539 579 0 
539 540 0 
540 580 0 
540 541 0 
541 581 0 
541 542 0 
542 582 0 
542 543 0 
543 583 0 
543 544 0 
544 584 0 
544 545 0 
545 585 0 
545 546 0 
546 586 0 
546 547 0 
547 587 0 
547 548 0 
548 588 0 
548 549 0 
549 589 0 
549 550 0 
550 590 0 
550 551 0 
551 591 0 
551 552 0 
552 592 0 
552 553 0 
553 593 0 
553 554 0 
554 594 0 
554 555 0 
555 595 0 
555 556 0 
556 596 0 
556 557 0 
557 597 0 
557 558 0 
558 598 0 
558 559 0 
559 599 0 
559 560 0 
560 600 0 
561 601 0 
561 562 0 
562 602 0 
562 563 0 
563 603 0 
563 564 0 
564 604 0 
564 565 0 
565 605 0 
565 566 0 
566 606 0 
566 567 0 
567 607 0 
567 568 0 
568 608 0 
568 569 0 
569 609 0 
569 570 0 
570 610 0 
570 571 0 
571 611 0 
571 572 0 
572 612 0 
572 573 0 
573 613 0 
573 574 0 
574 614 0 
574 575 0 
575 615 0 
575 576 0 
576 616 0 
576 577 0 
577 617 0 
577 578 0 
578 618 0 
578 579 0 
579 619 0 
579 580 0 
580 620 0 
580 581 0 
581 621 0 
581 582 0 
582 622 0 
582 583 0 
583 623 0 
583 584 0 
584 624 0 
584 585 0 
585 625 0 
585 586 0 
586 626 0 
586 587 0 
587 627 0 
587 588 0 
588 628 0 
588 589 0 
589 629 0 
589 590 0 
590 630 0 
590 591 0 
591 631 0 
591 592 0 
592 632 0 
592 593 0 
593 633 0 
593 594 0 
594 634 0 
594 595 0 
595 635 0 
595 596 0 
596 636 0 
596 597 0 
597 637 0 
597 598 0 
598 638 0 
598 599 0 
599 639 0 
599 600 0 
600 640 0 
601 641 0 
601 602 0 
602 642 0 
602 603 0 
603 643 0 
603 604 0 
604 644 0 
604 605 0 
605 645 0 
605 606 0 
606 646 0 
606 607 0 
607 647 0 
607 608 0 
608 648 0 
608 609 0 
609 649 0 
609 610 0 
610 650 0 
610 611 0 
611 651 0 
611 612 0 
612 652 0 
612 613 0 
613 653 0 
613 614 0 
614 654 0 
614 615 0 
615 655 0 
615 616 0 
616 656 0 
616 617 0 
617 657 0 
617 618 0 
618 658 0 
618 619 0 
619 659 0 
619 620 0 
620 660 0 
620 621 0 
621 661 0 
621 622 0 
622 662 0 
622 623 0 
623 663 0 
623 624 0 
624 664 0 
624 625 0 
625 665 0 
625 626 0 
626 666 0 
626 627 0 
627 667 0 
627 628 0 
628 668 0 
628 629 0 
629 669 0 
629 630 0 
630 670 0 
630 631 0 
631 671 0 
631 632 0 
632 672 0 
632 633 0 
633 673 0 
633 634 0 
634 674 0 
634 635 0 
635 675 0 
635 636 0 
636 676 0 
636 637 0 
637 677 0 
637 638 0 
638 678 0 
638 639 0 
639 679 0 
639 640 0 
640 680 0 
641 681 0 
641 642 0 
642 682 0 
642 643 0 
643 683 0 
643 644 0 
644 684 0 
644 645 0 
645 685 0 
645 646 0 
646 686 0 
646 647 0 
647 687 0 
647 648 0 
648 688 0 
648 649 0 
649 689 0 
649 650 0 
650 690 0 
650 651 0 
651 691 0 
651 652 0 
652 692 0 
652 653 0 
653 693 0 
653 654 0 
654 694 0 
654 655 0 
655 695 0 
655 656 0 
656 696 0 
656 657 0 
657 697 0 
657 658 0 
658 698 0 
658 659 0 
659 699 0 
659 660 0 
660 700 0 
660 661 0 
661 701 0 
661 662 0 
662 702 0 
662 663 0 
663 703 0 
663 664 0 
664 704 0 
664 665 0 
665 705 0 
665 666 0 
666 706 0 
666 667 0 
667 707 0 
667 668 0 
668 708 0 
668 669 0 
669 709 0 
669 670 0 
670 710 0 
670 671 0 
671 711 0 
671 672 0 
672 712 0 
672 673 0 
673 713 0 
673 674 0 
674 714 0 
674 675 0 
675 715 0 
675 676 0 
676 716 0 
676 677 0 
677 717 0 
677 678 0 
678 718 0 
678 679 0 
679 719 0 
679 680 0 
680 720 0 
681 721 0 
681 682 0 
682 722 0 
682 683 0 
683 723 0 
683 684 0 
684 724 0 
684 685 0 
685 725 0 
685 686 0 
686 726 0 
686 687 0 
687 727 0 
687 688 0 
688 728 0 
688 689 0 
689 729 0 
689 690 0 
690 730 0 
690 691 0 
691 731 0 
691 692 0 
692 732 0 
692 693 0 
693 733 0 
693 694 0 
694 734 0 
694 695 0 
695 735 0 
695 696 0 
696 736 0 
696 697 0 
697 737 0 
697 698 0 
698 738 0 
698 699 0 
699 739 0 
699 700 0 
700 740 0 
700 701 0 
701 741 0 
701 702 0 
702 742 0 
702 703 0 
703 743 0 
703 704 0 
704 744 0 
704 705 0 
705 745 0 
705 706 0 
706 746 0 
706 707 0 
707 747 0 
707 708 0 
708 748 0 
708 709 0 
709 749 0 
709 710 0 
710 750 0 
710 711 0 
711 751 0 
711 712 0 
712 752 0 
712 713 0 
713 753 0 
713 714 0 
714 754 0 
714 715 0 
715 755 0 
715 716 0 
716 756 0 
716 717 0 
717 757 0 
717 718 0 
718 758 0 
718 719 0 
719 759 0 
719 720 0 
720 760 0 
721 761 0 
721 722 0 
722 762 0 
722 723 0 
723 763 0 
723 724 0 
724 764 0 
724 725 0 
725 765 0 
725 726 0 
726 766 0 
726 727 0 
727 767 0 
727 728 0 
728 768 0 
728 729 0 
729 769 0 
729 730 0 
730 770 0 
730 731 0 
731 771 0 
731 732 0 
732 772 0 
732 733 0 
733 773 0 
733 734 0 
734 774 0 
734 735 0 
735 775 0 
735 736 0 
736 776 0 
736 737 0 
737 777 0 
737 738 0 
738 778 0 
738 739 0 
739 779 0 
739 740 0 
740 780 0 
740 741 0 
741 781 0 
741 742 0 
742 782 0 
742 743 0 
743 783 0 
743 744 0 
744 784 0 
744 745 0 
745 785 0 
745 746 0 
746 786 0 
746 747 0 
747 787 0 
747 748 0 
748 788 0 
748 749 0 
749 789 0 
749 750 0 
750 790 0 
750 751 0 
751 791 0 
751 752 0 
752 792 0 
752 753 0 
753 793 0 
753 754 0 
754 794 0 
754 755 0 
755 795 0 
755 756 0 
756 796 0 
756 757 0 
757 797 0 
757 758 0 
758 798 0 
758 759 0 
759 799 0 
759 760 0 
760 800 0 
761 801 0 
761 762 0 
762 802 0 
762 763 0 
763 803 0 
763 764 0 
764 804 0 
764 765 0 
765 805 0 
765 766 0 
766 806 0 
766 767 0 
767 807 0 
767 768 0 
768 808 0 
768 769 0 
769 809 0 
769 770 0 
770 810 0 
770 771 0 
771 811 0 
771 772 0 
772 812 0 
772 773 0 
773 813 0 
773 774 0 
774 814 0 
774 775 0 
775 815 0 
775 776 0 
776 816 0 
776 777 0 
777 817 0 
777 778 0 
778 818 0 
778 779 0 
779 819 0 
779 780 0 
780 820 0 
780 781 0 
781 821 0 
781 782 0 
782 822 0 
782 783 0 
783 823 0 
783 784 0 
784 824 0 
784 785 0 
785 825 0 
785 786 0 
786 826 0 
786 787 0 
787 827 0 
787 788 0 
788 828 0 
788 789 0 
789 829 0 
789 790 0 
790 830 0 
790 791 0 
791 831 0 
791 792 0 
792 832 0 
792 793 0 
793 833 0 
793 794 0 
794 834 0 
794 795 0 
795 835 0 
795 796 0 
796 836 0 
796 797 0 
797 837 0 
797 798 0 
798 838 0 
798 799 0 
799 839 0 
799 800 0 
800 840 0 
801 841 0 
801 802 0 
802 842 0 
802 803 0 
803 843 0 
803 804 0 
804 844 0 
804 805 0 
805 845 0 
805 806 0 
806 846 0 
806 807 0 
807 847 0 
807 808 0 
808 848 0 
808 809 0 
809 849 0 
809 810 0 
810 850 0 
810 811 0 
811 851 0 
811 812 0 
812 852 0 
812 813 0 
813 853 0 
813 814 0 
814 854 0 
814 815 0 
815 855 0 
815 816 0 
816 856 0 
816 817 0 
817 857 0 
817 818 0 
818 858 0 
818 819 0 
819 859 0 
819 820 0 
820 860 0 
820 821 0 
821 861 0 
821 822 0 
822 862 0 
822 823 0 
823 863 0 
823 824 0 
824 864 0 
824 825 0 
825 865 0 
825 826 0 
826 866 0 
826 827 0 
827 867 0 
827 828 0 
828 868 0 
828 829 0 
829 869 0 
829 830 0 
830 870 0 
830 831 0 
831 871 0 
831 832 0 
832 872 0 
832 833 0 
833 873 0 
833 834 0 
834 874 0 
834 835 0 
835 875 0 
835 836 0 
836 876 0 
836 837 0 
837 877 0 
837 838 0 
838 878 0 
838 839 0 
839 879 0 
839 840 0 
840 880 0 
841 881 0 
841 842 0 
842 882 0 
842 843 0 
843 883 0 
843 844 0 
844 884 0 
844 845 0 
845 885 0 
845 846 0 
846 886 0 
846 847 0 
847 887 0 
847 848 0 
848 888 0 
848 849 0 
849 889 0 
849 850 0 
850 890 0 
850 851 0 
851 891 0 
851 852 0 
852 892 0 
852 853 0 
853 893 0 
853 854 0 
854 894 0 
854 855 0 
855 895 0 
855 856 0 
856 896 0 
856 857 0 
857 897 0 
857 858 0 
858 898 0 
858 859 0 
859 899 0 
859 860 0 
860 900 0 
860 861 0 
861 901 0 
861 862 0 
862 902 0 
862 863 0 
863 903 0 
863 864 0 
864 904 0 
864 865 0 
865 905 0 
865 866 0 
866 906 0 
866 867 0 
867 907 0 
867 868 0 
868 908 0 
868 869 0 
869 909 0 
869 870 0 
870 910 0 
870 871 0 
871 911 0 
871 872 0 
872 912 0 
872 873 0 
873 913 0 
873 874 0 
874 914 0 
874 875 0 
875 915 0 
875 876 0 
876 916 0 
876 877 0 
877 917 0 
877 878 0 
878 918 0 
878 879 0 
879 919 0 
879 880 0 
880 920 0 
881 921 0 
881 882 0 
882 922 0 
882 883 0 
883 923 0 
883 884 0 
884 924 0 
884 885 0 
885 925 0 
885 886 0 
886 926 0 
886 887 0 
887 927 0 
887 888 0 
888 928 0 
888 889 0 
889 929 0 
889 890 0 
890 930 0 
890 891 0 
891 931 0 
891 892 0 
892 932 0 
892 893 0 
893 933 0 
893 894 0 
894 934 0 
894 895 0 
895 935 0 
895 896 0 
896 936 0 
896 897 0 
897 937 0 
897 898 0 
898 938 0 
898 899 0 
899 939 0 
899 900 0 
900 940 0 
900 901 0 
901 941 0 
901 902 0 
902 942 0 
902 903 0 
903 943 0 
903 904 0 
904 944 0 
904 905 0 
905 945 0 
905 906 0 
906 946 0 
906 907 0 
907 947 0 
907 908 0 
908 948 0 
908 909 0 
909 949 0 
909 910 0 
910 950 0 
910 911 0 
911 951 0 
911 912 0 
912 952 0 
912 913 0 
913 953 0 
913 914 0 
914 954 0 
914 915 0 
915 955 0 
915 916 0 
916 956 0 
916 917 0 
917 957 0 
917 918 0 
918 958 0 
918 919 0 
919 959 0 
919 920 0 
920 960 0 
921 961 0 
921 922 0 
922 962 0 
922 923 0 
923 963 0 
923 924 0 
924 964 0 
924 925 0 
925 965 0 
925 926 0 
926 966 0 
926 927 0 
927 967 0 
927 928 0 
928 968 0 
928 929 0 
929 969 0 
929 930 0 
930 970 0 
930 931 0 
931 971 0 
931 932 0 
932 972 0 
932 933 0 
933 973 0 
933 934 0 
934 974 0 
934 935 0 
935 975 0 
935 936 0 
936 976 0 
936 937 0 
937 977 0 
937 938 0 
938 978 0 
938 939 0 
939 979 0 
939 940 0 
940 980 0 
940 941 0 
941 981 0 
941 942 0 
942 982 0 
942 943 0 
943 983 0 
943 944 0 
944 984 0 
944 945 0 
945 985 0 
945 946 0 
946 986 0 
946 947 0 
947 987 0 
947 948 0 
948 988 0 
948 949 0 
949 989 0 
949 950 0 
950 990 0 
950 951 0 
951 991 0 
951 952 0 
952 992 0 
952 953 0 
953 993 0 
953 954 0 
954 994 0 
954 955 0 
955 995 0 
955 956 0 
956 996 0 
956 957 0 
957 997 0 
957 958 0 
958 998 0 
958 959 0 
959 999 0 
959 960 0 
960 1000 0 
961 1001 0 
961 962 0 
962 1002 0 
962 963 0 
963 1003 0 
963 964 0 
964 1004 0 
964 965 0 
965 1005 0 
965 966 0 
966 1006 0 
966 967 0 
967 1007 0 
967 968 0 
968 1008 0 
968 969 0 
969 1009 0 
969 970 0 
970 1010 0 
970 971 0 
971 1011 0 
971 972 0 
972 1012 0 
972 973 0 
973 1013 0 
973 974 0 
974 1014 0 
974 975 0 
975 1015 0 
975 976 0 
976 1016 0 
976 977 0 
977 1017 0 
977 978 0 
978 1018 0 
978 979 0 
979 1019 0 
979 980 0 
980 1020 0 
980 981 0 
981 1021 0 
981 982 0 
982 1022 0 
982 983 0 
983 1023 0 
983 984 0 
984 1024 0 
984 985 0 
985 1025 0 
985 986 0 
986 1026 0 
986 987 0 
987 1027 0 
987 988 0 
988 1028 0 
988 989 0 
989 1029 0 
989 990 0 
990 1030 0 
990 991 0 
991 1031 0 
991 992 0 
992 1032 0 
992 993 0 
993 1033 0 
993 994 0 
994 1034 0 
994 995 0 
995 1035 0 
995 996 0 
996 1036 0 
996 997 0 
997 1037 0 
997 998 0 
998 1038 0 
998 999 0 
999 1039 0 
999 1000 0 
1000 1040 0 
1001 1041 0 
1001 1002 0 
1002 1042 0 
1002 1003 0 
1003 1043 0 
1003 1004 0 
1004 1044 0 
1004 1005 0 
1005 1045 0 
1005 1006 0 
1006 1046 0 
1006 1007 0 
1007 1047 0 
1007 1008 0 
1008 1048 0 
1008 1009 0 
1009 1049 0 
1009 1010 0 
1010 1050 0 
1010 1011 0 
1011 1051 0 
1011 1012 0 
1012 1052 0 
1012 1013 0 
1013 1053 0 
1013 1014 0 
1014 1054 0 
1014 1015 0 
1015 1055 0 
1015 1016 0 
1016 1056 0 
1016 1017 0 
1017 1057 0 
1017 1018 0 
1018 1058 0 
1018 1019 0 
1019 1059 0 
1019 1020 0 
1020 1060 0 
1020 1021 0 
1021 1061 0 
1021 1022 0 
1022 1062 0 
1022 1023 0 
1023 1063 0 
1023 1024 0 
1024 1064 0 
1024 1025 0 
1025 1065 0 
1025 1026 0 
1026 1066 0 
1026 1027 0 
1027 1067 0 
1027 1028 0 
1028 1068 0 
1028 1029 0 
1029 1069 0 
1029 1030 0 
1030 1070 0 
1030 1031 0 
1031 1071 0 
1031 1032 0 
1032 1072 0 
1032 1033 0 
1033 1073 0 
1033 1034 0 
1034 1074 0 
1034 1035 0 
1035 1075 0 
1035 1036 0 
1036 1076 0 
1036 1037 0 
1037 1077 0 
1037 1038 0 
1038 1078 0 
1038 1039 0 
1039 1079 0 
1039 1040 0 
1040 1080 0 
1041 1081 0 
1041 1042 0 
1042 1082 0 
1042 1043 0 
1043 1083 0 
1043 1044 0 
1044 1084 0 
1044 1045 0 
1045 1085 0 
1045 1046 0 
1046 1086 0 
1046 1047 0 
1047 1087 0 
1047 1048 0 
1048 1088 0 
1048 1049 0 
1049 1089 0 
1049 1050 0 
1050 1090 0 
1050 1051 0 
1051 1091 0 
1051 1052 0 
1052 1092 0 
1052 1053 0 
1053 1093 0 
1053 1054 0 
1054 1094 0 
1054 1055 0 
1055 1095 0 
1055 1056 0 
1056 1096 0 
1056 1057 0 
1057 1097 0 
1057 1058 0 
1058 1098 0 
1058 1059 0 
1059 1099 0 
1059 1060 0 
1060 1100 0 
1060 1061 0 
1061 1101 0 
1061 1062 0 
1062 1102 0 
1062 1063 0 
1063 1103 0 
1063 1064 0 
1064 1104 0 
1064 1065 0 
1065 1105 0 
1065 1066 0 
1066 1106 0 
1066 1067 0 
1067 1107 0 
1067 1068 0 
1068 1108 0 
1068 1069 0 
1069 1109 0 
1069 1070 0 
1070 1110 0 
1070 1071 0 
1071 1111 0 
1071 1072 0 
1072 1112 0 
1072 1073 0 
1073 1113 0 
1073 1074 0 
1074 1114 0 
1074 1075 0 
1075 1115 0 
1075 1076 0 
1076 1116 0 
1076 1077 0 
1077 1117 0 
1077 1078 0 
1078 1118 0 
1078 1079 0 
1079 1119 0 
1079 1080 0 
1080 1120 0 
1081 1121 0 
1081 1082 0 
1082 1122 0 
1082 1083 0 
1083 1123 0 
1083 1084 0 
1084 1124 0 
1084 1085 0 
1085 1125 0 
1085 1086 0 
1086 1126 0 
1086 1087 0 
1087 1127 0 
1087 1088 0 
1088 1128 0 
1088 1089 0 
1089 1129 0 
1089 1090 0 
1090 1130 0 
1090 1091 0 
1091 1131 0 
1091 1092 0 
1092 1132 0 
1092 1093 0 
1093 1133 0 
1093 1094 0 
1094 1134 0 
1094 1095 0 
1095 1135 0 
1095 1096 0 
1096 1136 0 
1096 1097 0 
1097 1137 0 
1097 1098 0 
1098 1138 0 
1098 1099 0 
1099 1139 0 
1099 1100 0 
1100 1140 0 
1100 1101 0 
1101 1141 0 
1101 1102 0 
1102 1142 0 
1102 1103 0 
1103 1143 0 
1103 1104 0 
1104 1144 0 
1104 1105 0 
1105 1145 0 
1105 1106 0 
1106 1146 0 
1106 1107 0 
1107 1147 0 
1107 1108 0 
1108 1148 0 
1108 1109 0 
1109 1149 0 
1109 1110 0 
1110 1150 0 
1110 1111 0 
1111 1151 0 
1111 1112 0 
1112 1152 0 
1112 1113 0 
1113 1153 0 
1113 1114 0 
1114 1154 0 
1114 1115 0 
1115 1155 0 
1115 1116 0 
1116 1156 0 
1116 1117 0 
1117 1157 0 
1117 1118 0 
1118 1158 0 
1118 1119 0 
1119 1159 0 
1119 1120 0 
1120 1160 0 
1121 1161 0 
1121 1122 0 
1122 1162 0 
1122 1123 0 
1123 1163 0 
1123 1124 0 
1124 1164 0 
1124 1125 0 
1125 1165 0 
1125 1126 0 
1126 1166 0 
1126 1127 0 
1127 1167 0 
1127 1128 0 
1128 1168 0 
1128 1129 0 
1129 1169 0 
1129 1130 0 
1130 1170 0 
1130 1131 0 
1131 1171 0 
1131 1132 0 
1132 1172 0 
1132 1133 0 
1133 1173 0 
1133 1134 0 
1134 1174 0 
1134 1135 0 
1135 1175 0 
1135 1136 0 
1136 1176 0 
1136 1137 0 
1137 1177 0 
1137 1138 0 
1138 1178 0 
1138 1139 0 
1139 1179 0 
1139 1140 0 
1140 1180 0 
1140 1141 0 
1141 1181 0 
1141 1142 0 
1142 1182 0 
1142 1143 0 
1143 1183 0 
1143 1144 0 
1144 1184 0 
1144 1145 0 
1145 1185 0 
1145 1146 0 
1146 1186 0 
1146 1147 0 
1147 1187 0 
1147 1148 0 
1148 1188 0 
1148 1149 0 
1149 1189 0 
1149 1150 0 
1150 1190 0 
1150 1151 0 
1151 1191 0 
1151 1152 0 
1152 1192 0 
1152 1153 0 
1153 1193 0 
1153 1154 0 
1154 1194 0 
1154 1155 0 
1155 1195 0 
1155 1156 0 
1156 1196 0 
1156 1157 0 
1157 1197 0 
1157 1158 0 
1158 1198 0 
1158 1159 0 
1159 1199 0 
1159 1160 0 
1160 1200 0 
1161 1201 0 
1161 1162 0 
1162 1202 0 
1162 1163 0 
1163 1203 0 
1163 1164 0 
1164 1204 0 
1164 1165 0 
1165 1205 0 
1165 1166 0 
1166 1206 0 
1166 1167 0 
1167 1207 0 
1167 1168 0 
1168 1208 0 
1168 1169 0 
1169 1209 0 
1169 1170 0 
1170 1210 0 
1170 1171 0 
1171 1211 0 
1171 1172 0 
1172 1212 0 
1172 1173 0 
1173 1213 0 
1173 1174 0 
1174 1214 0 
1174 1175 0 
1175 1215 0 
1175 1176 0 
1176 1216 0 
1176 1177 0 
1177 1217 0 
1177 1178 0 
1178 1218 0 
1178 1179 0 
1179 1219 0 
1179 1180 0 
1180 1220 0 
1180 1181 0 
1181 1221 0 
1181 1182 0 
1182 1222 0 
1182 1183 0 
1183 1223 0 
1183 1184 0 
1184 1224 0 
1184 1185 0 
1185 1225 0 
1185 1186 0 
1186 1226 0 
1186 1187 0 
1187 1227 0 
1187 1188 0 
1188 1228 0 
1188 1189 0 
1189 1229 0 
1189 1190 0 
1190 1230 0 
1190 1191 0 
1191 1231 0 
1191 1192 0 
1192 1232 0 
1192 1193 0 
1193 1233 0 
1193 1194 0 
1194 1234 0 
1194 1195 0 
1195 1235 0 
1195 1196 0 
1196 1236 0 
1196 1197 0 
1197 1237 0 
1197 1198 0 
1198 1238 0 
1198 1199 0 
1199 1239 0 
1199 1200 0 
1200 1240 0 
1201 1241 0 
1201 1202 0 
1202 1242 0 
1202 1203 0 
1203 1243 0 
1203 1204 0 
1204 1244 0 
1204 1205 0 
1205 1245 0 
1205 1206 0 
1206 1246 0 
1206 1207 0 
1207 1247 0 
1207 1208 0 
1208 1248 0 
1208 1209 0 
1209 1249 0 
1209 1210 0 
1210 1250 0 
1210 1211 0 
1211 1251 0 
1211 1212 0 
1212 1252 0 
1212 1213 0 
1213 1253 0 
1213 1214 0 
1214 1254 0 
1214 1215 0 
1215 1255 0 
1215 1216 0 
1216 1256 0 
1216 1217 0 
1217 1257 0 
1217 1218 0 
1218 1258 0 
1218 1219 0 
1219 1259 0 
1219 1220 0 
1220 1260 0 
1220 1221 0 
1221 1261 0 
1221 1222 0 
1222 1262 0 
1222 1223 0 
1223 1263 0 
1223 1224 0 
1224 1264 0 
1224 1225 0 
1225 1265 0 
1225 1226 0 
1226 1266 0 
1226 1227 0 
1227 1267 0 
1227 1228 0 
1228 1268 0 
1228 1229 0 
1229 1269 0 
1229 1230 0 
1230 1270 0 
1230 1231 0 
1231 1271 0 
1231 1232 0 
1232 1272 0 
1232 1233 0 
1233 1273 0 
1233 1234 0 
1234 1274 0 
1234 1235 0 
1235 1275 0 
1235 1236 0 
1236 1276 0 
1236 1237 0 
1237 1277 0 
1237 1238 0 
1238 1278 0 
1238 1239 0 
1239 1279 0 
1239 1240 0 
1240 1280 0 
1241 1281 0 
1241 1242 0 
1242 1282 0 
1242 1243 0 
1243 1283 0 
1243 1244 0 
1244 1284 0 
1244 1245 0 
1245 1285 0 
1245 1246 0 
1246 1286 0 
1246 1247 0 
1247 1287 0 
1247 1248 0 
1248 1288 0 
1248 1249 0 
1249 1289 0 
1249 1250 0 
1250 1290 0 
1250 1251 0 
1251 1291 0 
1251 1252 0 
1252 1292 0 
1252 1253 0 
1253 1293 0 
1253 1254 0 
1254 1294 0 
1254 1255 0 
1255 1295 0 
1255 1256 0 
1256 1296 0 
1256 1257 0 
1257 1297 0 
1257 1258 0 
1258 1298 0 
1258 1259 0 
1259 1299 0 
1259 1260 0 
1260 1300 0 
1260 1261 0 
1261 1301 0 
1261 1262 0 
1262 1302 0 
1262 1263 0 
1263 1303 0 
1263 1264 0 
1264 1304 0 
1264 1265 0 
1265 1305 0 
1265 1266 0 
1266 1306 0 
1266 1267 0 
1267 1307 0 
1267 1268 0 
1268 1308 0 
1268 1269 0 
1269 1309 0 
1269 1270 0 
1270 1310 0 
1270 1271 0 
1271 1311 0 
1271 1272 0 
1272 1312 0 
1272 1273 0 
1273 1313 0 
1273 1274 0 
1274 1314 0 
1274 1275 0 
1275 1315 0 
1275 1276 0 
1276 1316 0 
1276 1277 0 
1277 1317 0 
1277 1278 0 
1278 1318 0 
1278 1279 0 
1279 1319 0 
1279 1280 0 
1280 1320 0 
1281 1321 0 
1281 1282 0 
1282 1322 0 
1282 1283 0 
1283 1323 0 
1283 1284 0 
1284 1324 0 
1284 1285 0 
1285 1325 0 
1285 1286 0 
1286 1326 0 
1286 1287 0 
1287 1327 0 
1287 1288 0 
1288 1328 0 
1288 1289 0 
1289 1329 0 
1289 1290 0 
1290 1330 0 
1290 1291 0 
1291 1331 0 
1291 1292 0 
1292 1332 0 
1292 1293 0 
1293 1333 0 
1293 1294 0 
1294 1334 0 
1294 1295 0 
1295 1335 0 
1295 1296 0 
1296 1336 0 
1296 1297 0 
1297 1337 0 
1297 1298 0 
1298 1338 0 
1298 1299 0 
1299 1339 0 
1299 1300 0 
1300 1340 0 
1300 1301 0 
1301 1341 0 
1301 1302 0 
1302 1342 0 
1302 1303 0 
1303 1343 0 
1303 1304 0 
1304 1344 0 
1304 1305 0 
1305 1345 0 
1305 1306 0 
1306 1346 0 
1306 1307 0 
1307 1347 0 
1307 1308 0 
1308 1348 0 
1308 1309 0 
1309 1349 0 
1309 1310 0 
1310 1350 0 
1310 1311 0 
1311 1351 0 
1311 1312 0 
1312 1352 0 
1312 1313 0 
1313 1353 0 
1313 1314 0 
1314 1354 0 
1314 1315 0 
1315 1355 0 
1315 1316 0 
1316 1356 0 
1316 1317 0 
1317 1357 0 
1317 1318 0 
1318 1358 0 
1318 1319 0 
1319 1359 0 
1319 1320 0 
1320 1360 0 
1321 1361 0 
1321 1322 0 
1322 1362 0 
1322 1323 0 
1323 1363 0 
1323 1324 0 
1324 1364 0 
1324 1325 0 
1325 1365 0 
1325 1326 0 
1326 1366 0 
1326 1327 0 
1327 1367 0 
1327 1328 0 
1328 1368 0 
1328 1329 0 
1329 1369 0 
1329 1330 0 
1330 1370 0 
1330 1331 0 
1331 1371 0 
1331 1332 0 
1332 1372 0 
1332 1333 0 
1333 1373 0 
1333 1334 0 
1334 1374 0 
1334 1335 0 
1335 1375 0 
1335 1336 0 
1336 1376 0 
1336 1337 0 
1337 1377 0 
1337 1338 0 
1338 1378 0 
1338 1339 0 
1339 1379 0 
1339 1340 0 
1340 1380 0 
1340 1341 0 
1341 1381 0 
1341 1342 0 
1342 1382 0 
1342 1343 0 
1343 1383 0 
1343 1344 0 
1344 1384 0 
1344 1345 0 
1345 1385 0 
1345 1346 0 
1346 1386 0 
1346 1347 0 
1347 1387 0 
1347 1348 0 
1348 1388 0 
1348 1349 0 
1349 1389 0 
1349 1350 0 
1350 1390 0 
1350 1351 0 
1351 1391 0 
1351 1352 0 
1352 1392 0 
1352 1353 0 
1353 1393 0 
1353 1354 0 
1354 1394 0 
1354 1355 0 
1355 1395 0 
1355 1356 0 
1356 1396 0 
1356 1357 0 
1357 1397 0 
1357 1358 0 
1358 1398 0 
1358 1359 0 
1359 1399 0 
1359 1360 0 
1360 1400 0 
1361 1401 0 
1361 1362 0 
1362 1402 0 
1362 1363 0 
1363 1403 0 
1363 1364 0 
1364 1404 0 
1364 1365 0 
1365 1405 0 
1365 1366 0 
1366 1406 0 
1366 1367 0 
1367 1407 0 
1367 1368 0 
1368 1408 0 
1368 1369 0 
1369 1409 0 
1369 1370 0 
1370 1410 0 
1370 1371 0 
1371 1411 0 
1371 1372 0 
1372 1412 0 
1372 1373 0 
1373 1413 0 
1373 1374 0 
1374 1414 0 
1374 1375 0 
1375 1415 0 
1375 1376 0 
1376 1416 0 
1376 1377 0 
1377 1417 0 
1377 1378 0 
1378 1418 0 
1378 1379 0 
1379 1419 0 
1379 1380 0 
1380 1420 0 
1380 1381 0 
1381 1421 0 
1381 1382 0 
1382 1422 0 
1382 1383 0 
1383 1423 0 
1383 1384 0 
1384 1424 0 
1384 1385 0 
1385 1425 0 
1385 1386 0 
1386 1426 0 
1386 1387 0 
1387 1427 0 
1387 1388 0 
1388 1428 0 
1388 1389 0 
1389 1429 0 
1389 1390 0 
1390 1430 0 
1390 1391 0 
1391 1431 0 
1391 1392 0 
1392 1432 0 
1392 1393 0 
1393 1433 0 
1393 1394 0 
1394 1434 0 
1394 1395 0 
1395 1435 0 
1395 1396 0 
1396 1436 0 
1396 1397 0 
1397 1437 0 
1397 1398 0 
1398 1438 0 
1398 1399 0 
1399 1439 0 
1399 1400 0 
1400 1440 0 
1401 1441 0 
1401 1402 0 
1402 1442 0 
1402 1403 0 
1403 1443 0 
1403 1404 0 
1404 1444 0 
1404 1405 0 
1405 1445 0 
1405 1406 0 
1406 1446 0 
1406 1407 0 
1407 1447 0 
1407 1408 0 
1408 1448 0 
1408 1409 0 
1409 1449 0 
1409 1410 0 
1410 1450 0 
1410 1411 0 
1411 1451 0 
1411 1412 0 
1412 1452 0 
1412 1413 0 
1413 1453 0 
1413 1414 0 
1414 1454 0 
1414 1415 0 
1415 1455 0 
1415 1416 0 
1416 1456 0 
1416 1417 0 
1417 1457 0 
1417 1418 0 
1418 1458 0 
1418 1419 0 
1419 1459 0 
1419 1420 0 
1420 1460 0 
1420 1421 0 
1421 1461 0 
1421 1422 0 
1422 1462 0 
1422 1423 0 
1423 1463 0 
1423 1424 0 
1424 1464 0 
1424 1425 0 
1425 1465 0 
1425 1426 0 
1426 1466 0 
1426 1427 0 
1427 1467 0 
1427 1428 0 
1428 1468 0 
1428 1429 0 
1429 1469 0 
1429 1430 0 
1430 1470 0 
1430 1431 0 
1431 1471 0 
1431 1432 0 
1432 1472 0 
1432 1433 0 
1433 1473 0 
1433 1434 0 
1434 1474 0 
1434 1435 0 
1435 1475 0 
1435 1436 0 
1436 1476 0 
1436 1437 0 
1437 1477 0 
1437 1438 0 
1438 1478 0 
1438 1439 0 
1439 1479 0 
1439 1440 0 
1440 1480 0 
1441 1481 0 
1441 1442 0 
1442 1482 0 
1442 1443 0 
1443 1483 0 
1443 1444 0 
1444 1484 0 
1444 1445 0 
1445 1485 0 
1445 1446 0 
1446 1486 0 
1446 1447 0 
1447 1487 0 
1447 1448 0 
1448 1488 0 
1448 1449 0 
1449 1489 0 
1449 1450 0 
1450 1490 0 
1450 1451 0 
1451 1491 0 
1451 1452 0 
1452 1492 0 
1452 1453 0 
1453 1493 0 
1453 1454 0 
1454 1494 0 
1454 1455 0 
1455 1495 0 
1455 1456 0 
1456 1496 0 
1456 1457 0 
1457 1497 0 
1457 1458 0 
1458 1498 0 
1458 1459 0 
1459 1499 0 
1459 1460 0 
1460 1500 0 
1460 1461 0 
1461 1501 0 
1461 1462 0 
1462 1502 0 
1462 1463 0 
1463 1503 0 
1463 1464 0 
1464 1504 0 
1464 1465 0 
1465 1505 0 
1465 1466 0 
1466 1506 0 
1466 1467 0 
1467 1507 0 
1467 1468 0 
1468 1508 0 
1468 1469 0 
1469 1509 0 
1469 1470 0 
1470 1510 0 
1470 1471 0 
1471 1511 0 
1471 1472 0 
1472 1512 0 
1472 1473 0 
1473 1513 0 
1473 1474 0 
1474 1514 0 
1474 1475 0 
1475 1515 0 
1475 1476 0 
1476 1516 0 
1476 1477 0 
1477 1517 0 
1477 1478 0 
1478 1518 0 
1478 1479 0 
1479 1519 0 
1479 1480 0 
1480 1520 0 
1481 1521 0 
1481 1482 0 
1482 1522 0 
1482 1483 0 
1483 1523 0 
1483 1484 0 
1484 1524 0 
1484 1485 0 
1485 1525 0 
1485 1486 0 
1486 1526 0 
1486 1487 0 
1487 1527 0 
1487 1488 0 
1488 1528 0 
1488 1489 0 
1489 1529 0 
1489 1490 0 
1490 1530 0 
1490 1491 0 
1491 1531 0 
1491 1492 0 
1492 1532 0 
1492 1493 0 
1493 1533 0 
1493 1494 0 
1494 1534 0 
1494 1495 0 
1495 1535 0 
1495 1496 0 
1496 1536 0 
1496 1497 0 
1497 1537 0 
1497 1498 0 
1498 1538 0 
1498 1499 0 
1499 1539 0 
1499 1500 0 
1500 1540 0 
1500 1501 0 
1501 1541 0 
1501 1502 0 
1502 1542 0 
1502 1503 0 
1503 1543 0 
1503 1504 0 
1504 1544 0 
1504 1505 0 
1505 1545 0 
1505 1506 0 
1506 1546 0 
1506 1507 0 
1507 1547 0 
1507 1508 0 
1508 1548 0 
1508 1509 0 
1509 1549 0 
1509 1510 0 
1510 1550 0 
1510 1511 0 
1511 1551 0 
1511 1512 0 
1512 1552 0 
1512 1513 0 
1513 1553 0 
1513 1514 0 
1514 1554 0 
1514 1515 0 
1515 1555 0 
1515 1516 0 
1516 1556 0 
1516 1517 0 
1517 1557 0 
1517 1518 0 
1518 1558 0 
1518 1519 0 
1519 1559 0 
1519 1520 0 
1520 1560 0 
1521 1561 0 
1521 1522 0 
1522 1562 0 
1522 1523 0 
1523 1563 0 
1523 1524 0 
1524 1564 0 
1524 1525 0 
1525 1565 0 
1525 1526 0 
1526 1566 0 
1526 1527 0 
1527 1567 0 
1527 1528 0 
1528 1568 0 
1528 1529 0 
1529 1569 0 
1529 1530 0 
1530 1570 0 
1530 1531 0 
1531 1571 0 
1531 1532 0 
1532 1572 0 
1532 1533 0 
1533 1573 0 
1533 1534 0 
1534 1574 0 
1534 1535 0 
1535 1575 0 
1535 1536 0 
1536 1576 0 
1536 1537 0 
1537 1577 0 
1537 1538 0 
1538 1578 0 
1538 1539 0 
1539 1579 0 
1539 1540 0 
1540 1580 0 
1540 1541 0 
1541 1581 0 
1541 1542 0 
1542 1582 0 
1542 1543 0 
1543 1583 0 
1543 1544 0 
1544 1584 0 
1544 1545 0 
1545 1585 0 
1545 1546 0 
1546 1586 0 
1546 1547 0 
1547 1587 0 
1547 1548 0 
1548 1588 0 
1548 1549 0 
1549 1589 0 
1549 1550 0 
1550 1590 0 
1550 1551 0 
1551 1591 0 
1551 1552 0 
1552 1592 0 
1552 1553 0 
1553 1593 0 
1553 1554 0 
1554 1594 0 
1554 1555 0 
1555 1595 0 
1555 1556 0 
1556 1596 0 
1556 1557 0 
1557 1597 0 
1557 1558 0 
1558 1598 0 
1558 1559 0 
1559 1599 0 
1559 1560 0 
1560 1600 0 
1561 1562 0 
1562 1563 0 
1563 1564 0 
1564 1565 0 
1565 1566 0 
1566 1567 0 
1567 1568 0 
1568 1569 0 
1569 1570 0 
1570 1571 0 
1571 1572 0 
1572 1573 0 
1573 1574 0 
1574 1575 0 
1575 1576 0 
1576 1577 0 
1577 1578 0 
1578 1579 0 
1579 1580 0 
1580 1581 0 
1581 1582 0 
1582 1583 0 
1583 1584 0 
1584 1585 0 
1585 1586 0 
1586 1587 0 
1587 1588 0 
1588 1589 0 
1589 1590 0 
1590 1591 0 
1591 1592 0 
1592 1593 0 
1593 1594 0 
1594 1595 0 
1595 1596 0 
1596 1597 0 
1597 1598 0 
1598 1599 0 
1599 1600 0 
