2500 4900 
1   256 
2   230 
3   202 
4    17 
5   668 
6   938 
7   515 
8   529 
9   847 
10   221 
11   317 
12   815 
13   354 
14   813 
15   969 
16   796 
17    94 
18   405 
19   686 
20   672 
21   198 
22   457 
23   506 
24   421 
25   573 
26   261 
27    14 
28   341 
29    73 
30   659 
31   392 
32   631 
33   158 
34    27 
35   352 
36   326 
37   576 
38   558 
39   684 
40   203 
41   887 
42   489 
43   415 
44    53 
45   494 
46   462 
47   872 
48   799 
49   647 
50   895 
51   999 
52   236 
53   937 
54   867 
55   554 
56   160 
57   799 
58   194 
59   164 
60    99 
61   468 
62   173 
63   698 
64    31 
65   498 
66   177 
67   519 
68   333 
69   576 
70   375 
71   903 
72   148 
73   136 
74   138 
75   501 
76   666 
77   382 
78   623 
79   369 
80   812 
81    86 
82   319 
83   351 
84    14 
85   394 
86   605 
87   537 
88    87 
89   487 
90   968 
91   498 
92   867 
93   957 
94   477 
95   295 
96   157 
97   571 
98   233 
99   864 
100   364 
101   872 
102   874 
103   560 
104   645 
105   684 
106   796 
107    62 
108   874 
109   147 
110   779 
111   825 
112   700 
113   898 
114   983 
115   948 
116   595 
117   356 
118   473 
119   664 
120   885 
121   261 
122   770 
123   563 
124   964 
125   436 
126   375 
127   970 
128   939 
129   140 
130   614 
131   224 
132   963 
133   789 
134   143 
135   516 
136   958 
137   672 
138   961 
139    88 
140   712 
141   386 
142   169 
143   565 
144   135 
145   811 
146   887 
147   808 
148   941 
149   538 
150   560 
151   711 
152   391 
153   808 
154   191 
155   920 
156   770 
157    58 
158   378 
159   184 
160   509 
161   950 
162   344 
163   183 
164   386 
165   438 
166   706 
167   998 
168   500 
169   212 
170   445 
171   684 
172   989 
173   611 
174   169 
175   796 
176   851 
177    23 
178   755 
179   620 
180   523 
181   170 
182   489 
183   748 
184   308 
185   565 
186   448 
187   159 
188   941 
189   824 
190   959 
191   614 
192   445 
193   343 
194   556 
195   320 
196   479 
197   673 
198   698 
199   749 
200   829 
201   157 
202   909 
203   153 
204   839 
205   700 
206   517 
207   389 
208   770 
209   663 
210   692 
211   488 
212   397 
213   249 
214   449 
215   271 
216   881 
217   665 
218   551 
219   420 
220   479 
221    26 
222   364 
223   878 
224   319 
225    56 
226    38 
227   728 
228   882 
229   410 
230   644 
231   932 
232   415 
233   873 
234   269 
235   793 
236   972 
237   671 
238   875 
239   118 
240   371 
241   187 
242   899 
243   175 
244   464 
245   142 
246   412 
247   166 
248   597 
249   510 
250   935 
251   622 
252   187 
253   779 
254   883 
255   221 
256   930 
257   888 
258   459 
259   982 
260   646 
261   199 
262    75 
263    83 
264    46 
265   163 
266   479 
267   477 
268    22 
269   549 
270   491 
271   926 
272   694 
273   543 
274   643 
275   188 
276   738 
277   684 
278   867 
279   312 
280   536 
281    67 
282   762 
283   753 
284   268 
285   321 
286   385 
287    87 
288   947 
289   298 
290   647 
291   284 
292   590 
293   971 
294    89 
295   510 
296   527 
297   454 
298   921 
299   275 
300   948 
301    43 
302   885 
303   398 
304   516 
305   311 
306   984 
307   687 
308   479 
309    95 
310   730 
311   517 
312   446 
313   393 
314   562 
315   643 
316   532 
317   773 
318   600 
319   990 
320   979 
321   466 
322   951 
323   586 
324   535 
325   275 
326   483 
327   888 
328   786 
329   826 
330   704 
331   720 
332   495 
333   485 
334    91 
335   975 
336   646 
337   597 
338   986 
339   684 
340   645 
341   417 
342   339 
343   178 
344   779 
345   803 
346   758 
347   471 
348   373 
349   275 
350   345 
351   364 
352   674 
353   499 
354   559 
355   326 
356   422 
357   768 
358   611 
359   522 
360   185 
361   630 
362   727 
363   487 
364   490 
365   736 
366   560 
367   401 
368   602 
369   734 
370   655 
371    86 
372   535 
373   718 
374   648 
375   512 
376   867 
377   974 
378   312 
379   712 
380   720 
381   136 
382   378 
383   855 
384   369 
385   866 
386   934 
387   264 
388   490 
389   928 
390   595 
391   456 
392    94 
393   261 
394   778 
395   598 
396    88 
397    74 
398   599 
399   336 
400   530 
401   536 
402   339 
403   632 
404    80 
405   890 
406   405 
407   242 
408   482 
409    50 
410   368 
411   402 
412    42 
413   461 
414   516 
415   832 
416   970 
417   959 
418   849 
419   213 
420    45 
421   871 
422    83 
423   814 
424   198 
425   884 
426   484 
427   370 
428   441 
429   346 
430   954 
431   945 
432   849 
433   540 
434   846 
435    38 
436    25 
437   283 
438   588 
439   274 
440   932 
441   703 
442   992 
443   751 
444   298 
445   410 
446   680 
447   628 
448   771 
449   818 
450   345 
451   136 
452   458 
453    32 
454   937 
455   920 
456   802 
457   432 
458   597 
459   481 
460   188 
461   606 
462   222 
463    16 
464   712 
465   599 
466   245 
467   198 
468   679 
469   345 
470   157 
471   915 
472   803 
473    93 
474   690 
475   715 
476   385 
477   718 
478   636 
479   228 
480    17 
481   974 
482    38 
483   851 
484   362 
485   422 
486   807 
487   333 
488   552 
489   208 
490   992 
491   351 
492   122 
493   822 
494   395 
495    22 
496   192 
497   231 
498   149 
499   179 
500   769 
501   655 
502   605 
503   819 
504   822 
505   252 
506   187 
507   676 
508   621 
509    15 
510    23 
511   507 
512    53 
513   382 
514   679 
515   725 
516   571 
517   904 
518   701 
519   977 
520   148 
521   360 
522   639 
523   719 
524   534 
525   122 
526   143 
527   608 
528   901 
529   868 
530   821 
531   640 
532   721 
533   374 
534   596 
535   546 
536   186 
537   187 
538   968 
539   770 
540   960 
541    35 
542   723 
543   219 
544   398 
545   765 
546   703 
547   903 
548   969 
549   553 
550   204 
551   794 
552   749 
553   796 
554   968 
555   956 
556   755 
557   221 
558   542 
559   551 
560   340 
561   434 
562   797 
563    56 
564   657 
565   550 
566   688 
567   726 
568   204 
569   718 
570   428 
571   402 
572   382 
573   229 
574   427 
575   192 
576   479 
577   493 
578   973 
579   340 
580   782 
581   733 
582   524 
583   565 
584   144 
585   319 
586   194 
587   138 
588   824 
589   713 
590   697 
591   120 
592   249 
593   624 
594   385 
595   927 
596   947 
597   725 
598   541 
599   170 
600    38 
601   666 
602   183 
603    55 
604   620 
605   645 
606   508 
607   724 
608   515 
609   288 
610   638 
611   588 
612   793 
613   953 
614   957 
615    32 
616   835 
617   556 
618   842 
619   826 
620   214 
621   675 
622   935 
623   969 
624   247 
625   570 
626   440 
627   287 
628   813 
629   484 
630   887 
631    61 
632   790 
633   636 
634   842 
635   633 
636   119 
637   793 
638   507 
639   974 
640   795 
641    41 
642   350 
643   801 
644   910 
645   408 
646   583 
647   791 
648   506 
649   923 
650    48 
651   746 
652   474 
653   232 
654   362 
655   911 
656   949 
657   185 
658   776 
659   708 
660   533 
661   801 
662   582 
663   553 
664   408 
665   341 
666   351 
667   838 
668   246 
669   622 
670   248 
671   620 
672   173 
673   949 
674   692 
675   535 
676   589 
677   303 
678   435 
679   829 
680   458 
681   106 
682   323 
683   648 
684   678 
685   897 
686   790 
687   246 
688   716 
689   504 
690   867 
691   495 
692   974 
693   805 
694   610 
695   802 
696   739 
697   474 
698   493 
699    59 
700   113 
701    90 
702   670 
703   909 
704   963 
705   586 
706   590 
707   332 
708   792 
709   294 
710   663 
711   882 
712   658 
713   307 
714   397 
715   754 
716   897 
717   398 
718   713 
719   154 
720   697 
721   785 
722   180 
723   818 
724   200 
725   945 
726   724 
727   739 
728   504 
729   812 
730   718 
731   875 
732   756 
733   379 
734   509 
735   130 
736   734 
737   233 
738   738 
739   902 
740   310 
741   568 
742   227 
743   660 
744   901 
745   506 
746   742 
747   515 
748   118 
749   414 
750    10 
751   121 
752   480 
753   205 
754   901 
755   775 
756   993 
757   794 
758   631 
759   493 
760   941 
761   252 
762   656 
763   254 
764   273 
765    61 
766   986 
767    91 
768   540 
769   827 
770   800 
771   400 
772   428 
773   829 
774   134 
775   932 
776   561 
777   213 
778   193 
779   158 
780   286 
781   982 
782   791 
783   774 
784   461 
785   287 
786   994 
787   955 
788   332 
789   984 
790    57 
791   387 
792   862 
793    58 
794    61 
795   740 
796   742 
797   419 
798   525 
799   996 
800    58 
801   804 
802   645 
803   747 
804   497 
805   221 
806   535 
807   645 
808   541 
809   230 
810   647 
811   488 
812   863 
813   722 
814   557 
815   197 
816   643 
817   731 
818   771 
819   181 
820   471 
821   595 
822   617 
823   478 
824   519 
825   792 
826   644 
827   904 
828    44 
829   457 
830   359 
831   893 
832   763 
833   765 
834   656 
835   501 
836   403 
837   241 
838    71 
839   114 
840   695 
841   115 
842   639 
843   832 
844   573 
845   829 
846   542 
847   863 
848   988 
849    83 
850   354 
851   911 
852   999 
853   278 
854   424 
855   618 
856   893 
857   656 
858   349 
859    21 
860   282 
861   283 
862   264 
863   796 
864   583 
865   554 
866   973 
867   711 
868   753 
869   953 
870   875 
871    69 
872    24 
873   350 
874   571 
875   974 
876   973 
877   913 
878   451 
879    65 
880   744 
881   563 
882   580 
883   782 
884   702 
885   575 
886   647 
887   908 
888   256 
889   148 
890   237 
891   699 
892   540 
893   808 
894   319 
895   532 
896   262 
897   844 
898   430 
899   965 
900   197 
901   401 
902   798 
903   462 
904    13 
905   455 
906   275 
907   525 
908   568 
909   871 
910   321 
911   312 
912   493 
913   607 
914   712 
915   671 
916   657 
917    76 
918   612 
919   364 
920   886 
921   935 
922   169 
923   902 
924   266 
925   190 
926   243 
927   207 
928   410 
929    96 
930   181 
931   237 
932   881 
933   942 
934   670 
935   734 
936   901 
937    31 
938   813 
939   506 
940   345 
941   838 
942   920 
943   719 
944   282 
945   387 
946    66 
947   722 
948   580 
949   991 
950   328 
951   872 
952   241 
953   731 
954   218 
955   538 
956   873 
957   901 
958   680 
959   397 
960   426 
961   975 
962    72 
963   243 
964   546 
965   743 
966   929 
967   945 
968   118 
969    64 
970   407 
971   307 
972   338 
973   442 
974   558 
975   278 
976   436 
977   373 
978    98 
979   615 
980   615 
981   929 
982   838 
983   630 
984   482 
985   687 
986   804 
987   936 
988   345 
989    75 
990   810 
991   288 
992   701 
993   373 
994    60 
995   142 
996    29 
997   787 
998   919 
999   935 
1000   219 
1001   708 
1002   930 
1003   410 
1004   633 
1005   572 
1006   338 
1007    13 
1008   576 
1009   814 
1010   705 
1011   546 
1012   946 
1013   107 
1014   589 
1015   309 
1016   338 
1017   176 
1018   690 
1019   909 
1020   614 
1021    54 
1022   985 
1023    85 
1024   200 
1025   265 
1026   529 
1027   973 
1028   280 
1029   246 
1030   996 
1031   404 
1032   882 
1033   880 
1034   118 
1035   900 
1036   819 
1037   530 
1038   679 
1039   633 
1040   819 
1041   321 
1042   578 
1043   679 
1044   760 
1045   584 
1046   278 
1047   251 
1048   445 
1049   373 
1050   844 
1051   138 
1052   742 
1053   157 
1054   819 
1055   588 
1056   614 
1057   647 
1058   518 
1059   599 
1060   231 
1061   644 
1062   259 
1063   388 
1064   760 
1065   624 
1066   593 
1067   860 
1068   803 
1069   124 
1070    96 
1071   773 
1072   234 
1073    29 
1074   548 
1075   520 
1076   632 
1077   868 
1078   192 
1079   258 
1080   277 
1081   532 
1082   576 
1083   826 
1084   105 
1085    41 
1086   293 
1087   528 
1088   727 
1089    89 
1090   732 
1091   667 
1092   677 
1093   816 
1094   811 
1095   468 
1096   617 
1097   746 
1098   646 
1099   619 
1100   451 
1101   181 
1102   225 
1103   430 
1104   570 
1105   911 
1106   698 
1107   773 
1108   322 
1109   450 
1110   865 
1111   868 
1112   795 
1113   158 
1114   978 
1115   617 
1116   502 
1117   108 
1118    18 
1119   712 
1120   255 
1121   929 
1122   671 
1123   463 
1124   388 
1125   451 
1126   925 
1127   467 
1128   371 
1129   782 
1130   192 
1131   461 
1132   917 
1133   457 
1134   448 
1135   612 
1136   518 
1137   587 
1138   763 
1139    39 
1140    41 
1141   400 
1142   338 
1143   553 
1144   675 
1145   208 
1146   746 
1147   757 
1148   730 
1149   872 
1150   397 
1151   783 
1152   934 
1153   394 
1154   353 
1155   211 
1156   875 
1157    49 
1158   242 
1159   761 
1160   366 
1161   298 
1162   347 
1163   894 
1164    87 
1165    27 
1166   999 
1167   897 
1168   831 
1169   869 
1170   470 
1171   578 
1172   771 
1173   807 
1174   316 
1175   316 
1176   422 
1177   872 
1178   968 
1179   975 
1180   688 
1181   195 
1182   406 
1183   296 
1184   776 
1185   369 
1186    11 
1187   636 
1188   834 
1189   538 
1190   785 
1191   269 
1192   121 
1193   305 
1194   841 
1195   978 
1196   581 
1197   911 
1198   327 
1199   330 
1200    24 
1201   765 
1202   962 
1203    17 
1204   155 
1205   505 
1206   502 
1207   147 
1208   624 
1209   287 
1210   148 
1211   370 
1212   103 
1213   467 
1214    88 
1215   560 
1216   955 
1217   193 
1218    54 
1219   190 
1220   766 
1221   614 
1222   130 
1223   820 
1224   643 
1225   114 
1226   581 
1227   675 
1228   690 
1229   201 
1230   602 
1231   668 
1232   950 
1233   880 
1234   990 
1235   453 
1236   200 
1237   827 
1238   107 
1239   665 
1240   288 
1241   530 
1242   218 
1243   375 
1244   641 
1245   356 
1246   839 
1247   678 
1248   173 
1249   508 
1250   570 
1251   880 
1252   936 
1253    83 
1254    97 
1255   355 
1256   908 
1257   173 
1258   550 
1259   943 
1260   511 
1261   802 
1262   174 
1263   553 
1264   664 
1265   586 
1266   176 
1267   927 
1268   542 
1269   782 
1270   375 
1271   883 
1272   738 
1273   551 
1274   896 
1275   298 
1276   790 
1277   509 
1278   906 
1279   180 
1280   843 
1281   558 
1282   927 
1283   844 
1284   618 
1285   702 
1286   746 
1287   423 
1288   762 
1289    19 
1290   587 
1291   466 
1292   530 
1293   365 
1294    48 
1295    84 
1296   971 
1297   557 
1298   105 
1299   857 
1300   800 
1301   228 
1302   822 
1303   161 
1304   303 
1305    51 
1306   468 
1307   423 
1308   735 
1309   475 
1310   800 
1311    47 
1312   177 
1313   173 
1314   497 
1315   182 
1316   818 
1317   244 
1318   739 
1319   141 
1320   814 
1321   186 
1322   925 
1323   618 
1324   594 
1325   859 
1326   614 
1327   792 
1328   122 
1329   638 
1330   784 
1331   413 
1332   945 
1333   580 
1334   768 
1335   761 
1336   981 
1337   478 
1338   457 
1339   164 
1340   593 
1341   952 
1342   135 
1343   205 
1344   576 
1345   955 
1346   878 
1347   933 
1348   651 
1349   768 
1350   972 
1351   368 
1352   194 
1353   851 
1354   478 
1355   951 
1356   195 
1357   939 
1358   883 
1359   501 
1360   253 
1361   217 
1362   124 
1363   454 
1364   330 
1365   516 
1366   253 
1367   318 
1368   490 
1369   429 
1370   910 
1371   504 
1372   336 
1373   844 
1374   371 
1375   482 
1376   757 
1377   380 
1378   255 
1379    58 
1380   632 
1381   223 
1382   270 
1383   727 
1384   134 
1385   923 
1386   432 
1387   139 
1388   347 
1389   143 
1390   832 
1391    26 
1392    14 
1393   696 
1394   962 
1395   450 
1396   934 
1397   212 
1398   146 
1399   935 
1400    42 
1401   644 
1402   793 
1403   534 
1404    24 
1405   198 
1406   604 
1407   696 
1408   258 
1409   803 
1410   825 
1411   518 
1412   889 
1413   679 
1414   481 
1415   576 
1416   920 
1417   854 
1418   825 
1419   737 
1420   893 
1421   822 
1422   464 
1423    71 
1424   845 
1425   892 
1426   980 
1427   398 
1428   440 
1429   742 
1430   327 
1431   428 
1432   514 
1433   914 
1434   131 
1435   146 
1436   979 
1437   141 
1438   415 
1439    96 
1440   752 
1441   179 
1442   810 
1443   308 
1444   669 
1445   383 
1446   613 
1447   889 
1448   415 
1449   559 
1450   796 
1451   640 
1452   862 
1453   285 
1454   949 
1455   273 
1456    48 
1457   205 
1458   416 
1459   851 
1460    95 
1461   515 
1462   750 
1463   304 
1464   408 
1465   711 
1466   298 
1467   849 
1468   303 
1469   801 
1470   605 
1471   504 
1472   817 
1473   770 
1474   708 
1475   833 
1476   813 
1477   425 
1478   191 
1479   531 
1480   302 
1481    14 
1482   960 
1483   218 
1484   555 
1485   317 
1486   821 
1487   385 
1488   372 
1489   662 
1490   518 
1491   823 
1492   190 
1493   849 
1494   474 
1495    34 
1496   899 
1497   611 
1498   543 
1499   849 
1500   620 
1501   692 
1502   191 
1503   985 
1504   952 
1505   983 
1506   607 
1507    17 
1508   314 
1509   339 
1510   361 
1511   986 
1512   686 
1513   652 
1514   182 
1515   818 
1516   156 
1517   576 
1518   551 
1519   886 
1520   472 
1521    61 
1522   940 
1523   553 
1524   920 
1525   460 
1526   349 
1527   855 
1528   172 
1529   600 
1530   939 
1531    36 
1532    67 
1533   443 
1534   298 
1535   726 
1536   517 
1537   705 
1538   806 
1539   720 
1540    44 
1541   649 
1542   948 
1543   520 
1544   859 
1545   575 
1546   260 
1547   281 
1548   504 
1549   539 
1550   257 
1551   700 
1552   206 
1553   755 
1554   627 
1555   787 
1556   534 
1557   833 
1558   640 
1559   186 
1560   388 
1561   571 
1562   192 
1563   214 
1564   890 
1565   599 
1566   203 
1567   105 
1568   119 
1569   372 
1570   997 
1571   477 
1572   791 
1573   358 
1574   426 
1575   715 
1576   989 
1577   940 
1578   241 
1579   524 
1580   750 
1581   595 
1582   585 
1583   853 
1584   490 
1585   819 
1586   118 
1587   636 
1588   919 
1589   490 
1590   566 
1591   337 
1592   224 
1593   811 
1594   829 
1595   735 
1596   450 
1597   993 
1598   931 
1599   203 
1600   252 
1601   258 
1602   800 
1603   941 
1604   346 
1605   641 
1606   337 
1607   342 
1608   885 
1609   254 
1610   921 
1611    82 
1612    41 
1613   386 
1614   442 
1615   686 
1616   679 
1617   771 
1618   601 
1619   943 
1620    31 
1621   611 
1622   576 
1623   883 
1624   101 
1625   229 
1626   782 
1627   804 
1628   545 
1629   796 
1630   140 
1631   418 
1632   515 
1633   672 
1634   473 
1635   418 
1636   938 
1637   487 
1638    69 
1639    16 
1640   293 
1641   618 
1642   796 
1643   127 
1644   301 
1645   446 
1646   868 
1647   460 
1648   162 
1649   607 
1650   955 
1651   510 
1652   223 
1653   341 
1654   228 
1655   829 
1656    15 
1657   260 
1658   928 
1659   460 
1660   898 
1661   701 
1662   499 
1663   199 
1664   590 
1665   586 
1666   886 
1667   636 
1668   115 
1669   560 
1670   932 
1671   392 
1672   352 
1673   884 
1674    25 
1675   753 
1676   903 
1677   545 
1678   155 
1679   627 
1680   124 
1681   381 
1682    33 
1683   470 
1684    30 
1685   236 
1686   184 
1687   575 
1688    51 
1689   537 
1690   679 
1691   778 
1692   173 
1693   790 
1694   935 
1695   893 
1696   609 
1697   649 
1698   188 
1699   704 
1700   422 
1701   411 
1702   693 
1703   150 
1704   562 
1705    19 
1706    18 
1707   746 
1708   471 
1709   938 
1710   700 
1711   976 
1712   342 
1713   392 
1714    62 
1715   782 
1716   774 
1717   717 
1718   709 
1719   588 
1720   256 
1721   937 
1722   991 
1723   181 
1724   109 
1725   607 
1726   585 
1727   408 
1728   799 
1729   684 
1730   107 
1731   813 
1732    75 
1733   359 
1734   701 
1735   929 
1736   570 
1737   354 
1738   787 
1739   481 
1740   587 
1741   383 
1742   370 
1743   695 
1744   823 
1745   958 
1746   703 
1747   136 
1748   985 
1749   229 
1750   956 
1751   871 
1752   760 
1753   934 
1754   125 
1755   240 
1756    58 
1757   396 
1758   502 
1759   748 
1760   221 
1761   716 
1762   234 
1763   406 
1764   342 
1765   323 
1766   353 
1767   147 
1768   466 
1769   117 
1770   724 
1771   140 
1772   146 
1773   134 
1774   229 
1775   646 
1776   945 
1777   376 
1778   958 
1779   521 
1780   723 
1781   721 
1782   913 
1783    20 
1784   270 
1785   306 
1786   340 
1787   968 
1788   986 
1789   594 
1790   372 
1791   132 
1792    53 
1793   663 
1794   355 
1795   671 
1796   629 
1797   564 
1798   154 
1799   424 
1800   702 
1801   827 
1802   995 
1803   799 
1804   781 
1805   801 
1806   485 
1807   586 
1808    98 
1809   603 
1810   132 
1811    67 
1812   391 
1813   210 
1814   184 
1815   809 
1816   594 
1817   248 
1818   901 
1819   398 
1820   350 
1821   408 
1822   709 
1823   877 
1824   306 
1825   580 
1826   208 
1827   206 
1828   232 
1829   985 
1830   680 
1831   800 
1832   964 
1833   290 
1834   884 
1835   542 
1836   797 
1837   321 
1838   830 
1839   504 
1840   412 
1841   943 
1842   105 
1843   674 
1844   307 
1845   336 
1846   151 
1847   313 
1848   219 
1849   710 
1850   938 
1851   662 
1852    43 
1853   408 
1854   480 
1855   516 
1856   538 
1857   699 
1858   367 
1859   568 
1860   314 
1861   226 
1862    50 
1863   382 
1864   806 
1865   723 
1866   145 
1867   692 
1868   171 
1869   559 
1870   505 
1871   284 
1872   294 
1873   751 
1874   595 
1875   180 
1876   660 
1877   551 
1878   988 
1879   171 
1880    11 
1881   959 
1882    13 
1883   364 
1884   294 
1885   128 
1886   570 
1887   995 
1888   342 
1889   167 
1890   248 
1891   529 
1892   214 
1893   711 
1894   908 
1895   214 
1896   697 
1897   402 
1898   921 
1899   601 
1900   556 
1901   439 
1902    32 
1903   981 
1904    27 
1905   959 
1906   487 
1907   146 
1908   133 
1909   760 
1910   159 
1911   719 
1912    52 
1913   663 
1914   670 
1915   449 
1916   550 
1917   595 
1918   290 
1919   727 
1920   369 
1921   400 
1922   246 
1923   165 
1924   471 
1925    34 
1926   370 
1927   328 
1928   911 
1929   516 
1930   365 
1931   983 
1932    80 
1933   555 
1934   557 
1935   155 
1936   318 
1937   577 
1938   436 
1939   835 
1940   405 
1941   238 
1942   962 
1943   536 
1944   651 
1945   415 
1946   998 
1947   144 
1948   229 
1949   757 
1950   962 
1951   956 
1952   291 
1953   117 
1954   308 
1955   445 
1956   291 
1957   751 
1958   407 
1959   805 
1960    16 
1961   513 
1962   657 
1963   540 
1964   957 
1965   709 
1966   400 
1967   880 
1968   446 
1969   230 
1970   182 
1971   715 
1972   214 
1973   965 
1974   320 
1975   286 
1976   162 
1977    28 
1978   930 
1979   284 
1980   274 
1981   121 
1982   507 
1983   794 
1984   917 
1985    68 
1986   436 
1987   113 
1988   629 
1989   123 
1990   991 
1991   481 
1992   709 
1993   325 
1994   159 
1995   701 
1996    27 
1997   511 
1998   243 
1999   182 
2000   123 
2001   503 
2002   164 
2003    27 
2004   842 
2005   653 
2006    97 
2007   583 
2008   531 
2009   314 
2010   264 
2011   833 
2012   599 
2013   586 
2014   653 
2015   255 
2016   418 
2017   993 
2018   255 
2019   354 
2020   642 
2021   430 
2022   760 
2023    18 
2024   171 
2025   550 
2026   824 
2027   986 
2028   448 
2029   539 
2030   108 
2031   407 
2032   109 
2033   972 
2034   318 
2035   689 
2036   440 
2037   316 
2038   569 
2039    14 
2040   929 
2041   964 
2042   616 
2043   493 
2044   703 
2045   449 
2046   915 
2047    93 
2048   845 
2049   696 
2050   392 
2051   798 
2052   525 
2053   539 
2054   737 
2055   554 
2056   827 
2057   152 
2058   728 
2059   345 
2060   608 
2061   971 
2062   904 
2063   860 
2064    75 
2065   600 
2066   330 
2067   735 
2068    65 
2069   128 
2070   328 
2071   812 
2072   611 
2073   257 
2074   382 
2075   108 
2076    32 
2077   604 
2078   490 
2079   892 
2080   197 
2081   325 
2082   265 
2083    28 
2084    31 
2085   408 
2086   892 
2087   355 
2088   174 
2089   518 
2090   602 
2091   661 
2092    74 
2093   433 
2094   416 
2095    76 
2096   545 
2097   693 
2098   237 
2099   220 
2100   768 
2101   487 
2102   796 
2103    97 
2104   380 
2105    14 
2106   355 
2107   187 
2108    10 
2109   591 
2110   433 
2111   314 
2112   890 
2113   569 
2114   602 
2115   825 
2116   253 
2117   415 
2118   522 
2119   780 
2120   122 
2121   270 
2122   882 
2123   939 
2124   468 
2125   833 
2126    36 
2127   815 
2128   424 
2129   746 
2130   920 
2131   886 
2132   444 
2133   853 
2134    80 
2135   327 
2136   269 
2137   643 
2138   216 
2139   946 
2140   568 
2141    61 
2142   533 
2143   674 
2144   538 
2145   262 
2146   448 
2147   847 
2148   821 
2149   741 
2150   746 
2151   664 
2152   692 
2153   227 
2154   594 
2155   943 
2156   991 
2157   652 
2158   964 
2159   372 
2160   390 
2161   683 
2162   372 
2163    49 
2164   563 
2165   480 
2166   673 
2167   431 
2168   277 
2169   232 
2170   655 
2171    86 
2172    11 
2173   159 
2174   809 
2175   753 
2176   220 
2177   130 
2178   768 
2179   933 
2180   479 
2181   642 
2182    79 
2183   354 
2184    71 
2185   219 
2186   947 
2187   163 
2188   103 
2189   236 
2190   484 
2191   909 
2192   188 
2193   131 
2194   543 
2195   852 
2196   712 
2197   335 
2198   685 
2199   143 
2200   781 
2201   394 
2202   210 
2203   865 
2204   455 
2205   736 
2206   753 
2207   391 
2208   260 
2209   716 
2210    80 
2211    92 
2212   146 
2213   646 
2214   973 
2215   552 
2216   787 
2217   849 
2218   649 
2219   609 
2220    87 
2221   505 
2222   607 
2223   365 
2224   955 
2225   713 
2226   451 
2227   163 
2228   177 
2229   390 
2230   511 
2231   252 
2232   581 
2233   365 
2234   412 
2235   996 
2236   818 
2237   656 
2238   849 
2239    28 
2240   915 
2241   894 
2242   386 
2243   881 
2244   788 
2245   573 
2246   143 
2247   564 
2248   473 
2249   890 
2250   775 
2251   650 
2252   980 
2253   333 
2254   873 
2255    64 
2256   767 
2257   389 
2258   508 
2259   177 
2260   998 
2261   726 
2262   907 
2263   899 
2264   469 
2265   547 
2266   113 
2267   800 
2268   519 
2269   486 
2270   648 
2271   239 
2272   885 
2273   637 
2274   606 
2275   195 
2276    53 
2277   303 
2278   410 
2279   320 
2280   610 
2281   388 
2282   131 
2283   571 
2284   356 
2285   771 
2286   556 
2287   979 
2288   434 
2289   646 
2290    67 
2291    72 
2292   304 
2293   969 
2294   347 
2295   618 
2296   653 
2297   956 
2298   409 
2299   662 
2300   346 
2301   182 
2302   348 
2303    13 
2304   468 
2305    72 
2306   516 
2307   747 
2308   848 
2309   413 
2310   594 
2311   478 
2312   166 
2313    95 
2314    51 
2315    11 
2316   148 
2317   519 
2318   545 
2319   581 
2320   725 
2321   524 
2322   180 
2323   328 
2324   632 
2325   133 
2326   902 
2327   464 
2328   447 
2329   311 
2330   655 
2331   208 
2332   832 
2333   652 
2334   117 
2335   639 
2336   120 
2337   161 
2338   153 
2339   277 
2340   343 
2341   396 
2342   787 
2343   820 
2344   989 
2345   246 
2346   641 
2347   206 
2348   969 
2349   580 
2350   945 
2351   174 
2352   551 
2353   411 
2354   511 
2355   116 
2356   639 
2357   503 
2358   750 
2359    36 
2360   463 
2361   282 
2362   915 
2363   175 
2364   749 
2365   158 
2366   247 
2367   210 
2368   318 
2369   369 
2370   938 
2371   101 
2372   688 
2373   756 
2374   619 
2375   109 
2376   954 
2377   593 
2378   358 
2379    40 
2380   593 
2381   898 
2382   581 
2383   699 
2384   687 
2385   859 
2386   233 
2387    84 
2388   396 
2389   572 
2390   941 
2391   678 
2392   723 
2393   650 
2394   297 
2395   820 
2396   332 
2397   779 
2398   204 
2399   935 
2400   680 
2401   384 
2402   997 
2403   770 
2404   526 
2405    44 
2406   265 
2407   769 
2408   724 
2409   467 
2410   614 
2411   303 
2412   921 
2413   725 
2414   733 
2415   363 
2416   361 
2417   277 
2418   540 
2419   368 
2420   442 
2421   787 
2422   446 
2423    20 
2424   563 
2425   533 
2426   764 
2427   286 
2428   492 
2429   973 
2430   744 
2431   254 
2432   264 
2433   507 
2434   908 
2435   696 
2436   237 
2437   778 
2438   417 
2439   696 
2440   472 
2441   584 
2442    86 
2443   662 
2444   560 
2445   642 
2446   450 
2447   458 
2448   383 
2449   679 
2450   505 
2451   366 
2452   293 
2453   488 
2454   373 
2455    17 
2456   799 
2457   730 
2458   368 
2459   567 
2460   885 
2461   625 
2462   419 
2463   695 
2464   997 
2465   735 
2466   409 
2467   580 
2468   380 
2469   782 
2470   991 
2471   228 
2472   261 
2473   410 
2474   353 
2475   883 
2476   971 
2477    65 
2478    68 
2479   770 
2480   291 
2481    46 
2482   397 
2483   769 
2484   585 
2485   123 
2486   136 
2487   697 
2488   984 
2489   709 
2490   901 
2491   446 
2492   236 
2493   580 
2494   415 
2495   164 
2496   899 
2497   770 
2498   576 
2499   369 
2500   114 
1 51 0 
1 2 0 
2 52 0 
2 3 0 
3 53 0 
3 4 0 
4 54 0 
4 5 0 
5 55 0 
5 6 0 
6 56 0 
6 7 0 
7 57 0 
7 8 0 
8 58 0 
8 9 0 
9 59 0 
9 10 0 
10 60 0 
10 11 0 
11 61 0 
11 12 0 
12 62 0 
12 13 0 
13 63 0 
13 14 0 
14 64 0 
14 15 0 
15 65 0 
15 16 0 
16 66 0 
16 17 0 
17 67 0 
17 18 0 
18 68 0 
18 19 0 
19 69 0 
19 20 0 
20 70 0 
20 21 0 
21 71 0 
21 22 0 
22 72 0 
22 23 0 
23 73 0 
23 24 0 
24 74 0 
24 25 0 
25 75 0 
25 26 0 
26 76 0 
26 27 0 
27 77 0 
27 28 0 
28 78 0 
28 29 0 
29 79 0 
29 30 0 
30 80 0 
30 31 0 
31 81 0 
31 32 0 
32 82 0 
32 33 0 
33 83 0 
33 34 0 
34 84 0 
34 35 0 
35 85 0 
35 36 0 
36 86 0 
36 37 0 
37 87 0 
37 38 0 
38 88 0 
38 39 0 
39 89 0 
39 40 0 
40 90 0 
40 41 0 
41 91 0 
41 42 0 
42 92 0 
42 43 0 
43 93 0 
43 44 0 
44 94 0 
44 45 0 
45 95 0 
45 46 0 
46 96 0 
46 47 0 
47 97 0 
47 48 0 
48 98 0 
48 49 0 
49 99 0 
49 50 0 
50 100 0 
51 101 0 
51 52 0 
52 102 0 
52 53 0 
53 103 0 
53 54 0 
54 104 0 
54 55 0 
55 105 0 
55 56 0 
56 106 0 
56 57 0 
57 107 0 
57 58 0 
58 108 0 
58 59 0 
59 109 0 
59 60 0 
60 110 0 
60 61 0 
61 111 0 
61 62 0 
62 112 0 
62 63 0 
63 113 0 
63 64 0 
64 114 0 
64 65 0 
65 115 0 
65 66 0 
66 116 0 
66 67 0 
67 117 0 
67 68 0 
68 118 0 
68 69 0 
69 119 0 
69 70 0 
70 120 0 
70 71 0 
71 121 0 
71 72 0 
72 122 0 
72 73 0 
73 123 0 
73 74 0 
74 124 0 
74 75 0 
75 125 0 
75 76 0 
76 126 0 
76 77 0 
77 127 0 
77 78 0 
78 128 0 
78 79 0 
79 129 0 
79 80 0 
80 130 0 
80 81 0 
81 131 0 
81 82 0 
82 132 0 
82 83 0 
83 133 0 
83 84 0 
84 134 0 
84 85 0 
85 135 0 
85 86 0 
86 136 0 
86 87 0 
87 137 0 
87 88 0 
88 138 0 
88 89 0 
89 139 0 
89 90 0 
90 140 0 
90 91 0 
91 141 0 
91 92 0 
92 142 0 
92 93 0 
93 143 0 
93 94 0 
94 144 0 
94 95 0 
95 145 0 
95 96 0 
96 146 0 
96 97 0 
97 147 0 
97 98 0 
98 148 0 
98 99 0 
99 149 0 
99 100 0 
100 150 0 
101 151 0 
101 102 0 
102 152 0 
102 103 0 
103 153 0 
103 104 0 
104 154 0 
104 105 0 
105 155 0 
105 106 0 
106 156 0 
106 107 0 
107 157 0 
107 108 0 
108 158 0 
108 109 0 
109 159 0 
109 110 0 
110 160 0 
110 111 0 
111 161 0 
111 112 0 
112 162 0 
112 113 0 
113 163 0 
113 114 0 
114 164 0 
114 115 0 
115 165 0 
115 116 0 
116 166 0 
116 117 0 
117 167 0 
117 118 0 
118 168 0 
118 119 0 
119 169 0 
119 120 0 
120 170 0 
120 121 0 
121 171 0 
121 122 0 
122 172 0 
122 123 0 
123 173 0 
123 124 0 
124 174 0 
124 125 0 
125 175 0 
125 126 0 
126 176 0 
126 127 0 
127 177 0 
127 128 0 
128 178 0 
128 129 0 
129 179 0 
129 130 0 
130 180 0 
130 131 0 
131 181 0 
131 132 0 
132 182 0 
132 133 0 
133 183 0 
133 134 0 
134 184 0 
134 135 0 
135 185 0 
135 136 0 
136 186 0 
136 137 0 
137 187 0 
137 138 0 
138 188 0 
138 139 0 
139 189 0 
139 140 0 
140 190 0 
140 141 0 
141 191 0 
141 142 0 
142 192 0 
142 143 0 
143 193 0 
143 144 0 
144 194 0 
144 145 0 
145 195 0 
145 146 0 
146 196 0 
146 147 0 
147 197 0 
147 148 0 
148 198 0 
148 149 0 
149 199 0 
149 150 0 
150 200 0 
151 201 0 
151 152 0 
152 202 0 
152 153 0 
153 203 0 
153 154 0 
154 204 0 
154 155 0 
155 205 0 
155 156 0 
156 206 0 
156 157 0 
157 207 0 
157 158 0 
158 208 0 
158 159 0 
159 209 0 
159 160 0 
160 210 0 
160 161 0 
161 211 0 
161 162 0 
162 212 0 
162 163 0 
163 213 0 
163 164 0 
164 214 0 
164 165 0 
165 215 0 
165 166 0 
166 216 0 
166 167 0 
167 217 0 
167 168 0 
168 218 0 
168 169 0 
169 219 0 
169 170 0 
170 220 0 
170 171 0 
171 221 0 
171 172 0 
172 222 0 
172 173 0 
173 223 0 
173 174 0 
174 224 0 
174 175 0 
175 225 0 
175 176 0 
176 226 0 
176 177 0 
177 227 0 
177 178 0 
178 228 0 
178 179 0 
179 229 0 
179 180 0 
180 230 0 
180 181 0 
181 231 0 
181 182 0 
182 232 0 
182 183 0 
183 233 0 
183 184 0 
184 234 0 
184 185 0 
185 235 0 
185 186 0 
186 236 0 
186 187 0 
187 237 0 
187 188 0 
188 238 0 
188 189 0 
189 239 0 
189 190 0 
190 240 0 
190 191 0 
191 241 0 
191 192 0 
192 242 0 
192 193 0 
193 243 0 
193 194 0 
194 244 0 
194 195 0 
195 245 0 
195 196 0 
196 246 0 
196 197 0 
197 247 0 
197 198 0 
198 248 0 
198 199 0 
199 249 0 
199 200 0 
200 250 0 
201 251 0 
201 202 0 
202 252 0 
202 203 0 
203 253 0 
203 204 0 
204 254 0 
204 205 0 
205 255 0 
205 206 0 
206 256 0 
206 207 0 
207 257 0 
207 208 0 
208 258 0 
208 209 0 
209 259 0 
209 210 0 
210 260 0 
210 211 0 
211 261 0 
211 212 0 
212 262 0 
212 213 0 
213 263 0 
213 214 0 
214 264 0 
214 215 0 
215 265 0 
215 216 0 
216 266 0 
216 217 0 
217 267 0 
217 218 0 
218 268 0 
218 219 0 
219 269 0 
219 220 0 
220 270 0 
220 221 0 
221 271 0 
221 222 0 
222 272 0 
222 223 0 
223 273 0 
223 224 0 
224 274 0 
224 225 0 
225 275 0 
225 226 0 
226 276 0 
226 227 0 
227 277 0 
227 228 0 
228 278 0 
228 229 0 
229 279 0 
229 230 0 
230 280 0 
230 231 0 
231 281 0 
231 232 0 
232 282 0 
232 233 0 
233 283 0 
233 234 0 
234 284 0 
234 235 0 
235 285 0 
235 236 0 
236 286 0 
236 237 0 
237 287 0 
237 238 0 
238 288 0 
238 239 0 
239 289 0 
239 240 0 
240 290 0 
240 241 0 
241 291 0 
241 242 0 
242 292 0 
242 243 0 
243 293 0 
243 244 0 
244 294 0 
244 245 0 
245 295 0 
245 246 0 
246 296 0 
246 247 0 
247 297 0 
247 248 0 
248 298 0 
248 249 0 
249 299 0 
249 250 0 
250 300 0 
251 301 0 
251 252 0 
252 302 0 
252 253 0 
253 303 0 
253 254 0 
254 304 0 
254 255 0 
255 305 0 
255 256 0 
256 306 0 
256 257 0 
257 307 0 
257 258 0 
258 308 0 
258 259 0 
259 309 0 
259 260 0 
260 310 0 
260 261 0 
261 311 0 
261 262 0 
262 312 0 
262 263 0 
263 313 0 
263 264 0 
264 314 0 
264 265 0 
265 315 0 
265 266 0 
266 316 0 
266 267 0 
267 317 0 
267 268 0 
268 318 0 
268 269 0 
269 319 0 
269 270 0 
270 320 0 
270 271 0 
271 321 0 
271 272 0 
272 322 0 
272 273 0 
273 323 0 
273 274 0 
274 324 0 
274 275 0 
275 325 0 
275 276 0 
276 326 0 
276 277 0 
277 327 0 
277 278 0 
278 328 0 
278 279 0 
279 329 0 
279 280 0 
280 330 0 
280 281 0 
281 331 0 
281 282 0 
282 332 0 
282 283 0 
283 333 0 
283 284 0 
284 334 0 
284 285 0 
285 335 0 
285 286 0 
286 336 0 
286 287 0 
287 337 0 
287 288 0 
288 338 0 
288 289 0 
289 339 0 
289 290 0 
290 340 0 
290 291 0 
291 341 0 
291 292 0 
292 342 0 
292 293 0 
293 343 0 
293 294 0 
294 344 0 
294 295 0 
295 345 0 
295 296 0 
296 346 0 
296 297 0 
297 347 0 
297 298 0 
298 348 0 
298 299 0 
299 349 0 
299 300 0 
300 350 0 
301 351 0 
301 302 0 
302 352 0 
302 303 0 
303 353 0 
303 304 0 
304 354 0 
304 305 0 
305 355 0 
305 306 0 
306 356 0 
306 307 0 
307 357 0 
307 308 0 
308 358 0 
308 309 0 
309 359 0 
309 310 0 
310 360 0 
310 311 0 
311 361 0 
311 312 0 
312 362 0 
312 313 0 
313 363 0 
313 314 0 
314 364 0 
314 315 0 
315 365 0 
315 316 0 
316 366 0 
316 317 0 
317 367 0 
317 318 0 
318 368 0 
318 319 0 
319 369 0 
319 320 0 
320 370 0 
320 321 0 
321 371 0 
321 322 0 
322 372 0 
322 323 0 
323 373 0 
323 324 0 
324 374 0 
324 325 0 
325 375 0 
325 326 0 
326 376 0 
326 327 0 
327 377 0 
327 328 0 
328 378 0 
328 329 0 
329 379 0 
329 330 0 
330 380 0 
330 331 0 
331 381 0 
331 332 0 
332 382 0 
332 333 0 
333 383 0 
333 334 0 
334 384 0 
334 335 0 
335 385 0 
335 336 0 
336 386 0 
336 337 0 
337 387 0 
337 338 0 
338 388 0 
338 339 0 
339 389 0 
339 340 0 
340 390 0 
340 341 0 
341 391 0 
341 342 0 
342 392 0 
342 343 0 
343 393 0 
343 344 0 
344 394 0 
344 345 0 
345 395 0 
345 346 0 
346 396 0 
346 347 0 
347 397 0 
347 348 0 
348 398 0 
348 349 0 
349 399 0 
349 350 0 
350 400 0 
351 401 0 
351 352 0 
352 402 0 
352 353 0 
353 403 0 
353 354 0 
354 404 0 
354 355 0 
355 405 0 
355 356 0 
356 406 0 
356 357 0 
357 407 0 
357 358 0 
358 408 0 
358 359 0 
359 409 0 
359 360 0 
360 410 0 
360 361 0 
361 411 0 
361 362 0 
362 412 0 
362 363 0 
363 413 0 
363 364 0 
364 414 0 
364 365 0 
365 415 0 
365 366 0 
366 416 0 
366 367 0 
367 417 0 
367 368 0 
368 418 0 
368 369 0 
369 419 0 
369 370 0 
370 420 0 
370 371 0 
371 421 0 
371 372 0 
372 422 0 
372 373 0 
373 423 0 
373 374 0 
374 424 0 
374 375 0 
375 425 0 
375 376 0 
376 426 0 
376 377 0 
377 427 0 
377 378 0 
378 428 0 
378 379 0 
379 429 0 
379 380 0 
380 430 0 
380 381 0 
381 431 0 
381 382 0 
382 432 0 
382 383 0 
383 433 0 
383 384 0 
384 434 0 
384 385 0 
385 435 0 
385 386 0 
386 436 0 
386 387 0 
387 437 0 
387 388 0 
388 438 0 
388 389 0 
389 439 0 
389 390 0 
390 440 0 
390 391 0 
391 441 0 
391 392 0 
392 442 0 
392 393 0 
393 443 0 
393 394 0 
394 444 0 
394 395 0 
395 445 0 
395 396 0 
396 446 0 
396 397 0 
397 447 0 
397 398 0 
398 448 0 
398 399 0 
399 449 0 
399 400 0 
400 450 0 
401 451 0 
401 402 0 
402 452 0 
402 403 0 
403 453 0 
403 404 0 
404 454 0 
404 405 0 
405 455 0 
405 406 0 
406 456 0 
406 407 0 
407 457 0 
407 408 0 
408 458 0 
408 409 0 
409 459 0 
409 410 0 
410 460 0 
410 411 0 
411 461 0 
411 412 0 
412 462 0 
412 413 0 
413 463 0 
413 414 0 
414 464 0 
414 415 0 
415 465 0 
415 416 0 
416 466 0 
416 417 0 
417 467 0 
417 418 0 
418 468 0 
418 419 0 
419 469 0 
419 420 0 
420 470 0 
420 421 0 
421 471 0 
421 422 0 
422 472 0 
422 423 0 
423 473 0 
423 424 0 
424 474 0 
424 425 0 
425 475 0 
425 426 0 
426 476 0 
426 427 0 
427 477 0 
427 428 0 
428 478 0 
428 429 0 
429 479 0 
429 430 0 
430 480 0 
430 431 0 
431 481 0 
431 432 0 
432 482 0 
432 433 0 
433 483 0 
433 434 0 
434 484 0 
434 435 0 
435 485 0 
435 436 0 
436 486 0 
436 437 0 
437 487 0 
437 438 0 
438 488 0 
438 439 0 
439 489 0 
439 440 0 
440 490 0 
440 441 0 
441 491 0 
441 442 0 
442 492 0 
442 443 0 
443 493 0 
443 444 0 
444 494 0 
444 445 0 
445 495 0 
445 446 0 
446 496 0 
446 447 0 
447 497 0 
447 448 0 
448 498 0 
448 449 0 
449 499 0 
449 450 0 
450 500 0 
451 501 0 
451 452 0 
452 502 0 
452 453 0 
453 503 0 
453 454 0 
454 504 0 
454 455 0 
455 505 0 
455 456 0 
456 506 0 
456 457 0 
457 507 0 
457 458 0 
458 508 0 
458 459 0 
459 509 0 
459 460 0 
460 510 0 
460 461 0 
461 511 0 
461 462 0 
462 512 0 
462 463 0 
463 513 0 
463 464 0 
464 514 0 
464 465 0 
465 515 0 
465 466 0 
466 516 0 
466 467 0 
467 517 0 
467 468 0 
468 518 0 
468 469 0 
469 519 0 
469 470 0 
470 520 0 
470 471 0 
471 521 0 
471 472 0 
472 522 0 
472 473 0 
473 523 0 
473 474 0 
474 524 0 
474 475 0 
475 525 0 
475 476 0 
476 526 0 
476 477 0 
477 527 0 
477 478 0 
478 528 0 
478 479 0 
479 529 0 
479 480 0 
480 530 0 
480 481 0 
481 531 0 
481 482 0 
482 532 0 
482 483 0 
483 533 0 
483 484 0 
484 534 0 
484 485 0 
485 535 0 
485 486 0 
486 536 0 
486 487 0 
487 537 0 
487 488 0 
488 538 0 
488 489 0 
489 539 0 
489 490 0 
490 540 0 
490 491 0 
491 541 0 
491 492 0 
492 542 0 
492 493 0 
493 543 0 
493 494 0 
494 544 0 
494 495 0 
495 545 0 
495 496 0 
496 546 0 
496 497 0 
497 547 0 
497 498 0 
498 548 0 
498 499 0 
499 549 0 
499 500 0 
500 550 0 
501 551 0 
501 502 0 
502 552 0 
502 503 0 
503 553 0 
503 504 0 
504 554 0 
504 505 0 
505 555 0 
505 506 0 
506 556 0 
506 507 0 
507 557 0 
507 508 0 
508 558 0 
508 509 0 
509 559 0 
509 510 0 
510 560 0 
510 511 0 
511 561 0 
511 512 0 
512 562 0 
512 513 0 
513 563 0 
513 514 0 
514 564 0 
514 515 0 
515 565 0 
515 516 0 
516 566 0 
516 517 0 
517 567 0 
517 518 0 
518 568 0 
518 519 0 
519 569 0 
519 520 0 
520 570 0 
520 521 0 
521 571 0 
521 522 0 
522 572 0 
522 523 0 
523 573 0 
523 524 0 
524 574 0 
524 525 0 
525 575 0 
525 526 0 
526 576 0 
526 527 0 
527 577 0 
527 528 0 
528 578 0 
528 529 0 
529 579 0 
529 530 0 
530 580 0 
530 531 0 
531 581 0 
531 532 0 
532 582 0 
532 533 0 
533 583 0 
533 534 0 
534 584 0 
534 535 0 
535 585 0 
535 536 0 
536 586 0 
536 537 0 
537 587 0 
537 538 0 
538 588 0 
538 539 0 
539 589 0 
539 540 0 
540 590 0 
540 541 0 
541 591 0 
541 542 0 
542 592 0 
542 543 0 
543 593 0 
543 544 0 
544 594 0 
544 545 0 
545 595 0 
545 546 0 
546 596 0 
546 547 0 
547 597 0 
547 548 0 
548 598 0 
548 549 0 
549 599 0 
549 550 0 
550 600 0 
551 601 0 
551 552 0 
552 602 0 
552 553 0 
553 603 0 
553 554 0 
554 604 0 
554 555 0 
555 605 0 
555 556 0 
556 606 0 
556 557 0 
557 607 0 
557 558 0 
558 608 0 
558 559 0 
559 609 0 
559 560 0 
560 610 0 
560 561 0 
561 611 0 
561 562 0 
562 612 0 
562 563 0 
563 613 0 
563 564 0 
564 614 0 
564 565 0 
565 615 0 
565 566 0 
566 616 0 
566 567 0 
567 617 0 
567 568 0 
568 618 0 
568 569 0 
569 619 0 
569 570 0 
570 620 0 
570 571 0 
571 621 0 
571 572 0 
572 622 0 
572 573 0 
573 623 0 
573 574 0 
574 624 0 
574 575 0 
575 625 0 
575 576 0 
576 626 0 
576 577 0 
577 627 0 
577 578 0 
578 628 0 
578 579 0 
579 629 0 
579 580 0 
580 630 0 
580 581 0 
581 631 0 
581 582 0 
582 632 0 
582 583 0 
583 633 0 
583 584 0 
584 634 0 
584 585 0 
585 635 0 
585 586 0 
586 636 0 
586 587 0 
587 637 0 
587 588 0 
588 638 0 
588 589 0 
589 639 0 
589 590 0 
590 640 0 
590 591 0 
591 641 0 
591 592 0 
592 642 0 
592 593 0 
593 643 0 
593 594 0 
594 644 0 
594 595 0 
595 645 0 
595 596 0 
596 646 0 
596 597 0 
597 647 0 
597 598 0 
598 648 0 
598 599 0 
599 649 0 
599 600 0 
600 650 0 
601 651 0 
601 602 0 
602 652 0 
602 603 0 
603 653 0 
603 604 0 
604 654 0 
604 605 0 
605 655 0 
605 606 0 
606 656 0 
606 607 0 
607 657 0 
607 608 0 
608 658 0 
608 609 0 
609 659 0 
609 610 0 
610 660 0 
610 611 0 
611 661 0 
611 612 0 
612 662 0 
612 613 0 
613 663 0 
613 614 0 
614 664 0 
614 615 0 
615 665 0 
615 616 0 
616 666 0 
616 617 0 
617 667 0 
617 618 0 
618 668 0 
618 619 0 
619 669 0 
619 620 0 
620 670 0 
620 621 0 
621 671 0 
621 622 0 
622 672 0 
622 623 0 
623 673 0 
623 624 0 
624 674 0 
624 625 0 
625 675 0 
625 626 0 
626 676 0 
626 627 0 
627 677 0 
627 628 0 
628 678 0 
628 629 0 
629 679 0 
629 630 0 
630 680 0 
630 631 0 
631 681 0 
631 632 0 
632 682 0 
632 633 0 
633 683 0 
633 634 0 
634 684 0 
634 635 0 
635 685 0 
635 636 0 
636 686 0 
636 637 0 
637 687 0 
637 638 0 
638 688 0 
638 639 0 
639 689 0 
639 640 0 
640 690 0 
640 641 0 
641 691 0 
641 642 0 
642 692 0 
642 643 0 
643 693 0 
643 644 0 
644 694 0 
644 645 0 
645 695 0 
645 646 0 
646 696 0 
646 647 0 
647 697 0 
647 648 0 
648 698 0 
648 649 0 
649 699 0 
649 650 0 
650 700 0 
651 701 0 
651 652 0 
652 702 0 
652 653 0 
653 703 0 
653 654 0 
654 704 0 
654 655 0 
655 705 0 
655 656 0 
656 706 0 
656 657 0 
657 707 0 
657 658 0 
658 708 0 
658 659 0 
659 709 0 
659 660 0 
660 710 0 
660 661 0 
661 711 0 
661 662 0 
662 712 0 
662 663 0 
663 713 0 
663 664 0 
664 714 0 
664 665 0 
665 715 0 
665 666 0 
666 716 0 
666 667 0 
667 717 0 
667 668 0 
668 718 0 
668 669 0 
669 719 0 
669 670 0 
670 720 0 
670 671 0 
671 721 0 
671 672 0 
672 722 0 
672 673 0 
673 723 0 
673 674 0 
674 724 0 
674 675 0 
675 725 0 
675 676 0 
676 726 0 
676 677 0 
677 727 0 
677 678 0 
678 728 0 
678 679 0 
679 729 0 
679 680 0 
680 730 0 
680 681 0 
681 731 0 
681 682 0 
682 732 0 
682 683 0 
683 733 0 
683 684 0 
684 734 0 
684 685 0 
685 735 0 
685 686 0 
686 736 0 
686 687 0 
687 737 0 
687 688 0 
688 738 0 
688 689 0 
689 739 0 
689 690 0 
690 740 0 
690 691 0 
691 741 0 
691 692 0 
692 742 0 
692 693 0 
693 743 0 
693 694 0 
694 744 0 
694 695 0 
695 745 0 
695 696 0 
696 746 0 
696 697 0 
697 747 0 
697 698 0 
698 748 0 
698 699 0 
699 749 0 
699 700 0 
700 750 0 
701 751 0 
701 702 0 
702 752 0 
702 703 0 
703 753 0 
703 704 0 
704 754 0 
704 705 0 
705 755 0 
705 706 0 
706 756 0 
706 707 0 
707 757 0 
707 708 0 
708 758 0 
708 709 0 
709 759 0 
709 710 0 
710 760 0 
710 711 0 
711 761 0 
711 712 0 
712 762 0 
712 713 0 
713 763 0 
713 714 0 
714 764 0 
714 715 0 
715 765 0 
715 716 0 
716 766 0 
716 717 0 
717 767 0 
717 718 0 
718 768 0 
718 719 0 
719 769 0 
719 720 0 
720 770 0 
720 721 0 
721 771 0 
721 722 0 
722 772 0 
722 723 0 
723 773 0 
723 724 0 
724 774 0 
724 725 0 
725 775 0 
725 726 0 
726 776 0 
726 727 0 
727 777 0 
727 728 0 
728 778 0 
728 729 0 
729 779 0 
729 730 0 
730 780 0 
730 731 0 
731 781 0 
731 732 0 
732 782 0 
732 733 0 
733 783 0 
733 734 0 
734 784 0 
734 735 0 
735 785 0 
735 736 0 
736 786 0 
736 737 0 
737 787 0 
737 738 0 
738 788 0 
738 739 0 
739 789 0 
739 740 0 
740 790 0 
740 741 0 
741 791 0 
741 742 0 
742 792 0 
742 743 0 
743 793 0 
743 744 0 
744 794 0 
744 745 0 
745 795 0 
745 746 0 
746 796 0 
746 747 0 
747 797 0 
747 748 0 
748 798 0 
748 749 0 
749 799 0 
749 750 0 
750 800 0 
751 801 0 
751 752 0 
752 802 0 
752 753 0 
753 803 0 
753 754 0 
754 804 0 
754 755 0 
755 805 0 
755 756 0 
756 806 0 
756 757 0 
757 807 0 
757 758 0 
758 808 0 
758 759 0 
759 809 0 
759 760 0 
760 810 0 
760 761 0 
761 811 0 
761 762 0 
762 812 0 
762 763 0 
763 813 0 
763 764 0 
764 814 0 
764 765 0 
765 815 0 
765 766 0 
766 816 0 
766 767 0 
767 817 0 
767 768 0 
768 818 0 
768 769 0 
769 819 0 
769 770 0 
770 820 0 
770 771 0 
771 821 0 
771 772 0 
772 822 0 
772 773 0 
773 823 0 
773 774 0 
774 824 0 
774 775 0 
775 825 0 
775 776 0 
776 826 0 
776 777 0 
777 827 0 
777 778 0 
778 828 0 
778 779 0 
779 829 0 
779 780 0 
780 830 0 
780 781 0 
781 831 0 
781 782 0 
782 832 0 
782 783 0 
783 833 0 
783 784 0 
784 834 0 
784 785 0 
785 835 0 
785 786 0 
786 836 0 
786 787 0 
787 837 0 
787 788 0 
788 838 0 
788 789 0 
789 839 0 
789 790 0 
790 840 0 
790 791 0 
791 841 0 
791 792 0 
792 842 0 
792 793 0 
793 843 0 
793 794 0 
794 844 0 
794 795 0 
795 845 0 
795 796 0 
796 846 0 
796 797 0 
797 847 0 
797 798 0 
798 848 0 
798 799 0 
799 849 0 
799 800 0 
800 850 0 
801 851 0 
801 802 0 
802 852 0 
802 803 0 
803 853 0 
803 804 0 
804 854 0 
804 805 0 
805 855 0 
805 806 0 
806 856 0 
806 807 0 
807 857 0 
807 808 0 
808 858 0 
808 809 0 
809 859 0 
809 810 0 
810 860 0 
810 811 0 
811 861 0 
811 812 0 
812 862 0 
812 813 0 
813 863 0 
813 814 0 
814 864 0 
814 815 0 
815 865 0 
815 816 0 
816 866 0 
816 817 0 
817 867 0 
817 818 0 
818 868 0 
818 819 0 
819 869 0 
819 820 0 
820 870 0 
820 821 0 
821 871 0 
821 822 0 
822 872 0 
822 823 0 
823 873 0 
823 824 0 
824 874 0 
824 825 0 
825 875 0 
825 826 0 
826 876 0 
826 827 0 
827 877 0 
827 828 0 
828 878 0 
828 829 0 
829 879 0 
829 830 0 
830 880 0 
830 831 0 
831 881 0 
831 832 0 
832 882 0 
832 833 0 
833 883 0 
833 834 0 
834 884 0 
834 835 0 
835 885 0 
835 836 0 
836 886 0 
836 837 0 
837 887 0 
837 838 0 
838 888 0 
838 839 0 
839 889 0 
839 840 0 
840 890 0 
840 841 0 
841 891 0 
841 842 0 
842 892 0 
842 843 0 
843 893 0 
843 844 0 
844 894 0 
844 845 0 
845 895 0 
845 846 0 
846 896 0 
846 847 0 
847 897 0 
847 848 0 
848 898 0 
848 849 0 
849 899 0 
849 850 0 
850 900 0 
851 901 0 
851 852 0 
852 902 0 
852 853 0 
853 903 0 
853 854 0 
854 904 0 
854 855 0 
855 905 0 
855 856 0 
856 906 0 
856 857 0 
857 907 0 
857 858 0 
858 908 0 
858 859 0 
859 909 0 
859 860 0 
860 910 0 
860 861 0 
861 911 0 
861 862 0 
862 912 0 
862 863 0 
863 913 0 
863 864 0 
864 914 0 
864 865 0 
865 915 0 
865 866 0 
866 916 0 
866 867 0 
867 917 0 
867 868 0 
868 918 0 
868 869 0 
869 919 0 
869 870 0 
870 920 0 
870 871 0 
871 921 0 
871 872 0 
872 922 0 
872 873 0 
873 923 0 
873 874 0 
874 924 0 
874 875 0 
875 925 0 
875 876 0 
876 926 0 
876 877 0 
877 927 0 
877 878 0 
878 928 0 
878 879 0 
879 929 0 
879 880 0 
880 930 0 
880 881 0 
881 931 0 
881 882 0 
882 932 0 
882 883 0 
883 933 0 
883 884 0 
884 934 0 
884 885 0 
885 935 0 
885 886 0 
886 936 0 
886 887 0 
887 937 0 
887 888 0 
888 938 0 
888 889 0 
889 939 0 
889 890 0 
890 940 0 
890 891 0 
891 941 0 
891 892 0 
892 942 0 
892 893 0 
893 943 0 
893 894 0 
894 944 0 
894 895 0 
895 945 0 
895 896 0 
896 946 0 
896 897 0 
897 947 0 
897 898 0 
898 948 0 
898 899 0 
899 949 0 
899 900 0 
900 950 0 
901 951 0 
901 902 0 
902 952 0 
902 903 0 
903 953 0 
903 904 0 
904 954 0 
904 905 0 
905 955 0 
905 906 0 
906 956 0 
906 907 0 
907 957 0 
907 908 0 
908 958 0 
908 909 0 
909 959 0 
909 910 0 
910 960 0 
910 911 0 
911 961 0 
911 912 0 
912 962 0 
912 913 0 
913 963 0 
913 914 0 
914 964 0 
914 915 0 
915 965 0 
915 916 0 
916 966 0 
916 917 0 
917 967 0 
917 918 0 
918 968 0 
918 919 0 
919 969 0 
919 920 0 
920 970 0 
920 921 0 
921 971 0 
921 922 0 
922 972 0 
922 923 0 
923 973 0 
923 924 0 
924 974 0 
924 925 0 
925 975 0 
925 926 0 
926 976 0 
926 927 0 
927 977 0 
927 928 0 
928 978 0 
928 929 0 
929 979 0 
929 930 0 
930 980 0 
930 931 0 
931 981 0 
931 932 0 
932 982 0 
932 933 0 
933 983 0 
933 934 0 
934 984 0 
934 935 0 
935 985 0 
935 936 0 
936 986 0 
936 937 0 
937 987 0 
937 938 0 
938 988 0 
938 939 0 
939 989 0 
939 940 0 
940 990 0 
940 941 0 
941 991 0 
941 942 0 
942 992 0 
942 943 0 
943 993 0 
943 944 0 
944 994 0 
944 945 0 
945 995 0 
945 946 0 
946 996 0 
946 947 0 
947 997 0 
947 948 0 
948 998 0 
948 949 0 
949 999 0 
949 950 0 
950 1000 0 
951 1001 0 
951 952 0 
952 1002 0 
952 953 0 
953 1003 0 
953 954 0 
954 1004 0 
954 955 0 
955 1005 0 
955 956 0 
956 1006 0 
956 957 0 
957 1007 0 
957 958 0 
958 1008 0 
958 959 0 
959 1009 0 
959 960 0 
960 1010 0 
960 961 0 
961 1011 0 
961 962 0 
962 1012 0 
962 963 0 
963 1013 0 
963 964 0 
964 1014 0 
964 965 0 
965 1015 0 
965 966 0 
966 1016 0 
966 967 0 
967 1017 0 
967 968 0 
968 1018 0 
968 969 0 
969 1019 0 
969 970 0 
970 1020 0 
970 971 0 
971 1021 0 
971 972 0 
972 1022 0 
972 973 0 
973 1023 0 
973 974 0 
974 1024 0 
974 975 0 
975 1025 0 
975 976 0 
976 1026 0 
976 977 0 
977 1027 0 
977 978 0 
978 1028 0 
978 979 0 
979 1029 0 
979 980 0 
980 1030 0 
980 981 0 
981 1031 0 
981 982 0 
982 1032 0 
982 983 0 
983 1033 0 
983 984 0 
984 1034 0 
984 985 0 
985 1035 0 
985 986 0 
986 1036 0 
986 987 0 
987 1037 0 
987 988 0 
988 1038 0 
988 989 0 
989 1039 0 
989 990 0 
990 1040 0 
990 991 0 
991 1041 0 
991 992 0 
992 1042 0 
992 993 0 
993 1043 0 
993 994 0 
994 1044 0 
994 995 0 
995 1045 0 
995 996 0 
996 1046 0 
996 997 0 
997 1047 0 
997 998 0 
998 1048 0 
998 999 0 
999 1049 0 
999 1000 0 
1000 1050 0 
1001 1051 0 
1001 1002 0 
1002 1052 0 
1002 1003 0 
1003 1053 0 
1003 1004 0 
1004 1054 0 
1004 1005 0 
1005 1055 0 
1005 1006 0 
1006 1056 0 
1006 1007 0 
1007 1057 0 
1007 1008 0 
1008 1058 0 
1008 1009 0 
1009 1059 0 
1009 1010 0 
1010 1060 0 
1010 1011 0 
1011 1061 0 
1011 1012 0 
1012 1062 0 
1012 1013 0 
1013 1063 0 
1013 1014 0 
1014 1064 0 
1014 1015 0 
1015 1065 0 
1015 1016 0 
1016 1066 0 
1016 1017 0 
1017 1067 0 
1017 1018 0 
1018 1068 0 
1018 1019 0 
1019 1069 0 
1019 1020 0 
1020 1070 0 
1020 1021 0 
1021 1071 0 
1021 1022 0 
1022 1072 0 
1022 1023 0 
1023 1073 0 
1023 1024 0 
1024 1074 0 
1024 1025 0 
1025 1075 0 
1025 1026 0 
1026 1076 0 
1026 1027 0 
1027 1077 0 
1027 1028 0 
1028 1078 0 
1028 1029 0 
1029 1079 0 
1029 1030 0 
1030 1080 0 
1030 1031 0 
1031 1081 0 
1031 1032 0 
1032 1082 0 
1032 1033 0 
1033 1083 0 
1033 1034 0 
1034 1084 0 
1034 1035 0 
1035 1085 0 
1035 1036 0 
1036 1086 0 
1036 1037 0 
1037 1087 0 
1037 1038 0 
1038 1088 0 
1038 1039 0 
1039 1089 0 
1039 1040 0 
1040 1090 0 
1040 1041 0 
1041 1091 0 
1041 1042 0 
1042 1092 0 
1042 1043 0 
1043 1093 0 
1043 1044 0 
1044 1094 0 
1044 1045 0 
1045 1095 0 
1045 1046 0 
1046 1096 0 
1046 1047 0 
1047 1097 0 
1047 1048 0 
1048 1098 0 
1048 1049 0 
1049 1099 0 
1049 1050 0 
1050 1100 0 
1051 1101 0 
1051 1052 0 
1052 1102 0 
1052 1053 0 
1053 1103 0 
1053 1054 0 
1054 1104 0 
1054 1055 0 
1055 1105 0 
1055 1056 0 
1056 1106 0 
1056 1057 0 
1057 1107 0 
1057 1058 0 
1058 1108 0 
1058 1059 0 
1059 1109 0 
1059 1060 0 
1060 1110 0 
1060 1061 0 
1061 1111 0 
1061 1062 0 
1062 1112 0 
1062 1063 0 
1063 1113 0 
1063 1064 0 
1064 1114 0 
1064 1065 0 
1065 1115 0 
1065 1066 0 
1066 1116 0 
1066 1067 0 
1067 1117 0 
1067 1068 0 
1068 1118 0 
1068 1069 0 
1069 1119 0 
1069 1070 0 
1070 1120 0 
1070 1071 0 
1071 1121 0 
1071 1072 0 
1072 1122 0 
1072 1073 0 
1073 1123 0 
1073 1074 0 
1074 1124 0 
1074 1075 0 
1075 1125 0 
1075 1076 0 
1076 1126 0 
1076 1077 0 
1077 1127 0 
1077 1078 0 
1078 1128 0 
1078 1079 0 
1079 1129 0 
1079 1080 0 
1080 1130 0 
1080 1081 0 
1081 1131 0 
1081 1082 0 
1082 1132 0 
1082 1083 0 
1083 1133 0 
1083 1084 0 
1084 1134 0 
1084 1085 0 
1085 1135 0 
1085 1086 0 
1086 1136 0 
1086 1087 0 
1087 1137 0 
1087 1088 0 
1088 1138 0 
1088 1089 0 
1089 1139 0 
1089 1090 0 
1090 1140 0 
1090 1091 0 
1091 1141 0 
1091 1092 0 
1092 1142 0 
1092 1093 0 
1093 1143 0 
1093 1094 0 
1094 1144 0 
1094 1095 0 
1095 1145 0 
1095 1096 0 
1096 1146 0 
1096 1097 0 
1097 1147 0 
1097 1098 0 
1098 1148 0 
1098 1099 0 
1099 1149 0 
1099 1100 0 
1100 1150 0 
1101 1151 0 
1101 1102 0 
1102 1152 0 
1102 1103 0 
1103 1153 0 
1103 1104 0 
1104 1154 0 
1104 1105 0 
1105 1155 0 
1105 1106 0 
1106 1156 0 
1106 1107 0 
1107 1157 0 
1107 1108 0 
1108 1158 0 
1108 1109 0 
1109 1159 0 
1109 1110 0 
1110 1160 0 
1110 1111 0 
1111 1161 0 
1111 1112 0 
1112 1162 0 
1112 1113 0 
1113 1163 0 
1113 1114 0 
1114 1164 0 
1114 1115 0 
1115 1165 0 
1115 1116 0 
1116 1166 0 
1116 1117 0 
1117 1167 0 
1117 1118 0 
1118 1168 0 
1118 1119 0 
1119 1169 0 
1119 1120 0 
1120 1170 0 
1120 1121 0 
1121 1171 0 
1121 1122 0 
1122 1172 0 
1122 1123 0 
1123 1173 0 
1123 1124 0 
1124 1174 0 
1124 1125 0 
1125 1175 0 
1125 1126 0 
1126 1176 0 
1126 1127 0 
1127 1177 0 
1127 1128 0 
1128 1178 0 
1128 1129 0 
1129 1179 0 
1129 1130 0 
1130 1180 0 
1130 1131 0 
1131 1181 0 
1131 1132 0 
1132 1182 0 
1132 1133 0 
1133 1183 0 
1133 1134 0 
1134 1184 0 
1134 1135 0 
1135 1185 0 
1135 1136 0 
1136 1186 0 
1136 1137 0 
1137 1187 0 
1137 1138 0 
1138 1188 0 
1138 1139 0 
1139 1189 0 
1139 1140 0 
1140 1190 0 
1140 1141 0 
1141 1191 0 
1141 1142 0 
1142 1192 0 
1142 1143 0 
1143 1193 0 
1143 1144 0 
1144 1194 0 
1144 1145 0 
1145 1195 0 
1145 1146 0 
1146 1196 0 
1146 1147 0 
1147 1197 0 
1147 1148 0 
1148 1198 0 
1148 1149 0 
1149 1199 0 
1149 1150 0 
1150 1200 0 
1151 1201 0 
1151 1152 0 
1152 1202 0 
1152 1153 0 
1153 1203 0 
1153 1154 0 
1154 1204 0 
1154 1155 0 
1155 1205 0 
1155 1156 0 
1156 1206 0 
1156 1157 0 
1157 1207 0 
1157 1158 0 
1158 1208 0 
1158 1159 0 
1159 1209 0 
1159 1160 0 
1160 1210 0 
1160 1161 0 
1161 1211 0 
1161 1162 0 
1162 1212 0 
1162 1163 0 
1163 1213 0 
1163 1164 0 
1164 1214 0 
1164 1165 0 
1165 1215 0 
1165 1166 0 
1166 1216 0 
1166 1167 0 
1167 1217 0 
1167 1168 0 
1168 1218 0 
1168 1169 0 
1169 1219 0 
1169 1170 0 
1170 1220 0 
1170 1171 0 
1171 1221 0 
1171 1172 0 
1172 1222 0 
1172 1173 0 
1173 1223 0 
1173 1174 0 
1174 1224 0 
1174 1175 0 
1175 1225 0 
1175 1176 0 
1176 1226 0 
1176 1177 0 
1177 1227 0 
1177 1178 0 
1178 1228 0 
1178 1179 0 
1179 1229 0 
1179 1180 0 
1180 1230 0 
1180 1181 0 
1181 1231 0 
1181 1182 0 
1182 1232 0 
1182 1183 0 
1183 1233 0 
1183 1184 0 
1184 1234 0 
1184 1185 0 
1185 1235 0 
1185 1186 0 
1186 1236 0 
1186 1187 0 
1187 1237 0 
1187 1188 0 
1188 1238 0 
1188 1189 0 
1189 1239 0 
1189 1190 0 
1190 1240 0 
1190 1191 0 
1191 1241 0 
1191 1192 0 
1192 1242 0 
1192 1193 0 
1193 1243 0 
1193 1194 0 
1194 1244 0 
1194 1195 0 
1195 1245 0 
1195 1196 0 
1196 1246 0 
1196 1197 0 
1197 1247 0 
1197 1198 0 
1198 1248 0 
1198 1199 0 
1199 1249 0 
1199 1200 0 
1200 1250 0 
1201 1251 0 
1201 1202 0 
1202 1252 0 
1202 1203 0 
1203 1253 0 
1203 1204 0 
1204 1254 0 
1204 1205 0 
1205 1255 0 
1205 1206 0 
1206 1256 0 
1206 1207 0 
1207 1257 0 
1207 1208 0 
1208 1258 0 
1208 1209 0 
1209 1259 0 
1209 1210 0 
1210 1260 0 
1210 1211 0 
1211 1261 0 
1211 1212 0 
1212 1262 0 
1212 1213 0 
1213 1263 0 
1213 1214 0 
1214 1264 0 
1214 1215 0 
1215 1265 0 
1215 1216 0 
1216 1266 0 
1216 1217 0 
1217 1267 0 
1217 1218 0 
1218 1268 0 
1218 1219 0 
1219 1269 0 
1219 1220 0 
1220 1270 0 
1220 1221 0 
1221 1271 0 
1221 1222 0 
1222 1272 0 
1222 1223 0 
1223 1273 0 
1223 1224 0 
1224 1274 0 
1224 1225 0 
1225 1275 0 
1225 1226 0 
1226 1276 0 
1226 1227 0 
1227 1277 0 
1227 1228 0 
1228 1278 0 
1228 1229 0 
1229 1279 0 
1229 1230 0 
1230 1280 0 
1230 1231 0 
1231 1281 0 
1231 1232 0 
1232 1282 0 
1232 1233 0 
1233 1283 0 
1233 1234 0 
1234 1284 0 
1234 1235 0 
1235 1285 0 
1235 1236 0 
1236 1286 0 
1236 1237 0 
1237 1287 0 
1237 1238 0 
1238 1288 0 
1238 1239 0 
1239 1289 0 
1239 1240 0 
1240 1290 0 
1240 1241 0 
1241 1291 0 
1241 1242 0 
1242 1292 0 
1242 1243 0 
1243 1293 0 
1243 1244 0 
1244 1294 0 
1244 1245 0 
1245 1295 0 
1245 1246 0 
1246 1296 0 
1246 1247 0 
1247 1297 0 
1247 1248 0 
1248 1298 0 
1248 1249 0 
1249 1299 0 
1249 1250 0 
1250 1300 0 
1251 1301 0 
1251 1252 0 
1252 1302 0 
1252 1253 0 
1253 1303 0 
1253 1254 0 
1254 1304 0 
1254 1255 0 
1255 1305 0 
1255 1256 0 
1256 1306 0 
1256 1257 0 
1257 1307 0 
1257 1258 0 
1258 1308 0 
1258 1259 0 
1259 1309 0 
1259 1260 0 
1260 1310 0 
1260 1261 0 
1261 1311 0 
1261 1262 0 
1262 1312 0 
1262 1263 0 
1263 1313 0 
1263 1264 0 
1264 1314 0 
1264 1265 0 
1265 1315 0 
1265 1266 0 
1266 1316 0 
1266 1267 0 
1267 1317 0 
1267 1268 0 
1268 1318 0 
1268 1269 0 
1269 1319 0 
1269 1270 0 
1270 1320 0 
1270 1271 0 
1271 1321 0 
1271 1272 0 
1272 1322 0 
1272 1273 0 
1273 1323 0 
1273 1274 0 
1274 1324 0 
1274 1275 0 
1275 1325 0 
1275 1276 0 
1276 1326 0 
1276 1277 0 
1277 1327 0 
1277 1278 0 
1278 1328 0 
1278 1279 0 
1279 1329 0 
1279 1280 0 
1280 1330 0 
1280 1281 0 
1281 1331 0 
1281 1282 0 
1282 1332 0 
1282 1283 0 
1283 1333 0 
1283 1284 0 
1284 1334 0 
1284 1285 0 
1285 1335 0 
1285 1286 0 
1286 1336 0 
1286 1287 0 
1287 1337 0 
1287 1288 0 
1288 1338 0 
1288 1289 0 
1289 1339 0 
1289 1290 0 
1290 1340 0 
1290 1291 0 
1291 1341 0 
1291 1292 0 
1292 1342 0 
1292 1293 0 
1293 1343 0 
1293 1294 0 
1294 1344 0 
1294 1295 0 
1295 1345 0 
1295 1296 0 
1296 1346 0 
1296 1297 0 
1297 1347 0 
1297 1298 0 
1298 1348 0 
1298 1299 0 
1299 1349 0 
1299 1300 0 
1300 1350 0 
1301 1351 0 
1301 1302 0 
1302 1352 0 
1302 1303 0 
1303 1353 0 
1303 1304 0 
1304 1354 0 
1304 1305 0 
1305 1355 0 
1305 1306 0 
1306 1356 0 
1306 1307 0 
1307 1357 0 
1307 1308 0 
1308 1358 0 
1308 1309 0 
1309 1359 0 
1309 1310 0 
1310 1360 0 
1310 1311 0 
1311 1361 0 
1311 1312 0 
1312 1362 0 
1312 1313 0 
1313 1363 0 
1313 1314 0 
1314 1364 0 
1314 1315 0 
1315 1365 0 
1315 1316 0 
1316 1366 0 
1316 1317 0 
1317 1367 0 
1317 1318 0 
1318 1368 0 
1318 1319 0 
1319 1369 0 
1319 1320 0 
1320 1370 0 
1320 1321 0 
1321 1371 0 
1321 1322 0 
1322 1372 0 
1322 1323 0 
1323 1373 0 
1323 1324 0 
1324 1374 0 
1324 1325 0 
1325 1375 0 
1325 1326 0 
1326 1376 0 
1326 1327 0 
1327 1377 0 
1327 1328 0 
1328 1378 0 
1328 1329 0 
1329 1379 0 
1329 1330 0 
1330 1380 0 
1330 1331 0 
1331 1381 0 
1331 1332 0 
1332 1382 0 
1332 1333 0 
1333 1383 0 
1333 1334 0 
1334 1384 0 
1334 1335 0 
1335 1385 0 
1335 1336 0 
1336 1386 0 
1336 1337 0 
1337 1387 0 
1337 1338 0 
1338 1388 0 
1338 1339 0 
1339 1389 0 
1339 1340 0 
1340 1390 0 
1340 1341 0 
1341 1391 0 
1341 1342 0 
1342 1392 0 
1342 1343 0 
1343 1393 0 
1343 1344 0 
1344 1394 0 
1344 1345 0 
1345 1395 0 
1345 1346 0 
1346 1396 0 
1346 1347 0 
1347 1397 0 
1347 1348 0 
1348 1398 0 
1348 1349 0 
1349 1399 0 
1349 1350 0 
1350 1400 0 
1351 1401 0 
1351 1352 0 
1352 1402 0 
1352 1353 0 
1353 1403 0 
1353 1354 0 
1354 1404 0 
1354 1355 0 
1355 1405 0 
1355 1356 0 
1356 1406 0 
1356 1357 0 
1357 1407 0 
1357 1358 0 
1358 1408 0 
1358 1359 0 
1359 1409 0 
1359 1360 0 
1360 1410 0 
1360 1361 0 
1361 1411 0 
1361 1362 0 
1362 1412 0 
1362 1363 0 
1363 1413 0 
1363 1364 0 
1364 1414 0 
1364 1365 0 
1365 1415 0 
1365 1366 0 
1366 1416 0 
1366 1367 0 
1367 1417 0 
1367 1368 0 
1368 1418 0 
1368 1369 0 
1369 1419 0 
1369 1370 0 
1370 1420 0 
1370 1371 0 
1371 1421 0 
1371 1372 0 
1372 1422 0 
1372 1373 0 
1373 1423 0 
1373 1374 0 
1374 1424 0 
1374 1375 0 
1375 1425 0 
1375 1376 0 
1376 1426 0 
1376 1377 0 
1377 1427 0 
1377 1378 0 
1378 1428 0 
1378 1379 0 
1379 1429 0 
1379 1380 0 
1380 1430 0 
1380 1381 0 
1381 1431 0 
1381 1382 0 
1382 1432 0 
1382 1383 0 
1383 1433 0 
1383 1384 0 
1384 1434 0 
1384 1385 0 
1385 1435 0 
1385 1386 0 
1386 1436 0 
1386 1387 0 
1387 1437 0 
1387 1388 0 
1388 1438 0 
1388 1389 0 
1389 1439 0 
1389 1390 0 
1390 1440 0 
1390 1391 0 
1391 1441 0 
1391 1392 0 
1392 1442 0 
1392 1393 0 
1393 1443 0 
1393 1394 0 
1394 1444 0 
1394 1395 0 
1395 1445 0 
1395 1396 0 
1396 1446 0 
1396 1397 0 
1397 1447 0 
1397 1398 0 
1398 1448 0 
1398 1399 0 
1399 1449 0 
1399 1400 0 
1400 1450 0 
1401 1451 0 
1401 1402 0 
1402 1452 0 
1402 1403 0 
1403 1453 0 
1403 1404 0 
1404 1454 0 
1404 1405 0 
1405 1455 0 
1405 1406 0 
1406 1456 0 
1406 1407 0 
1407 1457 0 
1407 1408 0 
1408 1458 0 
1408 1409 0 
1409 1459 0 
1409 1410 0 
1410 1460 0 
1410 1411 0 
1411 1461 0 
1411 1412 0 
1412 1462 0 
1412 1413 0 
1413 1463 0 
1413 1414 0 
1414 1464 0 
1414 1415 0 
1415 1465 0 
1415 1416 0 
1416 1466 0 
1416 1417 0 
1417 1467 0 
1417 1418 0 
1418 1468 0 
1418 1419 0 
1419 1469 0 
1419 1420 0 
1420 1470 0 
1420 1421 0 
1421 1471 0 
1421 1422 0 
1422 1472 0 
1422 1423 0 
1423 1473 0 
1423 1424 0 
1424 1474 0 
1424 1425 0 
1425 1475 0 
1425 1426 0 
1426 1476 0 
1426 1427 0 
1427 1477 0 
1427 1428 0 
1428 1478 0 
1428 1429 0 
1429 1479 0 
1429 1430 0 
1430 1480 0 
1430 1431 0 
1431 1481 0 
1431 1432 0 
1432 1482 0 
1432 1433 0 
1433 1483 0 
1433 1434 0 
1434 1484 0 
1434 1435 0 
1435 1485 0 
1435 1436 0 
1436 1486 0 
1436 1437 0 
1437 1487 0 
1437 1438 0 
1438 1488 0 
1438 1439 0 
1439 1489 0 
1439 1440 0 
1440 1490 0 
1440 1441 0 
1441 1491 0 
1441 1442 0 
1442 1492 0 
1442 1443 0 
1443 1493 0 
1443 1444 0 
1444 1494 0 
1444 1445 0 
1445 1495 0 
1445 1446 0 
1446 1496 0 
1446 1447 0 
1447 1497 0 
1447 1448 0 
1448 1498 0 
1448 1449 0 
1449 1499 0 
1449 1450 0 
1450 1500 0 
1451 1501 0 
1451 1452 0 
1452 1502 0 
1452 1453 0 
1453 1503 0 
1453 1454 0 
1454 1504 0 
1454 1455 0 
1455 1505 0 
1455 1456 0 
1456 1506 0 
1456 1457 0 
1457 1507 0 
1457 1458 0 
1458 1508 0 
1458 1459 0 
1459 1509 0 
1459 1460 0 
1460 1510 0 
1460 1461 0 
1461 1511 0 
1461 1462 0 
1462 1512 0 
1462 1463 0 
1463 1513 0 
1463 1464 0 
1464 1514 0 
1464 1465 0 
1465 1515 0 
1465 1466 0 
1466 1516 0 
1466 1467 0 
1467 1517 0 
1467 1468 0 
1468 1518 0 
1468 1469 0 
1469 1519 0 
1469 1470 0 
1470 1520 0 
1470 1471 0 
1471 1521 0 
1471 1472 0 
1472 1522 0 
1472 1473 0 
1473 1523 0 
1473 1474 0 
1474 1524 0 
1474 1475 0 
1475 1525 0 
1475 1476 0 
1476 1526 0 
1476 1477 0 
1477 1527 0 
1477 1478 0 
1478 1528 0 
1478 1479 0 
1479 1529 0 
1479 1480 0 
1480 1530 0 
1480 1481 0 
1481 1531 0 
1481 1482 0 
1482 1532 0 
1482 1483 0 
1483 1533 0 
1483 1484 0 
1484 1534 0 
1484 1485 0 
1485 1535 0 
1485 1486 0 
1486 1536 0 
1486 1487 0 
1487 1537 0 
1487 1488 0 
1488 1538 0 
1488 1489 0 
1489 1539 0 
1489 1490 0 
1490 1540 0 
1490 1491 0 
1491 1541 0 
1491 1492 0 
1492 1542 0 
1492 1493 0 
1493 1543 0 
1493 1494 0 
1494 1544 0 
1494 1495 0 
1495 1545 0 
1495 1496 0 
1496 1546 0 
1496 1497 0 
1497 1547 0 
1497 1498 0 
1498 1548 0 
1498 1499 0 
1499 1549 0 
1499 1500 0 
1500 1550 0 
1501 1551 0 
1501 1502 0 
1502 1552 0 
1502 1503 0 
1503 1553 0 
1503 1504 0 
1504 1554 0 
1504 1505 0 
1505 1555 0 
1505 1506 0 
1506 1556 0 
1506 1507 0 
1507 1557 0 
1507 1508 0 
1508 1558 0 
1508 1509 0 
1509 1559 0 
1509 1510 0 
1510 1560 0 
1510 1511 0 
1511 1561 0 
1511 1512 0 
1512 1562 0 
1512 1513 0 
1513 1563 0 
1513 1514 0 
1514 1564 0 
1514 1515 0 
1515 1565 0 
1515 1516 0 
1516 1566 0 
1516 1517 0 
1517 1567 0 
1517 1518 0 
1518 1568 0 
1518 1519 0 
1519 1569 0 
1519 1520 0 
1520 1570 0 
1520 1521 0 
1521 1571 0 
1521 1522 0 
1522 1572 0 
1522 1523 0 
1523 1573 0 
1523 1524 0 
1524 1574 0 
1524 1525 0 
1525 1575 0 
1525 1526 0 
1526 1576 0 
1526 1527 0 
1527 1577 0 
1527 1528 0 
1528 1578 0 
1528 1529 0 
1529 1579 0 
1529 1530 0 
1530 1580 0 
1530 1531 0 
1531 1581 0 
1531 1532 0 
1532 1582 0 
1532 1533 0 
1533 1583 0 
1533 1534 0 
1534 1584 0 
1534 1535 0 
1535 1585 0 
1535 1536 0 
1536 1586 0 
1536 1537 0 
1537 1587 0 
1537 1538 0 
1538 1588 0 
1538 1539 0 
1539 1589 0 
1539 1540 0 
1540 1590 0 
1540 1541 0 
1541 1591 0 
1541 1542 0 
1542 1592 0 
1542 1543 0 
1543 1593 0 
1543 1544 0 
1544 1594 0 
1544 1545 0 
1545 1595 0 
1545 1546 0 
1546 1596 0 
1546 1547 0 
1547 1597 0 
1547 1548 0 
1548 1598 0 
1548 1549 0 
1549 1599 0 
1549 1550 0 
1550 1600 0 
1551 1601 0 
1551 1552 0 
1552 1602 0 
1552 1553 0 
1553 1603 0 
1553 1554 0 
1554 1604 0 
1554 1555 0 
1555 1605 0 
1555 1556 0 
1556 1606 0 
1556 1557 0 
1557 1607 0 
1557 1558 0 
1558 1608 0 
1558 1559 0 
1559 1609 0 
1559 1560 0 
1560 1610 0 
1560 1561 0 
1561 1611 0 
1561 1562 0 
1562 1612 0 
1562 1563 0 
1563 1613 0 
1563 1564 0 
1564 1614 0 
1564 1565 0 
1565 1615 0 
1565 1566 0 
1566 1616 0 
1566 1567 0 
1567 1617 0 
1567 1568 0 
1568 1618 0 
1568 1569 0 
1569 1619 0 
1569 1570 0 
1570 1620 0 
1570 1571 0 
1571 1621 0 
1571 1572 0 
1572 1622 0 
1572 1573 0 
1573 1623 0 
1573 1574 0 
1574 1624 0 
1574 1575 0 
1575 1625 0 
1575 1576 0 
1576 1626 0 
1576 1577 0 
1577 1627 0 
1577 1578 0 
1578 1628 0 
1578 1579 0 
1579 1629 0 
1579 1580 0 
1580 1630 0 
1580 1581 0 
1581 1631 0 
1581 1582 0 
1582 1632 0 
1582 1583 0 
1583 1633 0 
1583 1584 0 
1584 1634 0 
1584 1585 0 
1585 1635 0 
1585 1586 0 
1586 1636 0 
1586 1587 0 
1587 1637 0 
1587 1588 0 
1588 1638 0 
1588 1589 0 
1589 1639 0 
1589 1590 0 
1590 1640 0 
1590 1591 0 
1591 1641 0 
1591 1592 0 
1592 1642 0 
1592 1593 0 
1593 1643 0 
1593 1594 0 
1594 1644 0 
1594 1595 0 
1595 1645 0 
1595 1596 0 
1596 1646 0 
1596 1597 0 
1597 1647 0 
1597 1598 0 
1598 1648 0 
1598 1599 0 
1599 1649 0 
1599 1600 0 
1600 1650 0 
1601 1651 0 
1601 1602 0 
1602 1652 0 
1602 1603 0 
1603 1653 0 
1603 1604 0 
1604 1654 0 
1604 1605 0 
1605 1655 0 
1605 1606 0 
1606 1656 0 
1606 1607 0 
1607 1657 0 
1607 1608 0 
1608 1658 0 
1608 1609 0 
1609 1659 0 
1609 1610 0 
1610 1660 0 
1610 1611 0 
1611 1661 0 
1611 1612 0 
1612 1662 0 
1612 1613 0 
1613 1663 0 
1613 1614 0 
1614 1664 0 
1614 1615 0 
1615 1665 0 
1615 1616 0 
1616 1666 0 
1616 1617 0 
1617 1667 0 
1617 1618 0 
1618 1668 0 
1618 1619 0 
1619 1669 0 
1619 1620 0 
1620 1670 0 
1620 1621 0 
1621 1671 0 
1621 1622 0 
1622 1672 0 
1622 1623 0 
1623 1673 0 
1623 1624 0 
1624 1674 0 
1624 1625 0 
1625 1675 0 
1625 1626 0 
1626 1676 0 
1626 1627 0 
1627 1677 0 
1627 1628 0 
1628 1678 0 
1628 1629 0 
1629 1679 0 
1629 1630 0 
1630 1680 0 
1630 1631 0 
1631 1681 0 
1631 1632 0 
1632 1682 0 
1632 1633 0 
1633 1683 0 
1633 1634 0 
1634 1684 0 
1634 1635 0 
1635 1685 0 
1635 1636 0 
1636 1686 0 
1636 1637 0 
1637 1687 0 
1637 1638 0 
1638 1688 0 
1638 1639 0 
1639 1689 0 
1639 1640 0 
1640 1690 0 
1640 1641 0 
1641 1691 0 
1641 1642 0 
1642 1692 0 
1642 1643 0 
1643 1693 0 
1643 1644 0 
1644 1694 0 
1644 1645 0 
1645 1695 0 
1645 1646 0 
1646 1696 0 
1646 1647 0 
1647 1697 0 
1647 1648 0 
1648 1698 0 
1648 1649 0 
1649 1699 0 
1649 1650 0 
1650 1700 0 
1651 1701 0 
1651 1652 0 
1652 1702 0 
1652 1653 0 
1653 1703 0 
1653 1654 0 
1654 1704 0 
1654 1655 0 
1655 1705 0 
1655 1656 0 
1656 1706 0 
1656 1657 0 
1657 1707 0 
1657 1658 0 
1658 1708 0 
1658 1659 0 
1659 1709 0 
1659 1660 0 
1660 1710 0 
1660 1661 0 
1661 1711 0 
1661 1662 0 
1662 1712 0 
1662 1663 0 
1663 1713 0 
1663 1664 0 
1664 1714 0 
1664 1665 0 
1665 1715 0 
1665 1666 0 
1666 1716 0 
1666 1667 0 
1667 1717 0 
1667 1668 0 
1668 1718 0 
1668 1669 0 
1669 1719 0 
1669 1670 0 
1670 1720 0 
1670 1671 0 
1671 1721 0 
1671 1672 0 
1672 1722 0 
1672 1673 0 
1673 1723 0 
1673 1674 0 
1674 1724 0 
1674 1675 0 
1675 1725 0 
1675 1676 0 
1676 1726 0 
1676 1677 0 
1677 1727 0 
1677 1678 0 
1678 1728 0 
1678 1679 0 
1679 1729 0 
1679 1680 0 
1680 1730 0 
1680 1681 0 
1681 1731 0 
1681 1682 0 
1682 1732 0 
1682 1683 0 
1683 1733 0 
1683 1684 0 
1684 1734 0 
1684 1685 0 
1685 1735 0 
1685 1686 0 
1686 1736 0 
1686 1687 0 
1687 1737 0 
1687 1688 0 
1688 1738 0 
1688 1689 0 
1689 1739 0 
1689 1690 0 
1690 1740 0 
1690 1691 0 
1691 1741 0 
1691 1692 0 
1692 1742 0 
1692 1693 0 
1693 1743 0 
1693 1694 0 
1694 1744 0 
1694 1695 0 
1695 1745 0 
1695 1696 0 
1696 1746 0 
1696 1697 0 
1697 1747 0 
1697 1698 0 
1698 1748 0 
1698 1699 0 
1699 1749 0 
1699 1700 0 
1700 1750 0 
1701 1751 0 
1701 1702 0 
1702 1752 0 
1702 1703 0 
1703 1753 0 
1703 1704 0 
1704 1754 0 
1704 1705 0 
1705 1755 0 
1705 1706 0 
1706 1756 0 
1706 1707 0 
1707 1757 0 
1707 1708 0 
1708 1758 0 
1708 1709 0 
1709 1759 0 
1709 1710 0 
1710 1760 0 
1710 1711 0 
1711 1761 0 
1711 1712 0 
1712 1762 0 
1712 1713 0 
1713 1763 0 
1713 1714 0 
1714 1764 0 
1714 1715 0 
1715 1765 0 
1715 1716 0 
1716 1766 0 
1716 1717 0 
1717 1767 0 
1717 1718 0 
1718 1768 0 
1718 1719 0 
1719 1769 0 
1719 1720 0 
1720 1770 0 
1720 1721 0 
1721 1771 0 
1721 1722 0 
1722 1772 0 
1722 1723 0 
1723 1773 0 
1723 1724 0 
1724 1774 0 
1724 1725 0 
1725 1775 0 
1725 1726 0 
1726 1776 0 
1726 1727 0 
1727 1777 0 
1727 1728 0 
1728 1778 0 
1728 1729 0 
1729 1779 0 
1729 1730 0 
1730 1780 0 
1730 1731 0 
1731 1781 0 
1731 1732 0 
1732 1782 0 
1732 1733 0 
1733 1783 0 
1733 1734 0 
1734 1784 0 
1734 1735 0 
1735 1785 0 
1735 1736 0 
1736 1786 0 
1736 1737 0 
1737 1787 0 
1737 1738 0 
1738 1788 0 
1738 1739 0 
1739 1789 0 
1739 1740 0 
1740 1790 0 
1740 1741 0 
1741 1791 0 
1741 1742 0 
1742 1792 0 
1742 1743 0 
1743 1793 0 
1743 1744 0 
1744 1794 0 
1744 1745 0 
1745 1795 0 
1745 1746 0 
1746 1796 0 
1746 1747 0 
1747 1797 0 
1747 1748 0 
1748 1798 0 
1748 1749 0 
1749 1799 0 
1749 1750 0 
1750 1800 0 
1751 1801 0 
1751 1752 0 
1752 1802 0 
1752 1753 0 
1753 1803 0 
1753 1754 0 
1754 1804 0 
1754 1755 0 
1755 1805 0 
1755 1756 0 
1756 1806 0 
1756 1757 0 
1757 1807 0 
1757 1758 0 
1758 1808 0 
1758 1759 0 
1759 1809 0 
1759 1760 0 
1760 1810 0 
1760 1761 0 
1761 1811 0 
1761 1762 0 
1762 1812 0 
1762 1763 0 
1763 1813 0 
1763 1764 0 
1764 1814 0 
1764 1765 0 
1765 1815 0 
1765 1766 0 
1766 1816 0 
1766 1767 0 
1767 1817 0 
1767 1768 0 
1768 1818 0 
1768 1769 0 
1769 1819 0 
1769 1770 0 
1770 1820 0 
1770 1771 0 
1771 1821 0 
1771 1772 0 
1772 1822 0 
1772 1773 0 
1773 1823 0 
1773 1774 0 
1774 1824 0 
1774 1775 0 
1775 1825 0 
1775 1776 0 
1776 1826 0 
1776 1777 0 
1777 1827 0 
1777 1778 0 
1778 1828 0 
1778 1779 0 
1779 1829 0 
1779 1780 0 
1780 1830 0 
1780 1781 0 
1781 1831 0 
1781 1782 0 
1782 1832 0 
1782 1783 0 
1783 1833 0 
1783 1784 0 
1784 1834 0 
1784 1785 0 
1785 1835 0 
1785 1786 0 
1786 1836 0 
1786 1787 0 
1787 1837 0 
1787 1788 0 
1788 1838 0 
1788 1789 0 
1789 1839 0 
1789 1790 0 
1790 1840 0 
1790 1791 0 
1791 1841 0 
1791 1792 0 
1792 1842 0 
1792 1793 0 
1793 1843 0 
1793 1794 0 
1794 1844 0 
1794 1795 0 
1795 1845 0 
1795 1796 0 
1796 1846 0 
1796 1797 0 
1797 1847 0 
1797 1798 0 
1798 1848 0 
1798 1799 0 
1799 1849 0 
1799 1800 0 
1800 1850 0 
1801 1851 0 
1801 1802 0 
1802 1852 0 
1802 1803 0 
1803 1853 0 
1803 1804 0 
1804 1854 0 
1804 1805 0 
1805 1855 0 
1805 1806 0 
1806 1856 0 
1806 1807 0 
1807 1857 0 
1807 1808 0 
1808 1858 0 
1808 1809 0 
1809 1859 0 
1809 1810 0 
1810 1860 0 
1810 1811 0 
1811 1861 0 
1811 1812 0 
1812 1862 0 
1812 1813 0 
1813 1863 0 
1813 1814 0 
1814 1864 0 
1814 1815 0 
1815 1865 0 
1815 1816 0 
1816 1866 0 
1816 1817 0 
1817 1867 0 
1817 1818 0 
1818 1868 0 
1818 1819 0 
1819 1869 0 
1819 1820 0 
1820 1870 0 
1820 1821 0 
1821 1871 0 
1821 1822 0 
1822 1872 0 
1822 1823 0 
1823 1873 0 
1823 1824 0 
1824 1874 0 
1824 1825 0 
1825 1875 0 
1825 1826 0 
1826 1876 0 
1826 1827 0 
1827 1877 0 
1827 1828 0 
1828 1878 0 
1828 1829 0 
1829 1879 0 
1829 1830 0 
1830 1880 0 
1830 1831 0 
1831 1881 0 
1831 1832 0 
1832 1882 0 
1832 1833 0 
1833 1883 0 
1833 1834 0 
1834 1884 0 
1834 1835 0 
1835 1885 0 
1835 1836 0 
1836 1886 0 
1836 1837 0 
1837 1887 0 
1837 1838 0 
1838 1888 0 
1838 1839 0 
1839 1889 0 
1839 1840 0 
1840 1890 0 
1840 1841 0 
1841 1891 0 
1841 1842 0 
1842 1892 0 
1842 1843 0 
1843 1893 0 
1843 1844 0 
1844 1894 0 
1844 1845 0 
1845 1895 0 
1845 1846 0 
1846 1896 0 
1846 1847 0 
1847 1897 0 
1847 1848 0 
1848 1898 0 
1848 1849 0 
1849 1899 0 
1849 1850 0 
1850 1900 0 
1851 1901 0 
1851 1852 0 
1852 1902 0 
1852 1853 0 
1853 1903 0 
1853 1854 0 
1854 1904 0 
1854 1855 0 
1855 1905 0 
1855 1856 0 
1856 1906 0 
1856 1857 0 
1857 1907 0 
1857 1858 0 
1858 1908 0 
1858 1859 0 
1859 1909 0 
1859 1860 0 
1860 1910 0 
1860 1861 0 
1861 1911 0 
1861 1862 0 
1862 1912 0 
1862 1863 0 
1863 1913 0 
1863 1864 0 
1864 1914 0 
1864 1865 0 
1865 1915 0 
1865 1866 0 
1866 1916 0 
1866 1867 0 
1867 1917 0 
1867 1868 0 
1868 1918 0 
1868 1869 0 
1869 1919 0 
1869 1870 0 
1870 1920 0 
1870 1871 0 
1871 1921 0 
1871 1872 0 
1872 1922 0 
1872 1873 0 
1873 1923 0 
1873 1874 0 
1874 1924 0 
1874 1875 0 
1875 1925 0 
1875 1876 0 
1876 1926 0 
1876 1877 0 
1877 1927 0 
1877 1878 0 
1878 1928 0 
1878 1879 0 
1879 1929 0 
1879 1880 0 
1880 1930 0 
1880 1881 0 
1881 1931 0 
1881 1882 0 
1882 1932 0 
1882 1883 0 
1883 1933 0 
1883 1884 0 
1884 1934 0 
1884 1885 0 
1885 1935 0 
1885 1886 0 
1886 1936 0 
1886 1887 0 
1887 1937 0 
1887 1888 0 
1888 1938 0 
1888 1889 0 
1889 1939 0 
1889 1890 0 
1890 1940 0 
1890 1891 0 
1891 1941 0 
1891 1892 0 
1892 1942 0 
1892 1893 0 
1893 1943 0 
1893 1894 0 
1894 1944 0 
1894 1895 0 
1895 1945 0 
1895 1896 0 
1896 1946 0 
1896 1897 0 
1897 1947 0 
1897 1898 0 
1898 1948 0 
1898 1899 0 
1899 1949 0 
1899 1900 0 
1900 1950 0 
1901 1951 0 
1901 1902 0 
1902 1952 0 
1902 1903 0 
1903 1953 0 
1903 1904 0 
1904 1954 0 
1904 1905 0 
1905 1955 0 
1905 1906 0 
1906 1956 0 
1906 1907 0 
1907 1957 0 
1907 1908 0 
1908 1958 0 
1908 1909 0 
1909 1959 0 
1909 1910 0 
1910 1960 0 
1910 1911 0 
1911 1961 0 
1911 1912 0 
1912 1962 0 
1912 1913 0 
1913 1963 0 
1913 1914 0 
1914 1964 0 
1914 1915 0 
1915 1965 0 
1915 1916 0 
1916 1966 0 
1916 1917 0 
1917 1967 0 
1917 1918 0 
1918 1968 0 
1918 1919 0 
1919 1969 0 
1919 1920 0 
1920 1970 0 
1920 1921 0 
1921 1971 0 
1921 1922 0 
1922 1972 0 
1922 1923 0 
1923 1973 0 
1923 1924 0 
1924 1974 0 
1924 1925 0 
1925 1975 0 
1925 1926 0 
1926 1976 0 
1926 1927 0 
1927 1977 0 
1927 1928 0 
1928 1978 0 
1928 1929 0 
1929 1979 0 
1929 1930 0 
1930 1980 0 
1930 1931 0 
1931 1981 0 
1931 1932 0 
1932 1982 0 
1932 1933 0 
1933 1983 0 
1933 1934 0 
1934 1984 0 
1934 1935 0 
1935 1985 0 
1935 1936 0 
1936 1986 0 
1936 1937 0 
1937 1987 0 
1937 1938 0 
1938 1988 0 
1938 1939 0 
1939 1989 0 
1939 1940 0 
1940 1990 0 
1940 1941 0 
1941 1991 0 
1941 1942 0 
1942 1992 0 
1942 1943 0 
1943 1993 0 
1943 1944 0 
1944 1994 0 
1944 1945 0 
1945 1995 0 
1945 1946 0 
1946 1996 0 
1946 1947 0 
1947 1997 0 
1947 1948 0 
1948 1998 0 
1948 1949 0 
1949 1999 0 
1949 1950 0 
1950 2000 0 
1951 2001 0 
1951 1952 0 
1952 2002 0 
1952 1953 0 
1953 2003 0 
1953 1954 0 
1954 2004 0 
1954 1955 0 
1955 2005 0 
1955 1956 0 
1956 2006 0 
1956 1957 0 
1957 2007 0 
1957 1958 0 
1958 2008 0 
1958 1959 0 
1959 2009 0 
1959 1960 0 
1960 2010 0 
1960 1961 0 
1961 2011 0 
1961 1962 0 
1962 2012 0 
1962 1963 0 
1963 2013 0 
1963 1964 0 
1964 2014 0 
1964 1965 0 
1965 2015 0 
1965 1966 0 
1966 2016 0 
1966 1967 0 
1967 2017 0 
1967 1968 0 
1968 2018 0 
1968 1969 0 
1969 2019 0 
1969 1970 0 
1970 2020 0 
1970 1971 0 
1971 2021 0 
1971 1972 0 
1972 2022 0 
1972 1973 0 
1973 2023 0 
1973 1974 0 
1974 2024 0 
1974 1975 0 
1975 2025 0 
1975 1976 0 
1976 2026 0 
1976 1977 0 
1977 2027 0 
1977 1978 0 
1978 2028 0 
1978 1979 0 
1979 2029 0 
1979 1980 0 
1980 2030 0 
1980 1981 0 
1981 2031 0 
1981 1982 0 
1982 2032 0 
1982 1983 0 
1983 2033 0 
1983 1984 0 
1984 2034 0 
1984 1985 0 
1985 2035 0 
1985 1986 0 
1986 2036 0 
1986 1987 0 
1987 2037 0 
1987 1988 0 
1988 2038 0 
1988 1989 0 
1989 2039 0 
1989 1990 0 
1990 2040 0 
1990 1991 0 
1991 2041 0 
1991 1992 0 
1992 2042 0 
1992 1993 0 
1993 2043 0 
1993 1994 0 
1994 2044 0 
1994 1995 0 
1995 2045 0 
1995 1996 0 
1996 2046 0 
1996 1997 0 
1997 2047 0 
1997 1998 0 
1998 2048 0 
1998 1999 0 
1999 2049 0 
1999 2000 0 
2000 2050 0 
2001 2051 0 
2001 2002 0 
2002 2052 0 
2002 2003 0 
2003 2053 0 
2003 2004 0 
2004 2054 0 
2004 2005 0 
2005 2055 0 
2005 2006 0 
2006 2056 0 
2006 2007 0 
2007 2057 0 
2007 2008 0 
2008 2058 0 
2008 2009 0 
2009 2059 0 
2009 2010 0 
2010 2060 0 
2010 2011 0 
2011 2061 0 
2011 2012 0 
2012 2062 0 
2012 2013 0 
2013 2063 0 
2013 2014 0 
2014 2064 0 
2014 2015 0 
2015 2065 0 
2015 2016 0 
2016 2066 0 
2016 2017 0 
2017 2067 0 
2017 2018 0 
2018 2068 0 
2018 2019 0 
2019 2069 0 
2019 2020 0 
2020 2070 0 
2020 2021 0 
2021 2071 0 
2021 2022 0 
2022 2072 0 
2022 2023 0 
2023 2073 0 
2023 2024 0 
2024 2074 0 
2024 2025 0 
2025 2075 0 
2025 2026 0 
2026 2076 0 
2026 2027 0 
2027 2077 0 
2027 2028 0 
2028 2078 0 
2028 2029 0 
2029 2079 0 
2029 2030 0 
2030 2080 0 
2030 2031 0 
2031 2081 0 
2031 2032 0 
2032 2082 0 
2032 2033 0 
2033 2083 0 
2033 2034 0 
2034 2084 0 
2034 2035 0 
2035 2085 0 
2035 2036 0 
2036 2086 0 
2036 2037 0 
2037 2087 0 
2037 2038 0 
2038 2088 0 
2038 2039 0 
2039 2089 0 
2039 2040 0 
2040 2090 0 
2040 2041 0 
2041 2091 0 
2041 2042 0 
2042 2092 0 
2042 2043 0 
2043 2093 0 
2043 2044 0 
2044 2094 0 
2044 2045 0 
2045 2095 0 
2045 2046 0 
2046 2096 0 
2046 2047 0 
2047 2097 0 
2047 2048 0 
2048 2098 0 
2048 2049 0 
2049 2099 0 
2049 2050 0 
2050 2100 0 
2051 2101 0 
2051 2052 0 
2052 2102 0 
2052 2053 0 
2053 2103 0 
2053 2054 0 
2054 2104 0 
2054 2055 0 
2055 2105 0 
2055 2056 0 
2056 2106 0 
2056 2057 0 
2057 2107 0 
2057 2058 0 
2058 2108 0 
2058 2059 0 
2059 2109 0 
2059 2060 0 
2060 2110 0 
2060 2061 0 
2061 2111 0 
2061 2062 0 
2062 2112 0 
2062 2063 0 
2063 2113 0 
2063 2064 0 
2064 2114 0 
2064 2065 0 
2065 2115 0 
2065 2066 0 
2066 2116 0 
2066 2067 0 
2067 2117 0 
2067 2068 0 
2068 2118 0 
2068 2069 0 
2069 2119 0 
2069 2070 0 
2070 2120 0 
2070 2071 0 
2071 2121 0 
2071 2072 0 
2072 2122 0 
2072 2073 0 
2073 2123 0 
2073 2074 0 
2074 2124 0 
2074 2075 0 
2075 2125 0 
2075 2076 0 
2076 2126 0 
2076 2077 0 
2077 2127 0 
2077 2078 0 
2078 2128 0 
2078 2079 0 
2079 2129 0 
2079 2080 0 
2080 2130 0 
2080 2081 0 
2081 2131 0 
2081 2082 0 
2082 2132 0 
2082 2083 0 
2083 2133 0 
2083 2084 0 
2084 2134 0 
2084 2085 0 
2085 2135 0 
2085 2086 0 
2086 2136 0 
2086 2087 0 
2087 2137 0 
2087 2088 0 
2088 2138 0 
2088 2089 0 
2089 2139 0 
2089 2090 0 
2090 2140 0 
2090 2091 0 
2091 2141 0 
2091 2092 0 
2092 2142 0 
2092 2093 0 
2093 2143 0 
2093 2094 0 
2094 2144 0 
2094 2095 0 
2095 2145 0 
2095 2096 0 
2096 2146 0 
2096 2097 0 
2097 2147 0 
2097 2098 0 
2098 2148 0 
2098 2099 0 
2099 2149 0 
2099 2100 0 
2100 2150 0 
2101 2151 0 
2101 2102 0 
2102 2152 0 
2102 2103 0 
2103 2153 0 
2103 2104 0 
2104 2154 0 
2104 2105 0 
2105 2155 0 
2105 2106 0 
2106 2156 0 
2106 2107 0 
2107 2157 0 
2107 2108 0 
2108 2158 0 
2108 2109 0 
2109 2159 0 
2109 2110 0 
2110 2160 0 
2110 2111 0 
2111 2161 0 
2111 2112 0 
2112 2162 0 
2112 2113 0 
2113 2163 0 
2113 2114 0 
2114 2164 0 
2114 2115 0 
2115 2165 0 
2115 2116 0 
2116 2166 0 
2116 2117 0 
2117 2167 0 
2117 2118 0 
2118 2168 0 
2118 2119 0 
2119 2169 0 
2119 2120 0 
2120 2170 0 
2120 2121 0 
2121 2171 0 
2121 2122 0 
2122 2172 0 
2122 2123 0 
2123 2173 0 
2123 2124 0 
2124 2174 0 
2124 2125 0 
2125 2175 0 
2125 2126 0 
2126 2176 0 
2126 2127 0 
2127 2177 0 
2127 2128 0 
2128 2178 0 
2128 2129 0 
2129 2179 0 
2129 2130 0 
2130 2180 0 
2130 2131 0 
2131 2181 0 
2131 2132 0 
2132 2182 0 
2132 2133 0 
2133 2183 0 
2133 2134 0 
2134 2184 0 
2134 2135 0 
2135 2185 0 
2135 2136 0 
2136 2186 0 
2136 2137 0 
2137 2187 0 
2137 2138 0 
2138 2188 0 
2138 2139 0 
2139 2189 0 
2139 2140 0 
2140 2190 0 
2140 2141 0 
2141 2191 0 
2141 2142 0 
2142 2192 0 
2142 2143 0 
2143 2193 0 
2143 2144 0 
2144 2194 0 
2144 2145 0 
2145 2195 0 
2145 2146 0 
2146 2196 0 
2146 2147 0 
2147 2197 0 
2147 2148 0 
2148 2198 0 
2148 2149 0 
2149 2199 0 
2149 2150 0 
2150 2200 0 
2151 2201 0 
2151 2152 0 
2152 2202 0 
2152 2153 0 
2153 2203 0 
2153 2154 0 
2154 2204 0 
2154 2155 0 
2155 2205 0 
2155 2156 0 
2156 2206 0 
2156 2157 0 
2157 2207 0 
2157 2158 0 
2158 2208 0 
2158 2159 0 
2159 2209 0 
2159 2160 0 
2160 2210 0 
2160 2161 0 
2161 2211 0 
2161 2162 0 
2162 2212 0 
2162 2163 0 
2163 2213 0 
2163 2164 0 
2164 2214 0 
2164 2165 0 
2165 2215 0 
2165 2166 0 
2166 2216 0 
2166 2167 0 
2167 2217 0 
2167 2168 0 
2168 2218 0 
2168 2169 0 
2169 2219 0 
2169 2170 0 
2170 2220 0 
2170 2171 0 
2171 2221 0 
2171 2172 0 
2172 2222 0 
2172 2173 0 
2173 2223 0 
2173 2174 0 
2174 2224 0 
2174 2175 0 
2175 2225 0 
2175 2176 0 
2176 2226 0 
2176 2177 0 
2177 2227 0 
2177 2178 0 
2178 2228 0 
2178 2179 0 
2179 2229 0 
2179 2180 0 
2180 2230 0 
2180 2181 0 
2181 2231 0 
2181 2182 0 
2182 2232 0 
2182 2183 0 
2183 2233 0 
2183 2184 0 
2184 2234 0 
2184 2185 0 
2185 2235 0 
2185 2186 0 
2186 2236 0 
2186 2187 0 
2187 2237 0 
2187 2188 0 
2188 2238 0 
2188 2189 0 
2189 2239 0 
2189 2190 0 
2190 2240 0 
2190 2191 0 
2191 2241 0 
2191 2192 0 
2192 2242 0 
2192 2193 0 
2193 2243 0 
2193 2194 0 
2194 2244 0 
2194 2195 0 
2195 2245 0 
2195 2196 0 
2196 2246 0 
2196 2197 0 
2197 2247 0 
2197 2198 0 
2198 2248 0 
2198 2199 0 
2199 2249 0 
2199 2200 0 
2200 2250 0 
2201 2251 0 
2201 2202 0 
2202 2252 0 
2202 2203 0 
2203 2253 0 
2203 2204 0 
2204 2254 0 
2204 2205 0 
2205 2255 0 
2205 2206 0 
2206 2256 0 
2206 2207 0 
2207 2257 0 
2207 2208 0 
2208 2258 0 
2208 2209 0 
2209 2259 0 
2209 2210 0 
2210 2260 0 
2210 2211 0 
2211 2261 0 
2211 2212 0 
2212 2262 0 
2212 2213 0 
2213 2263 0 
2213 2214 0 
2214 2264 0 
2214 2215 0 
2215 2265 0 
2215 2216 0 
2216 2266 0 
2216 2217 0 
2217 2267 0 
2217 2218 0 
2218 2268 0 
2218 2219 0 
2219 2269 0 
2219 2220 0 
2220 2270 0 
2220 2221 0 
2221 2271 0 
2221 2222 0 
2222 2272 0 
2222 2223 0 
2223 2273 0 
2223 2224 0 
2224 2274 0 
2224 2225 0 
2225 2275 0 
2225 2226 0 
2226 2276 0 
2226 2227 0 
2227 2277 0 
2227 2228 0 
2228 2278 0 
2228 2229 0 
2229 2279 0 
2229 2230 0 
2230 2280 0 
2230 2231 0 
2231 2281 0 
2231 2232 0 
2232 2282 0 
2232 2233 0 
2233 2283 0 
2233 2234 0 
2234 2284 0 
2234 2235 0 
2235 2285 0 
2235 2236 0 
2236 2286 0 
2236 2237 0 
2237 2287 0 
2237 2238 0 
2238 2288 0 
2238 2239 0 
2239 2289 0 
2239 2240 0 
2240 2290 0 
2240 2241 0 
2241 2291 0 
2241 2242 0 
2242 2292 0 
2242 2243 0 
2243 2293 0 
2243 2244 0 
2244 2294 0 
2244 2245 0 
2245 2295 0 
2245 2246 0 
2246 2296 0 
2246 2247 0 
2247 2297 0 
2247 2248 0 
2248 2298 0 
2248 2249 0 
2249 2299 0 
2249 2250 0 
2250 2300 0 
2251 2301 0 
2251 2252 0 
2252 2302 0 
2252 2253 0 
2253 2303 0 
2253 2254 0 
2254 2304 0 
2254 2255 0 
2255 2305 0 
2255 2256 0 
2256 2306 0 
2256 2257 0 
2257 2307 0 
2257 2258 0 
2258 2308 0 
2258 2259 0 
2259 2309 0 
2259 2260 0 
2260 2310 0 
2260 2261 0 
2261 2311 0 
2261 2262 0 
2262 2312 0 
2262 2263 0 
2263 2313 0 
2263 2264 0 
2264 2314 0 
2264 2265 0 
2265 2315 0 
2265 2266 0 
2266 2316 0 
2266 2267 0 
2267 2317 0 
2267 2268 0 
2268 2318 0 
2268 2269 0 
2269 2319 0 
2269 2270 0 
2270 2320 0 
2270 2271 0 
2271 2321 0 
2271 2272 0 
2272 2322 0 
2272 2273 0 
2273 2323 0 
2273 2274 0 
2274 2324 0 
2274 2275 0 
2275 2325 0 
2275 2276 0 
2276 2326 0 
2276 2277 0 
2277 2327 0 
2277 2278 0 
2278 2328 0 
2278 2279 0 
2279 2329 0 
2279 2280 0 
2280 2330 0 
2280 2281 0 
2281 2331 0 
2281 2282 0 
2282 2332 0 
2282 2283 0 
2283 2333 0 
2283 2284 0 
2284 2334 0 
2284 2285 0 
2285 2335 0 
2285 2286 0 
2286 2336 0 
2286 2287 0 
2287 2337 0 
2287 2288 0 
2288 2338 0 
2288 2289 0 
2289 2339 0 
2289 2290 0 
2290 2340 0 
2290 2291 0 
2291 2341 0 
2291 2292 0 
2292 2342 0 
2292 2293 0 
2293 2343 0 
2293 2294 0 
2294 2344 0 
2294 2295 0 
2295 2345 0 
2295 2296 0 
2296 2346 0 
2296 2297 0 
2297 2347 0 
2297 2298 0 
2298 2348 0 
2298 2299 0 
2299 2349 0 
2299 2300 0 
2300 2350 0 
2301 2351 0 
2301 2302 0 
2302 2352 0 
2302 2303 0 
2303 2353 0 
2303 2304 0 
2304 2354 0 
2304 2305 0 
2305 2355 0 
2305 2306 0 
2306 2356 0 
2306 2307 0 
2307 2357 0 
2307 2308 0 
2308 2358 0 
2308 2309 0 
2309 2359 0 
2309 2310 0 
2310 2360 0 
2310 2311 0 
2311 2361 0 
2311 2312 0 
2312 2362 0 
2312 2313 0 
2313 2363 0 
2313 2314 0 
2314 2364 0 
2314 2315 0 
2315 2365 0 
2315 2316 0 
2316 2366 0 
2316 2317 0 
2317 2367 0 
2317 2318 0 
2318 2368 0 
2318 2319 0 
2319 2369 0 
2319 2320 0 
2320 2370 0 
2320 2321 0 
2321 2371 0 
2321 2322 0 
2322 2372 0 
2322 2323 0 
2323 2373 0 
2323 2324 0 
2324 2374 0 
2324 2325 0 
2325 2375 0 
2325 2326 0 
2326 2376 0 
2326 2327 0 
2327 2377 0 
2327 2328 0 
2328 2378 0 
2328 2329 0 
2329 2379 0 
2329 2330 0 
2330 2380 0 
2330 2331 0 
2331 2381 0 
2331 2332 0 
2332 2382 0 
2332 2333 0 
2333 2383 0 
2333 2334 0 
2334 2384 0 
2334 2335 0 
2335 2385 0 
2335 2336 0 
2336 2386 0 
2336 2337 0 
2337 2387 0 
2337 2338 0 
2338 2388 0 
2338 2339 0 
2339 2389 0 
2339 2340 0 
2340 2390 0 
2340 2341 0 
2341 2391 0 
2341 2342 0 
2342 2392 0 
2342 2343 0 
2343 2393 0 
2343 2344 0 
2344 2394 0 
2344 2345 0 
2345 2395 0 
2345 2346 0 
2346 2396 0 
2346 2347 0 
2347 2397 0 
2347 2348 0 
2348 2398 0 
2348 2349 0 
2349 2399 0 
2349 2350 0 
2350 2400 0 
2351 2401 0 
2351 2352 0 
2352 2402 0 
2352 2353 0 
2353 2403 0 
2353 2354 0 
2354 2404 0 
2354 2355 0 
2355 2405 0 
2355 2356 0 
2356 2406 0 
2356 2357 0 
2357 2407 0 
2357 2358 0 
2358 2408 0 
2358 2359 0 
2359 2409 0 
2359 2360 0 
2360 2410 0 
2360 2361 0 
2361 2411 0 
2361 2362 0 
2362 2412 0 
2362 2363 0 
2363 2413 0 
2363 2364 0 
2364 2414 0 
2364 2365 0 
2365 2415 0 
2365 2366 0 
2366 2416 0 
2366 2367 0 
2367 2417 0 
2367 2368 0 
2368 2418 0 
2368 2369 0 
2369 2419 0 
2369 2370 0 
2370 2420 0 
2370 2371 0 
2371 2421 0 
2371 2372 0 
2372 2422 0 
2372 2373 0 
2373 2423 0 
2373 2374 0 
2374 2424 0 
2374 2375 0 
2375 2425 0 
2375 2376 0 
2376 2426 0 
2376 2377 0 
2377 2427 0 
2377 2378 0 
2378 2428 0 
2378 2379 0 
2379 2429 0 
2379 2380 0 
2380 2430 0 
2380 2381 0 
2381 2431 0 
2381 2382 0 
2382 2432 0 
2382 2383 0 
2383 2433 0 
2383 2384 0 
2384 2434 0 
2384 2385 0 
2385 2435 0 
2385 2386 0 
2386 2436 0 
2386 2387 0 
2387 2437 0 
2387 2388 0 
2388 2438 0 
2388 2389 0 
2389 2439 0 
2389 2390 0 
2390 2440 0 
2390 2391 0 
2391 2441 0 
2391 2392 0 
2392 2442 0 
2392 2393 0 
2393 2443 0 
2393 2394 0 
2394 2444 0 
2394 2395 0 
2395 2445 0 
2395 2396 0 
2396 2446 0 
2396 2397 0 
2397 2447 0 
2397 2398 0 
2398 2448 0 
2398 2399 0 
2399 2449 0 
2399 2400 0 
2400 2450 0 
2401 2451 0 
2401 2402 0 
2402 2452 0 
2402 2403 0 
2403 2453 0 
2403 2404 0 
2404 2454 0 
2404 2405 0 
2405 2455 0 
2405 2406 0 
2406 2456 0 
2406 2407 0 
2407 2457 0 
2407 2408 0 
2408 2458 0 
2408 2409 0 
2409 2459 0 
2409 2410 0 
2410 2460 0 
2410 2411 0 
2411 2461 0 
2411 2412 0 
2412 2462 0 
2412 2413 0 
2413 2463 0 
2413 2414 0 
2414 2464 0 
2414 2415 0 
2415 2465 0 
2415 2416 0 
2416 2466 0 
2416 2417 0 
2417 2467 0 
2417 2418 0 
2418 2468 0 
2418 2419 0 
2419 2469 0 
2419 2420 0 
2420 2470 0 
2420 2421 0 
2421 2471 0 
2421 2422 0 
2422 2472 0 
2422 2423 0 
2423 2473 0 
2423 2424 0 
2424 2474 0 
2424 2425 0 
2425 2475 0 
2425 2426 0 
2426 2476 0 
2426 2427 0 
2427 2477 0 
2427 2428 0 
2428 2478 0 
2428 2429 0 
2429 2479 0 
2429 2430 0 
2430 2480 0 
2430 2431 0 
2431 2481 0 
2431 2432 0 
2432 2482 0 
2432 2433 0 
2433 2483 0 
2433 2434 0 
2434 2484 0 
2434 2435 0 
2435 2485 0 
2435 2436 0 
2436 2486 0 
2436 2437 0 
2437 2487 0 
2437 2438 0 
2438 2488 0 
2438 2439 0 
2439 2489 0 
2439 2440 0 
2440 2490 0 
2440 2441 0 
2441 2491 0 
2441 2442 0 
2442 2492 0 
2442 2443 0 
2443 2493 0 
2443 2444 0 
2444 2494 0 
2444 2445 0 
2445 2495 0 
2445 2446 0 
2446 2496 0 
2446 2447 0 
2447 2497 0 
2447 2448 0 
2448 2498 0 
2448 2449 0 
2449 2499 0 
2449 2450 0 
2450 2500 0 
2451 2452 0 
2452 2453 0 
2453 2454 0 
2454 2455 0 
2455 2456 0 
2456 2457 0 
2457 2458 0 
2458 2459 0 
2459 2460 0 
2460 2461 0 
2461 2462 0 
2462 2463 0 
2463 2464 0 
2464 2465 0 
2465 2466 0 
2466 2467 0 
2467 2468 0 
2468 2469 0 
2469 2470 0 
2470 2471 0 
2471 2472 0 
2472 2473 0 
2473 2474 0 
2474 2475 0 
2475 2476 0 
2476 2477 0 
2477 2478 0 
2478 2479 0 
2479 2480 0 
2480 2481 0 
2481 2482 0 
2482 2483 0 
2483 2484 0 
2484 2485 0 
2485 2486 0 
2486 2487 0 
2487 2488 0 
2488 2489 0 
2489 2490 0 
2490 2491 0 
2491 2492 0 
2492 2493 0 
2493 2494 0 
2494 2495 0 
2495 2496 0 
2496 2497 0 
2497 2498 0 
2498 2499 0 
2499 2500 0 
