2500 3125
859	246	27
859	986	20
2495	859	2
2495	1757	21
801	246	84
986	2289	51
801	1534	16
2061	1757	73
196	2289	27
2495	1181	35
801	1902	90
986	2253	76
23	2495	20
2495	2197	15
86	2495	75
1419	246	34
246	717	91
1710	1181	24
2197	1295	100
429	2197	28
195	1419	4
23	98	5
1135	1295	93
2197	1788	13
246	2496	12
1181	2458	36
1194	98	58
1419	183	3
246	1647	63
246	399	57
246	1277	54
98	203	9
2126	2495	23
1974	1295	93
1172	1135	21
2126	288	59
2126	1662	4
1753	2197	1
1172	1628	2
735	1534	73
2061	1676	86
420	735	73
2386	2496	59
1015	1194	49
2295	1647	43
1757	1887	41
86	128	7
128	1874	50
519	429	100
476	420	84
1974	1078	3
924	23	88
1381	195	93
1295	714	46
204	1277	56
1676	1255	5
1158	429	79
1419	2347	72
1974	1344	98
174	2253	100
627	1255	26
1753	809	24
290	2289	46
1940	986	14
1534	2274	57
1974	993	93
1757	550	81
2386	176	89
183	2086	50
476	901	88
2086	1560	70
1770	2347	41
420	138	85
1929	1710	49
2126	1072	77
1929	531	12
627	1922	90
1804	1757	59
138	416	92
1072	1997	52
2386	1977	40
82	204	60
1753	1845	40
66	1560	74
1284	2386	51
196	851	29
2117	1997	51
2274	1128	78
937	714	6
1277	2438	75
1580	1662	16
288	407	62
1072	1497	35
1647	1455	36
459	1135	18
1974	2379	20
246	43	27
1940	2198	81
851	88	67
1922	2204	97
627	1152	37
2253	1331	61
1015	2122	81
100	627	77
138	361	61
1203	196	16
2348	416	95
1929	2399	66
407	2314	85
23	2368	64
1874	60	69
2348	833	51
810	1977	31
416	1607	50
1277	629	65
1128	1843	11
455	1887	56
2062	1770	31
459	147	2
519	1920	98
43	1427	45
901	2266	48
290	2413	90
1974	401	81
1164	1753	69
1603	1662	38
998	1997	41
1351	2458	93
1255	638	11
2335	88	49
203	2268	59
1288	1676	15
459	1155	82
1270	174	16
2289	2299	19
1887	1365	30
478	2268	62
1415	1845	9
1055	1662	79
929	1128	39
79	2413	53
209	82	14
2231	2399	98
62	2386	48
2062	1352	80
2086	52	28
399	911	11
35	455	54
1735	62	5
1662	367	90
1728	2368	47
2170	429	2
1078	131	60
1787	2204	87
2161	1128	66
2289	7	6
1550	82	19
519	2165	53
2438	1477	94
2348	1699	9
2024	1419	59
2371	1415	22
638	440	39
675	98	77
1367	459	63
627	1969	90
209	1543	1
459	708	76
648	1128	36
459	1151	57
1352	1597	94
1928	23	16
2268	186	5
1993	1367	35
1036	531	36
1304	1284	70
654	1922	44
1015	2255	92
86	1771	98
1676	1777	67
1033	361	48
1920	599	58
996	810	86
1980	1365	55
1843	965	47
1379	131	20
1381	1048	40
1220	1295	3
1379	1062	23
427	965	86
1843	1409	66
2266	891	83
1676	1437	28
2352	62	28
965	681	24
1220	613	1
378	2266	76
147	1327	36
2274	1226	86
2394	2438	13
2190	1327	18
959	209	73
2011	2266	78
125	52	3
63	195	12
2274	1921	69
1172	1957	17
959	1458	59
184	1787	52
708	2451	46
2496	296	69
985	2268	12
714	2091	89
196	907	74
346	420	70
1647	604	33
806	2161	51
209	1021	14
1704	204	9
455	2104	54
2173	1409	69
1534	492	53
1331	514	82
2197	2410	94
1757	201	95
749	735	54
432	2399	90
937	1268	44
2305	7	73
401	20	71
1376	2268	77
1344	2456	90
2356	1078	16
609	1874	70
1560	562	61
1749	749	78
1757	1584	50
1055	625	92
1732	2231	31
1843	2168	15
1135	615	61
1550	321	13
1078	2241	71
1584	1042	28
1048	542	95
1419	1514	53
1284	1679	8
2086	1879	99
555	1534	86
416	30	72
871	63	32
121	1777	2
809	1432	93
82	1094	99
432	1154	34
2032	2086	88
684	1980	90
1964	1458	45
1535	186	70
1812	1327	60
745	993	15
60	610	62
322	43	92
1679	1103	85
63	677	58
1681	1753	62
1928	992	80
806	1302	77
1628	781	18
1455	384	76
1659	1284	77
871	680	82
1432	2111	70
1627	911	4
1696	401	31
766	1072	36
891	845	27
542	1271	96
626	43	62
2321	1344	68
1288	504	7
1119	766	3
490	1969	37
2255	1567	86
871	1142	87
2241	832	86
1913	429	51
2288	52	42
2259	1921	73
1063	1379	25
1863	176	47
1048	1184	18
490	994	89
2170	53	79
1063	234	18
2026	907	80
1128	2218	53
1745	234	47
291	98	67
288	438	50
754	1351	63
651	88	65
478	1860	37
1887	342	63
1696	676	73
1018	1288	75
2104	1850	58
832	1453	19
1094	162	51
875	176	44
252	1543	13
2259	1585	94
2198	915	22
224	627	92
2451	55	44
1921	1239	13
1805	676	15
1453	878	24
2296	131	13
2162	2386	15
1969	1452	17
379	1154	39
30	360	15
1964	1176	89
162	1075	71
1980	568	93
2068	2289	66
2138	2305	53
7	188	58
1170	2399	60
224	1970	21
252	1708	20
551	1152	28
1053	100	39
1312	1845	33
131	865	74
1176	194	33
147	685	77
1049	708	100
1220	646	93
1850	2144	18
1021	1278	85
2366	174	77
262	1567	86
2268	1559	24
260	1977	45
1749	267	68
52	1233	5
599	494	95
1075	1563	80
2309	2314	19
2243	52	52
929	2331	62
401	951	83
965	932	8
1812	240	49
204	44	94
557	801	76
1415	818	81
577	1970	55
859	1809	17
1777	1391	92
401	1100	54
1116	401	96
2080	262	13
1049	670	67
420	1397	32
871	2435	73
2062	1978	55
2294	1771	15
459	2478	19
260	293	100
1280	2086	44
1358	1753	74
630	951	74
1535	578	62
240	1885	45
2355	1922	94
1732	842	25
531	1942	10
1464	1142	1
1625	1676	82
851	389	80
1030	2204	57
1027	138	51
896	188	9
1774	1055	26
525	630	44
2232	1376	65
1444	1327	75
459	1549	49
679	2111	64
1365	1519	16
2121	2371	96
95	1770	67
1874	2182	11
907	632	79
2062	108	41
1042	695	77
2122	1645	34
1872	2478	70
264	2198	95
2218	57	46
17	427	9
1623	1607	91
1226	1800	39
242	504	79
1762	55	46
2047	1887	72
951	895	15
1922	2108	27
30	1265	49
1456	389	13
833	1691	53
1259	138	30
510	2047	40
871	151	10
1362	1288	88
1568	514	97
378	2082	57
2091	598	68
911	308	66
1585	2001	99
1647	1640	35
2339	568	88
1673	1055	69
1839	1749	56
626	1521	4
60	1137	45
2299	216	21
845	1767	39
2461	2086	76
125	2010	100
66	146	19
2082	1744	78
1718	2047	57
2162	2311	67
1255	2140	63
2175	1381	37
2390	1550	11
2390	2328	13
1032	1980	61
1857	1735	71
1367	1286	51
1270	347	67
1375	1920	26
105	2352	27
360	4	66
1979	2082	25
990	378	35
2186	209	42
1286	595	85
1184	482	59
262	532	48
1200	2296	80
1728	1962	8
800	1220	60
870	685	1
3	1718	57
2266	2193	62
2144	931	40
346	529	29
468	2335	15
2260	2299	75
1607	2401	72
82	2119	76
385	1940	13
232	1351	51
1681	894	30
1642	1521	93
498	146	33
2337	809	64
1864	810	56
1196	86	3
2294	230	23
1467	162	77
1728	1004	73
1332	610	32
2157	749	29
1416	1567	11
2435	104	46
360	624	93
900	681	66
2465	2122	40
2296	1702	86
2144	2358	79
1280	2454	55
3	697	92
2237	2026	30
959	1858	50
1728	422	98
875	261	19
970	1628	82
318	174	29
1586	1627	66
2168	664	45
57	344	64
1293	1858	94
2289	18	5
318	2	60
1621	675	32
1739	1116	89
675	64	16
599	686	75
1463	842	19
1940	2043	43
867	990	70
174	1341	49
2068	99	22
1728	301	42
2011	333	39
1899	1381	64
1292	35	79
1777	2291	1
1455	920	11
595	2125	9
1332	85	70
785	929	70
1659	1949	37
761	1860	70
1249	1800	4
2399	2224	76
832	2479	10
937	692	47
1021	1334	43
81	176	75
2018	891	88
1324	1922	15
955	490	25
1126	79	70
1184	523	60
1444	2093	48
1762	1686	68
1922	2498	24
808	2311	14
378	2076	55
1401	1774	27
2212	2121	64
2232	849	57
476	1591	44
2396	1603	28
2317	1845	28
2186	2404	3
1719	2125	78
1788	373	89
2173	2146	26
1741	1233	79
1015	2127	82
1082	1126	20
2383	615	59
1380	1268	49
2	1034	29
850	66	82
543	1845	87
1075	1611	62
2460	267	55
1739	403	24
2259	1439	81
488	1550	49
2043	1066	99
2171	1032	100
1340	2266	63
1936	2032	55
2129	1397	100
631	686	88
1362	545	17
454	2413	35
1478	1196	37
1919	998	38
993	1638	48
2461	1896	4
1409	1941	17
2452	1962	22
478	1883	38
651	1386	10
1442	677	99
1667	2253	53
1554	108	43
356	1936	45
2454	669	91
2132	1062	33
627	1965	65
2353	2190	47
365	654	22
2165	39	94
168	2186	12
959	54	90
716	1194	60
1956	1623	20
1809	2112	18
1300	986	59
543	1890	14
709	1628	90
703	1278	62
2438	2235	13
1172	259	44
461	2024	73
1478	1112	71
117	1638	12
531	2051	98
274	2122	59
2336	1964	30
895	1914	56
2098	422	19
1260	865	72
196	1061	8
2421	1805	8
2158	911	52
1341	1897	80
1483	2371	25
1019	1977	59
1880	2086	92
1754	685	92
1096	1135	67
185	379	16
1997	286	37
1735	180	90
938	1196	4
1444	2164	59
1876	2352	93
1690	60	20
1942	673	29
1379	2414	63
806	400	94
1155	282	8
593	1196	95
2314	1438	26
2394	311	28
1487	174	45
937	1346	39
2231	428	28
2139	216	26
2187	432	52
1304	823	33
1109	1375	78
1007	1365	84
2383	1824	71
1801	1728	37
1380	226	85
57	1760	82
1935	2458	5
1890	639	51
2218	912	66
1045	2465	20
1948	1914	99
825	648	50
777	1771	69
439	545	46
875	470	22
1463	430	74
2208	1439	65
1714	2117	11
818	113	6
2341	420	96
857	992	69
641	1196	23
1438	295	53
430	2021	59
2031	1063	44
2447	1066	74
71	1327	93
879	514	38
670	949	39
776	1004	13
288	1498	73
1332	2006	68
2158	739	89
1507	849	91
204	426	92
1864	1378	67
2347	207	63
1094	922	59
1673	127	46
1567	2449	78
2129	1835	62
1491	745	57
384	558	85
400	1368	93
1142	1950	21
1321	2204	5
1658	216	30
1565	416	60
1185	342	52
198	1719	52
7	1959	83
1769	639	30
1164	2312	39
1559	2073	40
1974	700	71
270	43	62
400	258	7
126	2309	55
168	2183	4
476	1207	89
1116	1210	52
84	2296	48
1739	1068	14
1022	685	66
2116	2404	53
1679	773	2
188	1232	6
195	386	10
316	1696	31
1362	69	26
142	717	40
71	245	17
1435	2410	69
1063	829	24
461	1187	13
117	348	85
1690	191	77
2224	1661	50
1355	1623	4
1942	483	43
2210	850	37
2212	1881	100
1154	982	43
675	1431	97
2348	953	51
1307	296	17
232	1254	32
751	2311	63
1072	600	61
2368	1916	88
1207	1509	39
2129	154	23
310	2080	3
290	2134	100
2129	187	58
1740	545	3
1126	1975	46
777	724	4
686	2349	99
1744	1537	20
2212	2374	76
1883	644	85
1004	166	93
879	674	93
1200	26	49
2035	1628	82
1349	2413	81
915	698	73
1045	779	10
1507	1721	74
1396	766	23
1106	1921	93
1150	1580	12
84	480	88
1574	386	64
1142	1090	82
1750	1255	3
911	2115	58
316	1244	62
1959	1562	1
1024	2062	76
740	321	47
1741	2269	9
203	1854	26
720	2404	79
1427	892	31
1894	651	98
954	681	58
716	2120	37
526	1805	35
1666	2356	89
1688	2295	66
1108	703	94
471	166	72
1684	240	31
2322	550	98
2482	86	16
2119	305	64
1767	247	44
773	1772	28
1206	232	71
2182	564	27
215	698	53
807	2134	55
1527	1094	45
954	1309	23
1925	2243	26
2417	1376	98
43	1028	69
557	784	53
1026	305	94
198	1020	12
1108	2216	52
2472	367	49
1355	2493	47
2250	1007	22
348	918	70
907	327	40
1832	308	88
2041	2165	48
209	902	26
2223	174	76
1467	1910	31
1210	2313	22
650	1559	83
1142	456	28
2208	1705	42
1970	2316	89
2241	897	35
2225	403	62
43	706	45
1553	1033	32
2428	1220	10
1274	907	48
559	1899	82
1300	1287	24
2207	1075	87
1450	1072	7
1379	352	51
1171	955	97
313	88	19
1605	1686	40
389	743	98
1886	494	91
1944	714	95
2425	902	71
1096	331	83
277	2170	58
1749	489	62
680	2315	63
2314	1576	43
1850	1025	26
1136	2495	49
1434	700	58
2090	1302	48
327	515	56
93	2447	59
262	2405	16
1110	1710	98
270	382	11
585	992	6
643	1774	94
145	2047	6
2364	295	3
676	2247	100
1135	1370	100
2155	1741	57
1234	1268	58
2068	1515	6
695	1983	87
524	686	45
643	2486	30
1274	1533	94
1861	1021	4
1545	1978	36
478	1748	90
1444	1468	11
1903	1380	42
1593	1033	15
851	812	57
843	1119	56
1548	2225	49
108	2194	77
2015	867	13
1978	1389	36
2243	1496	94
818	1588	9
1444	211	38
134	1355	74
2243	921	100
664	528	23
1519	156	30
527	151	78
26	813	30
127	1951	56
1180	2374	49
66	1476	12
192	703	38
1485	2349	39
637	1899	99
620	104	42
916	2449	22
2142	1327	64
1407	347	34
163	293	5
392	2250	81
1419	1893	78
1091	1478	97
1214	2035	56
757	1137	85
1997	764	32
1431	1911	18
1969	2292	32
568	835	12
2013	2295	27
1152	1947	19
1962	1364	49
1327	1779	68
637	903	34
374	2347	64
1460	2495	35
2485	428	33
458	194	67
1988	849	85
1686	2367	100
1569	1309	81
545	1758	30
342	502	53
1758	662	95
1780	1450	54
2050	204	34
2485	375	36
2162	1441	59
4	1547	70
1523	1439	68
766	864	37
1719	1348	6
1750	1372	55
1014	23	23
599	366	24
865	118	55
2442	1568	6
1339	2	83
293	1501	81
1035	198	23
1188	429	35
262	1985	21
1459	1975	76
1711	1548	73
1650	367	57
44	1217	25
1617	1935	16
351	2482	22
616	1897	19
651	2376	95
1109	276	86
762	2383	37
864	302	37
2089	2401	73
2361	1607	94
1024	371	3
2175	836	37
2081	675	17
849	380	54
2321	2044	57
2352	2109	1
2070	1351	51
2406	1628	61
1567	518	67
1587	1091	17
177	1053	65
1669	2336	16
1463	1037	66
519	5	37
2345	937	63
1340	435	83
953	182	40
1188	1877	83
3	1086	4
41	2115	38
588	850	98
289	1696	13
1007	355	98
109	2032	50
1974	1859	82
872	2313	51
2231	787	39
2307	849	63
1000	1942	91
26	1966	71
306	488	29
422	607	35
1533	663	69
2144	1029	39
2465	963	35
991	891	6
1133	630	93
497	1358	6
2496	135	59
2415	64	85
551	446	12
446	693	21
2389	1352	35
2467	638	25
297	1935	81
1477	1828	66
539	2170	21
637	1726	30
420	436	66
2360	2376	38
2043	2049	39
1652	931	63
615	91	10
1178	1468	76
2130	403	35
521	2050	36
1826	896	88
2006	608	35
511	1072	38
1726	1129	99
2224	1909	52
2385	2274	90
1944	2200	77
1730	35	49
1070	2168	68
776	978	83
1457	1928	12
1014	1454	23
938	1798	43
1497	1945	74
1479	1576	45
1453	152	72
1576	2172	94
2349	248	71
1758	1099	69
1735	560	52
2098	2234	33
2129	2052	93
637	1958	41
1425	578	10
813	388	61
102	515	34
480	1765	88
1082	584	72
2412	650	80
1723	864	71
455	241	18
1383	625	83
1659	942	80
620	855	20
274	1168	32
3	1901	81
2270	1617	68
62	935	68
313	2103	52
1582	1096	54
1536	978	95
308	1071	58
2344	2349	54
2380	1344	79
1194	1013	40
1814	1515	99
852	1416	65
1756	2410	11
1984	1164	69
1322	1119	75
2199	1801	64
46	232	54
1932	2068	5
373	300	74
516	2380	45
1432	1943	12
1409	1506	13
1022	2391	74
321	1231	31
1844	54	81
1911	1123	99
1013	1618	5
500	2352	9
1993	1870	36
591	1453	56
1570	896	46
93	1143	22
1362	1060	86
1249	2362	22
1387	1997	44
1120	2316	52
165	1346	20
322	278	75
2308	1983	11
960	64	95
1201	306	79
1707	290	59
921	1465	49
374	1124	97
1023	1625	37
1776	1969	37
878	1764	93
478	2113	100
559	831	35
2053	1019	88
2390	1482	58
304	1339	62
352	1556	14
1511	2316	94
877	1721	97
578	1747	48
330	1533	62
109	1660	80
985	1398	85
1561	476	66
1777	1149	17
1216	598	99
135	1731	67
42	373	16
1151	1347	67
1685	1427	49
1342	1839	82
1280	1253	6
1694	1467	79
2273	7	65
1642	1784	5
2454	1145	92
610	952	65
345	300	26
1585	2279	29
2407	1396	18
147	1632	49
885	4	2
2058	2218	31
1473	604	92
1394	1554	26
1289	1233	72
1025	1612	95
2199	447	86
2354	2076	11
2485	541	19
1918	1037	97
1647	214	9
950	1640	30
2088	2120	22
1455	1604	79
115	2273	25
418	527	27
1232	2419	25
2399	1532	72
1093	2	85
1151	1111	32
2237	2429	48
1618	143	81
298	308	93
207	2083	19
1990	1007	34
2451	136	88
1166	1049	58
2047	1251	25
16	600	54
427	1778	54
2469	706	55
106	1066	29
1228	264	20
424	288	9
1405	625	26
210	2212	37
152	2455	64
1245	1562	49
1994	625	58
541	1426	83
852	200	77
1755	1864	35
287	234	90
830	1514	80
1409	667	22
2136	1947	68
1364	1494	99
2133	1877	68
1346	1305	39
1255	973	47
2297	1286	85
1970	2275	92
1946	684	37
198	1325	69
104	883	86
1456	1402	33
1595	392	53
2183	1972	19
1789	1288	39
1998	703	99
102	795	51
1105	1482	32
207	2280	54
2161	727	63
1562	1153	5
215	2430	28
188	723	75
1546	1586	52
409	276	80
1551	1136	98
1744	1895	74
1148	345	61
2303	541	45
179	252	1
2039	851	44
1059	1688	57
1784	1799	77
1746	510	47
1692	1688	28
2281	1028	32
2084	1533	24
1104	2090	69
1604	1589	40
869	1152	55
2275	1474	83
1525	2032	12
2098	220	48
2173	1598	78
1425	1138	97
1533	481	35
863	2303	15
281	781	81
330	364	29
616	2363	14
1621	2443	30
937	2156	16
1972	746	66
73	1459	92
1362	1955	70
1351	269	76
1732	2097	26
1785	1104	37
454	1436	82
716	1971	69
203	567	41
1903	1649	74
2134	1609	50
2150	1485	72
1901	1095	91
824	717	20
2400	843	43
2230	1990	42
2426	1719	26
541	858	14
797	2498	49
536	529	42
557	1470	82
1469	1719	52
165	2387	8
1144	800	25
1679	1733	80
1820	1378	86
820	1351	37
2421	193	21
683	528	14
1209	875	32
1599	871	24
188	939	13
1949	2427	71
2401	1064	51
101	1059	16
2147	2081	8
1607	309	54
2131	1650	22
1399	1274	90
488	38	78
1195	1745	2
2098	408	68
997	578	49
1711	2320	79
1012	2413	39
1842	2383	78
863	244	47
448	2496	39
1133	45	56
1156	1332	7
311	1594	29
1000	1888	8
973	1882	67
2272	342	76
1468	1242	83
1625	827	45
216	2357	65
1324	2420	31
1332	1675	30
156	1566	68
93	2110	22
1904	631	95
1372	2185	22
161	1149	92
2000	2131	50
2076	1418	48
1959	1635	51
1165	1013	96
757	1084	25
2115	1592	20
99	431	92
1323	1880	29
818	1264	22
1524	629	63
1358	906	20
784	1670	12
1585	1742	88
762	2463	77
1124	2325	47
2006	1366	18
2234	31	93
2033	551	91
1757	1328	1
1900	698	3
1214	988	63
933	806	67
1995	539	24
907	2057	67
2177	1809	43
1019	442	95
1481	1391	100
1607	1306	60
1150	736	38
2210	1451	5
2310	2047	1
2364	2004	3
201	450	84
552	1042	59
1357	1685	65
700	1430	18
471	390	89
787	1644	45
1948	1600	71
952	353	86
1069	950	52
1895	583	38
31	1502	40
2051	2340	51
2158	1031	81
2391	957	87
2482	704	39
63	1856	45
1897	792	50
2451	1283	99
1558	1090	90
1379	2020	59
782	1100	99
1551	114	31
1322	2060	90
1319	180	54
2206	1464	52
218	1562	77
1153	1967	13
1663	855	2
1518	93	4
400	469	63
15	1864	5
1062	2203	40
823	1701	27
1325	2488	94
1612	103	47
691	644	57
651	975	57
391	1254	1
1052	286	16
2054	1166	69
1707	1238	68
1276	2224	18
1694	573	25
1169	1969	88
701	1904	42
2362	2293	96
2111	923	87
2087	1014	9
1113	135	72
2203	987	11
1321	861	31
1325	778	33
991	1046	28
778	1851	8
1539	316	83
1282	1110	53
1561	2202	47
671	903	19
312	482	5
2187	1646	32
2205	523	47
730	100	20
1262	584	75
2373	1929	42
2412	1963	6
791	109	17
1958	358	50
2155	205	48
1117	1452	51
966	2420	55
1778	133	61
846	494	20
902	1083	32
788	867	21
1512	388	91
32	1904	48
796	2360	33
198	48	12
137	1501	50
1631	1264	83
2156	888	41
2267	2140	99
514	1118	91
890	857	22
1225	2216	34
2189	988	6
2226	296	65
2108	822	40
588	314	32
191	2457	17
928	1355	40
2375	1332	66
1819	85	29
1190	2482	2
1678	2268	2
663	1219	91
2362	1907	98
174	1802	78
2388	1438	7
990	2245	18
1959	1213	36
2493	592	56
615	2055	78
2482	1813	95
1687	348	81
396	1154	5
1060	2251	55
649	214	33
2069	852	56
963	2484	67
976	525	3
2480	2250	55
2496	2483	85
1771	1299	77
2479	587	64
1539	2072	39
1060	1294	23
1291	1276	51
1066	1411	89
2182	1390	69
726	2478	58
1055	811	12
1547	618	64
1192	1666	30
1599	457	38
1360	224	28
961	1814	40
1378	927	20
2035	1350	96
256	1708	99
1389	1275	93
1700	232	91
5	1953	47
1316	1355	94
533	318	97
243	1253	61
1965	299	7
755	1567	58
2325	1182	6
1834	1426	33
461	2323	67
2014	2198	96
1943	1641	15
2499	2054	89
1792	2347	23
2279	1488	88
985	90	16
1366	737	3
2223	1655	56
1196	1759	5
2461	1573	49
1222	693	32
636	137	88
880	591	84
115	1796	35
973	2213	37
716	1189	28
570	1534	81
2331	229	92
1810	2321	83
1426	1630	40
1252	1650	4
974	1344	70
674	2473	52
313	553	48
1926	1459	11
425	1559	67
995	1100	70
2265	1667	9
1037	1490	33
474	1468	34
564	2106	28
1510	1772	64
390	642	11
276	1301	61
1986	2108	8
1067	907	66
2231	487	95
2036	2086	41
1524	1917	87
392	1393	2
1692	1081	44
311	141	5
1700	2450	61
1393	640	78
688	996	87
1695	2218	39
733	1599	55
172	305	76
1131	558	72
1591	1404	32
2124	156	20
567	718	73
627	272	30
1243	232	31
1532	2075	18
998	1968	38
2147	155	76
1035	1424	100
267	750	45
1411	721	26
1961	2478	97
1348	13	2
1413	1432	90
758	1910	76
1817	994	100
2284	2021	30
2478	2257	60
230	509	85
924	1041	42
21	1095	81
1578	900	22
167	1556	97
2166	2080	82
89	375	100
139	185	38
1737	2026	30
2324	651	36
1360	1905	47
361	1493	17
363	2400	2
2164	905	87
2442	434	47
2092	2054	89
1914	1356	89
2096	118	62
1719	150	30
2244	1342	97
1612	1221	12
1703	209	32
319	363	27
2252	1378	58
625	1369	18
1306	2045	74
344	1837	24
2176	1995	75
592	1315	93
718	11	11
200	1848	95
630	2459	30
63	370	63
61	985	32
1011	1525	96
631	2393	43
868	1942	42
930	1386	2
918	87	45
700	1008	70
1106	2300	58
1340	657	45
2480	1186	89
579	2266	41
1656	476	63
1888	731	55
2264	2110	18
679	1836	60
2387	2034	85
974	444	40
1185	2214	40
849	292	61
206	1975	92
226	1003	7
260	1040	64
1991	114	18
235	71	52
148	727	18
1739	2329	97
1920	1672	64
2290	1491	91
1739	1529	27
1565	1517	5
1809	1853	51
1313	1045	49
1847	923	76
661	1393	46
421	686	59
1601	234	61
1486	1854	10
1357	1363	21
1204	1678	36
900	1163	88
990	904	82
544	2097	98
786	818	12
1057	1109	26
1513	1156	16
828	1594	94
1471	1941	99
2188	585	62
949	2056	90
267	453	57
812	1446	16
482	1952	87
2037	1974	2
1763	792	55
263	2057	70
237	1888	18
1813	1308	25
2375	479	59
571	1646	86
797	1572	49
569	1027	44
2142	1147	30
1833	1416	10
1706	43	70
431	1218	51
646	917	77
2440	1327	56
390	944	20
743	2490	82
1228	617	42
617	1794	9
2416	550	85
1035	668	88
505	1659	57
375	1279	19
2283	927	71
1281	2473	37
1807	195	72
574	1075	39
2453	1367	11
1960	2288	25
1241	1789	20
11	1073	73
248	96	83
1462	1067	94
115	2489	8
1281	1875	32
1106	874	94
82	614	71
2016	2034	16
539	1906	9
340	1346	96
1002	2479	28
175	1967	22
1231	1530	100
2453	2029	73
1314	1711	38
1964	611	80
204	2022	3
1013	1359	3
273	1993	22
719	2281	17
2296	2302	70
183	2446	51
1849	1060	69
13	503	3
619	944	79
1340	1677	45
2084	419	6
1306	1193	40
583	826	74
1003	1503	17
880	1827	79
437	62	60
495	1434	3
1218	2067	76
1216	325	84
2428	1934	12
2343	299	68
548	2361	18
48	1310	62
1044	1396	77
2320	590	29
1043	1031	2
1102	20	92
2242	1771	29
457	2318	98
144	1280	74
1542	1909	94
1891	1193	56
259	1263	72
465	1599	29
1532	2298	41
143	1230	69
425	919	27
261	889	62
2032	840	46
1166	707	71
2271	1807	84
956	1233	68
2223	140	92
2354	2500	39
2093	2470	77
283	1765	94
376	2375	62
29	779	94
1363	1725	81
2327	2469	41
1445	1128	1
661	1937	77
2249	809	75
986	914	82
2027	1434	1
171	1288	100
46	1818	40
595	2201	15
1526	667	47
713	1262	55
1624	367	46
853	302	59
455	1620	91
1187	2492	21
696	1994	29
608	2301	33
1402	660	97
1501	2002	58
1708	925	20
1296	1323	45
1474	238	69
1533	1689	54
1865	1699	3
1231	1653	15
510	860	41
1585	999	28
2252	464	50
1407	2372	71
1552	1974	70
909	2031	67
1817	1768	40
1566	602	69
2394	1674	47
91	2220	14
1167	918	17
624	1421	12
424	1423	54
1751	986	60
2355	357	71
771	2241	17
1947	581	43
1717	1276	26
212	2096	49
1224	1718	69
1450	984	65
1961	1179	9
1107	973	45
1395	2200	96
1722	497	97
1810	34	46
233	340	12
2097	1693	15
1407	747	20
2408	2421	28
197	1686	98
2391	328	43
186	2042	96
572	698	100
24	944	24
40	661	99
2481	1587	87
1287	335	10
1267	1536	75
2363	534	52
580	82	20
2028	638	70
814	2317	94
2418	592	90
1428	1294	31
1403	407	30
1443	2188	56
597	1845	40
667	2436	42
1968	2118	97
1140	2150	52
1634	976	52
1161	2361	8
423	1978	81
1211	1327	69
2382	1356	55
2319	318	63
1	450	23
265	730	44
985	2403	44
1038	1347	54
622	1252	95
2197	971	58
2012	1617	17
1122	118	69
334	1710	20
758	2095	86
35	1373	41
839	1707	36
1616	1511	65
1367	1461	93
1755	76	37
2433	331	34
1673	1215	89
770	785	55
2229	2200	27
1080	427	68
832	1229	3
2315	124	68
1738	2024	46
1762	83	78
383	952	1
2478	1130	52
1752	2308	31
332	418	83
1343	1820	63
1713	345	63
2206	769	11
563	1514	52
1321	1973	80
307	923	87
1915	1221	27
329	671	24
120	1302	99
2277	1176	83
413	1750	37
365	2135	99
2280	2003	75
2008	1147	51
790	1188	56
1125	1356	67
1504	1483	38
1912	1956	17
1833	499	60
1195	2392	87
182	1927	64
610	123	3
1847	1720	53
1996	2419	52
1298	938	18
2090	1076	89
89	189	18
535	1812	62
456	1608	63
113	1420	7
772	600	38
578	699	36
1773	1451	59
2468	1102	72
1251	1223	20
1636	1307	63
1505	1785	14
231	624	22
602	936	83
2355	556	51
2286	1950	66
623	974	45
1133	705	55
258	77	65
988	372	88
1184	2342	64
1671	2321	98
2318	1606	10
86	854	5
512	2352	42
952	2466	63
507	32	73
1438	266	48
832	690	6
508	233	27
1793	84	16
1128	2262	24
1540	277	55
2090	517	16
2079	1740	56
566	995	68
1989	997	68
95	491	26
2336	2236	52
1248	1675	36
848	1203	24
688	1555	99
709	981	35
586	597	42
1134	1628	37
130	849	54
2151	523	93
753	364	23
2392	1088	15
1727	2127	16
1115	939	96
359	1438	71
2494	260	49
1167	2434	83
2469	2444	10
1223	546	50
376	181	66
1868	511	97
342	320	62
913	1375	30
1732	1622	33
336	301	58
824	712	20
1086	2287	54
1372	1615	40
764	2441	31
2044	538	46
1365	222	84
2305	1175	47
720	2397	93
2464	1647	95
2406	2059	98
1613	2308	94
1884	2470	9
1577	1020	61
1385	1759	4
2478	213	43
1234	2169	61
2106	687	71
411	623	33
1028	1010	66
2010	1775	51
2100	1435	61
1297	1443	90
405	2271	57
2082	1208	95
1447	1187	95
693	412	86
310	2063	62
1218	2238	95
893	1491	2
1697	1598	56
68	2131	45
1638	2422	95
737	394	65
1531	2146	21
1932	208	93
702	1357	3
89	2030	60
656	82	18
158	2194	10
1715	1192	71
1472	1283	43
2128	1187	4
367	10	84
618	1933	90
1264	2474	5
1146	1592	19
2140	251	45
2085	2250	19
883	285	87
2179	1856	95
1079	1565	85
1631	1236	15
2025	1233	2
1099	1174	54
158	94	23
1258	7	98
1786	939	45
129	1986	91
416	962	82
599	294	67
565	2030	49
828	415	11
67	1153	56
1199	1507	76
1383	1269	76
2001	324	92
706	1056	61
1164	2181	54
190	73	30
424	1422	6
1853	368	11
519	767	22
1384	428	23
653	1883	13
1350	2174	52
1413	2258	95
1698	128	51
149	1911	4
2216	2105	93
173	2059	87
1780	947	86
1469	2123	83
1540	1619	67
511	1303	78
482	710	90
2381	2265	18
1520	48	35
1541	2182	41
496	1675	54
1633	1835	60
945	455	100
914	402	9
565	819	75
349	1618	2
2263	1216	95
2180	1313	71
1955	899	36
1775	1484	50
615	2094	22
241	847	47
1614	1112	6
160	616	55
840	1924	72
140	1159	74
1092	2123	46
2488	463	48
918	1871	9
1247	1702	78
2381	934	85
1823	1911	27
780	697	86
1785	655	98
404	1944	15
445	2447	45
2439	1812	31
1318	2089	81
1822	2036	87
1643	1919	74
2456	2276	85
672	1159	75
1873	2001	85
503	803	22
1684	2240	26
417	2419	76
972	1472	15
1361	2316	54
2155	815	91
570	1522	17
1564	2279	79
680	1433	97
1662	228	92
2163	1685	13
127	225	70
59	1622	35
397	2126	87
275	707	58
1840	1684	6
2102	922	14
1726	2409	5
330	1639	56
2145	864	27
1487	484	60
1971	910	42
2282	726	60
418	2248	14
1670	387	20
968	1494	11
127	1480	88
2044	2071	34
87	27	32
369	592	39
1500	2126	15
452	1603	85
613	958	56
176	493	7
250	191	2
1596	2275	14
1797	803	78
1406	987	59
119	2174	64
280	1040	48
2101	226	93
1296	979	14
1039	1970	47
1478	1939	8
658	1390	82
2460	1098	31
805	1760	46
2045	1992	95
585	989	80
1049	725	27
1652	2278	45
802	499	9
1716	597	31
1648	1292	36
991	1602	50
520	620	87
713	1923	36
2155	980	85
2402	2252	63
1388	468	43
1583	2481	28
1528	1872	91
514	2217	51
938	752	34
1908	1896	34
2011	227	20
1726	1266	36
1298	1337	59
1246	454	78
1243	2167	86
485	1696	54
618	354	36
2132	398	23
648	1626	74
622	1709	52
694	1182	87
74	1331	39
1852	1193	46
2494	315	64
1261	287	19
1717	2330	3
715	1596	39
1835	1382	65
1707	881	61
1433	537	35
78	1884	22
1201	1579	77
1324	2228	60
389	1050	43
1077	2123	26
799	1915	85
2243	2346	26
657	1657	58
1210	343	78
678	138	78
75	31	40
150	1191	83
1162	550	76
2277	1354	27
219	2163	18
2451	25	30
2334	1259	74
2491	805	81
572	72	3
1160	379	95
887	2328	31
47	1940	95
268	1507	8
2424	1109	69
1871	80	50
2319	1250	54
174	2369	62
856	656	3
1412	733	47
336	1729	14
194	589	45
1824	341	50
1374	2205	19
1751	2431	89
1792	1629	42
1016	184	59
726	2196	100
277	2365	71
641	2471	15
79	682	11
572	1783	54
10	1938	17
813	1999	63
596	1793	59
1383	12	62
451	39	25
2221	1658	57
2136	2211	31
659	1596	81
303	229	8
157	944	54
1047	694	60
395	1785	79
1734	1526	81
9	315	51
254	422	86
1085	726	30
1183	2474	1
2218	606	52
65	608	86
468	1987	84
486	66	74
513	1300	70
1739	711	18
1173	1903	52
2124	110	8
801	2046	67
223	2069	67
533	946	48
1441	2064	26
1054	720	14
979	759	27
1410	1028	62
48	1466	52
339	241	97
615	834	98
1650	898	76
2233	2002	4
840	1311	78
789	899	95
2088	734	35
449	345	70
628	342	18
2478	1831	93
1154	547	31
2009	1696	52
23	582	30
505	2148	8
1033	1544	12
97	1639	58
1353	100	47
621	470	34
112	180	49
872	2326	21
236	304	78
1995	722	17
873	1696	27
492	540	23
1320	344	34
876	2097	3
1396	804	37
2319	2007	82
1893	2332	50
2395	2277	15
1508	860	28
1836	793	31
1979	652	95
2227	1501	51
2367	257	22
80	603	82
916	689	61
647	1018	48
2350	2088	87
2477	615	44
1683	1962	84
1710	576	14
943	340	40
1406	1005	15
1803	212	65
1947	279	63
1051	839	28
1330	847	66
2175	473	10
765	871	98
1235	1501	1
100	1806	70
1168	1212	60
684	2019	59
1117	1333	85
460	1387	89
1573	1766	57
605	2363	76
2295	2370	65
1865	2351	68
2494	1345	16
1065	1681	87
967	2133	28
348	2423	98
1197	1587	59
1171	983	96
2178	1122	18
530	1587	41
56	2142	90
2445	229	74
232	1097	93
356	410	65
1463	381	9
2495	1121	36
842	1811	23
1869	877	60
2149	1430	36
1664	986	33
893	414	92
1371	2096	90
2254	2088	71
1132	1239	72
397	2261	20
208	1712	24
460	1795	24
361	841	66
1329	157	68
1326	1886	50
882	1024	34
2205	768	85
2437	1443	17
612	336	68
2112	1680	17
670	2398	32
1495	73	83
2222	34	40
1198	3	97
866	1518	80
942	1139	77
1665	1506	76
501	1313	96
1001	2483	94
37	435	68
1177	895	29
2462	1828	75
1550	2285	37
1064	1202	72
940	1771	28
119	1816	45
2458	116	71
172	2077	95
794	1679	14
2262	1930	64
538	1610	73
1743	1963	59
433	835	28
884	2207	10
406	374	47
2088	249	69
2423	2384	26
826	2114	85
8	1397	48
1377	1011	77
111	1462	1
1874	51	34
1862	983	2
2184	2452	46
1846	1678	45
2092	14	3
922	1256	16
2478	1761	100
6	1896	28
199	1705	37
2167	170	14
107	1231	17
1739	798	71
1285	2325	4
1317	1183	12
238	575	2
665	2286	57
301	1825	18
2496	28	96
2209	128	77
475	544	38
443	1779	53
289	756	71
1429	882	51
323	1428	53
1408	1876	75
1966	1782	27
2464	1449	75
964	183	33
760	1705	21
1889	987	60
462	2242	72
1898	1728	67
2483	561	14
1221	645	1
630	775	68
50	1880	25
908	1069	4
1907	1087	46
2226	506	77
1535	1781	29
2017	1865	58
706	1651	8
1215	1290	35
330	221	71
732	885	95
1726	666	35
893	1866	28
2038	1898	44
634	1512	83
2316	1682	53
33	627	25
272	441	56
217	714	69
2156	1336	18
2476	747	62
742	405	89
2268	477	29
1499	1265	41
2333	2150	88
1845	2487	91
1111	466	23
593	58	39
2005	333	45
1856	153	17
1065	472	22
1417	2104	5
2143	2325	31
1152	2338	24
1141	1725	9
1006	1056	74
1239	748	18
880	2256	98
2021	2475	81
1491	326	87
1855	248	25
1538	1866	45
2152	1477	52
862	1706	15
356	253	72
1414	2438	80
1058	1356	2
1916	1157	32
173	1440	28
838	1999	84
1272	1641	38
2153	2493	53
107	1516	7
1448	2400	3
79	729	71
1443	1838	33
1892	2091	27
1410	763	18
1336	1492	40
1116	554	12
393	982	72
1884	821	31
178	2376	14
1489	193	27
2239	1147	1
2065	735	14
1736	1638	13
122	1125	6
1808	227	12
1284	2411	34
817	1218	27
1557	714	29
403	1815	49
1143	977	69
816	508	33
1931	888	75
2497	432	42
338	1732	24
17	1654	48
1237	1822	4
719	549	24
1829	786	53
294	70	52
1335	1370	51
1897	2306	78
1668	1753	48
1223	1017	16
320	2304	59
2439	633	49
1392	2093	79
435	522	27
847	886	62
1157	1976	86
391	1637	63
1091	49	96
2066	1163	99
741	80	77
547	2215	8
1523	1954	25
132	2481	40
2040	198	43
36	2417	19
1114	1439	26
543	738	94
146	2192	28
948	927	70
1091	2378	57
2159	416	66
428	594	57
941	2081	44
2448	605	62
19	1597	58
2156	774	60
467	681	43
2195	1066	52
1869	1338	62
362	1741	19
710	1240	6
2099	1179	88
2359	184	40
875	377	2
6	1273	7
317	831	8
788	728	50
164	1792	70
239	2072	33
1205	1761	31
2018	2074	30
1706	2160	7
1830	2005	20
1514	22	97
1227	2366	46
1571	1117	36
1590	469	76
1192	744	24
783	27	73
1092	2141	27
635	986	57
844	1341	42
1610	1074	92
1612	1878	8
159	632	24
636	1257	18
2261	202	17
1089	1543	86
480	1724	52
1679	1127	61
255	1797	15
1841	1130	57
926	1320	23
271	285	22
33	2219	21
2433	284	21
2191	2500	54
1575	2168	97
1101	801	95
1796	2023	30
601	1244	1
1475	214	85
1009	508	9
2154	2144	23
2137	705	27
1581	644	5
735	169	63
1169	2377	93
248	337	34
1982	1762	2
2107	1174	100
1791	200	23
489	1867	39
27	1821	99
924	350	10
2438	2048	36
2461	837	5
184	92	7
1400	2440	93
969	1755	81
581	2078	16
1739	2246	83
1704	1981	21
1790	1154	86
2098	2432	100
990	686	34
794	1032	54
988	65	14
27	991	92
707	1399	75
802	1533	42
1510	731	30
1729	961	78
1900	1865	37
1309	2324	74
333	1303	7
1914	1332	37
1577	1397	9
568	534	100
755	1688	30
183	1084	73
533	2151	70
582	343	96
30	61	98
1808	871	61
1496	1951	67
1022	2200	56
2390	371	7
1975	898	79
800	2372	10
578	383	97
1018	133	54
1722	284	40
240	1952	92
1651	983	81
701	483	56
900	714	18
433	1628	47
998	70	10
1171	1607	9
1973	1229	51
726	1294	46
98	1917	12
2226	614	82
273	1749	13
1471	2051	53
1017	700	33
1475	759	15
369	501	61
1947	1990	69
943	1134	6
280	1345	65
541	469	61
2288	131	16
1960	438	3
1912	639	25
916	200	53
273	1260	49
601	1189	46
2181	2107	24
703	665	16
75	1220	53
1347	1229	97
889	273	51
780	602	100
176	2221	28
2276	965	51
1844	417	46
1165	1495	53
750	2314	22
585	2243	63
1626	756	15
2358	1228	16
2273	877	15
76	2334	54
145	2286	54
812	1226	11
1496	753	20
1964	1412	35
1379	1089	43
2096	2298	2
1308	145	51
565	870	6
568	403	38
379	738	80
2263	584	34
626	702	69
2088	130	21
1461	684	47
1704	318	16
784	915	6
544	1025	5
24	442	53
1476	1539	55
1183	144	60
1626	1178	92
849	1774	52
1108	575	47
1585	1076	36
2107	1446	83
1391	1713	55
433	260	91
1747	345	58
678	2385	86
1622	1231	89
533	391	33
1515	2357	66
1501	2331	70
918	1679	56
387	2267	18
335	720	23
1458	1968	86
2479	1056	86
605	555	46
1890	4	34
1237	808	79
1655	757	95
1198	968	37
2276	976	67
981	1958	56
1380	33	90
2210	893	74
747	1920	60
2225	730	16
439	719	20
580	1975	73
85	1571	47
895	670	80
881	2218	34
1403	726	49
1890	1007	30
579	1242	22
916	2210	8
952	1958	73
1566	2248	15
515	1947	79
399	916	79
307	1143	90
389	1174	73
973	969	5
608	2188	93
1707	1312	92
363	1570	64
2115	1280	100
1171	2278	21
468	227	47
84	1891	58
1006	435	14
1982	1017	60
795	1549	98
594	1898	12
302	2459	18
951	2090	13
87	1013	41
1881	1669	4
1431	2174	93
818	1079	31
942	1464	87
1294	1193	43
318	1018	11
880	1631	87
1926	2191	2
1464	1631	79
339	1404	50
55	1227	76
72	897	3
1936	164	11
1026	2458	58
1359	1012	4
1788	783	40
1405	1430	26
373	84	22
1268	1590	60
2500	2183	9
2499	839	29
1979	1461	100
2261	1380	66
913	1916	7
596	1203	93
1932	1238	5
1416	1361	20
2362	2268	95
243	441	5
493	626	54
349	512	92
1927	642	43
957	2473	49
1943	1007	78
2115	515	87
885	363	4
657	75	8
1443	1140	5
909	2406	77
2013	2269	5
2377	440	52
2244	549	61
2306	125	10
2084	2031	85
1865	1203	75
2113	745	27
1236	276	37
1385	639	69
2052	2483	2
1423	1129	75
411	2405	60
2273	614	3
218	1620	73
1865	1332	51
888	1535	22
2328	900	10
994	326	90
1506	1037	29
1320	950	87
2379	1051	79
2235	1737	72
1655	2104	53
2409	288	74
1591	1933	68
1305	1330	88
1323	2296	49
1903	1227	30
941	1779	62
2124	1341	40
1447	1832	30
1557	155	45
1719	1342	51
72	147	93
1576	1039	52
1119	1332	90
2447	184	33
2167	1722	98
1975	445	21
556	324	40
80	129	41
2155	580	56
153	422	26
2249	752	67
160	829	35
460	548	17
967	948	74
1299	622	94
248	56	84
2043	1410	82
94	1439	37
303	445	59
2473	1069	96
1683	2198	71
454	2447	89
566	2123	79
1707	1550	65
1994	1676	94
1733	136	52
2239	895	99
1966	597	46
1876	1897	77
1065	1482	46
839	830	28
370	1496	48
2211	443	41
32	1846	73
1244	1015	24
1847	2409	32
23	459	78
1380	1766	76
1063	805	25
1828	743	90
1438	937	33
382	1819	64
1582	2232	40
228	286	23
198	162	14
271	1954	62
1352	2270	47
1417	770	79
559	1593	95
1236	1888	75
2220	1417	36
1304	1941	24
438	1414	29
490	2131	25
2011	2167	86
214	57	75
28	2055	64
2345	2144	32
833	928	90
1411	197	25
1089	1688	35
2242	2318	60
51	1947	28
1393	957	92
1773	431	87
576	41	8
2145	1482	63
2171	1785	93
941	453	44
1403	505	51
837	2434	15
1998	2094	44
92	1741	5
1311	1773	8
1019	1292	55
2469	2127	4
1646	1307	2
698	950	35
963	1007	28
1148	2160	66
1510	1385	25
2290	2347	6
1247	489	62
875	2377	10
2107	352	57
1165	825	89
1026	2090	21
1948	879	38
542	1697	16
862	1328	48
555	694	62
264	1874	47
2331	494	51
515	2139	35
1065	409	86
942	1856	8
1912	1710	21
133	922	81
982	810	90
1887	164	37
587	2266	24
2146	1322	47
2109	370	43
844	39	51
2357	64	88
1719	1773	76
1503	1566	33
1939	308	47
1093	578	39
973	860	72
2004	1516	9
1961	1122	27
1875	1213	98
433	2123	67
1529	699	40
2246	1778	76
1952	837	8
2	925	80
24	2023	94
258	1337	69
10	519	35
1631	347	52
2249	218	59
649	1942	93
2089	2266	4
2118	1572	8
71	1935	7
308	1304	48
74	2138	24
143	1773	52
171	2192	70
852	2363	93
1503	974	12
2433	274	41
1765	454	62
2023	1870	27
603	2188	56
751	668	70
1172	2189	29
1071	2441	14
1371	300	50
222	311	3
2141	1981	64
1016	695	68
1267	1138	92
1512	2309	4
1392	92	68
668	771	37
1681	1320	19
965	332	75
779	1334	84
1173	747	70
2459	1028	48
367	651	53
873	1365	76
1599	1547	49
1929	2004	76
820	1825	42
264	2087	82
2123	800	58
1367	242	49
2456	1754	34
2005	526	42
2018	1800	78
2210	1968	4
481	1609	7
2058	791	72
1155	1080	1
2431	849	45
318	1872	51
31	91	68
148	316	71
465	1046	24
292	1020	2
115	1544	2
1336	1750	4
1807	1226	81
1743	1873	91
2132	40	75
127	693	80
1607	1447	93
1234	2008	84
856	2270	92
95	594	80
1194	2147	27
470	1502	2
2461	2495	70
479	1665	6
793	169	82
1980	459	32
977	1398	38
348	1445	91
1194	311	42
590	426	69
355	1216	8
69	72	26
1188	531	63
550	1308	49
1503	1186	65
1908	1690	93
767	1891	49
1588	456	44
445	767	23
943	628	36
1240	1701	53
300	692	92
2478	1862	31
1815	490	85
2262	94	78
2268	2370	90
1368	783	15
2307	2020	78
204	401	67
1474	270	47
230	1440	20
1041	1773	84
1027	2455	18
953	1380	67
1899	1596	9
88	800	50
924	2135	57
1340	155	99
757	2107	38
1557	2490	28
2141	635	64
1333	2412	100
1930	1203	27
1955	489	51
744	204	26
565	2399	9
975	433	83
2139	2160	56
1976	335	73
593	116	85
956	20	58
1015	896	87
2314	2051	43
910	1415	76
1765	262	84
1015	1786	13
1434	1608	54
1558	1293	96
969	1702	29
2463	1745	19
1035	1544	21
2070	1354	45
605	1654	41
922	1405	54
1014	335	10
960	1771	1
1528	391	71
1414	376	77
2425	186	11
1033	499	70
1891	1491	3
2498	693	82
124	2424	13
1698	680	35
2119	2230	74
1854	539	48
763	2449	85
719	2017	2
2498	1455	29
62	1351	76
1977	867	14
421	30	19
919	1689	80
1185	580	12
58	430	83
833	1079	98
1115	1997	21
2261	815	28
812	2257	70
668	1553	12
2053	1320	56
2210	2193	43
2071	847	74
341	734	15
2432	1615	81
1355	1719	29
204	1044	64
897	838	38
563	1927	30
2061	323	31
1451	544	15
325	269	87
1371	1795	88
1460	503	29
2293	1875	2
1235	971	67
394	1326	13
540	809	74
2337	96	52
553	228	33
731	1793	1
461	1579	64
372	228	59
22	1594	29
955	1342	45
1156	2387	100
1730	1389	60
555	285	39
336	1612	96
12	533	97
1481	1684	39
1350	2096	86
2052	2020	58
1724	1288	85
2389	1605	31
1232	2199	11
2108	962	91
524	1003	29
1391	687	40
156	1976	40
336	1635	53
330	2362	49
2039	442	42
1085	234	4
810	1773	73
911	65	91
1693	420	86
2184	2356	86
289	1017	33
1668	351	85
1279	2079	49
2006	610	48
2150	1949	88
939	1225	39
74	1535	57
2111	45	28
1728	955	55
814	1280	87
2241	914	62
793	2280	20
919	903	28
28	2461	99
289	1381	15
2009	2145	81
1347	2004	79
1360	1767	58
1250	442	86
1483	1182	39
1890	657	100
71	1633	2
378	2117	71
1445	2246	59
354	1872	96
2477	982	42
1559	231	7
470	1458	86
300	2324	68
1441	536	34
1189	625	21
2489	1419	21
1446	1766	22
2472	981	55
1526	1959	16
950	88	5
1923	1584	14
708	1914	86
2449	499	57
169	958	16
1044	2063	29
2184	1176	46
2055	1682	34
677	883	14
2492	977	42
830	793	74
267	1549	96
1515	1587	50
1982	1962	65
182	1829	7
2067	2109	67
2271	2360	46
2488	1239	79
2033	163	25
742	237	18
1720	697	72
182	2431	21
624	2114	55
2311	529	80
856	1613	62
1214	1230	91
1982	1237	76
1635	257	97
1659	82	1
1237	1643	95
1379	544	82
912	243	19
2196	531	72
985	1058	12
1918	280	90
466	1071	70
2054	1639	79
1763	2390	46
2052	1846	11
1221	848	53
657	1431	52
724	923	33
1438	2323	98
314	1128	92
868	2480	28
934	1484	95
1408	2243	91
1248	566	41
