1500 7000 
1 146 
2 74 
3 59 
4 23 
5 72 
6 21 
7 98 
8 82 
9 130 
10 111 
11 30 
12 61 
13 137 
14 107 
15 128 
16 32 
17 38 
18 35 
19 48 
20 71 
21 133 
22 68 
23 91 
24 91 
25 18 
26 128 
27 104 
28 53 
29 145 
30 58 
31 101 
32 142 
33 122 
34 11 
35 15 
36 45 
37 22 
38 103 
39 117 
40 142 
41 64 
42 138 
43 54 
44 51 
45 95 
46 32 
47 74 
48 124 
49 58 
50 112 
51 45 
52 41 
53 31 
54 126 
55 123 
56 40 
57 105 
58 77 
59 83 
60 100 
61 125 
62 35 
63 93 
64 98 
65 37 
66 98 
67 133 
68 49 
69 52 
70 101 
71 42 
72 106 
73 90 
74 86 
75 148 
76 36 
77 109 
78 73 
79 10 
80 17 
81 35 
82 45 
83 49 
84 57 
85 22 
86 22 
87 88 
88 117 
89 90 
90 21 
91 68 
92 65 
93 47 
94 11 
95 14 
96 74 
97 100 
98 138 
99 114 
100 142 
101 89 
102 147 
103 99 
104 30 
105 84 
106 97 
107 56 
108 43 
109 21 
110 56 
111 51 
112 47 
113 92 
114 91 
115 94 
116 105 
117 103 
118 32 
119 73 
120 43 
121 44 
122 131 
123 99 
124 82 
125 133 
126 103 
127 147 
128 83 
129 92 
130 111 
131 75 
132 32 
133 109 
134 25 
135 52 
136 43 
137 113 
138 98 
139 77 
140 124 
141 145 
142 118 
143 21 
144 88 
145 59 
146 106 
147 43 
148 13 
149 128 
150 107 
151 47 
152 23 
153 88 
154 137 
155 95 
156 72 
157 91 
158 92 
159 146 
160 33 
161 54 
162 71 
163 55 
164 13 
165 87 
166 97 
167 47 
168 50 
169 46 
170 114 
171 24 
172 42 
173 83 
174 35 
175 120 
176 133 
177 131 
178 14 
179 137 
180 110 
181 111 
182 34 
183 123 
184 50 
185 22 
186 69 
187 112 
188 103 
189 12 
190 108 
191 126 
192 56 
193 30 
194 32 
195 60 
196 107 
197 120 
198 97 
199 147 
200 17 
201 62 
202 22 
203 49 
204 136 
205 48 
206 20 
207 119 
208 30 
209 24 
210 106 
211 130 
212 125 
213 131 
214 104 
215 26 
216 143 
217 24 
218 128 
219 97 
220 26 
221 87 
222 74 
223 72 
224 107 
225 96 
226 123 
227 65 
228 66 
229 71 
230 63 
231 74 
232 123 
233 75 
234 113 
235 109 
236 113 
237 123 
238 79 
239 133 
240 138 
241 36 
242 114 
243 114 
244 17 
245 69 
246 130 
247 11 
248 83 
249 108 
250 98 
251 99 
252 46 
253 22 
254 22 
255 144 
256 109 
257 135 
258 59 
259 25 
260 56 
261 112 
262 90 
263 30 
264 38 
265 53 
266 130 
267 142 
268 27 
269 59 
270 126 
271 15 
272 85 
273 90 
274 119 
275 93 
276 149 
277 100 
278 94 
279 83 
280 59 
281 43 
282 32 
283 95 
284 55 
285 45 
286 89 
287 15 
288 30 
289 138 
290 31 
291 77 
292 101 
293 111 
294 98 
295 130 
296 14 
297 78 
298 122 
299 32 
300 127 
301 99 
302 37 
303 62 
304 39 
305 147 
306 146 
307 39 
308 97 
309 90 
310 112 
311 146 
312 124 
313 135 
314 92 
315 30 
316 30 
317 31 
318 35 
319 51 
320 20 
321 56 
322 119 
323 112 
324 17 
325 67 
326 92 
327 22 
328 135 
329 65 
330 44 
331 113 
332 14 
333 72 
334 26 
335 44 
336 69 
337 22 
338 74 
339 17 
340 103 
341 37 
342 14 
343 77 
344 22 
345 96 
346 97 
347 43 
348 118 
349 122 
350 84 
351 128 
352 29 
353 54 
354 91 
355 36 
356 111 
357 34 
358 48 
359 97 
360 90 
361 83 
362 60 
363 95 
364 145 
365 76 
366 129 
367 65 
368 89 
369 54 
370 72 
371 42 
372 81 
373 77 
374 110 
375 94 
376 23 
377 57 
378 127 
379 132 
380 30 
381 62 
382 111 
383 50 
384 106 
385 52 
386 76 
387 68 
388 76 
389 115 
390 16 
391 17 
392 48 
393 67 
394 102 
395 43 
396 134 
397 82 
398 98 
399 73 
400 126 
401 21 
402 106 
403 58 
404 88 
405 66 
406 142 
407 102 
408 114 
409 120 
410 84 
411 134 
412 32 
413 45 
414 34 
415 129 
416 88 
417 101 
418 48 
419 15 
420 67 
421 54 
422 22 
423 105 
424 111 
425 114 
426 139 
427 95 
428 46 
429 87 
430 19 
431 23 
432 99 
433 115 
434 71 
435 37 
436 32 
437 64 
438 130 
439 136 
440 34 
441 64 
442 121 
443 57 
444 100 
445 145 
446 36 
447 39 
448 97 
449 75 
450 44 
451 14 
452 119 
453 56 
454 110 
455 81 
456 21 
457 99 
458 27 
459 58 
460 37 
461 37 
462 71 
463 126 
464 142 
465 133 
466 14 
467 24 
468 48 
469 134 
470 10 
471 72 
472 49 
473 122 
474 119 
475 140 
476 117 
477 146 
478 29 
479 65 
480 71 
481 63 
482 70 
483 41 
484 110 
485 30 
486 113 
487 121 
488 119 
489 130 
490 30 
491 146 
492 17 
493 91 
494 123 
495 10 
496 75 
497 127 
498 25 
499 113 
500 112 
501 26 
502 36 
503 11 
504 138 
505 146 
506 142 
507 106 
508 143 
509 21 
510 21 
511 65 
512 75 
513 81 
514 96 
515 36 
516 101 
517 59 
518 148 
519 71 
520 40 
521 28 
522 67 
523 48 
524 110 
525 40 
526 49 
527 35 
528 18 
529 64 
530 139 
531 120 
532 81 
533 25 
534 121 
535 69 
536 22 
537 114 
538 25 
539 15 
540 125 
541 37 
542 70 
543 51 
544 109 
545 17 
546 77 
547 61 
548 67 
549 76 
550 122 
551 97 
552 94 
553 40 
554 136 
555 54 
556 71 
557 35 
558 80 
559 79 
560 90 
561 70 
562 50 
563 21 
564 85 
565 22 
566 80 
567 98 
568 126 
569 96 
570 103 
571 102 
572 124 
573 24 
574 143 
575 83 
576 31 
577 71 
578 135 
579 88 
580 137 
581 108 
582 36 
583 81 
584 139 
585 23 
586 126 
587 60 
588 48 
589 57 
590 130 
591 128 
592 117 
593 30 
594 139 
595 53 
596 43 
597 70 
598 141 
599 19 
600 16 
601 95 
602 111 
603 131 
604 110 
605 104 
606 65 
607 131 
608 26 
609 50 
610 70 
611 13 
612 148 
613 97 
614 85 
615 138 
616 110 
617 62 
618 48 
619 149 
620 109 
621 29 
622 127 
623 76 
624 50 
625 117 
626 119 
627 83 
628 38 
629 111 
630 92 
631 45 
632 56 
633 54 
634 26 
635 16 
636 148 
637 81 
638 138 
639 24 
640 122 
641 59 
642 28 
643 121 
644 146 
645 104 
646 109 
647 107 
648 16 
649 148 
650 106 
651 116 
652 27 
653 83 
654 42 
655 68 
656 51 
657 12 
658 141 
659 80 
660 113 
661 84 
662 115 
663 20 
664 128 
665 132 
666 27 
667 127 
668 63 
669 16 
670 142 
671 35 
672 65 
673 21 
674 146 
675 62 
676 115 
677 105 
678 19 
679 122 
680 103 
681 115 
682 88 
683 121 
684 49 
685 120 
686 40 
687 90 
688 123 
689 31 
690 20 
691 87 
692 106 
693 126 
694 98 
695 85 
696 108 
697 115 
698 62 
699 22 
700 121 
701 55 
702 47 
703 37 
704 66 
705 44 
706 89 
707 31 
708 140 
709 98 
710 143 
711 94 
712 63 
713 81 
714 65 
715 102 
716 52 
717 96 
718 43 
719 26 
720 117 
721 54 
722 103 
723 74 
724 30 
725 51 
726 149 
727 129 
728 17 
729 62 
730 141 
731 129 
732 107 
733 38 
734 16 
735 24 
736 73 
737 95 
738 45 
739 63 
740 43 
741 39 
742 147 
743 96 
744 111 
745 63 
746 49 
747 14 
748 10 
749 82 
750 30 
751 117 
752 126 
753 124 
754 42 
755 147 
756 25 
757 42 
758 126 
759 33 
760 95 
761 117 
762 12 
763 52 
764 146 
765 18 
766 67 
767 69 
768 103 
769 103 
770 123 
771 137 
772 132 
773 121 
774 83 
775 94 
776 35 
777 122 
778 98 
779 35 
780 55 
781 119 
782 143 
783 31 
784 93 
785 35 
786 28 
787 109 
788 67 
789 144 
790 132 
791 12 
792 112 
793 134 
794 55 
795 108 
796 143 
797 113 
798 27 
799 97 
800 66 
801 140 
802 84 
803 48 
804 111 
805 18 
806 133 
807 136 
808 131 
809 81 
810 22 
811 36 
812 50 
813 15 
814 58 
815 133 
816 40 
817 77 
818 93 
819 98 
820 72 
821 75 
822 101 
823 34 
824 60 
825 147 
826 132 
827 54 
828 110 
829 149 
830 141 
831 26 
832 140 
833 76 
834 65 
835 102 
836 84 
837 48 
838 89 
839 65 
840 120 
841 101 
842 92 
843 20 
844 106 
845 140 
846 144 
847 137 
848 68 
849 87 
850 85 
851 130 
852 13 
853 37 
854 14 
855 63 
856 34 
857 136 
858 107 
859 134 
860 136 
861 99 
862 11 
863 127 
864 25 
865 66 
866 79 
867 99 
868 105 
869 19 
870 15 
871 75 
872 110 
873 98 
874 85 
875 67 
876 88 
877 80 
878 54 
879 147 
880 17 
881 129 
882 127 
883 20 
884 16 
885 131 
886 74 
887 41 
888 118 
889 32 
890 26 
891 104 
892 121 
893 27 
894 82 
895 137 
896 84 
897 12 
898 86 
899 39 
900 21 
901 92 
902 104 
903 122 
904 40 
905 40 
906 39 
907 119 
908 111 
909 83 
910 116 
911 118 
912 63 
913 93 
914 129 
915 70 
916 75 
917 54 
918 101 
919 43 
920 76 
921 117 
922 138 
923 48 
924 135 
925 70 
926 35 
927 69 
928 73 
929 112 
930 98 
931 84 
932 54 
933 53 
934 56 
935 85 
936 84 
937 85 
938 55 
939 45 
940 19 
941 21 
942 14 
943 72 
944 105 
945 134 
946 133 
947 30 
948 38 
949 85 
950 64 
951 105 
952 53 
953 53 
954 143 
955 38 
956 114 
957 29 
958 97 
959 37 
960 131 
961 46 
962 111 
963 36 
964 90 
965 18 
966 112 
967 24 
968 93 
969 17 
970 60 
971 103 
972 28 
973 65 
974 26 
975 124 
976 49 
977 149 
978 145 
979 78 
980 84 
981 59 
982 34 
983 127 
984 103 
985 28 
986 16 
987 67 
988 47 
989 103 
990 94 
991 29 
992 140 
993 56 
994 56 
995 80 
996 64 
997 18 
998 95 
999 148 
1000 25 
1001 146 
1002 101 
1003 44 
1004 61 
1005 117 
1006 18 
1007 101 
1008 117 
1009 13 
1010 30 
1011 51 
1012 63 
1013 54 
1014 29 
1015 16 
1016 72 
1017 35 
1018 74 
1019 110 
1020 129 
1021 18 
1022 129 
1023 120 
1024 64 
1025 36 
1026 51 
1027 119 
1028 44 
1029 136 
1030 117 
1031 59 
1032 133 
1033 68 
1034 94 
1035 45 
1036 36 
1037 102 
1038 136 
1039 143 
1040 106 
1041 17 
1042 44 
1043 20 
1044 62 
1045 64 
1046 27 
1047 124 
1048 90 
1049 91 
1050 85 
1051 70 
1052 100 
1053 65 
1054 40 
1055 15 
1056 91 
1057 81 
1058 124 
1059 126 
1060 68 
1061 91 
1062 35 
1063 51 
1064 10 
1065 120 
1066 86 
1067 36 
1068 73 
1069 73 
1070 29 
1071 29 
1072 80 
1073 64 
1074 40 
1075 133 
1076 118 
1077 58 
1078 108 
1079 59 
1080 139 
1081 43 
1082 119 
1083 90 
1084 99 
1085 10 
1086 95 
1087 40 
1088 81 
1089 69 
1090 16 
1091 140 
1092 11 
1093 42 
1094 42 
1095 11 
1096 12 
1097 118 
1098 37 
1099 75 
1100 42 
1101 56 
1102 95 
1103 113 
1104 110 
1105 126 
1106 96 
1107 79 
1108 34 
1109 54 
1110 128 
1111 24 
1112 87 
1113 98 
1114 104 
1115 36 
1116 98 
1117 49 
1118 67 
1119 30 
1120 109 
1121 74 
1122 20 
1123 110 
1124 106 
1125 52 
1126 112 
1127 109 
1128 21 
1129 139 
1130 35 
1131 54 
1132 46 
1133 121 
1134 17 
1135 147 
1136 97 
1137 103 
1138 77 
1139 122 
1140 148 
1141 55 
1142 136 
1143 86 
1144 144 
1145 91 
1146 113 
1147 92 
1148 130 
1149 30 
1150 113 
1151 90 
1152 94 
1153 124 
1154 50 
1155 51 
1156 27 
1157 12 
1158 11 
1159 38 
1160 142 
1161 36 
1162 82 
1163 39 
1164 148 
1165 90 
1166 36 
1167 96 
1168 43 
1169 103 
1170 68 
1171 42 
1172 149 
1173 55 
1174 118 
1175 143 
1176 136 
1177 81 
1178 86 
1179 117 
1180 101 
1181 50 
1182 58 
1183 46 
1184 24 
1185 98 
1186 88 
1187 41 
1188 101 
1189 89 
1190 70 
1191 94 
1192 115 
1193 143 
1194 123 
1195 114 
1196 83 
1197 10 
1198 60 
1199 117 
1200 103 
1201 119 
1202 149 
1203 103 
1204 24 
1205 117 
1206 96 
1207 11 
1208 48 
1209 33 
1210 119 
1211 140 
1212 73 
1213 27 
1214 36 
1215 87 
1216 116 
1217 114 
1218 119 
1219 68 
1220 53 
1221 39 
1222 12 
1223 19 
1224 33 
1225 126 
1226 123 
1227 106 
1228 126 
1229 34 
1230 74 
1231 79 
1232 143 
1233 73 
1234 32 
1235 17 
1236 41 
1237 119 
1238 19 
1239 80 
1240 143 
1241 128 
1242 70 
1243 66 
1244 145 
1245 97 
1246 144 
1247 112 
1248 61 
1249 113 
1250 30 
1251 105 
1252 143 
1253 32 
1254 115 
1255 27 
1256 148 
1257 89 
1258 124 
1259 124 
1260 113 
1261 48 
1262 54 
1263 107 
1264 112 
1265 77 
1266 114 
1267 143 
1268 46 
1269 124 
1270 73 
1271 39 
1272 102 
1273 134 
1274 96 
1275 98 
1276 81 
1277 91 
1278 60 
1279 133 
1280 54 
1281 80 
1282 88 
1283 48 
1284 103 
1285 54 
1286 66 
1287 101 
1288 134 
1289 40 
1290 76 
1291 98 
1292 78 
1293 120 
1294 55 
1295 40 
1296 48 
1297 20 
1298 34 
1299 84 
1300 134 
1301 98 
1302 114 
1303 87 
1304 82 
1305 61 
1306 36 
1307 13 
1308 142 
1309 86 
1310 136 
1311 47 
1312 17 
1313 75 
1314 86 
1315 110 
1316 120 
1317 142 
1318 62 
1319 104 
1320 32 
1321 128 
1322 52 
1323 101 
1324 99 
1325 97 
1326 132 
1327 137 
1328 108 
1329 16 
1330 72 
1331 92 
1332 105 
1333 37 
1334 30 
1335 37 
1336 88 
1337 56 
1338 41 
1339 81 
1340 133 
1341 27 
1342 118 
1343 140 
1344 93 
1345 54 
1346 101 
1347 63 
1348 47 
1349 13 
1350 18 
1351 69 
1352 132 
1353 60 
1354 21 
1355 82 
1356 148 
1357 143 
1358 69 
1359 106 
1360 10 
1361 132 
1362 49 
1363 105 
1364 19 
1365 70 
1366 132 
1367 98 
1368 116 
1369 23 
1370 29 
1371 99 
1372 41 
1373 138 
1374 90 
1375 125 
1376 43 
1377 41 
1378 38 
1379 80 
1380 45 
1381 46 
1382 140 
1383 27 
1384 97 
1385 11 
1386 100 
1387 96 
1388 144 
1389 20 
1390 53 
1391 145 
1392 142 
1393 92 
1394 100 
1395 12 
1396 12 
1397 82 
1398 100 
1399 119 
1400 96 
1401 120 
1402 69 
1403 128 
1404 108 
1405 149 
1406 104 
1407 142 
1408 41 
1409 133 
1410 72 
1411 76 
1412 30 
1413 63 
1414 94 
1415 117 
1416 65 
1417 44 
1418 64 
1419 60 
1420 54 
1421 107 
1422 55 
1423 47 
1424 49 
1425 145 
1426 49 
1427 52 
1428 78 
1429 139 
1430 22 
1431 25 
1432 110 
1433 81 
1434 144 
1435 68 
1436 80 
1437 98 
1438 60 
1439 111 
1440 81 
1441 123 
1442 38 
1443 101 
1444 37 
1445 122 
1446 69 
1447 92 
1448 17 
1449 123 
1450 142 
1451 62 
1452 80 
1453 47 
1454 99 
1455 120 
1456 42 
1457 138 
1458 23 
1459 110 
1460 127 
1461 35 
1462 126 
1463 87 
1464 107 
1465 120 
1466 146 
1467 38 
1468 68 
1469 57 
1470 139 
1471 139 
1472 31 
1473 28 
1474 91 
1475 58 
1476 141 
1477 10 
1478 140 
1479 148 
1480 124 
1481 132 
1482 60 
1483 54 
1484 30 
1485 149 
1486 25 
1487 62 
1488 137 
1489 38 
1490 23 
1491 115 
1492 64 
1493 139 
1494 53 
1495 21 
1496 109 
1497 50 
1498 50 
1499 28 
1500 98 
1 87 0
1 519 0
87 196 0
1 965 0
1 407 0
519 1404 0
196 1167 0
1 941 0
1167 684 0
965 148 0
407 447 0
407 712 0
1167 856 0
519 1341 0
712 474 0
1167 114 0
1404 471 0
1167 22 0
941 1043 0
712 756 0
1043 179 0
684 898 0
1043 786 0
407 1171 0
786 1152 0
898 801 0
519 561 0
1 1019 0
801 311 0
471 1201 0
474 188 0
561 1329 0
1341 461 0
1201 1307 0
1 847 0
1341 1452 0
1152 1245 0
898 876 0
1341 1222 0
474 543 0
1171 414 0
1245 1017 0
561 1363 0
114 901 0
1404 1430 0
1043 982 0
407 476 0
561 804 0
1201 724 0
179 954 0
196 1225 0
461 1121 0
1452 360 0
1043 113 0
965 1105 0
1171 1013 0
519 524 0
898 1025 0
471 1134 0
1043 640 0
982 1099 0
1167 1263 0
407 1004 0
561 1050 0
712 1255 0
1152 392 0
476 55 0
196 594 0
1043 600 0
461 529 0
712 1344 0
965 329 0
179 669 0
594 857 0
22 384 0
196 34 0
519 233 0
600 175 0
55 472 0
55 83 0
114 342 0
801 1312 0
898 534 0
1019 797 0
392 1176 0
472 1382 0
392 4 0
471 105 0
414 208 0
1134 1021 0
1245 1012 0
55 629 0
83 911 0
1121 1042 0
1012 591 0
384 259 0
1004 180 0
148 1316 0
724 1409 0
724 418 0
561 605 0
561 70 0
901 673 0
712 1261 0
1255 1111 0
1255 60 0
113 520 0
1121 549 0
519 79 0
1341 1387 0
1121 1295 0
756 191 0
1404 404 0
941 782 0
797 1417 0
1409 26 0
1 189 0
1167 608 0
329 263 0
543 338 0
608 1336 0
1307 689 0
414 1066 0
79 497 0
70 38 0
901 421 0
338 742 0
1013 27 0
60 709 0
384 780 0
447 1383 0
34 134 0
34 893 0
1344 269 0
191 1200 0
1134 1129 0
1417 991 0
901 256 0
600 299 0
34 449 0
1307 1231 0
208 280 0
1004 106 0
1329 375 0
1176 1093 0
689 926 0
1452 583 0
782 1449 0
712 429 0
196 1250 0
311 1402 0
404 58 0
311 109 0
847 932 0
1430 1045 0
196 733 0
60 883 0
189 172 0
1417 1306 0
1004 438 0
497 331 0
87 40 0
79 1057 0
299 1016 0
471 1179 0
404 405 0
524 586 0
524 720 0
4 765 0
1222 1087 0
1134 1381 0
1099 45 0
733 149 0
561 854 0
1341 746 0
765 1144 0
280 1296 0
883 643 0
1129 992 0
901 1158 0
404 1229 0
1329 1294 0
55 692 0
591 1477 0
22 1364 0
780 1406 0
87 91 0
1021 1203 0
461 841 0
1111 346 0
876 693 0
1171 17 0
180 1373 0
591 364 0
429 971 0
1201 526 0
134 436 0
384 61 0
765 1178 0
1364 1244 0
1383 833 0
342 862 0
106 1151 0
189 1298 0
520 182 0
1201 947 0
991 361 0
109 229 0
1099 1472 0
1042 89 0
947 785 0
1409 849 0
1178 1100 0
429 1030 0
40 821 0
40 536 0
640 210 0
471 1267 0
148 1466 0
693 741 0
746 36 0
594 599 0
55 69 0
106 770 0
1255 126 0
1250 353 0
1306 181 0
849 825 0
353 812 0
70 959 0
1004 262 0
1222 706 0
1176 321 0
421 530 0
1100 532 0
530 1457 0
1111 387 0
1017 949 0
1176 1040 0
797 1286 0
36 32 0
69 790 0
543 1084 0
392 204 0
689 908 0
770 975 0
825 111 0
1312 372 0
797 1098 0
1296 318 0
857 888 0
790 929 0
196 183 0
38 467 0
975 1058 0
1404 1110 0
69 1185 0
893 50 0
89 987 0
1225 1435 0
269 146 0
1171 553 0
360 528 0
971 674 0
83 564 0
785 1374 0
901 942 0
1012 225 0
1084 1034 0
429 1083 0
1364 715 0
1472 1318 0
1093 358 0
1016 1352 0
786 984 0
1294 739 0
183 927 0
856 152 0
954 966 0
1406 595 0
594 569 0
1171 503 0
1050 1305 0
720 171 0
34 1248 0
407 1166 0
229 1271 0
429 322 0
786 1223 0
1296 203 0
225 337 0
69 1023 0
148 988 0
171 264 0
643 1277 0
361 1287 0
1201 953 0
472 402 0
392 1035 0
1231 1433 0
196 1315 0
1129 889 0
1176 1169 0
87 1304 0
1201 740 0
331 1425 0
1352 359 0
225 1464 0
1452 1438 0
982 865 0
429 1337 0
1158 696 0
833 1008 0
1271 1031 0
599 466 0
782 1327 0
966 967 0
926 198 0
929 552 0
765 1055 0
561 73 0
1277 1157 0
1417 935 0
264 563 0
947 74 0
392 139 0
402 922 0
812 659 0
229 728 0
1231 1388 0
965 1224 0
179 1048 0
862 615 0
179 1484 0
1224 1310 0
1409 92 0
1466 253 0
756 18 0
196 1130 0
405 751 0
447 807 0
1435 1102 0
1016 541 0
746 135 0
1201 1088 0
172 118 0
467 1400 0
118 398 0
471 72 0
1435 1243 0
812 51 0
1017 356 0
1012 209 0
782 310 0
113 934 0
74 218 0
1229 779 0
954 1133 0
360 745 0
876 270 0
1100 647 0
1336 1357 0
1329 382 0
204 161 0
375 478 0
392 1395 0
765 345 0
134 818 0
643 774 0
478 722 0
1477 1026 0
359 12 0
1466 1091 0
1 831 0
262 123 0
478 242 0
183 350 0
1298 860 0
1084 244 0
541 48 0
32 102 0
847 112 0
1250 508 0
1031 981 0
1121 907 0
1178 710 0
152 385 0
1098 347 0
1336 719 0
22 1036 0
264 1385 0
524 1136 0
780 766 0
233 1082 0
779 116 0
1167 601 0
34 1276 0
1058 648 0
126 512 0
1406 775 0
1387 1081 0
1129 1096 0
1383 1107 0
497 704 0
1058 393 0
706 425 0
932 1259 0
1048 1325 0
720 1309 0
503 1124 0
804 1101 0
310 340 0
1130 551 0
1026 1095 0
1081 397 0
1222 268 0
375 1422 0
605 1345 0
1144 1279 0
893 1135 0
112 963 0
1364 314 0
987 1359 0
87 31 0
1417 747 0
583 420 0
45 228 0
1035 246 0
1425 644 0
564 736 0
1095 763 0
1096 336 0
1050 1389 0
246 1370 0
967 1429 0
715 683 0
4 1399 0
1259 1191 0
1231 1322 0
774 633 0
739 201 0
1429 37 0
1144 729 0
26 125 0
27 931 0
779 1085 0
564 778 0
183 783 0
1124 1334 0
449 679 0
347 1455 0
709 68 0
1 231 0
1276 1089 0
600 752 0
1345 1143 0
551 1390 0
1091 1213 0
1318 84 0
364 920 0
37 239 0
1004 578 0
1085 731 0
256 914 0
1336 634 0
908 130 0
1058 843 0
4 567 0
114 1278 0
1325 1498 0
818 816 0
1390 1489 0
1388 811 0
1489 304 0
1101 1197 0
1176 850 0
1337 326 0
692 635 0
148 700 0
1286 290 0
280 1260 0
526 1123 0
1259 607 0
841 895 0
1055 1367 0
461 453 0
561 43 0
55 1108 0
704 141 0
1152 1269 0
984 235 0
987 220 0
1083 921 0
340 576 0
1277 1420 0
1359 899 0
692 265 0
345 1145 0
228 133 0
804 522 0
436 167 0
895 452 0
673 107 0
1261 1376 0
1066 260 0
1026 803 0
372 1270 0
712 42 0
208 1301 0
1337 768 0
70 464 0
1102 565 0
831 1335 0
1107 1354 0
927 871 0
524 1188 0
1152 1392 0
1244 1164 0
591 585 0
1402 1375 0
125 29 0
689 1047 0
1402 255 0
862 457 0
1004 1436 0
742 315 0
908 1351 0
1498 194 0
765 661 0
1422 836 0
402 873 0
314 593 0
1375 1480 0
578 159 0
268 156 0
1327 612 0
418 1386 0
315 462 0
982 354 0
768 1060 0
61 1324 0
1166 800 0
113 406 0
471 1208 0
1105 1290 0
932 1209 0
1082 77 0
1402 668 0
375 1175 0
304 993 0
586 433 0
1091 469 0
1045 624 0
1386 1128 0
856 869 0
1055 371 0
1134 1120 0
38 1183 0
1277 1122 0
356 1221 0
901 859 0
405 753 0
1183 539 0
1305 1125 0
393 344 0
765 24 0
634 912 0
988 99 0
270 977 0
1034 614 0
706 49 0
311 480 0
1021 258 0
397 638 0
359 330 0
1477 1220 0
932 571 0
1286 243 0
1295 848 0
1433 839 0
405 754 0
406 101 0
731 416 0
497 395 0
993 630 0
1121 1268 0
336 1202 0
42 1346 0
908 938 0
135 867 0
1120 824 0
1310 1187 0
1438 1368 0
503 649 0
1386 902 0
12 174 0
1367 1118 0
643 1182 0
941 463 0
1152 861 0
338 120 0
692 1232 0
1057 155 0
107 619 0
920 377 0
347 1396 0
436 1470 0
1122 758 0
189 357 0
135 88 0
32 1343 0
746 894 0
239 1001 0
107 681 0
1099 1332 0
125 267 0
1001 1308 0
583 238 0
497 66 0
1187 1174 0
1425 1238 0
268 721 0
452 521 0
1422 3 0
66 206 0
1099 979 0
1374 339 0
831 158 0
1343 367 0
902 882 0
992 584 0
1457 1234 0
37 1266 0
118 781 0
1429 1487 0
668 970 0
392 906 0
1 788 0
342 1039 0
395 1413 0
848 13 0
74 285 0
1110 1165 0
659 915 0
18 1440 0
322 1320 0
534 702 0
1025 707 0
569 544 0
811 1265 0
911 506 0
436 212 0
797 928 0
1111 219 0
970 65 0
111 1235 0
1025 1076 0
991 412 0
506 1018 0
99 435 0
608 261 0
821 996 0
4 1044 0
1012 475 0
1452 725 0
1213 166 0
359 826 0
953 493 0
436 1443 0
912 224 0
1390 1384 0
1316 1441 0
384 296 0
746 86 0
1121 944 0
1422 213 0
337 1356 0
112 990 0
908 1299 0
105 343 0
347 672 0
1345 980 0
469 1150 0
228 891 0
1390 388 0
1110 287 0
290 1331 0
797 660 0
619 312 0
882 1090 0
398 950 0
583 1256 0
1048 1350 0
1400 1051 0
1484 509 0
1158 44 0
1008 1062 0
640 211 0
212 924 0
1110 484 0
780 1471 0
1443 708 0
1364 64 0
235 115 0
74 489 0
529 769 0
1261 249 0
1413 499 0
1050 323 0
615 454 0
561 577 0
931 1264 0
644 562 0
156 424 0
1169 94 0
605 1249 0
267 78 0
779 933 0
421 1462 0
17 793 0
395 815 0
1399 748 0
1269 400 0
747 1252 0
166 1353 0
1098 743 0
258 1161 0
74 305 0
265 1479 0
1299 85 0
706 59 0
315 138 0
38 168 0
36 1181 0
1304 437 0
743 1423 0
312 455 0
256 470 0
83 592 0
1166 23 0
66 556 0
59 1454 0
29 1340 0
1341 294 0
1489 1112 0
774 1481 0
1043 164 0
180 150 0
563 327 0
1309 1170 0
519 401 0
524 1097 0
180 199 0
1279 968 0
188 749 0
833 655 0
464 190 0
112 282 0
1047 390 0
754 241 0
1357 195 0
89 1253 0
161 302 0
159 820 0
285 1216 0
101 621 0
1182 616 0
1232 1204 0
83 251 0
1417 108 0
741 773 0
1043 701 0
1164 789 0
674 1207 0
1363 80 0
873 1172 0
1271 697 0
561 613 0
322 531 0
1187 772 0
621 896 0
1430 1393 0
1305 606 0
194 335 0
1093 1366 0
1260 1330 0
346 456 0
807 651 0
269 903 0
210 162 0
211 1065 0
120 1274 0
138 1177 0
342 995 0
963 610 0
704 362 0
1464 1054 0
741 527 0
659 667 0
45 419 0
1174 580 0
1105 14 0
123 352 0
150 445 0
770 1240 0
44 964 0
991 434 0
253 67 0
1130 1319 0
967 656 0
1337 622 0
123 868 0
48 806 0
31 604 0
753 832 0
719 320 0
578 374 0
601 25 0
414 940 0
433 226 0
1335 366 0
393 540 0
893 618 0
168 917 0
218 193 0
1322 1029 0
58 671 0
43 440 0
357 1451 0
37 1371 0
489 9 0
556 1078 0
914 983 0
350 958 0
1044 771 0
606 281 0
869 1237 0
1229 548 0
1271 1180 0
1102 513 0
728 735 0
1145 380 0
903 122 0
364 442 0
1098 502 0
534 97 0
1235 1103 0
326 1282 0
1008 1365 0
667 1038 0
1336 572 0
1145 1444 0
1374 1394 0
1060 787 0
613 819 0
818 909 0
380 1092 0
199 762 0
643 1476 0
768 792 0
1097 444 0
1183 918 0
824 137 0
1365 1059 0
61 589 0
346 237 0
924 511 0
1045 737 0
194 514 0
296 328 0
1340 131 0
1249 703 0
833 441 0
1044 275 0
454 223 0
618 430 0
1017 369 0
1287 458 0
115 202 0
1051 1483 0
1466 8 0
779 637 0
793 705 0
1045 1415 0
51 1052 0
281 1391 0
299 1258 0
83 1262 0
1345 878 0
1181 905 0
692 468 0
1059 1168 0
198 1199 0
705 1053 0
1125 1056 0
45 533 0
499 678 0
735 680 0
1016 1064 0
311 838 0
1134 587 0
401 1380 0
296 1239 0
624 916 0
1471 994 0
231 870 0
91 665 0
1030 717 0
499 777 0
1018 946 0
965 1321 0
564 1011 0
816 136 0
345 411 0
1031 1458 0
1185 1281 0
244 1032 0
754 96 0
1452 145 0
72 1486 0
584 1459 0
437 517 0
563 813 0
314 784 0
1286 1358 0
452 154 0
911 479 0
1013 962 0
1134 266 0
1277 234 0
1237 1006 0
1253 1495 0
725 881 0
125 428 0
219 485 0
159 653 0
1090 1148 0
553 52 0
244 415 0
229 373 0
589 1227 0
430 699 0
344 598 0
155 370 0
763 1379 0
600 910 0
1351 494 0
970 151 0
922 1421 0
1171 884 0
965 1378 0
1101 1496 0
1486 391 0
1274 1257 0
763 1077 0
847 547 0
606 1218 0
860 1074 0
1486 20 0
83 227 0
391 827 0
294 297 0
476 1437 0
1065 1273 0
258 791 0
747 1427 0
736 1186 0
1388 221 0
99 1478 0
390 822 0
36 1419 0
775 1193 0
616 426 0
1089 396 0
226 1411 0
1016 439 0
950 554 0
242 808 0
112 1348 0
429 972 0
113 309 0
330 985 0
84 956 0
678 30 0
418 1448 0
911 1217 0
464 840 0
12 1184 0
1337 432 0
1134 82 0
1036 1155 0
30 54 0
1381 973 0
819 286 0
416 670 0
77 325 0
1396 602 0
280 1339 0
1050 579 0
134 666 0
968 695 0
265 1132 0
1423 1283 0
395 1156 0
793 319 0
1472 57 0
430 919 0
210 761 0
1268 39 0
1001 1407 0
629 1094 0
940 1397 0
953 465 0
456 886 0
148 657 0
1480 945 0
299 652 0
1222 1117 0
1321 1362 0
1227 295 0
225 846 0
23 518 0
807 1361 0
1229 1445 0
22 1492 0
4 53 0
1186 814 0
1078 1447 0
275 278 0
894 957 0
565 1349 0
1440 298 0
926 1292 0
457 19 0
264 690 0
296 978 0
416 487 0
769 639 0
659 1086 0
97 879 0
1443 1460 0
578 1190 0
1451 510 0
762 828 0
202 1068 0
836 609 0
753 62 0
846 308 0
281 989 0
1097 492 0
227 835 0
1044 216 0
1393 1410 0
1276 646 0
1158 1500 0
1422 687 0
259 1474 0
1359 1488 0
418 100 0
24 413 0
343 542 0
1277 726 0
1406 1119 0
411 581 0
1366 252 0
640 284 0
761 1439 0
449 482 0
1439 1009 0
14 75 0
327 798 0
1500 875 0
1474 450 0
85 1280 0
65 93 0
898 713 0
739 128 0
634 184 0
1118 124 0
1191 422 0
415 1196 0
846 570 0
40 1195 0
668 625 0
1487 477 0
398 900 0
1322 1140 0
1382 711 0
968 313 0
871 1104 0
726 1211 0
1396 1242 0
237 403 0
743 142 0
1425 691 0
484 1285 0
630 236 0
413 276 0
743 714 0
1032 486 0
445 63 0
1202 1434 0
1301 716 0
839 1326 0
1101 677 0
42 795 0
1209 620 0
13 1485 0
965 1142 0
115 866 0
72 864 0
607 1355 0
1077 157 0
1368 1418 0
1411 143 0
909 802 0
416 117 0
440 1333 0
518 103 0
883 1254 0
1433 1293 0
1264 289 0
950 1022 0
1105 1114 0
871 568 0
1362 852 0
422 460 0
484 730 0
548 1206 0
112 230 0
938 41 0
467 1163 0
578 355 0
461 119 0
1374 417 0
1350 423 0
223 1314 0
889 448 0
457 500 0
684 332 0
1 550 0
162 936 0
337 473 0
878 1149 0
612 1014 0
249 351 0
1058 694 0
414 626 0
266 1302 0
1285 1072 0
715 943 0
584 1414 0
485 283 0
752 409 0
1250 140 0
36 46 0
345 1027 0
1261 197 0
959 1146 0
1044 1461 0
936 986 0
621 642 0
876 1010 0
439 498 0
1391 885 0
690 334 0
1279 147 0
965 1070 0
264 1002 0
1164 127 0
52 1284 0
861 557 0
88 1446 0
604 1230 0
469 817 0
1143 1328 0
1386 368 0
896 1497 0
430 163 0
1136 1482 0
51 874 0
1368 389 0
613 628 0
1348 288 0
875 446 0
118 1275 0
713 1360 0
30 1323 0
895 1041 0
1144 273 0
373 1000 0
648 1061 0
1062 307 0
202 834 0
861 1300 0
1339 1153 0
398 104 0
77 664 0
1397 316 0
298 887 0
1443 47 0
469 1311 0
1414 738 0
93 110 0
808 559 0
1277 178 0
211 515 0
1492 930 0
924 890 0
1118 1115 0
995 1241 0
482 274 0
656 842 0
313 1491 0
390 217 0
1157 837 0
1142 1463 0
903 1073 0
22 153 0
1223 1424 0
562 588 0
315 300 0
233 1226 0
1081 481 0
726 590 0
1258 582 0
91 1147 0
848 1127 0
642 1015 0
1101 764 0
1306 535 0
234 1473 0
1096 974 0
568 858 0
1002 516 0
89 363 0
606 641 0
792 1071 0
1242 394 0
1135 645 0
989 948 0
751 376 0
1078 676 0
1362 727 0
926 650 0
1457 603 0
699 240 0
270 1131 0
1191 799 0
873 76 0
201 505 0
1086 245 0
372 597 0
909 21 0
1090 7 0
510 98 0
549 1377 0
265 365 0
450 682 0
816 1214 0
567 1428 0
1352 1020 0
1440 121 0
1374 545 0
533 558 0
182 16 0
1277 232 0
1099 1116 0
1018 170 0
544 1499 0
20 525 0
649 1405 0
49 796 0
1253 504 0
605 1159 0
398 272 0
660 1246 0
592 459 0
1159 823 0
1002 271 0
77 1198 0
30 627 0
208 277 0
608 759 0
489 248 0
1282 1215 0
1073 1490 0
841 501 0
272 1063 0
587 1046 0
266 955 0
86 399 0
1182 1079 0
1096 1113 0
409 279 0
536 560 0
1385 1313 0
525 732 0
808 853 0
1131 1494 0
202 1338 0
1065 483 0
1411 939 0
561 1189 0
65 1192 0
1474 1469 0
1239 574 0
1234 546 0
99 1028 0
964 1080 0
801 250 0
1103 961 0
598 623 0
946 1291 0
145 658 0
295 408 0
382 685 0
1 6 0
1364 5 0
39 1426 0
808 1194 0
1014 490 0
887 496 0
613 1303 0
17 897 0
1258 1453 0
1028 56 0
702 186 0
245 723 0
1040 636 0
864 1251 0
801 1398 0
1089 960 0
1294 81 0
1105 744 0
720 129 0
906 383 0
1223 488 0
920 1037 0
1411 718 0
712 1141 0
458 1289 0
1074 698 0
1379 1138 0
1429 523 0
704 1431 0
1163 1297 0
478 214 0
84 1003 0
678 1450 0
1422 872 0
770 1372 0
413 495 0
706 169 0
183 1109 0
281 222 0
704 1219 0
553 877 0
1125 809 0
1321 925 0
581 254 0
1226 573 0
1276 291 0
276 952 0
456 904 0
179 631 0
1133 1154 0
145 596 0
773 381 0
1040 794 0
295 1205 0
853 348 0
208 1247 0
233 830 0
113 1069 0
889 1272 0
227 1342 0
1001 1456 0
1276 292 0
1476 851 0
1339 654 0
639 1033 0
355 913 0
1430 1442 0
12 1369 0
1203 386 0
1 11 0
83 686 0
1008 1347 0
282 999 0
1002 491 0
1336 1317 0
535 333 0
470 969 0
691 324 0
113 688 0
677 378 0
1256 1212 0
1433 1126 0
969 293 0
1349 663 0
211 662 0
1169 1236 0
852 805 0
699 1401 0
286 538 0
40 431 0
857 2 0
731 1233 0
204 1475 0
978 998 0
1483 1210 0
965 1467 0
526 90 0
1281 976 0
286 33 0
48 301 0
45 734 0
93 760 0
408 35 0
719 1067 0
718 173 0
894 863 0
869 845 0
917 892 0
650 257 0
795 176 0
887 303 0
8 185 0
892 1408 0
405 95 0
234 829 0
399 1162 0
603 1139 0
579 937 0
780 200 0
1238 349 0
1164 1432 0
901 187 0
1056 1416 0
231 132 0
636 165 0
1162 215 0
98 379 0
713 776 0
232 755 0
540 192 0
218 1468 0
1389 767 0
693 575 0
897 1024 0
1401 757 0
831 1007 0
1304 750 0
189 997 0
1469 507 0
326 427 0
323 15 0
819 555 0
573 341 0
1388 1137 0
503 1173 0
576 611 0
719 632 0
604 410 0
266 1005 0
1321 247 0
316 810 0
596 880 0
975 144 0
1020 1465 0
120 1049 0
1469 1106 0
1170 1160 0
831 566 0
1323 1493 0
831 306 0
425 675 0
544 205 0
18 71 0
999 317 0
950 443 0
950 617 0
928 537 0
239 10 0
1343 160 0
1132 1075 0
873 855 0
1439 951 0
113 1412 0
239 28 0
296 1403 0
98 923 0
262 1288 0
1081 207 0
397 451 0
722 177 0
943 1228 0
1363 844 0
505 90 0
875 618 0
1357 1085 0
1087 750 0
1072 332 0
1053 1033 0
883 50 0
1397 1105 0
352 264 0
377 172 0
1285 986 0
454 328 0
279 30 0
312 131 0
1450 862 0
1046 915 0
1168 1084 0
1322 540 0
693 456 0
1309 643 0
361 166 0
1042 54 0
572 109 0
869 788 0
1246 895 0
940 809 0
425 266 0
1017 147 0
490 425 0
496 7 0
1227 522 0
703 499 0
1005 862 0
1047 437 0
1294 1146 0
1469 868 0
1485 391 0
450 189 0
1364 7 0
278 20 0
587 35 0
1122 879 0
532 233 0
649 327 0
1165 89 0
366 189 0
1231 488 0
685 562 0
1371 1233 0
1412 1098 0
1477 984 0
1418 542 0
910 304 0
507 398 0
717 646 0
359 140 0
1068 632 0
834 22 0
1078 370 0
1175 508 0
969 769 0
644 614 0
1369 563 0
1396 827 0
1229 570 0
1139 842 0
1362 1080 0
1210 274 0
1225 60 0
1210 319 0
1241 550 0
1357 1259 0
687 4 0
1350 430 0
108 32 0
1351 1314 0
1398 1157 0
1235 1232 0
210 106 0
1259 387 0
1127 259 0
1492 537 0
1159 703 0
1448 417 0
481 358 0
1363 365 0
1491 1314 0
1171 761 0
548 247 0
1065 718 0
707 601 0
1113 639 0
1245 65 0
350 125 0
968 220 0
899 212 0
1191 1172 0
735 638 0
137 102 0
817 435 0
1415 1181 0
1248 1096 0
508 454 0
472 279 0
1063 68 0
519 518 0
1431 1083 0
913 112 0
1340 582 0
1446 1354 0
407 176 0
902 376 0
1438 36 0
1228 817 0
811 593 0
215 156 0
1056 20 0
794 661 0
1191 93 0
1189 484 0
1328 1077 0
1384 1329 0
633 340 0
1031 4 0
1428 382 0
1156 559 0
1367 595 0
1099 37 0
1370 232 0
1374 277 0
1369 194 0
1276 451 0
1093 302 0
1460 309 0
1360 810 0
267 37 0
386 269 0
1283 1104 0
951 11 0
1394 1007 0
1220 336 0
1034 140 0
711 527 0
1141 1125 0
570 404 0
1078 1028 0
1161 1065 0
1199 969 0
1339 662 0
717 707 0
775 223 0
1143 359 0
424 274 0
1000 578 0
341 41 0
1489 977 0
291 45 0
1408 1406 0
1083 652 0
1400 636 0
1273 185 0
892 47 0
1156 605 0
750 278 0
821 550 0
967 381 0
796 62 0
907 557 0
575 139 0
1239 737 0
718 246 0
1348 731 0
593 572 0
1010 604 0
932 584 0
823 42 0
1477 1010 0
1489 414 0
1454 532 0
1313 554 0
693 249 0
680 500 0
882 682 0
812 392 0
1209 728 0
945 896 0
791 398 0
1243 1016 0
791 754 0
1341 361 0
1120 600 0
1498 1152 0
584 314 0
582 578 0
746 107 0
1007 761 0
1128 1023 0
1090 496 0
1355 802 0
1266 602 0
687 297 0
316 187 0
1081 601 0
907 772 0
1058 676 0
1427 709 0
1224 941 0
1025 465 0
1415 400 0
1167 322 0
723 448 0
480 187 0
1350 955 0
1140 955 0
943 282 0
1017 232 0
1481 540 0
1230 921 0
573 165 0
754 233 0
1030 41 0
1258 151 0
750 80 0
1183 934 0
1386 172 0
1057 404 0
404 106 0
971 89 0
230 181 0
1414 286 0
542 25 0
724 522 0
1448 1311 0
1209 292 0
1161 24 0
983 525 0
1116 933 0
771 322 0
1420 353 0
998 796 0
1398 762 0
536 281 0
1107 905 0
1236 2 0
1260 210 0
1454 550 0
556 88 0
1236 1083 0
1173 713 0
798 58 0
1448 242 0
430 19 0
1489 446 0
638 45 0
1259 27 0
1373 833 0
1234 487 0
1321 1239 0
759 470 0
1255 653 0
1222 799 0
932 527 0
1449 169 0
1158 321 0
279 226 0
1093 337 0
234 230 0
1151 9 0
1337 598 0
1439 440 0
262 50 0
1221 638 0
326 99 0
1138 105 0
875 704 0
1301 494 0
1076 45 0
1036 917 0
985 270 0
531 42 0
1307 1089 0
902 868 0
682 484 0
1294 743 0
1105 68 0
1431 953 0
1144 705 0
701 269 0
1242 1037 0
1373 201 0
1437 858 0
887 7 0
708 583 0
1383 698 0
1458 414 0
761 457 0
925 574 0
1476 1271 0
1379 771 0
626 396 0
1414 418 0
1403 1392 0
1372 453 0
1451 206 0
1006 910 0
630 327 0
1243 924 0
1473 49 0
1212 1161 0
514 210 0
446 175 0
963 837 0
1038 665 0
815 79 0
593 205 0
214 194 0
679 169 0
1288 919 0
733 131 0
1415 1117 0
1137 520 0
592 552 0
733 671 0
1339 871 0
110 5 0
642 245 0
348 217 0
931 886 0
584 97 0
1422 838 0
1122 491 0
297 110 0
1320 44 0
943 658 0
1480 1476 0
709 466 0
1134 406 0
1219 949 0
648 520 0
710 549 0
1323 432 0
786 728 0
1196 1195 0
759 610 0
1132 394 0
1335 594 0
789 193 0
1319 1150 0
1091 732 0
1076 664 0
1222 407 0
482 52 0
1228 655 0
1425 249 0
1423 453 0
1233 388 0
437 32 0
1465 94 0
369 98 0
728 682 0
1384 1164 0
1181 249 0
786 626 0
1186 655 0
179 41 0
748 245 0
1381 1377 0
1148 221 0
1430 646 0
278 257 0
1349 1091 0
1242 1219 0
834 386 0
1001 145 0
1456 349 0
1405 1382 0
730 92 0
700 549 0
1210 1203 0
1312 951 0
1284 12 0
841 360 0
1398 17 0
951 537 0
697 386 0
1314 661 0
416 195 0
822 486 0
1273 734 0
555 544 0
1098 518 0
1134 744 0
1304 1280 0
1350 765 0
665 163 0
1317 47 0
362 2 0
315 133 0
894 591 0
1475 289 0
420 180 0
608 48 0
1212 1 0
933 799 0
1170 893 0
1156 458 0
772 205 0
1379 262 0
1351 804 0
1435 986 0
1171 936 0
1105 1071 0
718 627 0
1036 939 0
1458 506 0
1001 44 0
741 717 0
218 8 0
1295 55 0
1473 551 0
596 444 0
794 401 0
1098 212 0
1434 628 0
449 425 0
1283 506 0
1240 1160 0
576 507 0
1321 340 0
295 63 0
506 302 0
1386 198 0
675 271 0
1313 158 0
735 404 0
1351 57 0
899 455 0
1065 933 0
1214 719 0
619 95 0
972 89 0
771 673 0
1266 1138 0
1208 514 0
1292 51 0
1216 471 0
457 305 0
1489 538 0
1235 643 0
1373 131 0
1461 1167 0
1371 774 0
513 430 0
1044 373 0
1298 888 0
682 235 0
696 388 0
987 2 0
892 783 0
1493 113 0
1029 860 0
1026 31 0
1377 1198 0
1230 1191 0
724 172 0
432 143 0
1043 241 0
1154 243 0
1149 846 0
557 292 0
1309 313 0
114 108 0
951 517 0
1032 933 0
1213 870 0
567 340 0
541 540 0
1296 893 0
536 449 0
1348 903 0
1146 646 0
415 217 0
1203 368 0
1255 1172 0
1123 577 0
939 244 0
1428 1122 0
1321 441 0
1361 1165 0
765 603 0
1312 886 0
814 152 0
1279 871 0
1170 297 0
1475 392 0
1469 1247 0
1247 139 0
1006 299 0
1113 904 0
790 346 0
1149 996 0
838 43 0
798 433 0
1491 1324 0
1329 646 0
1452 366 0
543 500 0
1435 368 0
1240 370 0
763 427 0
1275 566 0
774 743 0
868 642 0
906 792 0
1500 1099 0
1419 833 0
1304 1272 0
1401 1381 0
1228 544 0
1142 674 0
547 220 0
989 928 0
1402 551 0
1391 479 0
310 153 0
1375 226 0
1358 43 0
1284 1087 0
807 114 0
912 439 0
149 77 0
1404 370 0
1238 365 0
812 118 0
1394 1218 0
1024 105 0
718 466 0
1496 1049 0
925 497 0
1432 1280 0
755 580 0
480 172 0
633 436 0
1150 976 0
1025 701 0
570 380 0
1042 909 0
708 685 0
195 180 0
586 372 0
1344 118 0
580 559 0
1150 154 0
1233 483 0
142 106 0
1190 1150 0
1077 174 0
1365 468 0
903 809 0
1345 535 0
666 471 0
915 866 0
1236 1175 0
1405 1150 0
1223 633 0
1106 245 0
879 185 0
1418 570 0
1100 952 0
1275 1187 0
1346 676 0
1334 940 0
1362 1241 0
1487 956 0
924 11 0
810 654 0
535 291 0
1392 975 0
1076 465 0
569 465 0
175 157 0
844 389 0
813 85 0
1163 319 0
1494 254 0
825 241 0
720 438 0
1068 163 0
541 128 0
1155 421 0
835 833 0
858 84 0
1473 1122 0
1492 528 0
678 409 0
1190 499 0
1094 1062 0
1110 37 0
1084 960 0
397 222 0
779 563 0
859 21 0
1392 390 0
461 283 0
836 111 0
734 693 0
932 412 0
992 331 0
476 440 0
1423 708 0
1143 845 0
507 450 0
698 101 0
1402 985 0
1268 1022 0
684 117 0
629 472 0
1458 886 0
1267 1113 0
829 593 0
1100 277 0
231 68 0
1193 13 0
1063 344 0
169 30 0
1371 1293 0
543 218 0
1107 818 0
928 613 0
1212 997 0
1176 581 0
1211 1170 0
1485 907 0
1034 741 0
1296 579 0
808 742 0
1268 707 0
545 443 0
1279 822 0
1354 1089 0
267 262 0
832 664 0
1446 623 0
747 267 0
639 367 0
1204 311 0
1012 603 0
896 817 0
1151 564 0
616 588 0
1221 253 0
532 513 0
658 278 0
813 778 0
1188 1040 0
679 318 0
540 487 0
1306 858 0
1298 1210 0
1074 134 0
962 449 0
905 180 0
608 331 0
938 889 0
1374 202 0
1431 922 0
1238 882 0
1116 135 0
308 199 0
959 146 0
910 587 0
408 45 0
1269 777 0
818 221 0
850 822 0
1421 121 0
1455 503 0
1322 70 0
756 267 0
1091 961 0
1458 607 0
1435 1258 0
1214 588 0
555 311 0
687 204 0
797 565 0
877 36 0
873 852 0
301 242 0
451 334 0
1384 190 0
1008 282 0
1011 124 0
183 30 0
1377 186 0
811 508 0
1443 161 0
1085 968 0
1379 554 0
1475 668 0
1448 294 0
692 608 0
302 222 0
1207 340 0
1071 639 0
902 700 0
1106 1019 0
1007 271 0
557 224 0
1340 49 0
1484 1309 0
430 420 0
1267 219 0
1195 97 0
702 339 0
1441 42 0
1436 375 0
1123 93 0
767 176 0
1467 492 0
1210 82 0
502 202 0
958 137 0
484 31 0
534 170 0
750 78 0
944 411 0
340 189 0
1319 214 0
736 562 0
202 91 0
1259 372 0
1010 757 0
363 208 0
889 586 0
1472 627 0
972 748 0
1419 712 0
964 853 0
1120 661 0
1248 762 0
940 336 0
1200 195 0
955 489 0
244 91 0
1390 97 0
858 838 0
1456 930 0
970 492 0
1151 117 0
1422 603 0
392 11 0
1255 580 0
830 358 0
622 176 0
1363 1295 0
1118 476 0
1130 468 0
1405 703 0
859 688 0
1348 978 0
1419 1139 0
269 74 0
767 293 0
1465 405 0
929 128 0
710 585 0
917 428 0
791 430 0
1197 1013 0
1447 912 0
1477 1148 0
257 194 0
1133 376 0
919 367 0
354 182 0
982 362 0
1257 742 0
1498 1217 0
1380 393 0
809 139 0
1420 914 0
1434 755 0
1493 56 0
675 250 0
439 263 0
1355 1001 0
1305 1225 0
1212 504 0
1249 948 0
438 377 0
1018 526 0
1151 695 0
514 157 0
1274 793 0
1105 348 0
1061 450 0
1458 1287 0
1435 1209 0
1323 591 0
1145 317 0
1380 678 0
1297 824 0
1173 734 0
968 781 0
526 242 0
1225 755 0
1379 126 0
1362 1153 0
1223 700 0
1247 285 0
510 58 0
1124 234 0
1167 26 0
487 362 0
1310 1179 0
1246 773 0
1440 522 0
1082 841 0
878 720 0
1176 1054 0
1167 1013 0
1344 835 0
677 518 0
1275 760 0
1086 887 0
1295 1261 0
708 346 0
1028 613 0
1220 660 0
22 20 0
342 143 0
1069 612 0
1297 1028 0
1222 205 0
1442 687 0
1400 52 0
862 560 0
1315 984 0
1251 506 0
1496 714 0
1017 486 0
1350 1235 0
1118 1001 0
380 242 0
1435 1198 0
847 665 0
1303 65 0
1372 1225 0
1374 772 0
467 102 0
1009 160 0
1000 906 0
1423 70 0
1215 59 0
614 78 0
977 109 0
950 919 0
936 906 0
1418 121 0
376 217 0
937 197 0
1458 757 0
1133 564 0
557 258 0
1170 355 0
1055 553 0
136 25 0
1453 397 0
770 388 0
1258 775 0
1449 259 0
1275 856 0
1075 1019 0
1049 136 0
1330 1166 0
983 768 0
1348 305 0
1103 599 0
775 244 0
1206 670 0
1197 1063 0
1271 1242 0
453 161 0
1099 406 0
918 19 0
762 539 0
1470 286 0
1321 178 0
1207 637 0
1386 59 0
1373 556 0
290 18 0
1340 737 0
958 925 0
627 541 0
956 649 0
1425 655 0
642 104 0
880 721 0
611 396 0
1412 610 0
790 234 0
1500 1270 0
949 314 0
1312 1125 0
1232 1039 0
1366 694 0
1135 880 0
697 101 0
465 237 0
702 617 0
1385 560 0
1354 51 0
835 684 0
936 236 0
651 395 0
1130 993 0
886 858 0
1472 817 0
696 449 0
675 345 0
1342 1227 0
754 112 0
26 6 0
686 443 0
980 643 0
956 940 0
501 435 0
1171 726 0
1300 13 0
790 423 0
1056 602 0
249 197 0
611 58 0
1419 1103 0
1336 164 0
1375 616 0
1277 565 0
907 586 0
355 12 0
1359 244 0
1147 429 0
1429 1189 0
1195 767 0
1418 1300 0
818 266 0
1361 154 0
1020 268 0
1206 222 0
1330 474 0
1234 1007 0
1381 1240 0
1149 922 0
1446 471 0
1382 161 0
1338 874 0
895 633 0
758 67 0
1429 281 0
1474 231 0
110 61 0
645 90 0
1018 992 0
272 177 0
887 842 0
895 868 0
1363 504 0
654 571 0
427 217 0
656 405 0
744 278 0
1424 609 0
1321 522 0
589 103 0
1098 875 0
1228 131 0
1007 740 0
899 224 0
545 232 0
467 233 0
571 452 0
1349 542 0
1458 595 0
1283 758 0
1289 38 0
1336 582 0
1090 157 0
460 277 0
330 2 0
989 828 0
366 14 0
347 209 0
1180 1107 0
1082 315 0
441 70 0
1476 1329 0
1404 573 0
1432 798 0
599 90 0
1467 952 0
481 323 0
954 867 0
1389 1288 0
1406 1 0
1121 521 0
942 339 0
1110 936 0
143 128 0
1301 1216 0
1236 1212 0
488 369 0
1421 673 0
1048 778 0
338 91 0
1190 508 0
714 110 0
1378 335 0
594 543 0
849 184 0
1416 1258 0
1154 326 0
924 246 0
1458 849 0
689 382 0
1422 867 0
265 231 0
636 569 0
1321 29 0
1456 1083 0
873 662 0
1283 994 0
320 179 0
1293 911 0
1152 898 0
1441 1102 0
824 550 0
1488 451 0
1030 333 0
836 740 0
1288 78 0
583 137 0
968 556 0
1195 316 0
1199 531 0
1025 544 0
770 750 0
1395 525 0
836 593 0
973 183 0
645 493 0
675 402 0
164 103 0
1126 1017 0
576 491 0
708 435 0
1021 104 0
634 426 0
952 123 0
732 318 0
523 108 0
1291 849 0
1477 661 0
613 14 0
1044 533 0
1122 963 0
450 343 0
1330 249 0
1106 840 0
1124 137 0
467 99 0
795 364 0
1265 1097 0
1074 917 0
1435 224 0
888 680 0
1484 1421 0
634 504 0
696 693 0
808 701 0
1161 374 0
949 498 0
1053 296 0
1172 865 0
1472 1421 0
1200 416 0
1369 857 0
980 469 0
1357 348 0
728 637 0
1223 297 0
1454 226 0
1482 813 0
1195 131 0
489 73 0
1018 868 0
661 393 0
664 340 0
745 624 0
1288 1086 0
1305 342 0
879 438 0
204 131 0
1027 207 0
1388 268 0
1449 648 0
1357 949 0
1371 839 0
502 394 0
278 112 0
533 125 0
1264 1242 0
989 109 0
1180 30 0
851 90 0
947 138 0
762 708 0
590 465 0
1362 826 0
415 262 0
937 569 0
1049 850 0
189 98 0
908 864 0
528 55 0
524 64 0
1364 1014 0
845 745 0
845 586 0
409 61 0
353 182 0
409 51 0
969 485 0
407 369 0
1105 245 0
784 668 0
125 77 0
902 120 0
496 10 0
517 460 0
943 687 0
727 435 0
1366 566 0
1366 641 0
1385 990 0
583 213 0
716 299 0
501 48 0
829 506 0
344 68 0
650 252 0
1251 382 0
1104 428 0
677 40 0
374 240 0
1223 768 0
855 502 0
1414 1228 0
1486 1393 0
1202 467 0
1472 685 0
291 221 0
1269 835 0
925 849 0
500 458 0
763 148 0
1213 215 0
516 41 0
1181 39 0
1310 241 0
730 341 0
182 132 0
1498 148 0
386 148 0
1378 578 0
1383 557 0
699 78 0
402 211 0
1470 1350 0
1084 308 0
529 12 0
579 291 0
700 154 0
1224 18 0
890 487 0
793 484 0
862 731 0
1234 400 0
617 8 0
839 425 0
847 449 0
545 507 0
888 293 0
280 130 0
1074 321 0
1019 277 0
812 521 0
612 84 0
1141 1078 0
1432 1426 0
1445 880 0
1355 5 0
1444 600 0
1443 591 0
1408 926 0
1317 590 0
1321 741 0
471 104 0
1377 266 0
1288 265 0
1181 893 0
1474 1247 0
1412 72 0
1373 77 0
1192 943 0
732 153 0
513 432 0
1471 798 0
1434 848 0
802 244 0
787 87 0
724 696 0
969 789 0
1186 306 0
776 672 0
1446 952 0
441 107 0
1123 685 0
465 210 0
1223 929 0
1032 113 0
235 21 0
1040 641 0
949 132 0
1462 253 0
903 518 0
620 562 0
1278 298 0
1018 537 0
174 157 0
1021 86 0
427 92 0
1484 1468 0
886 364 0
1437 841 0
1173 717 0
1149 125 0
282 45 0
1136 850 0
1062 2 0
850 32 0
1382 61 0
1285 318 0
1288 1268 0
1032 771 0
57 37 0
1226 306 0
1122 654 0
1124 1117 0
1311 217 0
711 638 0
281 111 0
1331 1085 0
1260 281 0
989 575 0
1288 1094 0
391 189 0
1167 779 0
1021 943 0
1090 789 0
1180 575 0
1443 1425 0
1170 1110 0
1161 130 0
787 415 0
1089 624 0
688 607 0
1392 646 0
1125 198 0
1328 797 0
903 359 0
1409 781 0
1193 726 0
465 297 0
1182 328 0
489 473 0
469 6 0
806 498 0
1224 416 0
1218 431 0
344 67 0
1415 998 0
1250 139 0
1375 317 0
1158 442 0
539 254 0
1140 1121 0
1222 414 0
1285 950 0
307 188 0
657 601 0
892 138 0
1476 114 0
1342 743 0
1463 968 0
740 450 0
859 524 0
605 156 0
486 189 0
1415 483 0
1459 670 0
1025 463 0
1318 1201 0
1142 35 0
1125 815 0
941 600 0
1242 251 0
1219 48 0
1239 315 0
889 537 0
848 315 0
1285 1044 0
738 171 0
175 100 0
1137 658 0
1373 42 0
566 517 0
587 178 0
1062 492 0
1404 938 0
662 286 0
1249 101 0
720 12 0
605 556 0
1054 622 0
640 307 0
956 240 0
1359 1249 0
880 486 0
1072 335 0
1265 948 0
809 213 0
1483 95 0
1044 619 0
1399 111 0
1102 983 0
1405 1014 0
1118 69 0
671 661 0
1123 127 0
1428 254 0
1081 702 0
814 709 0
577 573 0
1095 633 0
1398 982 0
1489 340 0
1233 25 0
223 218 0
1047 41 0
1114 1009 0
698 590 0
636 589 0
1326 787 0
924 284 0
1231 509 0
1472 878 0
1329 405 0
1056 95 0
832 669 0
816 232 0
683 99 0
1160 700 0
784 392 0
1247 671 0
1026 656 0
1352 1111 0
1132 306 0
229 20 0
174 37 0
540 429 0
1446 274 0
1095 382 0
977 376 0
418 104 0
385 307 0
813 94 0
377 100 0
1291 734 0
843 39 0
1112 557 0
812 615 0
1094 464 0
1281 452 0
411 277 0
1431 1272 0
952 734 0
295 223 0
1251 1017 0
1421 1021 0
883 281 0
1493 1267 0
487 114 0
1457 1302 0
772 400 0
1338 1120 0
963 873 0
419 235 0
907 710 0
990 434 0
453 368 0
1056 94 0
906 622 0
1185 193 0
1438 467 0
997 990 0
1245 1198 0
692 332 0
1066 533 0
984 957 0
1090 404 0
351 311 0
1276 493 0
368 23 0
1328 556 0
1340 986 0
1478 122 0
649 350 0
1372 927 0
1225 464 0
438 357 0
643 271 0
1217 922 0
655 38 0
537 337 0
1441 781 0
1489 1436 0
1103 167 0
54 24 0
890 884 0
1481 1317 0
456 406 0
1381 142 0
876 251 0
1269 889 0
1313 1015 0
1327 633 0
956 145 0
1484 833 0
805 576 0
1372 141 0
1068 1022 0
878 629 0
1123 238 0
1130 150 0
534 527 0
899 297 0
1100 874 0
840 710 0
665 166 0
680 140 0
947 874 0
924 791 0
1394 404 0
1151 739 0
1069 216 0
1331 165 0
1138 548 0
330 14 0
1332 231 0
1445 101 0
233 141 0
1407 1315 0
1321 229 0
906 486 0
1159 485 0
1105 153 0
577 256 0
82 24 0
1084 25 0
990 644 0
1374 631 0
257 206 0
1323 771 0
948 884 0
1158 974 0
1427 216 0
1306 991 0
551 170 0
702 344 0
1465 1197 0
874 808 0
1179 298 0
868 208 0
677 423 0
682 616 0
1376 957 0
1493 203 0
1327 1 0
1415 555 0
1324 554 0
1264 675 0
1434 443 0
1219 148 0
1046 142 0
792 790 0
761 490 0
253 218 0
980 334 0
765 702 0
1113 33 0
1393 129 0
474 271 0
1142 205 0
1201 52 0
1060 485 0
630 20 0
1108 743 0
762 589 0
836 443 0
1311 1188 0
693 23 0
1209 1041 0
928 159 0
1110 341 0
1386 195 0
1151 827 0
936 890 0
1378 971 0
914 896 0
794 285 0
1185 331 0
430 294 0
661 545 0
800 396 0
1130 948 0
1032 271 0
1104 349 0
1158 781 0
1422 1380 0
1343 424 0
575 76 0
1309 1018 0
1424 364 0
1278 339 0
952 771 0
950 231 0
1424 816 0
1461 299 0
1217 1092 0
692 76 0
1267 463 0
1400 999 0
1393 369 0
465 436 0
971 922 0
1269 1101 0
1241 1135 0
1349 522 0
1124 6 0
358 272 0
448 319 0
646 244 0
559 513 0
798 793 0
1028 260 0
1261 406 0
1304 955 0
159 77 0
826 486 0
1215 481 0
1352 758 0
1006 382 0
970 849 0
1268 55 0
629 373 0
1359 917 0
510 151 0
418 356 0
1316 1017 0
1319 1299 0
808 325 0
1044 88 0
1206 1 0
586 532 0
1142 952 0
385 53 0
1398 589 0
773 328 0
1402 1260 0
984 342 0
852 68 0
1472 752 0
1177 29 0
1018 1008 0
746 121 0
438 77 0
615 347 0
88 39 0
465 401 0
1029 1019 0
1218 583 0
1430 159 0
1439 567 0
420 121 0
1184 707 0
466 465 0
1422 1072 0
1289 434 0
626 427 0
1228 120 0
1074 668 0
1022 240 0
589 515 0
599 27 0
1178 212 0
1285 689 0
711 404 0
1045 862 0
1499 1020 0
473 240 0
1435 822 0
851 552 0
377 155 0
1093 851 0
1327 513 0
835 546 0
1177 969 0
1462 975 0
840 132 0
1266 171 0
974 873 0
1479 653 0
1182 675 0
878 728 0
339 260 0
742 477 0
994 654 0
1462 621 0
1487 512 0
1175 49 0
1181 1179 0
1056 1047 0
418 168 0
1320 618 0
1214 456 0
1249 1015 0
1070 739 0
1406 1307 0
636 526 0
1070 382 0
1484 77 0
465 39 0
1367 288 0
308 64 0
1188 78 0
1175 399 0
890 197 0
740 490 0
1127 444 0
1223 548 0
1466 423 0
1489 1205 0
1198 310 0
1139 692 0
861 414 0
1245 157 0
1359 859 0
1315 312 0
1199 842 0
1345 1019 0
927 658 0
765 536 0
823 496 0
1017 200 0
281 173 0
1466 1044 0
588 375 0
1106 837 0
1371 663 0
866 472 0
346 57 0
1354 173 0
982 897 0
1410 12 0
1388 630 0
356 111 0
1058 197 0
685 565 0
821 327 0
374 121 0
1401 1400 0
758 178 0
331 158 0
1073 165 0
1368 272 0
922 557 0
672 147 0
1212 950 0
575 136 0
1374 865 0
1015 929 0
1090 1082 0
475 74 0
1307 266 0
1490 1459 0
551 424 0
1268 1253 0
565 325 0
1236 147 0
1114 296 0
1034 190 0
1283 414 0
908 461 0
1426 198 0
1177 10 0
709 300 0
1469 942 0
504 375 0
986 90 0
764 584 0
627 496 0
829 469 0
1076 319 0
709 267 0
1355 1058 0
883 423 0
1163 201 0
198 121 0
1499 1252 0
1297 145 0
1388 941 0
1015 901 0
789 168 0
1467 437 0
700 416 0
772 137 0
455 311 0
1448 1429 0
956 501 0
1316 1294 0
1044 784 0
1408 111 0
1063 857 0
1383 1217 0
1329 332 0
516 248 0
410 107 0
1295 73 0
721 363 0
1067 603 0
105 54 0
955 719 0
1351 495 0
1081 318 0
1189 767 0
1189 506 0
1395 982 0
719 640 0
1205 792 0
1395 965 0
1482 1371 0
1064 145 0
854 482 0
756 424 0
1017 724 0
1104 479 0
1080 432 0
1114 652 0
1034 272 0
1442 509 0
852 524 0
1469 669 0
1346 894 0
1362 935 0
1350 1199 0
1153 714 0
1456 1214 0
1411 610 0
870 670 0
627 92 0
939 237 0
876 841 0
1142 623 0
677 96 0
1391 815 0
686 46 0
1368 134 0
1278 844 0
993 809 0
1037 151 0
1154 827 0
968 99 0
1485 448 0
1435 1343 0
1228 51 0
996 179 0
1015 934 0
652 154 0
1494 352 0
1449 175 0
506 6 0
842 649 0
1417 945 0
1438 194 0
563 171 0
1259 39 0
1072 185 0
435 356 0
1152 341 0
1380 830 0
763 70 0
1485 1433 0
652 148 0
1373 463 0
645 581 0
334 131 0
326 180 0
196 21 0
1321 401 0
1045 722 0
1055 272 0
910 752 0
1424 554 0
1034 539 0
801 163 0
1134 772 0
1435 788 0
1293 280 0
1308 280 0
1429 1047 0
1234 75 0
1402 291 0
710 357 0
1132 896 0
1336 30 0
906 72 0
786 432 0
827 477 0
1004 932 0
1394 757 0
584 73 0
1261 253 0
1379 905 0
874 788 0
1107 895 0
265 141 0
936 181 0
1154 641 0
329 155 0
610 208 0
419 346 0
1105 116 0
1095 884 0
1484 848 0
201 198 0
1356 1160 0
1114 554 0
1449 677 0
1124 338 0
838 825 0
1376 1162 0
732 694 0
648 278 0
388 27 0
1348 860 0
1484 796 0
985 194 0
433 38 0
799 500 0
1406 942 0
1459 1229 0
989 620 0
1148 1032 0
1336 169 0
1320 379 0
545 118 0
1361 1346 0
608 121 0
1276 361 0
1400 1338 0
860 831 0
1343 210 0
966 661 0
1392 1327 0
1326 210 0
987 273 0
1237 929 0
866 657 0
909 4 0
739 145 0
1205 821 0
687 214 0
1040 353 0
1368 598 0
788 595 0
807 171 0
1351 988 0
1261 528 0
915 470 0
465 278 0
1149 185 0
848 418 0
1093 192 0
625 71 0
505 193 0
829 714 0
828 669 0
1452 400 0
1028 261 0
256 2 0
1350 7 0
1340 642 0
1367 81 0
712 256 0
1219 976 0
1173 1168 0
1216 1024 0
877 665 0
1458 991 0
237 226 0
1146 1068 0
1154 213 0
726 659 0
384 80 0
977 421 0
1072 2 0
893 416 0
730 65 0
700 366 0
1278 777 0
865 278 0
1345 356 0
323 174 0
1393 809 0
1482 1324 0
599 292 0
617 291 0
797 748 0
467 463 0
1198 989 0
837 502 0
1428 556 0
992 323 0
566 238 0
546 110 0
471 452 0
1302 1241 0
1333 377 0
996 40 0
1255 599 0
1354 147 0
239 34 0
1500 1385 0
334 282 0
451 439 0
1269 1161 0
1122 768 0
1000 745 0
1464 392 0
1322 954 0
621 547 0
802 233 0
1144 697 0
700 318 0
579 508 0
1122 537 0
921 304 0
846 345 0
1376 800 0
1032 870 0
1466 1310 0
589 86 0
926 164 0
941 933 0
816 491 0
1074 715 0
1053 92 0
338 163 0
826 457 0
1448 1267 0
1299 1232 0
516 475 0
1468 351 0
314 107 0
615 197 0
332 226 0
1307 1182 0
1279 868 0
1054 205 0
1267 141 0
1066 822 0
1223 455 0
1499 236 0
445 103 0
1409 215 0
578 314 0
1207 103 0
765 39 0
1024 649 0
1050 176 0
1284 910 0
975 948 0
1203 694 0
508 288 0
1355 1060 0
1453 1237 0
1188 486 0
835 315 0
1492 624 0
1446 1415 0
740 145 0
1291 732 0
333 318 0
674 94 0
1328 1250 0
699 373 0
751 179 0
1107 1084 0
1457 1228 0
1293 1118 0
764 60 0
1007 81 0
959 922 0
763 57 0
1100 695 0
811 154 0
956 926 0
647 153 0
1114 469 0
1401 537 0
1233 4 0
801 740 0
816 687 0
848 250 0
948 946 0
505 434 0
764 234 0
250 122 0
976 9 0
749 730 0
1468 344 0
1224 405 0
1492 1408 0
133 56 0
1397 153 0
1321 481 0
711 619 0
516 345 0
851 104 0
618 516 0
1392 1024 0
1143 169 0
1181 519 0
782 284 0
1373 1144 0
598 27 0
1126 413 0
744 239 0
880 501 0
510 439 0
518 123 0
213 101 0
950 211 0
966 742 0
874 346 0
1342 428 0
1090 636 0
1160 837 0
1365 319 0
1462 1325 0
1381 473 0
1330 852 0
1179 62 0
1374 99 0
1337 220 0
1045 512 0
1176 1080 0
211 186 0
1165 763 0
1451 1179 0
653 435 0
1024 436 0
1079 678 0
1349 870 0
1288 502 0
896 548 0
1475 1045 0
824 245 0
1164 795 0
839 150 0
969 171 0
1274 351 0
865 488 0
1356 888 0
555 505 0
1229 893 0
1180 508 0
1223 667 0
781 174 0
1004 109 0
1178 297 0
518 400 0
727 569 0
727 305 0
1468 407 0
260 160 0
1273 45 0
1136 805 0
335 76 0
854 479 0
1072 879 0
734 54 0
1333 568 0
257 227 0
332 287 0
1090 482 0
932 554 0
198 74 0
1366 444 0
1491 620 0
861 840 0
746 278 0
1264 795 0
1220 1135 0
384 315 0
1380 1280 0
868 199 0
1241 189 0
1074 832 0
1167 387 0
547 68 0
542 104 0
1276 1165 0
909 790 0
906 566 0
1239 1199 0
946 88 0
439 183 0
761 679 0
1003 303 0
960 359 0
1315 286 0
1242 701 0
671 485 0
1339 1325 0
1286 48 0
1280 189 0
645 80 0
1301 33 0
1121 60 0
625 542 0
431 245 0
1346 256 0
1410 696 0
1294 673 0
1399 1049 0
1283 790 0
424 200 0
1118 518 0
744 87 0
1241 817 0
1244 711 0
920 68 0
960 853 0
356 239 0
1291 89 0
459 354 0
1010 644 0
1363 521 0
889 246 0
1423 644 0
729 349 0
520 487 0
1149 606 0
991 3 0
1437 320 0
852 207 0
609 406 0
482 238 0
411 317 0
1275 683 0
789 485 0
595 518 0
1091 77 0
603 199 0
1424 802 0
949 142 0
1417 1150 0
1486 108 0
1466 408 0
561 112 0
1225 417 0
1204 327 0
1077 144 0
418 294 0
1255 748 0
760 234 0
621 140 0
590 329 0
433 70 0
1084 186 0
354 236 0
847 691 0
1202 377 0
1202 733 0
1303 715 0
1123 649 0
1473 523 0
1438 812 0
1222 365 0
302 138 0
1203 297 0
1454 846 0
667 455 0
623 471 0
480 281 0
475 282 0
1135 195 0
1496 900 0
431 56 0
1090 903 0
553 187 0
1298 693 0
625 199 0
1210 489 0
1363 1322 0
1402 216 0
1428 1143 0
1498 394 0
255 236 0
1492 933 0
1082 464 0
436 330 0
835 463 0
606 415 0
1279 10 0
384 280 0
1276 426 0
1248 251 0
1488 1124 0
935 27 0
1284 13 0
1189 954 0
861 30 0
1446 1014 0
1342 1125 0
985 502 0
264 203 0
918 171 0
981 62 0
505 184 0
1425 268 0
1125 900 0
1392 1305 0
416 86 0
695 231 0
1245 1026 0
1462 337 0
525 245 0
1244 398 0
1484 311 0
505 218 0
686 212 0
380 299 0
975 915 0
915 342 0
1334 129 0
1048 626 0
466 292 0
1043 680 0
1033 153 0
1044 487 0
699 178 0
483 244 0
1352 1344 0
577 126 0
1426 1124 0
743 499 0
634 344 0
793 637 0
1230 562 0
810 444 0
642 190 0
729 555 0
590 167 0
764 577 0
1007 356 0
1378 94 0
688 500 0
1135 720 0
1094 1010 0
654 489 0
1242 647 0
1291 845 0
756 660 0
497 106 0
507 95 0
321 175 0
1159 1128 0
688 362 0
1091 733 0
404 190 0
1250 483 0
1295 1077 0
1500 882 0
1070 308 0
1418 124 0
428 123 0
1302 886 0
405 347 0
901 375 0
981 12 0
905 863 0
1106 270 0
1222 87 0
1080 754 0
1344 324 0
509 40 0
904 577 0
178 89 0
1243 1236 0
1419 938 0
678 190 0
918 26 0
1198 76 0
1015 700 0
1043 493 0
1300 657 0
1064 1054 0
430 122 0
1470 1446 0
276 105 0
589 544 0
1216 106 0
1324 888 0
862 203 0
612 465 0
1231 961 0
962 213 0
1439 115 0
1296 675 0
1317 1131 0
885 811 0
502 387 0
843 621 0
169 35 0
1191 491 0
519 325 0
536 31 0
1495 456 0
549 11 0
1354 110 0
1415 398 0
871 859 0
653 601 0
1090 920 0
1338 29 0
1230 1047 0
795 288 0
822 115 0
1303 611 0
740 181 0
866 807 0
1430 362 0
1423 128 0
507 212 0
735 178 0
389 272 0
1331 942 0
1210 442 0
1490 807 0
1098 209 0
976 331 0
870 684 0
1207 365 0
1289 997 0
886 712 0
792 549 0
1390 62 0
1035 682 0
784 673 0
1494 99 0
810 732 0
608 394 0
862 645 0
1041 99 0
1248 717 0
534 361 0
591 387 0
1479 1183 0
980 96 0
1430 1366 0
699 428 0
1307 1142 0
1358 382 0
515 408 0
1402 561 0
369 212 0
645 549 0
1221 515 0
1265 165 0
624 585 0
670 136 0
552 155 0
1071 238 0
1380 391 0
1402 762 0
1390 50 0
533 421 0
1284 1204 0
869 601 0
948 528 0
1278 889 0
1188 563 0
1126 505 0
361 8 0
497 205 0
761 65 0
644 348 0
772 240 0
721 460 0
1172 531 0
629 2 0
1004 467 0
914 674 0
1496 486 0
1128 705 0
745 1 0
356 333 0
1299 1018 0
1430 173 0
1314 196 0
1441 1010 0
495 457 0
1425 10 0
988 785 0
1466 325 0
1322 919 0
813 277 0
431 301 0
1073 495 0
1190 160 0
1041 691 0
734 34 0
761 595 0
323 200 0
817 410 0
909 175 0
826 446 0
1040 421 0
1192 380 0
1096 674 0
456 106 0
1347 682 0
1486 701 0
1021 680 0
1344 139 0
1111 473 0
1263 1051 0
1390 485 0
822 287 0
1180 970 0
1188 273 0
711 455 0
1280 317 0
1092 915 0
1217 795 0
1241 291 0
833 774 0
1463 1043 0
1313 977 0
1358 941 0
1144 992 0
750 32 0
368 339 0
1374 756 0
816 324 0
896 347 0
683 564 0
1161 141 0
1372 924 0
1373 1264 0
549 328 0
1446 148 0
1206 430 0
513 156 0
941 678 0
1006 807 0
1223 864 0
485 80 0
835 609 0
1473 1108 0
1276 137 0
1452 114 0
655 616 0
1009 587 0
1026 1008 0
1382 736 0
557 524 0
1322 389 0
1343 1062 0
1426 1174 0
1160 398 0
931 750 0
591 410 0
1217 232 0
713 463 0
1007 652 0
189 22 0
987 740 0
338 140 0
1385 586 0
784 195 0
644 542 0
1327 796 0
1438 385 0
823 459 0
633 137 0
913 290 0
1474 621 0
797 59 0
1237 421 0
1448 573 0
120 3 0
1179 734 0
529 33 0
1016 514 0
444 128 0
1479 1233 0
1159 9 0
1394 722 0
1321 1310 0
1063 536 0
1021 271 0
606 149 0
1216 557 0
525 144 0
935 701 0
496 231 0
557 469 0
1359 1335 0
600 146 0
1493 44 0
464 406 0
880 271 0
1320 646 0
189 174 0
1204 1040 0
1463 1387 0
932 524 0
1173 845 0
728 224 0
1499 627 0
1107 1000 0
737 660 0
1241 1120 0
1227 263 0
1255 601 0
1318 726 0
1203 407 0
819 268 0
1198 42 0
973 417 0
1341 1184 0
479 88 0
1146 221 0
1016 47 0
710 239 0
1479 32 0
1130 379 0
902 513 0
1337 777 0
1279 347 0
892 79 0
1415 911 0
403 199 0
539 306 0
1428 196 0
1270 257 0
431 184 0
813 113 0
861 772 0
845 777 0
901 172 0
1403 72 0
1121 1021 0
325 3 0
1107 610 0
765 729 0
1357 926 0
652 591 0
1120 1082 0
1015 170 0
1171 611 0
899 459 0
1122 80 0
661 463 0
1356 512 0
1327 556 0
614 216 0
932 380 0
573 32 0
1471 587 0
507 199 0
1059 751 0
1386 97 0
647 421 0
1188 750 0
1308 1007 0
1425 358 0
1264 72 0
354 65 0
725 286 0
254 21 0
967 802 0
496 253 0
1150 1 0
1020 555 0
1213 286 0
1381 182 0
797 760 0
1377 291 0
957 139 0
1290 793 0
1010 558 0
1312 1123 0
822 473 0
1207 412 0
1146 1078 0
436 72 0
1354 158 0
1477 725 0
719 374 0
1323 246 0
438 341 0
1280 373 0
1193 474 0
781 533 0
896 557 0
942 858 0
627 600 0
391 154 0
1006 799 0
958 763 0
466 28 0
1395 1268 0
1079 211 0
1240 455 0
861 406 0
623 98 0
1094 681 0
1173 739 0
190 107 0
1453 639 0
891 595 0
1028 103 0
1260 342 0
1212 625 0
515 508 0
809 615 0
1288 187 0
1448 914 0
768 535 0
1474 1354 0
1265 679 0
884 475 0
1251 888 0
881 814 0
1179 968 0
349 160 0
1290 570 0
1335 1286 0
524 55 0
656 208 0
675 212 0
700 483 0
361 346 0
1272 609 0
1424 60 0
933 890 0
1416 499 0
989 73 0
12 5 0
1428 1318 0
918 128 0
891 642 0
922 462 0
427 245 0
127 61 0
1056 473 0
915 158 0
1294 349 0
983 263 0
1194 657 0
1266 32 0
565 497 0
1485 1143 0
960 81 0
1047 287 0
1162 782 0
1021 289 0
716 654 0
942 712 0
1147 430 0
971 322 0
1159 79 0
1343 1119 0
1036 153 0
845 351 0
1259 494 0
1394 427 0
687 463 0
562 176 0
1394 482 0
516 260 0
1076 67 0
701 54 0
1056 732 0
1157 504 0
712 226 0
1493 836 0
1474 1334 0
1476 1149 0
974 640 0
1163 1041 0
1239 480 0
1126 516 0
1146 618 0
457 346 0
342 48 0
646 476 0
1118 755 0
793 681 0
1142 755 0
565 240 0
1253 1053 0
633 166 0
1457 652 0
630 393 0
1055 711 0
1209 477 0
305 242 0
1259 382 0
1333 271 0
1427 255 0
1360 873 0
829 148 0
529 340 0
848 531 0
1423 269 0
887 10 0
838 538 0
1397 808 0
848 483 0
1285 217 0
1029 696 0
84 17 0
820 165 0
355 118 0
465 81 0
888 195 0
737 267 0
1211 61 0
1190 791 0
1359 436 0
1336 23 0
861 332 0
1499 108 0
1289 18 0
1066 1012 0
1055 578 0
936 184 0
1109 602 0
672 242 0
637 116 0
1010 83 0
234 128 0
1045 112 0
1139 1122 0
880 58 0
932 720 0
1443 1166 0
1215 45 0
758 501 0
746 256 0
938 218 0
1278 470 0
750 678 0
1245 694 0
1326 624 0
882 637 0
303 58 0
234 26 0
1497 1478 0
1228 373 0
1379 101 0
1334 950 0
40 7 0
1378 1357 0
1093 415 0
1067 676 0
876 378 0
1438 1136 0
349 321 0
1104 34 0
477 430 0
1068 602 0
1128 419 0
1148 770 0
439 198 0
1430 538 0
1479 97 0
171 170 0
1129 75 0
718 100 0
765 454 0
1467 557 0
1465 1031 0
1071 799 0
1207 181 0
1288 727 0
1387 1162 0
1244 374 0
1309 526 0
1386 829 0
899 588 0
1170 7 0
1206 1129 0
900 435 0
1011 421 0
635 518 0
1396 60 0
1337 926 0
476 44 0
1438 1305 0
872 145 0
673 615 0
982 227 0
1425 754 0
1331 248 0
1075 617 0
1353 36 0
1308 724 0
1089 18 0
926 220 0
1492 163 0
1330 774 0
873 767 0
1458 777 0
819 357 0
1489 947 0
1241 119 0
591 297 0
1232 1069 0
1003 667 0
155 80 0
284 163 0
357 251 0
1216 860 0
943 925 0
1072 415 0
1372 384 0
769 557 0
831 643 0
1452 141 0
644 328 0
1204 703 0
561 275 0
1174 260 0
1111 713 0
1444 395 0
536 199 0
904 832 0
1245 419 0
1213 485 0
1294 353 0
1236 1123 0
997 655 0
436 375 0
1187 489 0
1290 550 0
403 33 0
838 212 0
1419 47 0
1296 880 0
1307 63 0
1427 525 0
1327 312 0
1354 1032 0
1127 142 0
636 256 0
859 7 0
951 854 0
998 97 0
1195 112 0
875 843 0
1187 627 0
794 600 0
1039 917 0
735 550 0
1365 1233 0
959 116 0
909 803 0
661 37 0
472 33 0
227 123 0
1452 1136 0
1323 617 0
1022 990 0
231 185 0
956 73 0
681 126 0
464 198 0
1270 1118 0
479 312 0
1376 1231 0
1037 396 0
139 25 0
1187 591 0
814 735 0
1135 561 0
1346 973 0
1183 502 0
1481 101 0
749 688 0
762 245 0
844 662 0
1403 1256 0
1100 694 0
1339 205 0
514 257 0
910 782 0
682 297 0
1044 745 0
1124 965 0
829 159 0
1068 976 0
1062 392 0
437 169 0
1478 1319 0
1087 72 0
1050 918 0
635 356 0
1181 751 0
686 637 0
795 483 0
1022 155 0
1243 747 0
807 351 0
454 437 0
1486 330 0
1392 959 0
1421 102 0
1167 145 0
1373 425 0
578 170 0
1393 604 0
593 255 0
239 166 0
951 673 0
1464 354 0
567 46 0
1316 937 0
602 57 0
1188 168 0
866 852 0
1024 113 0
553 344 0
1370 832 0
1113 142 0
496 182 0
901 581 0
308 150 0
805 625 0
1485 1058 0
752 390 0
1131 841 0
1002 509 0
1452 1426 0
1389 892 0
1100 474 0
1439 1097 0
1274 231 0
991 533 0
1089 1010 0
1123 617 0
1147 338 0
939 316 0
1270 103 0
1171 914 0
1336 742 0
1228 1013 0
1301 332 0
1128 300 0
1367 1201 0
926 90 0
1422 408 0
820 102 0
1078 415 0
1286 279 0
1381 1379 0
1186 754 0
468 301 0
1415 1013 0
1433 1084 0
424 22 0
568 301 0
1043 763 0
1088 31 0
432 206 0
879 300 0
383 28 0
109 106 0
385 359 0
1062 559 0
1095 323 0
1187 671 0
444 130 0
1442 419 0
880 863 0
1252 891 0
1272 770 0
194 123 0
1007 673 0
803 194 0
1381 595 0
1367 1318 0
648 469 0
577 343 0
887 128 0
1440 27 0
1497 518 0
1480 1436 0
213 169 0
1413 1375 0
1414 1268 0
474 176 0
273 203 0
918 735 0
1186 529 0
511 126 0
1271 187 0
1246 436 0
522 340 0
1328 86 0
659 323 0
1213 90 0
962 735 0
794 467 0
1142 277 0
1304 498 0
1482 1286 0
822 656 0
1318 802 0
983 521 0
1149 271 0
1183 312 0
769 51 0
1319 165 0
1316 234 0
1173 555 0
1251 875 0
1314 423 0
1150 422 0
1269 744 0
1216 562 0
1038 395 0
1354 1184 0
1246 714 0
1385 1218 0
998 119 0
1346 1170 0
1135 654 0
549 386 0
1444 384 0
897 768 0
857 771 0
1144 878 0
1315 1092 0
1168 835 0
606 267 0
1088 1047 0
1147 1134 0
1021 525 0
823 41 0
192 76 0
341 29 0
1440 1079 0
792 337 0
1362 220 0
1249 570 0
1415 518 0
1084 118 0
1020 596 0
1039 59 0
734 571 0
523 169 0
1468 483 0
357 279 0
1351 644 0
1352 942 0
1059 939 0
1180 620 0
933 897 0
1193 497 0
1110 258 0
1294 1174 0
1469 230 0
543 387 0
1077 666 0
1130 281 0
813 666 0
314 296 0
589 506 0
1305 563 0
880 692 0
620 28 0
1348 1241 0
777 419 0
1005 548 0
1195 95 0
1471 72 0
876 11 0
596 458 0
979 145 0
1358 582 0
945 900 0
1109 763 0
1324 752 0
1010 916 0
900 431 0
1156 537 0
1464 55 0
1484 185 0
1485 1291 0
1149 311 0
1090 176 0
1279 990 0
1110 169 0
1217 835 0
742 691 0
512 135 0
1464 10 0
806 364 0
780 466 0
1265 226 0
1193 711 0
996 246 0
1083 261 0
1423 1312 0
1414 1224 0
595 139 0
1394 758 0
722 508 0
842 175 0
810 230 0
346 223 0
1265 1149 0
1373 565 0
1368 1137 0
614 141 0
670 596 0
981 925 0
523 123 0
637 89 0
961 876 0
1262 318 0
1262 138 0
562 6 0
760 524 0
910 324 0
930 867 0
916 448 0
851 531 0
1231 43 0
1203 289 0
279 195 0
832 442 0
439 47 0
1118 470 0
688 188 0
1481 41 0
1266 497 0
413 351 0
684 583 0
255 160 0
909 287 0
767 52 0
1291 223 0
682 494 0
463 254 0
1429 447 0
956 528 0
1085 383 0
263 148 0
1148 834 0
1449 913 0
1289 232 0
815 651 0
412 291 0
1496 441 0
1221 942 0
1017 826 0
912 247 0
1488 1019 0
551 279 0
178 172 0
218 72 0
998 18 0
473 338 0
1139 286 0
1211 910 0
413 250 0
809 110 0
1280 72 0
799 385 0
848 137 0
467 17 0
1107 364 0
372 338 0
826 476 0
1199 1147 0
1476 1181 0
1263 725 0
608 540 0
57 16 0
818 87 0
474 304 0
1290 471 0
1154 826 0
628 215 0
1287 492 0
761 16 0
1195 670 0
492 167 0
740 553 0
1316 150 0
523 224 0
771 682 0
693 513 0
705 209 0
1375 699 0
1395 996 0
817 48 0
547 288 0
1157 637 0
1142 577 0
1008 934 0
1247 929 0
533 91 0
1075 231 0
1496 149 0
1312 733 0
1044 252 0
1260 403 0
1446 584 0
1045 761 0
98 73 0
265 69 0
715 212 0
1158 909 0
681 366 0
1472 277 0
1385 1027 0
1375 827 0
403 311 0
471 99 0
1173 969 0
660 286 0
903 686 0
1362 1266 0
965 579 0
679 465 0
1500 757 0
1264 345 0
872 125 0
807 452 0
810 400 0
1332 1327 0
1485 1014 0
969 519 0
828 324 0
1482 1375 0
644 589 0
1332 375 0
1241 457 0
511 61 0
788 414 0
1245 204 0
575 180 0
1063 1062 0
804 12 0
891 221 0
1026 113 0
565 336 0
663 128 0
1102 280 0
735 374 0
1347 873 0
1284 496 0
1164 702 0
1194 800 0
578 505 0
1347 1173 0
859 828 0
1389 1365 0
574 534 0
1179 98 0
584 571 0
1451 297 0
1162 383 0
1131 866 0
738 519 0
1141 883 0
1302 61 0
270 223 0
773 172 0
1398 439 0
833 256 0
1465 183 0
197 113 0
1350 1147 0
739 217 0
912 536 0
794 300 0
930 196 0
1127 576 0
1358 71 0
1185 297 0
916 889 0
1116 1011 0
717 98 0
142 40 0
1257 571 0
289 151 0
871 354 0
1125 585 0
643 114 0
1465 762 0
1267 1153 0
522 291 0
1119 109 0
801 107 0
904 207 0
555 501 0
299 227 0
943 506 0
951 658 0
1429 1120 0
1258 248 0
897 628 0
1443 247 0
1077 739 0
1162 371 0
817 797 0
1338 273 0
1488 125 0
1392 494 0
1178 515 0
1171 814 0
730 6 0
623 596 0
1373 219 0
743 353 0
1403 302 0
1403 86 0
1144 974 0
994 657 0
367 354 0
1100 1043 0
591 433 0
638 320 0
466 102 0
995 344 0
1106 375 0
724 634 0
1039 136 0
1453 590 0
1195 840 0
936 776 0
1203 968 0
1494 833 0
844 806 0
603 56 0
1156 1042 0
1175 472 0
1467 454 0
1143 39 0
1036 256 0
1138 182 0
657 483 0
1266 1212 0
1297 528 0
266 171 0
1468 627 0
1185 874 0
1427 1283 0
1104 940 0
384 349 0
1474 308 0
430 375 0
705 214 0
578 286 0
634 123 0
1219 369 0
1247 1107 0
962 478 0
565 235 0
1193 54 0
329 312 0
1093 708 0
791 105 0
310 99 0
1381 565 0
994 158 0
1197 533 0
1021 539 0
946 78 0
702 460 0
1454 676 0
1479 569 0
961 796 0
1214 311 0
1274 1271 0
997 744 0
1176 743 0
886 63 0
887 637 0
598 390 0
965 568 0
845 529 0
736 706 0
1195 187 0
1023 990 0
971 614 0
817 545 0
599 128 0
1367 32 0
993 502 0
1334 680 0
1405 1346 0
1476 1322 0
399 393 0
1439 725 0
1357 946 0
1071 162 0
1122 469 0
800 229 0
1428 720 0
1323 831 0
713 623 0
1408 281 0
656 131 0
1407 1381 0
1167 281 0
1193 729 0
1058 637 0
1464 1236 0
1486 1352 0
1215 708 0
912 112 0
824 443 0
1420 1361 0
112 88 0
1314 63 0
846 605 0
825 165 0
1443 1043 0
582 219 0
1290 1147 0
1272 558 0
262 205 0
1265 623 0
1333 579 0
1463 26 0
1094 895 0
824 44 0
1074 314 0
1355 699 0
688 8 0
812 188 0
316 176 0
458 54 0
1043 586 0
1442 1173 0
1253 560 0
516 353 0
977 817 0
1212 929 0
481 180 0
432 161 0
235 153 0
954 181 0
1484 1304 0
260 183 0
625 45 0
822 25 0
864 859 0
478 98 0
1006 810 0
409 266 0
1358 1184 0
1040 203 0
1329 971 0
1174 114 0
988 79 0
848 718 0
1433 1171 0
1458 1392 0
558 62 0
531 481 0
736 226 0
641 48 0
701 234 0
1276 716 0
496 177 0
1435 1091 0
1376 955 0
1096 74 0
1134 90 0
1458 2 0
1177 957 0
1158 14 0
888 803 0
1160 232 0
1186 836 0
1086 89 0
1421 420 0
1467 1288 0
1186 246 0
887 418 0
276 23 0
1003 722 0
1366 975 0
1357 1079 0
372 323 0
773 232 0
563 404 0
1481 221 0
693 88 0
792 473 0
480 144 0
1010 589 0
1018 792 0
849 359 0
635 630 0
1132 837 0
732 473 0
230 22 0
487 302 0
1349 749 0
1475 1178 0
1274 332 0
957 163 0
849 688 0
850 551 0
278 47 0
1378 563 0
705 244 0
1493 1072 0
1030 66 0
1133 26 0
247 232 0
1437 852 0
951 565 0
1379 1344 0
1484 1214 0
1225 687 0
1490 292 0
1467 240 0
1407 607 0
776 411 0
370 108 0
869 460 0
1280 460 0
926 129 0
1076 744 0
822 267 0
1180 335 0
1100 792 0
955 431 0
984 10 0
1069 436 0
538 372 0
1372 170 0
1365 439 0
1006 274 0
1399 1059 0
1232 175 0
1228 322 0
1394 700 0
576 508 0
738 729 0
1416 179 0
391 144 0
1204 278 0
1289 1160 0
334 156 0
840 202 0
1280 132 0
134 59 0
663 583 0
1496 945 0
393 194 0
1093 424 0
1278 57 0
1005 787 0
328 142 0
250 121 0
397 158 0
1148 323 0
987 374 0
1060 823 0
464 140 0
1124 254 0
872 762 0
1441 980 0
171 6 0
689 215 0
1162 251 0
1239 1113 0
416 207 0
1296 1275 0
1442 1232 0
1475 1047 0
1354 507 0
1134 87 0
1263 285 0
1394 1028 0
1410 1148 0
994 200 0
1401 81 0
430 17 0
991 236 0
1454 1328 0
1174 530 0
608 22 0
939 406 0
1219 181 0
657 75 0
1019 570 0
747 357 0
1185 557 0
1470 966 0
879 308 0
650 219 0
823 811 0
778 252 0
672 69 0
1073 725 0
1398 222 0
1409 1119 0
1151 201 0
1179 598 0
1350 528 0
1121 253 0
989 753 0
929 361 0
778 765 0
824 11 0
779 688 0
1262 518 0
629 153 0
890 24 0
574 266 0
516 252 0
1472 1428 0
835 692 0
1071 530 0
1187 644 0
1062 631 0
1478 601 0
1402 859 0
536 388 0
1450 155 0
703 222 0
842 475 0
732 60 0
1048 417 0
1077 193 0
1298 1171 0
898 847 0
949 691 0
875 395 0
1482 567 0
692 325 0
1421 1275 0
965 92 0
1500 203 0
618 394 0
1268 494 0
1395 1184 0
1405 435 0
1415 529 0
703 220 0
241 229 0
153 70 0
646 615 0
869 652 0
1082 225 0
1351 1034 0
1372 728 0
1054 130 0
1244 669 0
1473 407 0
983 964 0
1428 1392 0
796 584 0
1225 1029 0
946 215 0
1339 252 0
971 592 0
1304 689 0
670 272 0
1307 274 0
1285 1197 0
963 179 0
1218 695 0
582 107 0
150 25 0
1366 107 0
1395 145 0
1403 1023 0
1263 111 0
1305 459 0
468 49 0
1285 1012 0
1314 222 0
797 730 0
404 83 0
807 543 0
466 316 0
1430 618 0
1327 452 0
1328 929 0
1403 1327 0
695 566 0
1249 889 0
600 4 0
1408 1395 0
459 95 0
1466 1385 0
826 637 0
1382 763 0
596 259 0
382 40 0
1499 185 0
1132 360 0
1276 860 0
1287 317 0
1142 46 0
1118 255 0
1165 235 0
1014 416 0
774 429 0
903 235 0
1116 792 0
78 49 0
544 473 0
1371 1195 0
411 212 0
973 647 0
1448 957 0
1488 87 0
681 106 0
1272 263 0
1392 1096 0
973 85 0
966 723 0
231 102 0
828 434 0
1069 822 0
1484 1252 0
1169 985 0
900 75 0
561 124 0
1230 328 0
1458 1004 0
1263 279 0
947 478 0
1240 821 0
808 661 0
1465 49 0
806 753 0
1296 991 0
707 423 0
1210 705 0
826 299 0
711 559 0
1327 45 0
564 472 0
821 512 0
680 416 0
414 226 0
802 341 0
962 266 0
1337 839 0
581 189 0
1367 1232 0
691 295 0
625 148 0
558 200 0
1273 209 0
591 444 0
1295 943 0
430 27 0
814 730 0
973 66 0
258 156 0
113 96 0
1357 724 0
1267 34 0
816 469 0
1320 676 0
98 39 0
319 160 0
1497 901 0
1214 524 0
885 451 0
709 703 0
995 131 0
1049 777 0
1085 289 0
1205 47 0
1128 190 0
1349 112 0
362 361 0
903 495 0
1468 749 0
1414 1259 0
1137 166 0
549 276 0
260 25 0
817 428 0
806 707 0
1321 373 0
923 191 0
1146 178 0
668 342 0
958 362 0
1151 741 0
208 105 0
527 90 0
1411 229 0
1336 843 0
536 4 0
1446 835 0
1335 904 0
1326 1246 0
794 414 0
204 85 0
710 648 0
1315 1168 0
1104 91 0
1398 741 0
871 50 0
890 662 0
1444 784 0
1254 512 0
839 316 0
1357 893 0
788 21 0
1002 644 0
1382 113 0
1134 975 0
1286 482 0
1187 814 0
1462 461 0
850 171 0
1362 460 0
900 741 0
1430 1233 0
1377 1354 0
1043 178 0
1339 228 0
1200 47 0
1172 336 0
1280 1114 0
989 270 0
943 148 0
159 37 0
1009 901 0
1180 559 0
1325 388 0
1495 951 0
1050 758 0
519 11 0
886 56 0
972 265 0
1357 80 0
1219 1085 0
736 642 0
465 291 0
497 252 0
455 172 0
1226 219 0
1378 1041 0
1271 657 0
1181 921 0
615 13 0
1107 981 0
1485 500 0
424 88 0
938 490 0
1024 306 0
1404 490 0
273 14 0
421 57 0
1169 485 0
1025 927 0
1032 416 0
1180 19 0
1438 1349 0
461 423 0
950 458 0
1436 80 0
1147 309 0
1082 445 0
775 697 0
121 92 0
876 200 0
1445 213 0
746 466 0
991 711 0
300 162 0
873 830 0
491 39 0
1410 1163 0
366 281 0
1279 323 0
350 224 0
1166 693 0
1263 1160 0
549 414 0
1496 922 0
633 184 0
168 57 0
263 53 0
759 704 0
1181 302 0
1058 834 0
1281 402 0
736 251 0
1500 761 0
1361 813 0
1201 872 0
873 545 0
961 663 0
608 200 0
1167 949 0
969 178 0
1066 99 0
1098 704 0
1222 986 0
1455 587 0
1138 745 0
111 79 0
337 155 0
1020 649 0
382 378 0
1322 863 0
1078 839 0
1227 546 0
1049 648 0
1210 298 0
1225 370 0
1225 347 0
1221 844 0
1252 1195 0
1441 334 0
801 422 0
667 242 0
1213 1194 0
1087 856 0
1179 111 0
1040 434 0
617 548 0
1466 1253 0
1416 239 0
866 366 0
1127 102 0
836 362 0
1373 190 0
481 75 0
1480 1335 0
1326 146 0
1235 787 0
1484 1472 0
1368 74 0
568 129 0
326 233 0
1172 1141 0
1218 878 0
1269 1042 0
481 197 0
839 346 0
931 901 0
1315 1296 0
1481 987 0
438 411 0
1250 677 0
769 680 0
798 142 0
890 106 0
1332 60 0
1423 345 0
1368 826 0
1467 1275 0
1390 56 0
1278 121 0
812 455 0
978 442 0
295 70 0
548 15 0
1089 912 0
186 166 0
1434 583 0
684 611 0
1496 753 0
1297 903 0
889 247 0
318 88 0
902 520 0
172 98 0
1308 998 0
1022 398 0
856 579 0
579 360 0
729 159 0
827 133 0
726 315 0
1447 83 0
1129 425 0
1078 677 0
800 603 0
897 12 0
971 546 0
518 260 0
845 102 0
794 256 0
1378 1072 0
1171 891 0
1259 825 0
1409 1053 0
1293 78 0
727 307 0
1421 1266 0
1218 491 0
998 471 0
1419 1393 0
960 890 0
1336 592 0
1454 1327 0
1317 931 0
1347 489 0
1258 1040 0
732 273 0
551 162 0
1385 490 0
1032 900 0
993 426 0
448 409 0
956 913 0
126 51 0
1167 971 0
1247 197 0
905 603 0
248 85 0
1350 237 0
1238 125 0
831 695 0
1216 192 0
812 672 0
180 68 0
1105 214 0
294 208 0
749 91 0
999 85 0
1253 250 0
1247 791 0
877 172 0
498 197 0
1047 750 0
800 621 0
1408 495 0
817 223 0
1491 518 0
524 30 0
985 214 0
1377 1160 0
1157 773 0
1398 693 0
1448 1057 0
97 73 0
1404 85 0
1103 571 0
1250 1058 0
739 218 0
1130 911 0
1068 1010 0
1441 660 0
1403 269 0
613 270 0
1500 783 0
1414 787 0
1263 560 0
761 251 0
563 36 0
590 525 0
1465 1096 0
1368 412 0
1057 57 0
389 219 0
851 351 0
1325 661 0
1460 1269 0
1179 667 0
1317 877 0
404 249 0
340 313 0
1178 1082 0
1225 1115 0
1439 174 0
1115 283 0
1229 835 0
1340 1002 0
464 321 0
911 899 0
313 309 0
1222 90 0
1404 677 0
1474 1387 0
1103 477 0
321 227 0
651 158 0
986 690 0
1303 539 0
1001 222 0
1135 573 0
1430 859 0
951 818 0
957 401 0
958 666 0
1028 37 0
1280 775 0
656 286 0
972 689 0
886 644 0
1471 866 0
1053 51 0
949 538 0
1144 955 0
605 236 0
853 124 0
555 517 0
1370 116 0
529 203 0
723 665 0
681 23 0
614 567 0
1419 1169 0
437 112 0
555 356 0
994 281 0
542 139 0
855 358 0
1400 207 0
1411 316 0
1316 340 0
1002 464 0
1339 238 0
627 172 0
1385 802 0
683 484 0
1203 863 0
1146 849 0
947 177 0
386 252 0
1448 1407 0
904 384 0
1121 387 0
869 625 0
1458 517 0
1273 973 0
1217 826 0
436 430 0
1120 227 0
1327 366 0
844 843 0
1310 525 0
1462 436 0
696 301 0
1381 21 0
449 297 0
1213 399 0
1483 285 0
965 824 0
1089 956 0
1395 357 0
648 229 0
1480 235 0
1222 1079 0
901 427 0
1366 53 0
1400 678 0
124 51 0
967 587 0
783 308 0
405 311 0
889 356 0
1195 1083 0
1192 85 0
1243 418 0
1145 638 0
893 584 0
885 265 0
1225 759 0
1432 535 0
548 24 0
1488 113 0
1234 710 0
440 105 0
674 255 0
1089 386 0
628 409 0
1387 807 0
1068 657 0
1151 953 0
931 859 0
918 594 0
1321 267 0
902 552 0
306 59 0
559 358 0
660 119 0
1433 372 0
572 570 0
1170 905 0
650 334 0
701 352 0
1469 984 0
1360 1108 0
1382 802 0
1208 998 0
958 812 0
682 103 0
1497 1073 0
419 311 0
521 371 0
546 446 0
381 365 0
1339 1051 0
701 248 0
774 375 0
858 392 0
941 212 0
529 219 0
1370 130 0
1486 1258 0
1071 249 0
690 67 0
1308 455 0
1400 235 0
754 370 0
1422 758 0
388 368 0
615 255 0
326 308 0
1233 337 0
894 738 0
773 345 0
1198 585 0
638 322 0
514 310 0
807 766 0
1151 450 0
853 732 0
807 98 0
1225 93 0
1000 39 0
974 295 0
1282 1101 0
741 618 0
1199 1068 0
1497 1396 0
1133 1084 0
282 278 0
528 439 0
958 298 0
214 172 0
1194 143 0
1180 401 0
1325 808 0
1068 601 0
1400 393 0
1239 606 0
1136 823 0
307 96 0
1281 700 0
753 631 0
945 672 0
1496 411 0
1415 370 0
1140 551 0
509 88 0
641 102 0
617 371 0
993 560 0
1030 167 0
1371 557 0
1409 100 0
1417 408 0
1132 277 0
539 278 0
1097 266 0
1131 1101 0
1255 280 0
1132 913 0
1248 1106 0
498 463 0
1152 840 0
860 676 0
1280 1220 0
917 272 0
1371 706 0
1164 1128 0
363 349 0
963 624 0
1204 588 0
1331 1127 0
1222 1048 0
315 263 0
1329 1013 0
1119 864 0
1183 55 0
1423 668 0
1289 992 0
1333 1321 0
876 777 0
692 556 0
1189 1083 0
714 5 0
493 455 0
673 38 0
894 252 0
1202 938 0
1316 491 0
360 256 0
696 347 0
1023 778 0
615 34 0
1346 311 0
1336 1226 0
1420 613 0
639 371 0
1193 391 0
1063 204 0
735 238 0
327 191 0
579 497 0
263 55 0
1265 777 0
659 482 0
1355 381 0
781 536 0
1353 1344 0
1272 341 0
170 45 0
1169 954 0
377 176 0
713 65 0
734 434 0
807 83 0
866 714 0
995 667 0
1204 31 0
1481 1428 0
692 337 0
1256 640 0
661 50 0
1235 455 0
1398 619 0
60 51 0
1033 998 0
1314 1171 0
642 208 0
498 68 0
784 45 0
975 700 0
595 361 0
974 541 0
1010 248 0
1398 329 0
1176 326 0
782 671 0
567 20 0
986 140 0
1493 358 0
591 391 0
309 85 0
357 280 0
925 878 0
796 447 0
882 310 0
1267 933 0
1274 598 0
1492 143 0
1248 807 0
1449 1321 0
1249 465 0
1412 449 0
1176 578 0
1127 1083 0
1413 792 0
456 141 0
869 796 0
407 206 0
674 593 0
1170 568 0
1056 976 0
899 421 0
272 245 0
1461 646 0
720 629 0
1207 236 0
710 142 0
916 487 0
429 386 0
699 665 0
1090 356 0
528 526 0
785 451 0
1429 1174 0
955 576 0
1180 903 0
1186 373 0
541 25 0
1173 219 0
849 599 0
387 329 0
832 307 0
687 122 0
1238 438 0
1401 294 0
475 97 0
1319 404 0
689 518 0
625 234 0
1481 552 0
1358 35 0
1227 607 0
1498 1154 0
1384 1240 0
1182 633 0
1130 361 0
1063 530 0
1378 1145 0
1454 854 0
1146 725 0
382 237 0
1029 797 0
1262 329 0
873 240 0
927 621 0
511 320 0
1467 1446 0
149 80 0
743 727 0
1134 629 0
862 434 0
838 401 0
1406 740 0
1102 199 0
1494 1350 0
1302 1178 0
1199 917 0
1315 1001 0
1473 1001 0
1352 573 0
1296 985 0
1331 143 0
1044 831 0
442 419 0
1202 441 0
495 77 0
1213 659 0
576 128 0
1464 870 0
1159 544 0
1282 942 0
216 184 0
399 329 0
997 233 0
899 415 0
1009 677 0
1120 330 0
848 393 0
1020 490 0
1344 312 0
1416 141 0
1335 685 0
515 126 0
1318 1213 0
868 348 0
506 64 0
1092 266 0
1480 658 0
1409 401 0
1058 645 0
1332 1240 0
1193 178 0
805 87 0
789 745 0
1272 335 0
1446 608 0
931 669 0
920 357 0
424 38 0
876 825 0
1479 1085 0
1350 813 0
903 31 0
324 182 0
757 649 0
1273 1175 0
1060 171 0
1351 1279 0
312 260 0
1470 1254 0
1179 319 0
1449 1345 0
1304 1302 0
1286 538 0
1264 67 0
461 17 0
1381 1293 0
739 181 0
400 73 0
1285 295 0
1290 729 0
1391 456 0
911 648 0
262 82 0
561 395 0
453 3 0
1469 1084 0
1087 387 0
1025 307 0
309 163 0
1396 401 0
998 422 0
1385 406 0
721 539 0
1049 493 0
499 23 0
1463 888 0
1491 143 0
1440 948 0
1496 557 0
1463 1235 0
1105 577 0
1448 399 0
1265 843 0
795 383 0
1204 891 0
1346 795 0
546 62 0
1412 1249 0
1404 596 0
1395 1313 0
1190 877 0
1290 72 0
731 687 0
1218 1196 0
1406 767 0
860 173 0
1184 145 0
957 415 0
1337 963 0
1223 682 0
788 627 0
736 241 0
1082 718 0
1068 580 0
1281 515 0
1191 759 0
1019 811 0
1273 465 0
1118 802 0
1017 475 0
1233 59 0
478 295 0
942 706 0
937 149 0
927 724 0
1500 829 0
668 557 0
1076 1 0
1445 1292 0
418 346 0
928 621 0
1124 588 0
1355 1253 0
1181 979 0
711 336 0
1254 242 0
1461 172 0
1380 1154 0
495 104 0
1296 448 0
1076 1057 0
930 715 0
1490 455 0
295 43 0
1416 619 0
1272 594 0
1227 362 0
895 643 0
998 330 0
716 448 0
1354 1265 0
522 90 0
861 129 0
693 128 0
1072 267 0
1265 260 0
758 232 0
1263 204 0
717 127 0
649 223 0
1330 500 0
1172 872 0
1297 1241 0
1168 190 0
726 376 0
1479 910 0
832 656 0
647 89 0
1360 1294 0
968 310 0
1448 520 0
876 365 0
1342 651 0
1440 697 0
924 346 0
1250 1119 0
1204 384 0
340 205 0
349 315 0
450 19 0
792 743 0
1399 51 0
688 473 0
1169 1153 0
440 17 0
1273 975 0
851 700 0
876 131 0
986 981 0
1112 1019 0
1089 1024 0
707 83 0
607 589 0
792 679 0
1364 1266 0
946 660 0
757 535 0
558 544 0
1146 171 0
426 260 0
1117 575 0
1080 607 0
974 205 0
898 380 0
999 389 0
1342 443 0
356 298 0
452 197 0
1384 743 0
499 82 0
637 326 0
549 133 0
1484 1430 0
937 773 0
1291 1242 0
393 276 0
507 334 0
387 279 0
960 45 0
1109 412 0
1178 112 0
1451 1203 0
1314 1279 0
1325 218 0
701 622 0
1161 263 0
638 615 0
1032 215 0
1288 311 0
1311 858 0
1116 481 0
815 113 0
802 459 0
1481 122 0
1212 582 0
1281 178 0
1323 735 0
1263 660 0
1358 344 0
1193 918 0
1358 118 0
80 1 0
1313 710 0
1343 1117 0
941 86 0
1072 826 0
1399 1326 0
1068 791 0
1140 299 0
798 480 0
358 62 0
666 216 0
708 272 0
1362 705 0
1482 1066 0
996 584 0
980 378 0
602 363 0
1434 241 0
613 455 0
1442 1353 0
1029 364 0
1019 749 0
694 412 0
1004 770 0
515 249 0
1456 1111 0
719 238 0
1364 207 0
1312 1033 0
1393 223 0
1209 7 0
1315 167 0
1192 910 0
1011 861 0
609 181 0
573 517 0
860 186 0
1229 787 0
1275 1262 0
1173 173 0
1280 485 0
1438 1389 0
1369 1172 0
1119 23 0
1423 303 0
791 127 0
1487 146 0
380 130 0
662 384 0
587 17 0
1491 1283 0
1223 702 0
1176 72 0
681 423 0
512 196 0
1283 739 0
585 430 0
882 477 0
1124 753 0
1437 40 0
689 634 0
694 485 0
1245 507 0
1377 478 0
1226 953 0
1385 1299 0
1491 963 0
1497 1057 0
1090 590 0
1268 925 0
1173 5 0
764 558 0
1198 789 0
1004 389 0
1354 1023 0
1103 1074 0
1277 1213 0
1342 1186 0
1167 275 0
1438 1398 0
1465 133 0
1159 664 0
1150 879 0
1134 84 0
1344 681 0
1259 223 0
830 518 0
1466 92 0
346 190 0
1397 735 0
1403 1248 0
771 420 0
437 419 0
1130 782 0
498 238 0
1302 215 0
977 585 0
479 285 0
1302 65 0
1463 1366 0
1355 1210 0
909 669 0
695 691 0
1015 716 0
1354 693 0
274 220 0
72 70 0
1106 569 0
1370 576 0
1169 475 0
1025 429 0
1334 764 0
684 197 0
362 166 0
907 487 0
177 76 0
1309 1223 0
1229 785 0
1476 836 0
1354 893 0
1105 308 0
1381 295 0
431 336 0
1188 504 0
970 898 0
658 543 0
929 676 0
1377 260 0
814 225 0
562 4 0
1340 379 0
507 295 0
1068 800 0
190 145 0
1134 1069 0
856 292 0
333 299 0
1137 215 0
1398 759 0
1410 250 0
645 411 0
874 13 0
1235 540 0
940 148 0
945 689 0
325 11 0
956 470 0
605 267 0
1271 649 0
922 834 0
1483 415 0
771 140 0
718 189 0
378 129 0
1416 153 0
1207 147 0
759 136 0
791 293 0
1053 778 0
1112 730 0
970 8 0
814 273 0
1222 549 0
1442 967 0
836 62 0
734 13 0
755 590 0
899 735 0
1352 1228 0
532 225 0
744 616 0
50 32 0
1022 847 0
1442 28 0
941 403 0
1392 575 0
1477 1314 0
1341 585 0
247 168 0
1248 58 0
638 267 0
133 102 0
1466 745 0
960 325 0
400 345 0
1383 16 0
367 259 0
857 827 0
543 269 0
1115 698 0
1404 564 0
1111 372 0
1380 829 0
1106 103 0
1035 891 0
601 168 0
1326 1165 0
1281 842 0
1081 673 0
1160 1036 0
1387 507 0
1312 874 0
1161 1080 0
852 829 0
1248 858 0
1494 1218 0
650 184 0
1224 988 0
1338 237 0
695 273 0
902 372 0
1482 219 0
707 618 0
849 457 0
935 799 0
812 767 0
625 149 0
1005 47 0
1181 376 0
827 643 0
99 84 0
1060 481 0
1385 157 0
1384 108 0
322 26 0
864 849 0
181 173 0
1365 115 0
383 84 0
1096 630 0
983 754 0
1438 1382 0
825 747 0
271 87 0
744 669 0
1496 759 0
254 189 0
988 167 0
1223 415 0
1361 1265 0
1207 889 0
258 54 0
1344 1063 0
1399 456 0
887 452 0
663 612 0
612 526 0
1085 39 0
1203 1148 0
1330 352 0
1364 167 0
1207 1155 0
806 571 0
1239 535 0
1063 820 0
868 144 0
200 42 0
1078 1057 0
611 188 0
431 364 0
350 29 0
1157 743 0
114 97 0
896 492 0
1188 844 0
753 355 0
894 502 0
1215 486 0
1242 48 0
229 58 0
1043 495 0
870 514 0
344 218 0
808 545 0
687 366 0
951 592 0
1499 1175 0
920 360 0
1442 844 0
547 32 0
610 578 0
1303 477 0
1325 702 0
1011 318 0
995 856 0
803 252 0
1332 285 0
1015 523 0
1344 755 0
1465 393 0
1103 63 0
1389 75 0
1115 439 0
1108 954 0
699 693 0
643 62 0
1340 31 0
1135 321 0
1374 682 0
1046 543 0
1157 1055 0
857 205 0
1360 907 0
1207 900 0
1177 1011 0
283 124 0
346 275 0
486 438 0
962 615 0
1483 508 0
731 501 0
1139 645 0
1286 1141 0
219 213 0
277 258 0
635 589 0
832 437 0
1360 820 0
1197 735 0
507 198 0
1324 1126 0
638 229 0
1478 541 0
869 475 0
1278 1152 0
657 451 0
1080 984 0
1090 45 0
1311 589 0
902 420 0
197 132 0
904 136 0
1244 92 0
1374 1001 0
178 80 0
831 630 0
1403 507 0
389 181 0
963 202 0
808 60 0
330 10 0
1209 3 0
1396 528 0
1328 234 0
1228 724 0
1423 714 0
1472 80 0
1483 726 0
1278 670 0
1165 518 0
463 421 0
1070 967 0
1328 348 0
397 38 0
1378 1166 0
1075 621 0
767 536 0
909 116 0
317 290 0
255 170 0
1280 469 0
373 282 0
939 217 0
971 571 0
1424 389 0
955 734 0
1278 459 0
1324 1022 0
1031 637 0
564 247 0
405 217 0
1082 794 0
1333 975 0
1453 1012 0
832 505 0
1022 401 0
1377 270 0
785 506 0
1001 558 0
1135 71 0
1404 1294 0
1103 323 0
437 265 0
1222 950 0
1172 177 0
1446 315 0
639 200 0
1400 809 0
821 530 0
713 330 0
1423 674 0
265 171 0
804 724 0
815 603 0
1006 889 0
658 188 0
1255 1158 0
636 120 0
1478 1149 0
631 72 0
849 703 0
329 25 0
1252 819 0
507 335 0
1490 227 0
135 6 0
1140 1094 0
1369 130 0
796 723 0
246 202 0
959 60 0
604 479 0
1130 274 0
1053 728 0
1363 859 0
638 511 0
979 224 0
156 21 0
355 141 0
1277 835 0
730 29 0
1466 1204 0
1304 903 0
1086 37 0
757 563 0
687 460 0
1269 482 0
1466 326 0
936 170 0
1247 154 0
552 266 0
1263 930 0
1289 612 0
1368 793 0
1361 581 0
1280 1067 0
1375 104 0
955 167 0
1127 992 0
531 399 0
986 199 0
1479 1293 0
804 519 0
75 23 0
1028 377 0
513 285 0
643 29 0
1419 537 0
536 211 0
734 117 0
1185 22 0
905 257 0
669 76 0
929 256 0
1413 324 0
1010 247 0
1155 504 0
1168 781 0
963 129 0
1486 695 0
823 388 0
1109 877 0
1250 708 0
311 255 0
928 282 0
1083 866 0
1317 1187 0
713 609 0
1444 11 0
875 217 0
889 449 0
902 691 0
844 515 0
1198 995 0
905 701 0
1330 159 0
1303 919 0
1110 251 0
1241 522 0
1409 375 0
1330 540 0
838 95 0
750 107 0
1488 992 0
1250 941 0
562 560 0
997 35 0
810 184 0
1296 873 0
1385 865 0
789 428 0
340 195 0
953 294 0
1478 533 0
461 62 0
1329 1296 0
1057 141 0
1395 1136 0
186 76 0
979 744 0
686 449 0
908 491 0
1331 832 0
1087 977 0
136 47 0
592 92 0
842 456 0
1310 844 0
1257 882 0
82 79 0
1208 951 0
1053 150 0
842 44 0
1422 72 0
1040 502 0
171 162 0
309 292 0
1440 639 0
827 808 0
1332 1152 0
1323 933 0
1143 518 0
1375 503 0
646 368 0
1498 738 0
1450 292 0
1478 419 0
352 242 0
1344 1225 0
1489 1199 0
1040 909 0
191 117 0
895 691 0
783 366 0
1104 433 0
905 793 0
981 428 0
1388 637 0
543 248 0
549 274 0
1390 1175 0
1324 1070 0
1187 392 0
632 631 0
1238 1056 0
499 66 0
655 379 0
1276 905 0
284 151 0
1055 502 0
1078 915 0
1353 864 0
422 26 0
901 512 0
81 26 0
1194 924 0
820 440 0
1480 611 0
1245 443 0
488 442 0
1472 923 0
625 374 0
524 345 0
853 458 0
1001 950 0
1222 172 0
1244 7 0
1401 1279 0
1085 828 0
1357 56 0
154 108 0
933 97 0
1163 784 0
1197 191 0
1126 1069 0
803 649 0
1296 719 0
1303 250 0
180 8 0
1327 139 0
754 518 0
1093 572 0
1162 388 0
864 108 0
1416 892 0
1165 80 0
1473 1313 0
661 262 0
1143 48 0
1216 1087 0
821 704 0
1110 306 0
1367 1023 0
974 438 0
1399 1141 0
794 775 0
447 97 0
1124 593 0
595 296 0
1173 913 0
929 235 0
614 565 0
66 4 0
1488 803 0
1345 399 0
1128 879 0
787 50 0
1117 352 0
854 232 0
807 67 0
875 666 0
1139 294 0
1358 664 0
1454 1036 0
1429 410 0
1268 1026 0
1109 637 0
1404 793 0
1430 459 0
542 451 0
1100 594 0
691 607 0
1235 399 0
916 142 0
1194 596 0
1114 1037 0
1212 431 0
1275 23 0
514 180 0
1350 245 0
872 207 0
1061 580 0
1483 156 0
874 545 0
1048 978 0
1500 130 0
1427 506 0
1310 998 0
879 116 0
724 212 0
355 167 0
1240 334 0
1349 549 0
1403 1227 0
1188 377 0
1273 415 0
1156 1011 0
632 481 0
1162 763 0
1068 575 0
833 36 0
565 404 0
1272 485 0
1489 524 0
1076 164 0
896 199 0
1104 66 0
620 341 0
1499 775 0
1217 575 0
1485 642 0
972 432 0
605 138 0
1470 1453 0
1307 360 0
1210 529 0
1299 584 0
1226 440 0
969 904 0
467 231 0
1423 1013 0
1032 612 0
1324 1308 0
1267 111 0
891 386 0
961 852 0
992 191 0
1459 1264 0
1150 878 0
304 241 0
1015 214 0
1420 45 0
642 28 0
637 569 0
1411 735 0
1252 668 0
1099 503 0
984 339 0
1397 423 0
1180 602 0
456 132 0
1384 625 0
309 240 0
757 246 0
1355 1120 0
1343 201 0
1427 339 0
1133 422 0
1032 314 0
857 484 0
1225 644 0
922 79 0
1341 848 0
1007 549 0
461 168 0
593 197 0
1392 478 0
1093 773 0
490 366 0
1010 222 0
1135 36 0
1127 87 0
891 394 0
1303 605 0
1294 651 0
738 6 0
1012 695 0
801 225 0
1229 825 0
857 585 0
1426 228 0
1311 207 0
640 121 0
1459 171 0
222 90 0
67 59 0
1300 433 0
1444 323 0
1135 344 0
716 670 0
760 660 0
740 331 0
1167 455 0
368 290 0
1249 933 0
1254 983 0
698 5 0
1121 817 0
726 539 0
852 545 0
187 181 0
1347 216 0
1412 901 0
910 692 0
1127 760 0
1195 545 0
1171 729 0
232 5 0
1438 801 0
801 364 0
888 126 0
1364 354 0
344 91 0
1094 245 0
1322 186 0
409 109 0
1096 256 0
1093 1043 0
101 89 0
497 403 0
1307 468 0
767 346 0
891 544 0
910 789 0
850 805 0
337 137 0
401 233 0
1099 1092 0
1170 1153 0
829 632 0
1391 183 0
1185 901 0
510 331 0
1299 629 0
1494 788 0
1237 480 0
935 636 0
1168 17 0
1258 866 0
838 242 0
1415 1328 0
360 299 0
566 551 0
1456 1265 0
1151 882 0
1438 130 0
217 199 0
534 225 0
1011 284 0
