1500 7000 
1 106 
2 17 
3 20 
4 137 
5 96 
6 94 
7 146 
8 40 
9 67 
10 146 
11 65 
12 65 
13 42 
14 149 
15 87 
16 37 
17 57 
18 84 
19 134 
20 66 
21 19 
22 102 
23 145 
24 44 
25 100 
26 134 
27 129 
28 30 
29 10 
30 90 
31 75 
32 107 
33 97 
34 85 
35 95 
36 44 
37 30 
38 91 
39 75 
40 87 
41 88 
42 131 
43 143 
44 120 
45 131 
46 80 
47 148 
48 38 
49 15 
50 133 
51 95 
52 25 
53 85 
54 90 
55 60 
56 35 
57 74 
58 40 
59 56 
60 75 
61 121 
62 122 
63 32 
64 69 
65 58 
66 117 
67 104 
68 78 
69 59 
70 29 
71 15 
72 137 
73 11 
74 148 
75 107 
76 132 
77 79 
78 106 
79 20 
80 85 
81 89 
82 105 
83 100 
84 24 
85 46 
86 11 
87 50 
88 111 
89 41 
90 97 
91 36 
92 12 
93 70 
94 59 
95 72 
96 118 
97 27 
98 26 
99 46 
100 76 
101 46 
102 52 
103 63 
104 47 
105 50 
106 20 
107 29 
108 120 
109 116 
110 40 
111 55 
112 56 
113 136 
114 146 
115 71 
116 32 
117 147 
118 112 
119 134 
120 38 
121 59 
122 20 
123 41 
124 119 
125 70 
126 103 
127 88 
128 87 
129 120 
130 124 
131 13 
132 16 
133 26 
134 66 
135 53 
136 67 
137 77 
138 73 
139 37 
140 44 
141 104 
142 83 
143 90 
144 90 
145 79 
146 11 
147 113 
148 76 
149 114 
150 97 
151 105 
152 23 
153 108 
154 137 
155 133 
156 28 
157 91 
158 72 
159 105 
160 61 
161 46 
162 109 
163 67 
164 63 
165 25 
166 111 
167 121 
168 92 
169 35 
170 149 
171 127 
172 129 
173 82 
174 67 
175 70 
176 12 
177 69 
178 34 
179 78 
180 33 
181 122 
182 34 
183 47 
184 80 
185 21 
186 31 
187 99 
188 102 
189 93 
190 55 
191 13 
192 130 
193 14 
194 71 
195 43 
196 30 
197 33 
198 15 
199 112 
200 59 
201 14 
202 89 
203 38 
204 87 
205 147 
206 99 
207 89 
208 67 
209 123 
210 17 
211 90 
212 96 
213 42 
214 128 
215 27 
216 53 
217 149 
218 116 
219 145 
220 92 
221 22 
222 149 
223 72 
224 26 
225 71 
226 106 
227 46 
228 95 
229 111 
230 149 
231 144 
232 116 
233 89 
234 33 
235 53 
236 87 
237 122 
238 132 
239 144 
240 96 
241 140 
242 85 
243 42 
244 32 
245 63 
246 59 
247 75 
248 62 
249 26 
250 71 
251 145 
252 38 
253 71 
254 68 
255 55 
256 133 
257 25 
258 92 
259 78 
260 126 
261 92 
262 73 
263 92 
264 32 
265 96 
266 135 
267 109 
268 68 
269 118 
270 103 
271 15 
272 108 
273 39 
274 47 
275 130 
276 92 
277 97 
278 56 
279 145 
280 113 
281 117 
282 141 
283 142 
284 39 
285 59 
286 48 
287 22 
288 74 
289 130 
290 90 
291 51 
292 73 
293 13 
294 134 
295 95 
296 100 
297 120 
298 54 
299 19 
300 88 
301 148 
302 24 
303 47 
304 37 
305 62 
306 27 
307 120 
308 149 
309 73 
310 116 
311 113 
312 41 
313 107 
314 105 
315 70 
316 17 
317 144 
318 83 
319 82 
320 125 
321 24 
322 123 
323 48 
324 28 
325 108 
326 133 
327 118 
328 78 
329 38 
330 127 
331 17 
332 37 
333 141 
334 54 
335 65 
336 53 
337 71 
338 36 
339 53 
340 135 
341 142 
342 16 
343 27 
344 99 
345 112 
346 87 
347 107 
348 106 
349 21 
350 39 
351 81 
352 35 
353 12 
354 120 
355 53 
356 111 
357 104 
358 22 
359 39 
360 133 
361 139 
362 46 
363 21 
364 131 
365 90 
366 76 
367 35 
368 12 
369 102 
370 78 
371 138 
372 95 
373 85 
374 15 
375 45 
376 48 
377 93 
378 142 
379 144 
380 104 
381 31 
382 76 
383 130 
384 34 
385 47 
386 34 
387 135 
388 141 
389 46 
390 24 
391 125 
392 36 
393 61 
394 136 
395 17 
396 142 
397 62 
398 43 
399 145 
400 15 
401 111 
402 133 
403 100 
404 47 
405 139 
406 135 
407 85 
408 82 
409 128 
410 80 
411 37 
412 149 
413 147 
414 17 
415 33 
416 44 
417 41 
418 18 
419 36 
420 78 
421 33 
422 11 
423 104 
424 85 
425 138 
426 111 
427 77 
428 50 
429 144 
430 73 
431 56 
432 106 
433 57 
434 147 
435 144 
436 46 
437 133 
438 79 
439 119 
440 111 
441 10 
442 146 
443 110 
444 147 
445 14 
446 134 
447 42 
448 46 
449 142 
450 69 
451 114 
452 26 
453 71 
454 68 
455 101 
456 59 
457 30 
458 29 
459 100 
460 25 
461 92 
462 146 
463 122 
464 140 
465 144 
466 116 
467 36 
468 127 
469 46 
470 145 
471 89 
472 46 
473 142 
474 50 
475 44 
476 147 
477 34 
478 76 
479 43 
480 27 
481 136 
482 148 
483 43 
484 57 
485 67 
486 135 
487 106 
488 87 
489 14 
490 56 
491 102 
492 97 
493 53 
494 75 
495 87 
496 47 
497 41 
498 113 
499 25 
500 77 
501 109 
502 104 
503 114 
504 102 
505 144 
506 149 
507 99 
508 28 
509 75 
510 133 
511 45 
512 62 
513 131 
514 79 
515 109 
516 48 
517 64 
518 65 
519 126 
520 68 
521 112 
522 79 
523 16 
524 15 
525 144 
526 93 
527 53 
528 35 
529 57 
530 68 
531 103 
532 17 
533 22 
534 68 
535 109 
536 17 
537 67 
538 58 
539 36 
540 133 
541 42 
542 72 
543 45 
544 23 
545 141 
546 144 
547 62 
548 56 
549 60 
550 38 
551 115 
552 22 
553 107 
554 121 
555 28 
556 101 
557 65 
558 71 
559 127 
560 112 
561 129 
562 80 
563 119 
564 142 
565 138 
566 79 
567 10 
568 56 
569 127 
570 37 
571 39 
572 19 
573 99 
574 74 
575 33 
576 91 
577 69 
578 85 
579 137 
580 119 
581 114 
582 102 
583 132 
584 71 
585 73 
586 10 
587 23 
588 128 
589 72 
590 140 
591 91 
592 52 
593 70 
594 61 
595 45 
596 59 
597 130 
598 45 
599 105 
600 108 
601 72 
602 134 
603 118 
604 22 
605 59 
606 141 
607 103 
608 118 
609 77 
610 90 
611 88 
612 41 
613 43 
614 70 
615 103 
616 107 
617 71 
618 116 
619 86 
620 133 
621 106 
622 27 
623 36 
624 27 
625 78 
626 71 
627 77 
628 58 
629 107 
630 32 
631 16 
632 30 
633 17 
634 125 
635 42 
636 67 
637 116 
638 136 
639 35 
640 44 
641 77 
642 114 
643 76 
644 110 
645 34 
646 29 
647 67 
648 96 
649 135 
650 143 
651 79 
652 92 
653 21 
654 105 
655 109 
656 89 
657 27 
658 36 
659 138 
660 124 
661 59 
662 145 
663 144 
664 67 
665 120 
666 37 
667 125 
668 87 
669 23 
670 10 
671 121 
672 90 
673 115 
674 47 
675 51 
676 139 
677 67 
678 108 
679 85 
680 52 
681 102 
682 15 
683 135 
684 113 
685 111 
686 94 
687 53 
688 128 
689 121 
690 42 
691 103 
692 31 
693 37 
694 97 
695 89 
696 148 
697 125 
698 64 
699 85 
700 138 
701 65 
702 57 
703 79 
704 30 
705 95 
706 120 
707 20 
708 12 
709 79 
710 96 
711 55 
712 32 
713 101 
714 40 
715 136 
716 62 
717 125 
718 39 
719 41 
720 97 
721 72 
722 134 
723 118 
724 99 
725 82 
726 58 
727 98 
728 57 
729 113 
730 33 
731 46 
732 28 
733 81 
734 116 
735 49 
736 27 
737 87 
738 59 
739 29 
740 17 
741 145 
742 75 
743 39 
744 97 
745 105 
746 26 
747 149 
748 81 
749 56 
750 41 
751 28 
752 118 
753 25 
754 137 
755 68 
756 97 
757 45 
758 16 
759 145 
760 148 
761 40 
762 42 
763 27 
764 111 
765 148 
766 66 
767 128 
768 85 
769 116 
770 148 
771 93 
772 112 
773 73 
774 123 
775 59 
776 29 
777 139 
778 59 
779 100 
780 45 
781 90 
782 119 
783 13 
784 106 
785 106 
786 71 
787 54 
788 141 
789 77 
790 49 
791 140 
792 108 
793 82 
794 17 
795 69 
796 80 
797 74 
798 48 
799 16 
800 40 
801 47 
802 99 
803 142 
804 111 
805 72 
806 52 
807 130 
808 62 
809 101 
810 81 
811 97 
812 41 
813 50 
814 101 
815 137 
816 146 
817 23 
818 42 
819 138 
820 91 
821 81 
822 129 
823 49 
824 13 
825 137 
826 108 
827 84 
828 61 
829 147 
830 91 
831 92 
832 44 
833 40 
834 85 
835 146 
836 103 
837 127 
838 126 
839 16 
840 79 
841 58 
842 103 
843 110 
844 98 
845 55 
846 98 
847 95 
848 68 
849 130 
850 83 
851 149 
852 62 
853 62 
854 48 
855 66 
856 50 
857 147 
858 140 
859 101 
860 145 
861 81 
862 44 
863 40 
864 112 
865 119 
866 36 
867 66 
868 97 
869 13 
870 72 
871 26 
872 61 
873 26 
874 127 
875 149 
876 71 
877 76 
878 94 
879 130 
880 56 
881 28 
882 130 
883 109 
884 81 
885 29 
886 25 
887 121 
888 26 
889 16 
890 73 
891 22 
892 88 
893 107 
894 52 
895 51 
896 77 
897 78 
898 108 
899 25 
900 81 
901 30 
902 41 
903 132 
904 47 
905 19 
906 132 
907 109 
908 85 
909 77 
910 90 
911 131 
912 96 
913 70 
914 91 
915 27 
916 89 
917 106 
918 139 
919 106 
920 113 
921 62 
922 118 
923 52 
924 20 
925 20 
926 93 
927 87 
928 89 
929 51 
930 102 
931 21 
932 72 
933 134 
934 144 
935 110 
936 143 
937 126 
938 69 
939 78 
940 54 
941 149 
942 60 
943 140 
944 70 
945 141 
946 17 
947 149 
948 98 
949 147 
950 105 
951 62 
952 59 
953 74 
954 104 
955 69 
956 85 
957 47 
958 147 
959 24 
960 89 
961 99 
962 36 
963 11 
964 84 
965 30 
966 112 
967 77 
968 147 
969 31 
970 146 
971 51 
972 31 
973 56 
974 41 
975 91 
976 47 
977 49 
978 91 
979 136 
980 46 
981 46 
982 48 
983 96 
984 110 
985 142 
986 15 
987 46 
988 40 
989 13 
990 60 
991 119 
992 103 
993 86 
994 121 
995 37 
996 107 
997 83 
998 105 
999 104 
1000 105 
1001 101 
1002 146 
1003 126 
1004 147 
1005 38 
1006 68 
1007 45 
1008 78 
1009 149 
1010 32 
1011 115 
1012 46 
1013 70 
1014 61 
1015 147 
1016 63 
1017 67 
1018 43 
1019 93 
1020 70 
1021 94 
1022 63 
1023 24 
1024 31 
1025 34 
1026 51 
1027 129 
1028 108 
1029 146 
1030 84 
1031 63 
1032 98 
1033 80 
1034 40 
1035 95 
1036 109 
1037 99 
1038 131 
1039 37 
1040 99 
1041 13 
1042 142 
1043 135 
1044 74 
1045 54 
1046 133 
1047 127 
1048 111 
1049 27 
1050 71 
1051 32 
1052 112 
1053 124 
1054 46 
1055 133 
1056 148 
1057 88 
1058 112 
1059 106 
1060 85 
1061 46 
1062 20 
1063 33 
1064 117 
1065 50 
1066 119 
1067 77 
1068 139 
1069 100 
1070 104 
1071 88 
1072 104 
1073 97 
1074 74 
1075 28 
1076 142 
1077 58 
1078 146 
1079 104 
1080 76 
1081 67 
1082 126 
1083 38 
1084 41 
1085 23 
1086 21 
1087 40 
1088 101 
1089 124 
1090 137 
1091 37 
1092 21 
1093 147 
1094 60 
1095 129 
1096 48 
1097 29 
1098 56 
1099 38 
1100 120 
1101 11 
1102 117 
1103 74 
1104 99 
1105 42 
1106 92 
1107 91 
1108 90 
1109 88 
1110 46 
1111 16 
1112 146 
1113 23 
1114 45 
1115 37 
1116 36 
1117 56 
1118 68 
1119 128 
1120 31 
1121 55 
1122 15 
1123 43 
1124 53 
1125 66 
1126 22 
1127 91 
1128 85 
1129 69 
1130 120 
1131 55 
1132 71 
1133 87 
1134 120 
1135 20 
1136 120 
1137 62 
1138 102 
1139 60 
1140 141 
1141 138 
1142 67 
1143 137 
1144 11 
1145 102 
1146 25 
1147 38 
1148 149 
1149 83 
1150 17 
1151 31 
1152 128 
1153 22 
1154 64 
1155 32 
1156 79 
1157 77 
1158 113 
1159 14 
1160 136 
1161 84 
1162 60 
1163 57 
1164 21 
1165 30 
1166 68 
1167 132 
1168 83 
1169 20 
1170 43 
1171 75 
1172 149 
1173 100 
1174 63 
1175 11 
1176 53 
1177 78 
1178 40 
1179 53 
1180 12 
1181 47 
1182 74 
1183 131 
1184 60 
1185 129 
1186 13 
1187 129 
1188 57 
1189 117 
1190 134 
1191 43 
1192 51 
1193 44 
1194 91 
1195 63 
1196 65 
1197 10 
1198 45 
1199 138 
1200 21 
1201 78 
1202 63 
1203 20 
1204 29 
1205 116 
1206 22 
1207 72 
1208 45 
1209 52 
1210 116 
1211 47 
1212 90 
1213 41 
1214 28 
1215 141 
1216 21 
1217 31 
1218 120 
1219 68 
1220 138 
1221 105 
1222 101 
1223 39 
1224 139 
1225 43 
1226 92 
1227 54 
1228 43 
1229 128 
1230 43 
1231 54 
1232 56 
1233 96 
1234 65 
1235 75 
1236 63 
1237 77 
1238 138 
1239 98 
1240 120 
1241 105 
1242 135 
1243 61 
1244 136 
1245 13 
1246 52 
1247 147 
1248 35 
1249 22 
1250 66 
1251 23 
1252 117 
1253 18 
1254 53 
1255 107 
1256 51 
1257 136 
1258 12 
1259 85 
1260 114 
1261 45 
1262 129 
1263 20 
1264 132 
1265 45 
1266 86 
1267 46 
1268 113 
1269 74 
1270 134 
1271 83 
1272 30 
1273 120 
1274 134 
1275 16 
1276 124 
1277 36 
1278 14 
1279 149 
1280 49 
1281 70 
1282 23 
1283 17 
1284 78 
1285 66 
1286 114 
1287 120 
1288 52 
1289 117 
1290 55 
1291 16 
1292 12 
1293 35 
1294 27 
1295 135 
1296 70 
1297 103 
1298 31 
1299 33 
1300 28 
1301 15 
1302 107 
1303 48 
1304 126 
1305 92 
1306 55 
1307 100 
1308 119 
1309 60 
1310 100 
1311 18 
1312 121 
1313 113 
1314 26 
1315 50 
1316 29 
1317 131 
1318 21 
1319 71 
1320 98 
1321 66 
1322 78 
1323 100 
1324 92 
1325 96 
1326 86 
1327 13 
1328 49 
1329 107 
1330 36 
1331 68 
1332 113 
1333 134 
1334 107 
1335 89 
1336 76 
1337 13 
1338 40 
1339 46 
1340 64 
1341 130 
1342 55 
1343 35 
1344 93 
1345 71 
1346 76 
1347 113 
1348 52 
1349 87 
1350 35 
1351 140 
1352 143 
1353 103 
1354 91 
1355 86 
1356 50 
1357 27 
1358 89 
1359 89 
1360 124 
1361 116 
1362 148 
1363 88 
1364 100 
1365 106 
1366 27 
1367 27 
1368 109 
1369 58 
1370 63 
1371 23 
1372 38 
1373 108 
1374 49 
1375 122 
1376 29 
1377 115 
1378 85 
1379 72 
1380 53 
1381 110 
1382 62 
1383 47 
1384 64 
1385 144 
1386 123 
1387 104 
1388 21 
1389 62 
1390 44 
1391 136 
1392 28 
1393 43 
1394 74 
1395 119 
1396 139 
1397 92 
1398 137 
1399 99 
1400 141 
1401 50 
1402 112 
1403 29 
1404 149 
1405 12 
1406 142 
1407 29 
1408 118 
1409 77 
1410 91 
1411 21 
1412 38 
1413 144 
1414 58 
1415 92 
1416 138 
1417 32 
1418 47 
1419 10 
1420 85 
1421 81 
1422 136 
1423 103 
1424 114 
1425 61 
1426 73 
1427 103 
1428 144 
1429 60 
1430 52 
1431 135 
1432 101 
1433 15 
1434 15 
1435 100 
1436 18 
1437 147 
1438 120 
1439 127 
1440 74 
1441 61 
1442 138 
1443 103 
1444 56 
1445 47 
1446 45 
1447 45 
1448 70 
1449 82 
1450 45 
1451 145 
1452 14 
1453 32 
1454 99 
1455 119 
1456 83 
1457 22 
1458 72 
1459 78 
1460 73 
1461 115 
1462 63 
1463 24 
1464 121 
1465 68 
1466 115 
1467 130 
1468 66 
1469 85 
1470 107 
1471 131 
1472 137 
1473 96 
1474 84 
1475 43 
1476 134 
1477 120 
1478 79 
1479 54 
1480 53 
1481 114 
1482 49 
1483 57 
1484 136 
1485 138 
1486 26 
1487 70 
1488 11 
1489 89 
1490 138 
1491 75 
1492 55 
1493 51 
1494 89 
1495 27 
1496 110 
1497 54 
1498 147 
1499 26 
1500 130 
1 1480 0
1 440 0
1480 21 0
1 457 0
440 742 0
21 378 0
457 1424 0
1480 1045 0
1 874 0
378 959 0
742 265 0
959 1193 0
1045 140 0
378 100 0
1480 953 0
140 1118 0
959 1035 0
1 217 0
1193 334 0
1045 322 0
100 94 0
874 738 0
1 924 0
457 133 0
742 1345 0
217 1051 0
440 1484 0
140 1228 0
738 52 0
1051 1281 0
322 1216 0
334 447 0
1118 984 0
100 346 0
1281 1319 0
953 900 0
346 1348 0
457 1431 0
322 1497 0
440 1105 0
1045 1168 0
334 456 0
94 1433 0
378 434 0
1 69 0
1424 1008 0
1105 1153 0
1008 580 0
738 649 0
1216 519 0
1035 126 0
649 448 0
1 124 0
953 801 0
94 514 0
1035 897 0
1045 1124 0
124 948 0
434 115 0
897 1122 0
1424 178 0
1228 1437 0
897 674 0
1345 545 0
948 47 0
1153 375 0
1424 1015 0
1431 180 0
124 1226 0
1008 273 0
100 1411 0
1124 523 0
514 1062 0
1480 753 0
1122 1392 0
738 1350 0
1424 1107 0
523 24 0
334 490 0
1216 228 0
1281 187 0
346 700 0
180 1402 0
126 895 0
273 420 0
1226 80 0
133 893 0
900 71 0
447 627 0
126 279 0
1348 1243 0
140 734 0
1122 129 0
649 1272 0
1105 1309 0
378 1138 0
742 679 0
52 1263 0
1008 1291 0
448 445 0
94 494 0
1348 1419 0
445 1110 0
897 502 0
133 176 0
948 919 0
1 977 0
334 928 0
420 996 0
1437 316 0
1411 881 0
457 985 0
140 472 0
180 818 0
52 197 0
502 661 0
1124 387 0
818 662 0
1045 727 0
1291 430 0
24 544 0
387 907 0
265 206 0
1497 1219 0
977 1229 0
100 703 0
375 205 0
1484 885 0
1437 1405 0
1281 1026 0
703 193 0
52 638 0
514 1430 0
1229 673 0
679 1066 0
928 1451 0
924 1053 0
742 367 0
205 491 0
94 1069 0
1319 363 0
1168 1060 0
948 702 0
1122 1225 0
649 1414 0
1272 432 0
661 1187 0
197 294 0
265 983 0
176 1092 0
1350 691 0
1228 920 0
1433 304 0
1414 277 0
279 141 0
304 1127 0
1124 386 0
679 1054 0
703 59 0
996 202 0
985 455 0
1392 669 0
346 336 0
661 397 0
202 568 0
1035 648 0
141 391 0
1484 1353 0
80 156 0
1411 137 0
1348 552 0
202 785 0
430 743 0
545 670 0
502 84 0
818 402 0
273 162 0
363 817 0
375 685 0
336 462 0
156 25 0
1092 1158 0
897 2 0
1035 1090 0
94 688 0
785 444 0
670 1143 0
743 839 0
228 398 0
1051 42 0
1226 1043 0
674 1003 0
402 179 0
1062 380 0
703 388 0
1219 778 0
178 618 0
129 814 0
129 746 0
627 769 0
334 497 0
444 45 0
519 1398 0
1451 883 0
447 1055 0
1414 677 0
1229 61 0
115 684 0
1348 868 0
552 1078 0
1398 591 0
1243 364 0
618 1167 0
179 521 0
1419 461 0
1167 739 0
59 1184 0
638 1407 0
156 360 0
1187 1198 0
322 493 0
494 902 0
1309 954 0
448 781 0
129 67 0
445 1400 0
197 1120 0
691 560 0
685 732 0
179 338 0
521 1366 0
380 854 0
402 569 0
277 1293 0
137 427 0
881 1041 0
137 1179 0
1229 192 0
455 960 0
1158 1450 0
388 266 0
661 406 0
94 195 0
688 1099 0
162 761 0
346 831 0
996 1473 0
700 260 0
919 1250 0
688 198 0
1402 278 0
761 73 0
1497 634 0
448 1265 0
180 1210 0
192 102 0
1008 1429 0
1110 337 0
294 1374 0
1348 377 0
769 355 0
278 1260 0
1226 372 0
316 858 0
24 208 0
67 784 0
1110 1024 0
1090 672 0
279 1108 0
1419 1302 0
427 1384 0
444 66 0
746 111 0
71 1241 0
1226 575 0
391 30 0
61 704 0
47 1423 0
195 804 0
814 212 0
1366 687 0
1400 263 0
316 608 0
521 889 0
472 170 0
1309 328 0
1405 29 0
734 226 0
447 1277 0
1060 1315 0
447 125 0
472 1047 0
618 757 0
1374 665 0
1402 720 0
1167 134 0
1153 639 0
1138 664 0
1045 101 0
895 1446 0
375 1496 0
868 808 0
179 23 0
377 901 0
497 421 0
900 926 0
367 607 0
778 1332 0
1168 1412 0
1078 499 0
1431 481 0
397 1338 0
125 1013 0
377 1144 0
757 138 0
206 188 0
1366 106 0
372 443 0
984 816 0
1105 909 0
140 291 0
670 584 0
406 220 0
497 1493 0
338 1282 0
1291 981 0
1366 980 0
1431 755 0
67 1114 0
746 1283 0
94 1460 0
337 935 0
1228 717 0
1124 227 0
494 351 0
584 404 0
2 592 0
608 349 0
1293 542 0
674 1388 0
1260 573 0
700 557 0
985 415 0
456 1498 0
919 844 0
493 433 0
73 1422 0
1122 940 0
140 401 0
21 395 0
1400 1485 0
266 223 0
156 609 0
743 1341 0
223 779 0
677 880 0
178 1454 0
71 574 0
545 425 0
444 558 0
900 184 0
481 946 0
591 43 0
1293 708 0
491 745 0
223 37 0
338 741 0
700 1246 0
1015 812 0
502 1242 0
432 1394 0
1485 644 0
1210 1149 0
1484 1130 0
364 666 0
1430 754 0
263 246 0
839 379 0
1138 166 0
43 716 0
421 1033 0
1210 483 0
1198 1001 0
61 849 0
427 1349 0
184 13 0
784 990 0
781 1416 0
984 1382 0
1272 1112 0
1309 1203 0
703 1461 0
816 915 0
193 79 0
1001 324 0
804 857 0
420 419 0
700 873 0
996 824 0
360 976 0
560 541 0
425 289 0
920 526 0
1429 512 0
124 965 0
580 413 0
380 487 0
920 323 0
316 772 0
983 267 0
772 81 0
1045 234 0
444 248 0
440 790 0
526 605 0
1265 594 0
334 554 0
592 464 0
248 484 0
1130 132 0
1053 16 0
868 871 0
179 938 0
1433 1329 0
1099 503 0
248 620 0
338 1065 0
592 1064 0
129 853 0
1332 209 0
691 356 0
816 428 0
708 588 0
574 887 0
428 1301 0
790 347 0
909 479 0
1124 207 0
1069 250 0
512 952 0
1332 949 0
868 256 0
1461 281 0
1110 114 0
1484 1004 0
1430 437 0
703 1299 0
43 1477 0
208 675 0
853 619 0
336 955 0
234 104 0
669 50 0
638 711 0
205 225 0
1260 1025 0
649 54 0
494 1039 0
1225 474 0
1153 393 0
444 1196 0
708 715 0
1055 628 0
754 40 0
818 799 0
1315 632 0
106 1141 0
1283 1372 0
111 1031 0
592 892 0
445 305 0
873 333 0
336 1413 0
691 680 0
1473 435 0
217 950 0
915 850 0
757 280 0
61 1499 0
294 696 0
1138 1278 0
1069 899 0
560 1017 0
1004 62 0
1017 651 0
1477 1483 0
711 782 0
377 286 0
772 865 0
1196 366 0
1451 992 0
363 107 0
824 912 0
688 1428 0
568 1425 0
474 539 0
1332 222 0
61 98 0
996 341 0
1107 1178 0
366 82 0
739 1232 0
1065 1096 0
1291 689 0
790 142 0
1051 1202 0
1437 340 0
1110 929 0
1219 578 0
129 1432 0
1053 112 0
115 1390 0
156 528 0
1202 1380 0
675 143 0
857 842 0
197 200 0
873 77 0
893 1061 0
873 972 0
1124 803 0
1153 231 0
1402 1180 0
627 1337 0
393 1467 0
200 146 0
1099 995 0
322 776 0
404 27 0
1090 1300 0
279 116 0
380 383 0
137 135 0
198 1042 0
1124 979 0
1429 1221 0
1216 1330 0
195 998 0
1141 602 0
404 719 0
776 587 0
651 1266 0
13 896 0
193 1410 0
1180 565 0
892 127 0
990 219 0
29 1357 0
497 1359 0
170 452 0
1405 1318 0
1033 1023 0
188 1346 0
608 1113 0
1065 131 0
919 710 0
594 1326 0
996 1296 0
140 414 0
711 1393 0
1118 635 0
375 694 0
929 1086 0
428 255 0
946 270 0
16 820 0
669 411 0
679 1174 0
935 1369 0
785 1482 0
1372 460 0
1437 529 0
717 285 0
217 563 0
1065 783 0
1388 1170 0
1446 657 0
134 394 0
1055 1253 0
526 1395 0
1114 409 0
578 787 0
528 1343 0
464 1381 0
1065 20 0
1017 506 0
1496 855 0
1411 90 0
1060 1426 0
790 1019 0
1426 271 0
619 473 0
457 251 0
635 332 0
1460 583 0
739 1442 0
126 1434 0
506 875 0
552 631 0
1260 18 0
428 238 0
415 213 0
430 622 0
769 1476 0
112 35 0
377 1208 0
45 173 0
902 307 0
889 982 0
209 1320 0
1343 64 0
734 1037 0
398 121 0
1424 993 0
1390 400 0
246 492 0
250 165 0
782 807 0
1266 110 0
1198 1204 0
1291 692 0
1341 1371 0
307 823 0
803 1247 0
141 477 0
720 182 0
849 547 0
1127 806 0
850 230 0
980 518 0
675 118 0
1272 1238 0
45 1182 0
739 894 0
1105 604 0
20 1258 0
607 1491 0
54 399 0
1241 1073 0
1395 586 0
674 329 0
1174 613 0
457 119 0
772 1478 0
1429 968 0
569 1406 0
839 943 0
401 1287 0
1047 751 0
1337 439 0
754 898 0
1278 55 0
432 1306 0
557 555 0
1424 1363 0
1198 95 0
1042 190 0
587 693 0
1179 848 0
990 989 0
487 798 0
657 762 0
421 348 0
1498 764 0
618 275 0
889 731 0
1497 1443 0
182 1465 0
554 1344 0
806 1067 0
18 872 0
82 590 0
351 1181 0
574 1209 0
322 1245 0
464 535 0
580 407 0
754 1022 0
400 63 0
23 169 0
1241 718 0
514 1307 0
52 1197 0
1432 1439 0
1283 561 0
61 309 0
989 1311 0
178 1227 0
620 999 0
902 988 0
528 763 0
677 660 0
1496 1006 0
406 1368 0
968 642 0
1033 936 0
1141 507 0
131 1314 0
50 438 0
1024 108 0
669 549 0
574 158 0
842 480 0
628 941 0
386 1212 0
742 770 0
55 244 0
131 1188 0
818 1447 0
341 74 0
798 1147 0
23 876 0
230 1440 0
1120 1040 0
1359 964 0
850 3 0
704 1455 0
363 914 0
1393 1327 0
1498 6 0
622 819 0
158 593 0
529 1290 0
893 1134 0
943 640 0
984 641 0
1124 1011 0
1013 744 0
340 1453 0
43 1176 0
1283 1408 0
573 646 0
73 511 0
770 1195 0
1001 994 0
1138 276 0
1197 1000 0
627 551 0
1491 185 0
341 1010 0
649 800 0
887 1172 0
1225 15 0
187 1438 0
460 930 0
208 168 0
657 1234 0
69 91 0
37 916 0
2 11 0
395 282 0
804 298 0
184 369 0
627 259 0
1113 1164 0
24 598 0
1112 513 0
914 811 0
1221 918 0
1025 353 0
340 709 0
1300 327 0
1434 559 0
1065 203 0
1434 1231 0
360 1140 0
367 1082 0
1425 485 0
661 1479 0
457 1335 0
853 837 0
116 56 0
165 465 0
1208 748 0
719 750 0
709 1490 0
672 1373 0
182 845 0
1388 725 0
1144 159 0
1430 971 0
37 253 0
111 944 0
874 771 0
999 14 0
421 313 0
445 58 0
289 1385 0
270 963 0
415 296 0
719 297 0
165 1471 0
1350 416 0
703 1495 0
598 863 0
875 88 0
45 1036 0
379 1142 0
1108 342 0
895 153 0
526 1074 0
1180 442 0
474 117 0
675 204 0
644 1145 0
1174 1049 0
1460 1271 0
702 777 0
115 1089 0
346 19 0
1176 760 0
544 109 0
100 917 0
807 245 0
627 1085 0
632 921 0
665 1489 0
769 637 0
909 690 0
2 582 0
1363 1474 0
1480 144 0
557 123 0
473 1379 0
620 515 0
503 283 0
393 1449 0
435 1389 0
960 1213 0
56 268 0
391 939 0
959 376 0
173 174 0
234 730 0
124 862 0
1085 933 0
896 1452 0
1437 1200 0
638 1098 0
632 1469 0
1141 49 0
490 1352 0
1204 441 0
409 1387 0
21 408 0
574 136 0
919 287 0
439 1034 0
1019 172 0
1213 495 0
862 1475 0
116 934 0
416 453 0
1442 60 0
132 1441 0
555 33 0
804 553 0
491 1303 0
50 548 0
1350 1358 0
323 330 0
1258 384 0
582 1106 0
915 942 0
275 765 0
1341 478 0
227 740 0
227 1087 0
604 1117 0
1341 986 0
720 1254 0
192 1104 0
1228 836 0
1491 843 0
634 773 0
1402 1354 0
1047 1072 0
909 1308 0
1446 768 0
144 1028 0
781 215 0
327 1445 0
227 1267 0
287 70 0
134 1288 0
639 1466 0
1499 1435 0
808 352 0
1168 663 0
544 1378 0
416 1235 0
627 1186 0
115 284 0
1025 249 0
1429 910 0
1141 860 0
1447 235 0
397 695 0
285 87 0
1265 585 0
474 869 0
1381 32 0
61 1305 0
270 1270 0
514 454 0
1113 566 0
585 424 0
455 38 0
336 656 0
1065 1347 0
206 601 0
874 546 0
433 905 0
279 12 0
607 224 0
424 1016 0
1 374 0
1379 856 0
394 306 0
799 1325 0
372 617 0
251 164 0
1082 475 0
138 9 0
333 468 0
114 600 0
930 726 0
116 1009 0
894 385 0
839 1115 0
519 113 0
1271 645 0
725 879 0
784 722 0
1384 1417 0
294 1285 0
934 835 0
204 629 0
506 570 0
1447 78 0
265 1364 0
276 1462 0
1197 1468 0
1480 229 0
1484 1068 0
413 1436 0
166 597 0
1026 1081 0
1122 1021 0
1465 196 0
1398 1256 0
1466 1351 0
604 1155 0
1389 161 0
229 1002 0
267 1077 0
144 698 0
771 319 0
565 1401 0
1002 932 0
1345 966 0
555 540 0
507 658 0
586 686 0
569 199 0
367 1220 0
67 643 0
1086 840 0
1200 241 0
839 596 0
1062 331 0
174 829 0
917 358 0
929 1075 0
1483 274 0
457 1136 0
475 359 0
645 859 0
1428 1100 0
955 389 0
241 315 0
769 987 0
1465 736 0
907 1052 0
1293 1084 0
857 163 0
1115 906 0
1473 886 0
726 396 0
2 861 0
1315 767 0
1002 678 0
1087 466 0
454 194 0
1042 1156 0
205 1091 0
1075 821 0
91 1295 0
727 878 0
1055 1458 0
388 1030 0
1181 621 0
1254 756 0
617 581 0
549 53 0
1473 1154 0
134 105 0
569 85 0
1405 72 0
710 956 0
231 1029 0
388 243 0
1193 1286 0
1127 1376 0
376 1396 0
98 10 0
1052 1317 0
1054 405 0
279 1135 0
848 707 0
1158 1361 0
863 616 0
176 7 0
693 759 0
1054 1500 0
1325 320 0
235 612 0
785 927 0
1348 701 0
334 1165 0
941 240 0
869 681 0
936 1080 0
929 357 0
928 1094 0
1369 1273 0
984 154 0
14 890 0
609 186 0
1033 1159 0
110 509 0
670 216 0
644 155 0
1394 181 0
1311 652 0
372 157 0
726 1342 0
216 937 0
568 221 0
1388 1237 0
190 923 0
563 827 0
461 1331 0
933 794 0
1172 791 0
456 1205 0
955 93 0
917 838 0
783 57 0
42 913 0
116 191 0
394 171 0
332 237 0
72 1310 0
52 888 0
155 797 0
59 488 0
227 1083 0
1288 48 0
966 830 0
1277 471 0
1235 300 0
1054 258 0
1061 295 0
971 517 0
966 99 0
1110 1420 0
275 525 0
791 470 0
541 5 0
38 149 0
964 615 0
196 1102 0
1149 864 0
279 103 0
355 148 0
746 599 0
897 1148 0
994 951 0
1345 167 0
1184 1339 0
988 122 0
1382 1137 0
186 595 0
910 1129 0
666 505 0
1010 1323 0
1440 1128 0
99 626 0
328 1175 0
858 201 0
474 1470 0
1182 1185 0
730 974 0
378 815 0
593 667 0
1335 1057 0
1113 22 0
1442 788 0
356 1488 0
1358 1336 0
1035 486 0
637 747 0
457 423 0
551 1079 0
1117 1399 0
1441 659 0
37 1259 0
930 1268 0
348 1059 0
643 723 0
1052 911 0
631 1404 0
1227 1214 0
722 1177 0
899 1421 0
283 1298 0
674 624 0
703 1223 0
1078 654 0
741 467 0
1140 958 0
688 1316 0
992 500 0
494 852 0
460 572 0
499 1334 0
1343 293 0
765 847 0
621 214 0
1187 789 0
67 310 0
1358 92 0
1033 1097 0
558 1321 0
646 614 0
1296 562 0
1469 431 0
1242 647 0
1346 145 0
493 344 0
132 676 0
871 846 0
138 46 0
378 1044 0
939 1355 0
1042 520 0
46 75 0
746 450 0
1272 1264 0
906 825 0
294 970 0
69 978 0
145 498 0
1216 721 0
32 343 0
116 345 0
153 1383 0
94 318 0
1336 577 0
193 412 0
1090 189 0
999 1472 0
600 1194 0
460 1218 0
1315 630 0
507 1116 0
88 1131 0
704 527 0
189 1280 0
455 1444 0
1369 1418 0
295 1027 0
992 1333 0
1092 1365 0
1298 76 0
1433 36 0
199 810 0
1144 543 0
54 786 0
270 1269 0
919 877 0
1045 236 0
862 350 0
143 1123 0
1476 668 0
131 429 0
179 775 0
444 175 0
184 86 0
958 841 0
182 1360 0
1301 650 0
1011 1070 0
1223 292 0
225 957 0
916 1095 0
409 735 0
687 1101 0
794 1222 0
171 882 0
608 1487 0
256 556 0
1117 150 0
1280 625 0
274 261 0
1283 1211 0
1339 501 0
442 610 0
106 1173 0
875 623 0
140 683 0
1405 317 0
454 780 0
283 504 0
457 1161 0
556 508 0
626 510 0
1373 589 0
99 579 0
1490 183 0
613 489 0
21 354 0
798 177 0
852 712 0
909 997 0
998 724 0
1406 1279 0
1068 682 0
167 288 0
103 1192 0
489 1125 0
691 1457 0
1241 1014 0
1247 26 0
675 1111 0
199 1367 0
1008 1386 0
754 1166 0
452 699 0
628 302 0
297 1206 0
625 1217 0
1301 903 0
1180 908 0
360 1249 0
363 534 0
746 714 0
523 326 0
1111 1201 0
631 321 0
843 1294 0
134 1183 0
1348 128 0
849 325 0
1401 1189 0
461 1328 0
982 34 0
763 1403 0
1336 1056 0
523 571 0
1282 1088 0
1423 1230 0
143 463 0
1029 538 0
797 1018 0
1155 451 0
275 218 0
717 417 0
762 1133 0
1051 1046 0
607 1274 0
33 1340 0
503 362 0
770 365 0
1400 1139 0
935 242 0
1030 826 0
167 533 0
829 532 0
168 1448 0
630 1456 0
1127 1427 0
419 1415 0
571 706 0
508 410 0
638 39 0
198 1304 0
1280 1284 0
451 361 0
1256 382 0
893 961 0
1335 272 0
1320 962 0
1348 967 0
502 254 0
237 232 0
501 426 0
1346 904 0
594 1292 0
420 1215 0
1221 653 0
583 303 0
183 1071 0
648 851 0
615 866 0
919 606 0
1268 1005 0
241 531 0
1187 1252 0
964 314 0
366 65 0
266 1076 0
990 792 0
6 1119 0
1118 1160 0
978 446 0
240 269 0
1216 805 0
164 1152 0
136 705 0
1193 436 0
896 1190 0
972 891 0
1179 1169 0
1487 1012 0
600 257 0
1419 1377 0
159 239 0
1406 370 0
1071 1063 0
886 655 0
589 1151 0
1265 147 0
607 1171 0
430 1162 0
719 17 0
14 210 0
1448 403 0
365 1492 0
329 795 0
1355 381 0
398 737 0
178 633 0
267 1397 0
846 713 0
1216 422 0
179 458 0
367 931 0
350 1207 0
757 211 0
1024 301 0
1243 373 0
409 1322 0
320 1132 0
1198 1297 0
755 4 0
1266 51 0
361 247 0
702 233 0
805 1038 0
1000 802 0
168 536 0
1046 1224 0
1035 469 0
147 1486 0
295 1248 0
721 603 0
1071 1481 0
1070 139 0
585 796 0
532 152 0
523 1239 0
379 1093 0
48 524 0
779 636 0
628 1236 0
7 1375 0
989 335 0
1453 392 0
872 729 0
1295 973 0
1462 1324 0
141 68 0
345 1459 0
892 1313 0
1051 813 0
979 530 0
49 1276 0
1110 697 0
649 522 0
648 482 0
162 516 0
401 969 0
1010 833 0
885 1391 0
1416 1356 0
1349 611 0
995 1370 0
144 752 0
231 83 0
767 564 0
1384 832 0
439 537 0
1237 459 0
1450 1255 0
1161 1251 0
868 1050 0
677 312 0
408 308 0
406 1409 0
331 311 0
244 96 0
1482 1261 0
865 975 0
727 449 0
1448 867 0
1187 8 0
26 41 0
538 44 0
1060 120 0
694 1058 0
689 671 0
536 1257 0
1171 1007 0
761 766 0
433 925 0
342 299 0
1383 97 0
1308 774 0
1397 252 0
908 1048 0
1368 290 0
1322 1157 0
845 822 0
697 89 0
272 1312 0
836 1121 0
904 567 0
599 1020 0
1353 390 0
139 1109 0
1298 1463 0
1069 28 0
535 1233 0
103 1199 0
1381 945 0
1242 1146 0
384 1362 0
1498 793 0
801 1244 0
911 1494 0
268 758 0
212 809 0
51 1464 0
393 368 0
1189 733 0
631 550 0
1334 1103 0
592 1032 0
481 884 0
1256 371 0
1104 834 0
1176 262 0
1187 339 0
40 418 0
1093 160 0
985 1262 0
1181 264 0
89 870 0
481 151 0
1306 991 0
1389 728 0
191 1126 0
776 1275 0
1475 1150 0
247 1163 0
1108 1289 0
462 31 0
1159 947 0
64 1240 0
979 496 0
1225 576 0
538 130 0
923 476 0
752 922 0
839 749 0
151 1191 0
223 828 0
206 151 0
1154 400 0
1210 927 0
1155 682 0
599 336 0
1135 348 0
1353 397 0
876 503 0
441 118 0
1450 791 0
203 166 0
1329 1112 0
592 124 0
983 3 0
1341 368 0
1076 871 0
1323 161 0
1420 424 0
1462 1206 0
1193 23 0
1005 138 0
1213 773 0
1023 209 0
939 287 0
1131 600 0
1153 336 0
1322 399 0
1120 1046 0
787 631 0
159 94 0
769 320 0
814 100 0
1165 131 0
1433 1375 0
1412 1334 0
1309 1027 0
1045 30 0
1254 1154 0
479 457 0
1133 1031 0
1194 130 0
520 498 0
895 7 0
1332 468 0
1111 1072 0
588 471 0
825 437 0
856 588 0
332 104 0
753 646 0
1468 185 0
1058 248 0
1428 163 0
974 347 0
1414 472 0
1032 903 0
158 66 0
1223 72 0
263 27 0
803 228 0
1233 304 0
812 595 0
1143 78 0
790 520 0
680 624 0
1024 699 0
294 192 0
1246 871 0
609 262 0
562 337 0
765 758 0
1340 100 0
766 79 0
1177 479 0
1148 67 0
1349 961 0
1315 1169 0
1413 601 0
549 462 0
1356 1181 0
559 217 0
452 158 0
841 291 0
314 201 0
1073 783 0
674 418 0
1079 383 0
1085 157 0
1396 282 0
1110 707 0
1349 665 0
1103 365 0
1375 856 0
935 229 0
1356 1029 0
320 24 0
1386 936 0
1388 117 0
1286 999 0
201 87 0
1497 447 0
1496 1395 0
1354 1222 0
758 716 0
1172 338 0
949 96 0
379 261 0
923 430 0
803 380 0
667 392 0
663 573 0
978 387 0
805 650 0
1071 107 0
1027 355 0
1341 1119 0
1265 323 0
1489 710 0
851 414 0
1139 45 0
1095 112 0
541 111 0
511 71 0
915 696 0
1079 1047 0
1449 563 0
969 645 0
914 432 0
1332 233 0
585 274 0
936 97 0
1328 107 0
575 75 0
677 305 0
293 157 0
1305 298 0
1165 535 0
479 154 0
550 317 0
1414 1363 0
821 182 0
861 703 0
840 446 0
1149 1027 0
1374 178 0
1326 998 0
932 606 0
1111 984 0
1313 1040 0
1262 314 0
529 224 0
819 771 0
1372 1210 0
735 176 0
1228 693 0
893 399 0
623 126 0
442 380 0
1277 1076 0
1470 316 0
733 342 0
505 416 0
1293 381 0
931 401 0
844 678 0
1325 1162 0
563 494 0
1438 1193 0
1409 589 0
787 350 0
1348 1262 0
638 444 0
1166 872 0
522 243 0
1314 1034 0
998 352 0
1425 630 0
587 398 0
1493 1017 0
1226 1077 0
1391 1136 0
508 311 0
1475 57 0
1252 889 0
893 350 0
1196 1001 0
337 180 0
1088 727 0
1275 894 0
1321 417 0
1045 993 0
1470 1407 0
1414 516 0
716 475 0
882 330 0
679 129 0
132 109 0
1046 585 0
527 430 0
1415 721 0
1309 120 0
1448 74 0
398 50 0
906 667 0
341 254 0
1373 472 0
1348 25 0
1465 747 0
1493 474 0
1339 1331 0
1183 406 0
1383 913 0
1432 1183 0
1150 444 0
1109 617 0
773 437 0
709 45 0
1159 453 0
1334 1184 0
1458 1375 0
915 8 0
789 296 0
1428 211 0
764 602 0
1065 553 0
751 729 0
1022 187 0
1073 636 0
1288 106 0
1149 1016 0
950 532 0
1058 404 0
1080 10 0
1030 90 0
1393 55 0
1132 462 0
833 252 0
1226 1031 0
1085 100 0
819 522 0
1023 739 0
569 403 0
577 240 0
921 49 0
1283 231 0
1250 326 0
1202 207 0
1465 726 0
808 807 0
987 135 0
1422 763 0
1220 883 0
1263 396 0
1345 820 0
1439 1326 0
691 436 0
350 181 0
930 365 0
1276 623 0
1334 739 0
1478 739 0
529 31 0
805 220 0
1048 768 0
1157 546 0
579 466 0
358 257 0
1425 874 0
1356 561 0
1142 512 0
671 621 0
796 774 0
1276 98 0
885 257 0
1217 427 0
1011 75 0
305 184 0
821 162 0
957 771 0
864 288 0
1283 542 0
829 569 0
1495 185 0
995 231 0
496 19 0
1433 1397 0
1211 432 0
606 472 0
818 100 0
918 696 0
1465 748 0
776 297 0
1059 664 0
737 237 0
1304 286 0
457 237 0
937 329 0
1352 409 0
1496 1214 0
682 293 0
938 716 0
662 629 0
1048 604 0
506 282 0
1105 419 0
573 66 0
1130 385 0
1146 577 0
1000 784 0
1480 1379 0
1435 267 0
629 120 0
793 133 0
1429 331 0
1176 998 0
934 841 0
1358 1189 0
774 265 0
1113 1063 0
512 434 0
1200 1100 0
1065 966 0
929 797 0
558 330 0
1295 605 0
559 118 0
721 288 0
551 177 0
1462 1275 0
713 42 0
876 583 0
876 733 0
972 948 0
1366 174 0
1012 60 0
1471 1412 0
1480 1472 0
219 158 0
1108 532 0
970 815 0
1496 1365 0
1017 864 0
1156 358 0
785 650 0
908 895 0
684 674 0
1220 799 0
648 105 0
1033 182 0
691 319 0
825 718 0
506 309 0
1269 1196 0
1243 38 0
753 338 0
1019 66 0
1362 698 0
1042 483 0
1158 112 0
1320 844 0
1262 508 0
1451 1259 0
509 501 0
536 83 0
1312 274 0
1132 858 0
449 13 0
1289 688 0
1153 695 0
1195 597 0
593 510 0
1148 662 0
460 304 0
1299 438 0
1391 69 0
1018 509 0
1468 427 0
1082 968 0
1206 804 0
985 399 0
1284 304 0
1461 908 0
1107 514 0
1004 782 0
1195 564 0
1338 1142 0
1430 673 0
1016 459 0
791 551 0
1065 435 0
724 255 0
1489 765 0
995 314 0
885 217 0
503 412 0
678 117 0
1437 5 0
674 148 0
1456 633 0
1069 349 0
1371 1278 0
470 258 0
457 406 0
1446 1153 0
1381 627 0
1464 79 0
937 151 0
1346 170 0
1031 434 0
284 174 0
728 301 0
678 399 0
1488 1171 0
1324 1240 0
1211 1034 0
1180 510 0
1138 345 0
1123 720 0
416 249 0
1385 1274 0
380 55 0
835 22 0
1373 1042 0
1064 1053 0
1216 363 0
1462 1158 0
1261 1254 0
1136 811 0
584 489 0
1208 1168 0
427 104 0
1490 1328 0
1296 1103 0
625 385 0
1436 846 0
1156 844 0
531 264 0
830 435 0
947 459 0
1159 893 0
877 457 0
1194 602 0
1343 168 0
856 787 0
964 331 0
1010 95 0
1458 83 0
1491 350 0
171 31 0
216 120 0
1375 890 0
416 179 0
862 258 0
1235 1129 0
1143 65 0
1490 507 0
1189 674 0
804 170 0
1122 1107 0
1325 27 0
1451 598 0
1201 80 0
1313 1167 0
1239 575 0
1353 929 0
1240 171 0
788 457 0
1453 1206 0
1491 1416 0
1232 102 0
1098 461 0
862 400 0
832 113 0
870 650 0
1215 198 0
1273 137 0
1332 1283 0
1162 89 0
1261 1173 0
1343 980 0
1181 976 0
1110 306 0
1406 549 0
1462 514 0
712 388 0
1016 32 0
1451 1052 0
1386 64 0
1295 221 0
1056 666 0
1193 739 0
1237 897 0
553 272 0
948 34 0
903 260 0
1461 1438 0
428 345 0
1198 527 0
1413 1178 0
397 21 0
837 672 0
976 371 0
948 916 0
1180 240 0
1307 811 0
352 135 0
872 497 0
1111 121 0
1213 1137 0
317 187 0
887 586 0
786 108 0
1154 508 0
716 495 0
710 117 0
1356 51 0
1242 947 0
599 407 0
1227 1208 0
984 734 0
1214 447 0
824 690 0
499 15 0
1334 59 0
1255 1253 0
1031 403 0
1290 481 0
1326 1006 0
497 174 0
1188 320 0
1384 716 0
973 703 0
335 49 0
751 627 0
296 177 0
1349 732 0
829 672 0
921 165 0
896 424 0
1469 1234 0
973 939 0
1260 1201 0
725 392 0
167 43 0
1449 1205 0
1014 602 0
1366 161 0
1180 1038 0
1177 1175 0
1059 346 0
333 183 0
781 70 0
1341 1280 0
599 384 0
370 91 0
1061 309 0
1192 560 0
1342 82 0
796 415 0
1291 703 0
980 312 0
546 456 0
603 124 0
1035 635 0
929 36 0
671 434 0
801 7 0
1245 51 0
1139 480 0
1201 671 0
1207 881 0
1498 488 0
884 66 0
1408 454 0
145 10 0
794 575 0
872 189 0
1373 862 0
1422 1103 0
1465 195 0
870 37 0
1461 72 0
710 329 0
552 393 0
492 59 0
800 492 0
1196 54 0
1289 686 0
435 196 0
1436 569 0
1038 768 0
1072 200 0
331 190 0
1200 743 0
1490 33 0
985 984 0
1375 201 0
780 764 0
519 241 0
968 147 0
1432 653 0
1314 267 0
964 570 0
762 453 0
1207 890 0
975 220 0
1100 849 0
1489 223 0
765 324 0
992 5 0
1453 572 0
1158 208 0
931 43 0
604 156 0
1282 1000 0
1052 581 0
1002 416 0
907 682 0
720 105 0
1092 465 0
797 48 0
1263 438 0
300 39 0
862 685 0
886 243 0
241 104 0
1309 735 0
651 308 0
817 35 0
1408 503 0
1166 384 0
683 504 0
1207 970 0
194 21 0
1023 587 0
815 557 0
994 75 0
77 32 0
794 335 0
1253 1245 0
994 886 0
701 66 0
813 422 0
1361 1293 0
924 842 0
233 97 0
843 86 0
1363 384 0
936 876 0
1108 179 0
894 390 0
1229 583 0
756 227 0
943 35 0
51 22 0
1164 550 0
973 110 0
1310 653 0
1333 998 0
1270 5 0
1203 952 0
941 922 0
1441 1173 0
809 697 0
961 471 0
935 264 0
1148 922 0
1382 469 0
938 338 0
1396 147 0
1109 856 0
1366 1306 0
434 65 0
1375 538 0
1213 194 0
1021 218 0
1394 1140 0
1476 1108 0
805 746 0
755 738 0
1075 751 0
1203 396 0
1442 1013 0
1314 457 0
290 242 0
1443 814 0
911 850 0
1015 254 0
1244 1026 0
598 417 0
625 449 0
864 131 0
1115 605 0
467 144 0
1183 822 0
1472 118 0
1044 1020 0
684 455 0
1351 527 0
1403 1146 0
407 32 0
897 708 0
1260 13 0
594 310 0
667 447 0
898 557 0
1181 113 0
372 355 0
858 227 0
1429 354 0
842 365 0
1375 688 0
1113 156 0
734 280 0
1169 648 0
1150 195 0
609 245 0
1482 648 0
317 240 0
1385 601 0
551 402 0
701 171 0
643 442 0
1243 1230 0
842 51 0
1346 1103 0
1209 611 0
1341 540 0
173 55 0
1018 545 0
1232 329 0
441 423 0
1357 135 0
924 265 0
740 128 0
186 169 0
1288 612 0
1393 352 0
416 274 0
380 18 0
1316 243 0
939 299 0
1426 960 0
848 249 0
1191 838 0
1073 158 0
1428 762 0
1337 1242 0
1047 731 0
1463 225 0
1207 539 0
1183 658 0
617 110 0
1367 1022 0
834 452 0
1043 414 0
1197 149 0
1468 1271 0
797 538 0
1209 482 0
971 296 0
1467 443 0
1287 239 0
730 228 0
869 270 0
1484 381 0
753 392 0
404 194 0
1375 1017 0
860 413 0
554 219 0
1171 1108 0
1273 302 0
301 50 0
1446 195 0
888 501 0
1114 258 0
1371 426 0
572 250 0
294 85 0
1330 450 0
1335 973 0
1219 302 0
1466 38 0
1184 778 0
1476 1331 0
993 180 0
764 493 0
1444 1100 0
1273 283 0
1430 353 0
882 653 0
1233 1148 0
1204 676 0
1145 69 0
159 110 0
1184 333 0
1370 188 0
434 177 0
1021 579 0
604 560 0
703 488 0
405 366 0
1409 141 0
764 720 0
61 4 0
723 389 0
1350 1245 0
1372 803 0
921 883 0
1382 412 0
1184 254 0
618 221 0
1070 465 0
1140 268 0
1335 1020 0
1037 119 0
183 142 0
341 247 0
954 662 0
1286 251 0
1470 258 0
1299 809 0
961 883 0
1166 707 0
865 145 0
974 830 0
715 231 0
611 372 0
1066 825 0
1246 630 0
859 491 0
1277 462 0
1310 688 0
687 429 0
1488 464 0
1311 1150 0
997 510 0
1337 546 0
1163 517 0
1357 923 0
1203 416 0
710 45 0
1491 539 0
584 451 0
1342 863 0
1325 724 0
1190 60 0
1354 1315 0
1368 757 0
274 63 0
1113 30 0
1335 383 0
1327 1237 0
1470 672 0
944 668 0
510 2 0
928 26 0
1184 422 0
795 556 0
1413 425 0
839 457 0
1170 801 0
1173 896 0
412 271 0
1357 159 0
1158 248 0
1374 1150 0
765 18 0
937 334 0
996 167 0
420 116 0
272 135 0
1222 881 0
386 199 0
644 406 0
1022 911 0
1380 502 0
1352 1162 0
794 157 0
1235 922 0
1380 122 0
1366 950 0
1028 923 0
1190 334 0
1333 956 0
1396 251 0
1294 577 0
623 141 0
1049 130 0
237 116 0
366 33 0
1343 86 0
1194 292 0
1229 174 0
1404 905 0
1008 259 0
775 9 0
1269 797 0
1265 23 0
1215 750 0
593 468 0
1332 789 0
1245 611 0
1358 998 0
1387 206 0
1401 1220 0
800 523 0
1256 421 0
1242 836 0
1127 110 0
924 114 0
1094 372 0
941 664 0
1382 465 0
602 93 0
643 294 0
1268 574 0
1427 171 0
895 117 0
676 529 0
1446 747 0
966 615 0
96 72 0
1125 891 0
439 235 0
1407 1206 0
177 40 0
890 355 0
1158 914 0
1277 202 0
133 114 0
1301 683 0
1075 24 0
1252 615 0
1135 337 0
910 218 0
1132 671 0
1388 826 0
393 228 0
758 451 0
973 263 0
1003 963 0
1330 1241 0
1353 865 0
816 797 0
1460 459 0
1498 409 0
154 120 0
1384 1277 0
891 536 0
693 655 0
1326 495 0
1314 537 0
700 327 0
880 457 0
1385 740 0
470 140 0
897 811 0
679 59 0
1250 131 0
430 304 0
691 613 0
1002 719 0
1157 722 0
1430 456 0
204 146 0
1471 1463 0
1037 1004 0
1403 536 0
265 51 0
1285 19 0
815 637 0
1038 40 0
1082 373 0
496 108 0
1320 463 0
1026 71 0
489 406 0
1329 292 0
848 232 0
1016 738 0
1498 1386 0
476 313 0
714 102 0
697 286 0
1000 690 0
422 11 0
840 455 0
1343 1121 0
798 760 0
129 84 0
1410 1086 0
1056 268 0
1010 877 0
1038 890 0
954 102 0
1031 112 0
997 447 0
1409 304 0
884 17 0
1031 775 0
1177 377 0
1202 329 0
1462 1367 0
553 48 0
1300 221 0
1277 865 0
1165 106 0
1388 1278 0
1071 566 0
1440 827 0
843 506 0
1069 574 0
225 124 0
1104 724 0
1276 294 0
1025 489 0
1182 103 0
288 188 0
778 486 0
1426 211 0
315 292 0
587 333 0
947 836 0
1058 730 0
1192 1122 0
1344 368 0
1477 296 0
407 266 0
1241 945 0
844 127 0
1108 1003 0
822 546 0
1468 614 0
1057 787 0
990 683 0
1263 271 0
707 51 0
294 211 0
1128 716 0
1500 1255 0
1470 163 0
1408 627 0
734 201 0
1487 144 0
976 179 0
1471 1189 0
1006 41 0
313 152 0
1499 867 0
1271 670 0
1459 1293 0
312 148 0
1400 282 0
882 422 0
1103 503 0
1064 286 0
578 205 0
1071 873 0
1139 265 0
1369 420 0
1363 950 0
525 159 0
548 90 0
1328 703 0
1180 551 0
1131 764 0
1053 440 0
1375 600 0
1169 88 0
362 281 0
1134 740 0
1130 71 0
1454 111 0
1350 1240 0
1112 505 0
903 457 0
1319 263 0
1499 379 0
955 882 0
1318 500 0
1270 379 0
891 108 0
1354 797 0
1150 406 0
1253 629 0
895 229 0
452 11 0
1379 1339 0
1395 1222 0
1225 188 0
1236 389 0
1247 1141 0
1332 694 0
1351 1195 0
1035 31 0
958 172 0
925 810 0
1476 254 0
747 426 0
1490 993 0
244 45 0
1358 230 0
1117 294 0
1474 264 0
1191 124 0
484 8 0
859 391 0
952 847 0
480 393 0
1284 1085 0
628 258 0
1357 1061 0
439 348 0
1492 1090 0
957 33 0
1327 1289 0
882 503 0
1057 952 0
1190 459 0
690 128 0
607 192 0
833 246 0
1425 693 0
1463 1290 0
520 150 0
923 254 0
900 116 0
1061 502 0
883 495 0
1169 526 0
1047 897 0
916 298 0
980 449 0
307 91 0
872 820 0
358 69 0
572 424 0
1224 482 0
1017 547 0
747 126 0
948 156 0
1195 437 0
387 310 0
1044 716 0
1185 1073 0
1032 152 0
777 77 0
1477 964 0
1477 532 0
1420 1373 0
639 360 0
548 163 0
680 114 0
435 340 0
438 377 0
855 599 0
1020 433 0
1000 885 0
1362 1093 0
1349 224 0
343 8 0
839 197 0
639 264 0
1038 317 0
893 267 0
1081 483 0
1097 1037 0
1060 575 0
646 88 0
1496 470 0
1296 904 0
1146 904 0
1190 535 0
1353 100 0
393 221 0
756 473 0
803 217 0
870 463 0
710 545 0
759 504 0
725 250 0
955 474 0
936 225 0
993 700 0
1049 710 0
1033 493 0
1310 965 0
1463 430 0
1438 95 0
1150 1025 0
1307 1273 0
1478 135 0
1423 1085 0
1455 545 0
1006 72 0
757 633 0
1018 303 0
1488 806 0
1302 1125 0
1205 496 0
1484 901 0
1062 137 0
719 67 0
1170 842 0
841 387 0
819 167 0
1393 466 0
1162 791 0
1194 883 0
442 66 0
1388 337 0
1397 129 0
1052 342 0
743 458 0
829 663 0
1485 1045 0
1272 747 0
393 391 0
1448 615 0
1198 829 0
1216 43 0
1248 305 0
1170 1045 0
1120 406 0
1193 1170 0
362 293 0
1351 1339 0
459 263 0
310 291 0
1129 27 0
1289 741 0
223 106 0
388 377 0
1475 1405 0
1191 696 0
926 480 0
773 705 0
1053 893 0
1486 91 0
1422 1253 0
1142 434 0
1372 1324 0
1313 973 0
401 85 0
432 151 0
404 10 0
342 309 0
1343 795 0
563 404 0
1488 197 0
995 695 0
1339 1089 0
1233 911 0
332 321 0
894 177 0
834 650 0
491 412 0
613 397 0
952 345 0
581 178 0
1284 564 0
564 437 0
622 206 0
1341 889 0
496 372 0
1343 999 0
638 305 0
919 5 0
815 650 0
604 315 0
786 369 0
1403 189 0
1499 987 0
305 9 0
1459 15 0
430 274 0
505 323 0
1498 683 0
1410 710 0
756 457 0
1486 610 0
854 511 0
341 7 0
1216 1189 0
916 664 0
956 545 0
1475 240 0
1039 810 0
1135 1017 0
912 436 0
1190 817 0
830 197 0
1072 578 0
1342 1284 0
488 114 0
1181 570 0
1165 739 0
803 96 0
1496 284 0
1422 196 0
1004 582 0
778 706 0
1319 533 0
1003 848 0
836 27 0
1272 549 0
1091 910 0
976 448 0
1270 557 0
964 893 0
1234 826 0
1254 237 0
1288 427 0
1280 695 0
896 280 0
499 98 0
551 145 0
853 699 0
1152 1014 0
1262 71 0
1249 29 0
704 217 0
174 77 0
677 623 0
219 117 0
518 21 0
1361 779 0
1185 1013 0
955 84 0
1357 313 0
1085 526 0
1385 677 0
444 353 0
817 492 0
822 538 0
946 419 0
189 121 0
1366 587 0
1359 304 0
1284 372 0
740 13 0
1058 1030 0
985 819 0
1485 247 0
714 354 0
1331 980 0
452 95 0
901 720 0
501 352 0
1237 1146 0
393 202 0
1345 707 0
1423 964 0
429 422 0
136 18 0
1440 427 0
672 400 0
1368 271 0
1109 218 0
1167 634 0
1209 1008 0
396 282 0
1016 25 0
1288 730 0
908 217 0
1306 896 0
552 316 0
927 508 0
1150 858 0
1466 1125 0
508 392 0
1367 753 0
1011 192 0
1108 912 0
1351 209 0
1237 673 0
867 412 0
1424 570 0
305 222 0
1001 538 0
1145 26 0
497 363 0
750 239 0
1042 898 0
657 63 0
762 245 0
954 764 0
939 608 0
449 348 0
1462 1329 0
1498 95 0
1290 355 0
216 94 0
1013 46 0
1036 767 0
933 322 0
695 32 0
1174 306 0
1315 281 0
1343 1024 0
1131 436 0
1409 1023 0
1194 4 0
225 209 0
983 103 0
1000 435 0
1257 911 0
1310 634 0
882 762 0
1294 40 0
685 322 0
1445 335 0
1385 1362 0
1015 643 0
962 267 0
319 61 0
1269 362 0
1354 1287 0
991 948 0
1346 249 0
1313 902 0
988 905 0
1107 648 0
1331 210 0
1415 89 0
223 205 0
626 345 0
484 359 0
1195 174 0
1456 440 0
1428 103 0
676 394 0
1363 90 0
1102 199 0
712 639 0
757 506 0
1487 1302 0
1445 206 0
200 68 0
862 2 0
1229 1168 0
713 551 0
762 407 0
1087 959 0
1240 937 0
1227 188 0
1133 428 0
948 755 0
1044 786 0
129 116 0
679 459 0
752 673 0
997 215 0
1298 1187 0
296 114 0
864 38 0
1317 1095 0
692 407 0
990 165 0
956 406 0
591 456 0
877 232 0
1170 1092 0
1485 717 0
1408 69 0
1370 395 0
728 305 0
1395 109 0
1309 1263 0
755 86 0
662 363 0
989 191 0
1038 431 0
1009 518 0
1469 1070 0
605 579 0
523 387 0
1092 1032 0
1125 229 0
1168 170 0
1100 515 0
1313 1259 0
1389 206 0
1484 657 0
1078 706 0
1420 179 0
836 583 0
806 101 0
496 30 0
1295 922 0
1250 253 0
771 416 0
444 299 0
826 732 0
742 627 0
1476 278 0
557 373 0
1039 765 0
1369 584 0
1423 315 0
1284 509 0
251 227 0
868 249 0
691 48 0
1040 132 0
814 670 0
918 423 0
1164 21 0
1362 854 0
1451 1199 0
684 588 0
904 195 0
1258 839 0
384 360 0
878 125 0
705 164 0
1471 20 0
1212 357 0
1070 451 0
399 285 0
947 761 0
677 23 0
868 328 0
1046 441 0
1068 67 0
1142 157 0
1011 990 0
1204 412 0
366 312 0
805 614 0
1107 254 0
1335 507 0
843 686 0
1406 645 0
97 81 0
1338 980 0
625 615 0
923 462 0
947 107 0
1499 30 0
842 795 0
1168 205 0
902 564 0
208 205 0
1229 702 0
1258 844 0
735 110 0
1194 54 0
896 459 0
1297 1224 0
1258 956 0
1303 1296 0
1463 534 0
296 23 0
738 256 0
1015 995 0
1179 623 0
1252 110 0
481 339 0
1234 1086 0
1488 529 0
1206 1177 0
1028 659 0
823 2 0
1088 593 0
1033 154 0
468 24 0
1255 168 0
1385 125 0
1055 967 0
1253 1246 0
615 324 0
478 242 0
369 156 0
649 402 0
1318 1205 0
1311 501 0
980 383 0
956 640 0
522 287 0
628 570 0
499 93 0
1404 438 0
535 339 0
1500 1234 0
516 401 0
1147 1134 0
1313 1033 0
1354 63 0
1244 589 0
1000 470 0
1341 235 0
869 106 0
1434 438 0
475 45 0
1392 433 0
935 245 0
666 171 0
1124 319 0
736 708 0
1247 1189 0
765 552 0
959 537 0
1336 107 0
849 555 0
1158 204 0
1129 71 0
437 90 0
226 205 0
1479 325 0
680 469 0
668 91 0
432 365 0
430 126 0
855 590 0
722 671 0
671 551 0
1431 267 0
1498 1479 0
184 40 0
1160 781 0
999 62 0
1353 760 0
1449 576 0
897 416 0
1434 133 0
1337 953 0
1295 736 0
500 237 0
896 350 0
1489 1403 0
1344 102 0
1178 334 0
943 833 0
1158 443 0
1452 99 0
1493 667 0
605 139 0
222 63 0
178 169 0
551 469 0
715 467 0
691 232 0
700 508 0
834 387 0
1099 484 0
1006 145 0
1070 719 0
1003 610 0
1004 759 0
1086 178 0
321 284 0
1416 386 0
872 774 0
1484 581 0
749 201 0
754 77 0
1320 388 0
1496 69 0
904 408 0
544 282 0
1486 84 0
611 577 0
1297 640 0
921 663 0
1309 686 0
1241 1083 0
911 147 0
1442 168 0
1261 451 0
928 284 0
366 99 0
1449 974 0
1156 970 0
790 114 0
740 244 0
544 401 0
1278 874 0
1301 116 0
1141 410 0
628 38 0
789 58 0
1185 614 0
387 170 0
1176 45 0
1165 976 0
842 808 0
1396 615 0
923 284 0
836 86 0
719 638 0
1071 361 0
811 14 0
944 175 0
762 317 0
1227 114 0
596 509 0
1456 928 0
292 19 0
431 88 0
1209 734 0
972 731 0
565 88 0
1146 854 0
183 27 0
970 795 0
1364 482 0
574 168 0
572 107 0
1142 236 0
1277 182 0
848 801 0
1387 878 0
886 848 0
932 648 0
1029 20 0
1464 370 0
1256 693 0
871 271 0
864 189 0
164 109 0
1129 687 0
1375 1126 0
827 229 0
1471 884 0
473 196 0
1479 439 0
521 361 0
309 226 0
154 3 0
676 134 0
1248 360 0
984 628 0
880 550 0
789 414 0
1001 276 0
1310 115 0
484 241 0
1153 828 0
1429 127 0
1240 267 0
843 825 0
716 337 0
1101 916 0
1223 864 0
1175 577 0
148 16 0
1179 937 0
843 105 0
883 503 0
1461 1234 0
858 683 0
1433 702 0
1334 381 0
1191 966 0
1403 1267 0
1415 497 0
1165 981 0
1497 386 0
1448 810 0
1175 922 0
670 314 0
1186 198 0
318 165 0
1106 202 0
1424 408 0
1050 327 0
830 648 0
113 98 0
428 352 0
694 587 0
1245 356 0
946 134 0
997 412 0
717 404 0
377 64 0
355 66 0
732 297 0
1238 267 0
914 376 0
1147 37 0
1191 1085 0
1253 1043 0
1058 816 0
975 356 0
861 722 0
917 727 0
839 508 0
1449 282 0
913 539 0
744 72 0
1110 513 0
1132 692 0
1399 883 0
1154 1019 0
506 136 0
1318 501 0
432 13 0
972 278 0
1323 215 0
608 52 0
1194 537 0
1025 641 0
1124 121 0
413 355 0
1251 150 0
1185 345 0
544 423 0
1449 233 0
829 561 0
1063 858 0
1079 1012 0
1451 916 0
673 506 0
191 11 0
899 450 0
1093 349 0
937 169 0
1229 1035 0
1022 765 0
1308 210 0
1436 1202 0
168 65 0
862 700 0
1331 1246 0
1166 1017 0
999 799 0
1123 811 0
1243 1053 0
1393 1347 0
874 12 0
1383 1368 0
1058 519 0
1346 1191 0
964 129 0
1136 88 0
1062 1041 0
289 252 0
1259 521 0
990 221 0
878 371 0
684 98 0
1464 816 0
793 274 0
959 533 0
1476 1149 0
1198 879 0
1454 64 0
899 811 0
836 456 0
954 377 0
520 413 0
717 366 0
968 864 0
1007 220 0
196 35 0
223 25 0
1418 766 0
1140 527 0
1263 543 0
1306 230 0
1436 330 0
1123 598 0
759 408 0
1275 949 0
1479 1268 0
1365 1322 0
712 424 0
156 31 0
1096 703 0
1219 434 0
891 839 0
1291 1240 0
1175 903 0
1193 94 0
583 132 0
1146 348 0
781 410 0
452 263 0
1456 1030 0
1144 204 0
1055 788 0
379 9 0
1349 1276 0
1432 454 0
1075 781 0
1363 1243 0
1449 539 0
959 199 0
954 692 0
1203 218 0
613 357 0
851 330 0
678 292 0
975 741 0
319 228 0
633 123 0
753 748 0
780 415 0
651 552 0
1330 290 0
1447 255 0
1104 136 0
1090 616 0
1107 1005 0
626 460 0
1236 219 0
540 7 0
1001 140 0
1315 1283 0
405 27 0
246 238 0
772 461 0
554 69 0
1372 102 0
631 420 0
1209 618 0
1222 174 0
500 106 0
364 192 0
393 316 0
1302 682 0
713 93 0
937 523 0
1468 105 0
1207 1162 0
990 154 0
553 528 0
1423 529 0
1260 229 0
854 666 0
1243 633 0
1197 177 0
1395 977 0
697 129 0
641 50 0
301 190 0
1418 908 0
837 455 0
1045 207 0
1222 938 0
929 785 0
1073 722 0
1445 1163 0
1081 927 0
886 519 0
489 420 0
619 261 0
170 145 0
699 328 0
718 116 0
428 348 0
1477 1313 0
1011 427 0
1030 462 0
1445 1118 0
482 3 0
1428 613 0
384 104 0
90 62 0
1174 523 0
936 647 0
1246 859 0
750 254 0
758 750 0
1427 1173 0
986 253 0
816 214 0
1342 571 0
1293 359 0
1325 715 0
1023 756 0
536 129 0
812 576 0
942 930 0
1206 1116 0
1202 101 0
1062 97 0
1356 70 0
1213 1168 0
1271 169 0
323 240 0
1287 58 0
1245 419 0
1061 605 0
684 511 0
1179 981 0
1165 435 0
509 426 0
1240 543 0
1168 917 0
1279 1057 0
407 282 0
819 90 0
1482 1467 0
860 852 0
678 344 0
960 658 0
1185 933 0
110 41 0
588 109 0
955 954 0
1029 520 0
795 229 0
1254 165 0
1395 650 0
1444 1130 0
876 602 0
908 879 0
1295 106 0
1496 1201 0
438 209 0
1334 797 0
1283 904 0
1319 1093 0
811 571 0
1454 538 0
940 584 0
1419 812 0
354 236 0
416 298 0
1064 48 0
1327 917 0
582 210 0
1342 238 0
1308 1083 0
1038 866 0
107 74 0
621 461 0
485 179 0
153 91 0
855 180 0
1071 660 0
1040 710 0
1167 245 0
686 610 0
883 777 0
1095 857 0
1113 112 0
1267 284 0
792 734 0
1109 278 0
1340 685 0
400 120 0
793 128 0
1135 855 0
904 461 0
703 495 0
1474 73 0
764 267 0
787 401 0
312 1 0
1309 658 0
364 361 0
660 75 0
1125 823 0
1358 541 0
1230 299 0
1130 827 0
1493 624 0
1322 71 0
1140 1050 0
844 219 0
804 305 0
367 85 0
1439 1333 0
1057 119 0
956 626 0
1012 503 0
326 128 0
521 56 0
1285 525 0
1155 1042 0
1437 1108 0
1345 1215 0
1401 333 0
1052 722 0
616 450 0
457 271 0
1015 909 0
981 475 0
910 188 0
1062 371 0
654 566 0
980 198 0
1250 194 0
1301 996 0
746 207 0
909 495 0
850 753 0
733 522 0
570 440 0
1422 915 0
1117 1008 0
985 670 0
1468 1392 0
1036 430 0
1444 1034 0
907 740 0
1448 384 0
1480 1221 0
1046 185 0
1225 129 0
1131 481 0
955 358 0
1031 208 0
997 315 0
1420 1331 0
1200 1185 0
1096 849 0
895 593 0
394 385 0
1424 901 0
1388 1232 0
764 144 0
861 77 0
1114 1022 0
168 157 0
1138 965 0
1438 334 0
867 191 0
1354 185 0
380 351 0
725 704 0
913 426 0
1056 289 0
660 172 0
1380 1199 0
976 727 0
1121 1028 0
1324 1251 0
947 629 0
321 162 0
1003 723 0
1475 331 0
1007 604 0
1438 584 0
960 277 0
886 224 0
1123 721 0
1457 183 0
1259 485 0
1190 738 0
1379 1187 0
1125 329 0
1414 227 0
629 424 0
509 400 0
1424 63 0
1300 980 0
281 78 0
728 564 0
1129 1107 0
472 437 0
1028 4 0
1452 570 0
1156 930 0
1221 237 0
1329 632 0
205 103 0
707 525 0
1128 928 0
969 372 0
776 657 0
177 133 0
931 246 0
1271 854 0
1449 220 0
1337 54 0
391 109 0
1055 412 0
1289 329 0
1318 487 0
531 65 0
1147 935 0
869 140 0
180 22 0
1308 808 0
1007 57 0
1435 288 0
1075 19 0
1045 249 0
1500 1071 0
427 330 0
1146 865 0
1182 188 0
207 189 0
635 422 0
799 716 0
1345 536 0
667 427 0
1067 428 0
914 48 0
1176 530 0
1319 717 0
930 853 0
29 24 0
1053 391 0
847 228 0
1337 430 0
1123 302 0
1352 1060 0
1096 343 0
866 494 0
1452 1239 0
519 360 0
1226 887 0
1463 1161 0
1407 777 0
519 205 0
1397 1112 0
942 391 0
1166 742 0
215 130 0
1034 468 0
653 292 0
1201 468 0
1054 920 0
910 875 0
1442 1034 0
820 818 0
1128 927 0
985 940 0
1227 1223 0
639 427 0
681 298 0
353 226 0
640 189 0
1253 1219 0
917 590 0
1482 257 0
765 21 0
650 339 0
1072 494 0
1155 364 0
534 5 0
1191 265 0
768 429 0
423 61 0
1073 122 0
926 919 0
1460 73 0
1427 778 0
1489 673 0
1475 988 0
927 19 0
630 11 0
1171 571 0
1403 951 0
1106 1084 0
1097 896 0
628 596 0
500 203 0
1474 1372 0
1379 174 0
811 407 0
625 292 0
1423 594 0
1033 44 0
1400 1054 0
787 103 0
1007 714 0
546 222 0
1020 507 0
1470 1427 0
1277 609 0
1151 274 0
1155 116 0
1490 401 0
1226 123 0
486 202 0
911 897 0
1177 603 0
158 121 0
895 324 0
1147 15 0
940 252 0
1094 206 0
662 407 0
778 240 0
416 134 0
1281 899 0
1000 22 0
650 204 0
1252 1099 0
808 260 0
1039 288 0
1399 1095 0
656 244 0
1464 1059 0
1293 607 0
1024 239 0
955 193 0
1403 916 0
1445 310 0
909 693 0
1163 572 0
1079 628 0
1469 1047 0
1151 680 0
648 1 0
384 282 0
1468 502 0
1343 623 0
415 314 0
842 129 0
933 722 0
1027 591 0
1380 164 0
1144 443 0
1288 569 0
1441 255 0
838 710 0
641 213 0
501 119 0
153 116 0
1031 197 0
1153 360 0
1408 45 0
1221 957 0
1107 820 0
1186 299 0
541 82 0
1462 104 0
1062 558 0
364 94 0
846 574 0
483 138 0
1138 1098 0
792 619 0
1248 495 0
1309 1080 0
880 603 0
1210 1008 0
1127 999 0
973 362 0
1474 439 0
1463 909 0
1414 1083 0
1352 1019 0
1096 1094 0
1188 965 0
1287 1085 0
1380 473 0
1350 286 0
1381 660 0
1388 999 0
798 537 0
995 68 0
1289 620 0
1459 89 0
1488 606 0
906 286 0
416 39 0
1450 1085 0
1395 1271 0
552 219 0
757 45 0
1476 1158 0
1265 393 0
1095 593 0
1221 111 0
1033 554 0
1405 5 0
841 646 0
301 166 0
820 332 0
796 89 0
1494 95 0
652 493 0
463 256 0
1089 715 0
1355 891 0
1368 374 0
918 771 0
1188 606 0
1237 1105 0
724 71 0
1431 465 0
523 64 0
1478 447 0
1388 1342 0
490 278 0
870 799 0
1449 849 0
310 270 0
677 121 0
397 129 0
817 753 0
625 247 0
1325 1089 0
1366 765 0
1371 504 0
759 712 0
1262 313 0
583 388 0
817 93 0
129 39 0
986 501 0
807 199 0
665 106 0
1089 518 0
1355 637 0
175 167 0
900 367 0
658 32 0
1201 290 0
306 119 0
977 764 0
1115 78 0
605 403 0
945 87 0
961 376 0
778 609 0
1284 706 0
881 552 0
838 49 0
1451 828 0
966 507 0
1170 478 0
499 388 0
665 593 0
994 489 0
1459 217 0
1009 764 0
577 328 0
470 255 0
1298 430 0
591 337 0
1092 499 0
297 5 0
889 455 0
362 113 0
1387 428 0
906 438 0
970 96 0
329 315 0
122 80 0
1016 952 0
1031 554 0
1121 703 0
1183 86 0
1398 536 0
1476 929 0
1415 1104 0
1165 74 0
842 278 0
677 70 0
1102 908 0
1281 558 0
1351 777 0
1210 340 0
1443 848 0
753 193 0
1160 68 0
924 793 0
948 532 0
1251 478 0
540 382 0
1117 364 0
714 562 0
616 215 0
1427 758 0
800 679 0
235 186 0
781 693 0
1257 403 0
404 384 0
791 188 0
605 211 0
1107 793 0
1371 1365 0
1328 520 0
966 578 0
1347 154 0
1233 343 0
205 146 0
525 51 0
1406 506 0
1121 651 0
1384 487 0
1247 753 0
688 435 0
1323 980 0
1456 1137 0
1348 629 0
599 188 0
879 609 0
1065 965 0
806 424 0
1421 609 0
1282 1001 0
1014 441 0
1345 612 0
194 16 0
1041 175 0
415 356 0
1271 1242 0
1116 784 0
893 271 0
1408 220 0
474 310 0
657 191 0
1224 655 0
1076 345 0
1498 575 0
878 648 0
1095 588 0
522 204 0
708 267 0
457 256 0
1479 259 0
1434 150 0
826 141 0
1300 1126 0
1389 745 0
502 206 0
1431 1105 0
675 409 0
1177 1002 0
672 349 0
478 40 0
885 701 0
1216 626 0
1427 605 0
906 462 0
561 341 0
1486 597 0
437 7 0
1249 535 0
871 376 0
1474 14 0
1336 115 0
1090 990 0
1193 488 0
833 756 0
1089 668 0
1481 600 0
1376 247 0
1207 1021 0
669 401 0
1449 1227 0
1182 886 0
506 371 0
732 366 0
918 128 0
1478 882 0
887 551 0
803 31 0
628 171 0
1474 339 0
1046 845 0
788 673 0
842 526 0
572 25 0
641 399 0
1237 31 0
800 792 0
610 491 0
1311 680 0
1483 781 0
1063 600 0
1282 665 0
1318 476 0
268 179 0
906 58 0
430 21 0
1121 1026 0
876 103 0
1441 593 0
685 13 0
1102 81 0
1389 1226 0
1366 290 0
1212 582 0
469 44 0
679 164 0
1186 934 0
1003 398 0
1051 136 0
1342 361 0
965 506 0
1482 1228 0
418 381 0
1280 1123 0
527 188 0
765 511 0
960 613 0
958 370 0
978 789 0
628 129 0
933 492 0
1444 1131 0
1427 806 0
601 33 0
1469 428 0
781 493 0
738 322 0
1081 545 0
1173 541 0
612 183 0
1279 773 0
585 485 0
240 231 0
1120 821 0
1346 65 0
526 432 0
1309 1198 0
986 77 0
1132 842 0
756 557 0
725 157 0
1487 1136 0
723 422 0
836 780 0
1267 498 0
894 655 0
1133 795 0
529 452 0
1310 643 0
1497 208 0
821 138 0
583 366 0
1442 836 0
681 255 0
837 98 0
1411 557 0
1036 284 0
1115 711 0
955 894 0
449 362 0
1272 75 0
550 198 0
737 702 0
1294 544 0
1248 47 0
328 147 0
1397 52 0
1012 703 0
1038 960 0
993 455 0
1263 739 0
1266 508 0
976 20 0
1455 775 0
235 89 0
557 187 0
819 278 0
1157 672 0
768 268 0
374 146 0
1154 981 0
1123 1051 0
692 553 0
1080 251 0
1313 997 0
1085 1071 0
954 490 0
742 625 0
418 360 0
1350 345 0
867 710 0
1338 1098 0
1457 926 0
1138 614 0
1104 681 0
1197 880 0
1184 716 0
961 282 0
460 52 0
483 482 0
1381 1047 0
1344 387 0
1355 364 0
783 471 0
1295 481 0
1375 427 0
960 920 0
317 121 0
991 796 0
1229 919 0
490 103 0
261 193 0
726 180 0
848 48 0
1111 177 0
65 25 0
1377 352 0
1464 308 0
745 432 0
1439 245 0
1311 355 0
1143 561 0
1271 272 0
1263 643 0
596 203 0
766 729 0
884 842 0
1325 908 0
1229 165 0
996 866 0
1410 1173 0
1082 792 0
743 457 0
1256 1015 0
1335 1219 0
1493 86 0
1106 57 0
678 249 0
286 260 0
1484 1439 0
1403 1208 0
567 240 0
160 104 0
500 158 0
1019 786 0
1122 559 0
504 199 0
830 47 0
1075 319 0
899 491 0
715 607 0
792 285 0
1454 398 0
1458 496 0
1490 1197 0
471 447 0
683 400 0
870 580 0
1406 1040 0
1405 1201 0
1322 1223 0
1312 226 0
949 234 0
233 125 0
1026 486 0
661 448 0
189 175 0
167 79 0
946 921 0
343 158 0
1494 301 0
787 253 0
662 462 0
103 90 0
932 217 0
1215 716 0
1127 175 0
1059 402 0
1471 515 0
422 130 0
1389 184 0
655 347 0
897 277 0
1340 724 0
555 372 0
883 211 0
1420 1080 0
880 265 0
1239 741 0
1322 1138 0
709 478 0
1019 355 0
1106 463 0
1184 687 0
1045 477 0
170 15 0
1356 387 0
1062 341 0
238 22 0
698 646 0
1116 82 0
204 64 0
1052 146 0
1297 543 0
228 155 0
1405 114 0
955 634 0
1149 948 0
921 360 0
911 355 0
1224 589 0
728 484 0
1122 53 0
236 102 0
282 77 0
1251 715 0
913 890 0
1448 359 0
304 255 0
351 187 0
1264 1103 0
771 680 0
1077 909 0
759 113 0
1413 363 0
75 1 0
777 525 0
1260 879 0
1064 904 0
812 743 0
1440 1325 0
362 38 0
837 714 0
967 328 0
1346 848 0
868 130 0
813 722 0
692 66 0
1440 193 0
1228 919 0
1143 886 0
1151 546 0
1427 1387 0
564 547 0
1175 254 0
1455 490 0
1372 898 0
1488 243 0
1402 1190 0
1405 1123 0
301 74 0
1149 139 0
569 321 0
1118 873 0
1376 858 0
271 110 0
1121 220 0
502 40 0
1289 352 0
377 269 0
954 824 0
1221 113 0
522 339 0
1269 907 0
422 289 0
1444 46 0
342 331 0
916 507 0
562 415 0
1480 113 0
318 206 0
1274 214 0
1126 655 0
1462 1142 0
1393 415 0
634 254 0
1417 1232 0
1256 297 0
608 13 0
1315 895 0
1143 294 0
678 21 0
896 563 0
1276 941 0
1307 797 0
671 596 0
1304 1276 0
848 119 0
838 98 0
1057 261 0
927 900 0
1269 1125 0
600 502 0
1064 494 0
988 585 0
734 3 0
985 346 0
1045 1026 0
1173 717 0
1134 187 0
1018 526 0
1215 910 0
813 635 0
240 223 0
1170 780 0
596 358 0
678 102 0
1064 684 0
1390 234 0
910 142 0
785 358 0
996 100 0
1134 381 0
1191 440 0
612 4 0
865 406 0
1367 271 0
1440 1206 0
1211 173 0
569 157 0
972 831 0
282 80 0
1391 176 0
1142 990 0
1100 989 0
815 469 0
1357 910 0
1476 1218 0
1325 972 0
986 534 0
1104 633 0
739 659 0
450 419 0
1371 489 0
777 571 0
1254 58 0
1495 33 0
1031 221 0
677 73 0
1385 1106 0
1374 1081 0
1036 381 0
815 539 0
964 58 0
495 251 0
1019 100 0
1294 1192 0
1453 1125 0
931 263 0
946 693 0
435 431 0
1346 146 0
987 530 0
1457 656 0
933 152 0
1478 415 0
736 180 0
683 41 0
1455 1068 0
226 181 0
1199 395 0
1044 1043 0
773 376 0
1280 1083 0
851 545 0
1096 252 0
982 769 0
844 435 0
128 43 0
1192 1023 0
621 292 0
1380 839 0
499 77 0
1024 815 0
766 709 0
702 474 0
1444 905 0
128 68 0
599 543 0
840 695 0
955 206 0
740 728 0
520 502 0
1373 385 0
652 425 0
1068 179 0
1350 805 0
983 218 0
1267 385 0
1302 461 0
1008 741 0
892 714 0
735 252 0
1270 672 0
435 310 0
1124 624 0
754 11 0
1074 587 0
1405 1025 0
764 480 0
574 211 0
338 204 0
493 81 0
760 227 0
1078 956 0
911 177 0
1034 645 0
1001 884 0
920 22 0
1195 485 0
1307 439 0
1325 774 0
1405 1181 0
1406 1185 0
1181 616 0
393 175 0
934 336 0
986 338 0
1058 593 0
481 7 0
649 170 0
1461 856 0
1013 577 0
980 293 0
1226 175 0
1102 853 0
1491 305 0
1438 1218 0
350 116 0
1397 555 0
638 347 0
672 129 0
1437 761 0
806 142 0
1014 188 0
991 651 0
1215 1206 0
1448 244 0
1409 30 0
277 136 0
1130 1121 0
1203 116 0
1354 28 0
1004 198 0
1086 85 0
991 68 0
1078 81 0
1432 76 0
1397 835 0
185 109 0
185 128 0
356 270 0
1473 174 0
1030 178 0
1042 793 0
1194 440 0
170 53 0
1031 538 0
1117 1029 0
389 7 0
877 267 0
1286 1105 0
776 69 0
767 372 0
240 157 0
1276 555 0
1253 419 0
1239 368 0
1216 410 0
1144 232 0
1269 864 0
715 20 0
713 450 0
1094 792 0
1232 172 0
1298 1228 0
1476 83 0
658 24 0
1221 108 0
1372 1350 0
683 237 0
1234 1131 0
1418 345 0
624 325 0
582 56 0
922 843 0
1347 308 0
606 77 0
1383 671 0
904 234 0
719 467 0
660 462 0
475 263 0
1057 786 0
1012 51 0
532 238 0
707 497 0
589 381 0
1348 443 0
1406 915 0
1286 822 0
1087 768 0
492 315 0
1470 1079 0
365 223 0
1326 643 0
1266 340 0
255 130 0
1480 307 0
920 504 0
1396 394 0
641 103 0
353 5 0
1309 341 0
894 344 0
680 133 0
564 254 0
606 235 0
910 384 0
1493 1073 0
1088 164 0
1159 1015 0
648 498 0
1187 45 0
465 162 0
1201 662 0
1300 620 0
846 303 0
1337 1200 0
1123 601 0
669 185 0
1094 836 0
444 330 0
830 343 0
1055 842 0
575 76 0
449 59 0
686 160 0
628 527 0
381 292 0
1147 650 0
312 117 0
745 475 0
1200 306 0
1345 907 0
1163 931 0
1379 20 0
1458 1141 0
1311 993 0
695 252 0
1453 621 0
811 7 0
1351 1025 0
535 81 0
1437 27 0
1429 267 0
1314 1078 0
1228 741 0
715 389 0
1127 892 0
724 226 0
979 108 0
472 55 0
849 301 0
1283 272 0
1156 50 0
1025 153 0
1359 152 0
1343 1063 0
1202 90 0
1411 501 0
935 773 0
1241 819 0
548 286 0
261 184 0
1051 548 0
1286 73 0
1403 498 0
993 449 0
1061 1038 0
453 300 0
923 327 0
1335 813 0
1425 604 0
1066 696 0
1265 954 0
1351 1242 0
787 74 0
929 814 0
303 193 0
1374 902 0
1178 72 0
1024 728 0
1453 81 0
1451 1036 0
670 335 0
1095 1011 0
954 768 0
221 141 0
871 639 0
330 21 0
1428 589 0
1278 390 0
1284 544 0
306 215 0
1304 708 0
713 29 0
1321 1044 0
1193 643 0
1222 290 0
792 378 0
1276 503 0
314 95 0
405 249 0
1189 301 0
1111 680 0
1328 983 0
997 590 0
1361 591 0
619 19 0
1042 410 0
1223 397 0
1330 307 0
1461 122 0
1166 821 0
1276 1074 0
581 14 0
561 152 0
542 526 0
621 256 0
1036 201 0
634 543 0
423 281 0
678 530 0
1432 306 0
522 224 0
1470 22 0
559 167 0
1420 1146 0
1157 105 0
1343 805 0
632 241 0
849 170 0
1379 768 0
750 517 0
1460 1032 0
944 506 0
285 190 0
939 252 0
706 174 0
681 166 0
1402 701 0
1411 1362 0
1493 1467 0
1362 67 0
1052 743 0
1271 148 0
1480 461 0
1192 527 0
1381 1008 0
575 121 0
498 187 0
254 188 0
713 549 0
841 375 0
1454 623 0
883 797 0
788 716 0
425 367 0
743 606 0
1399 1136 0
1409 94 0
975 628 0
658 451 0
1281 574 0
1230 508 0
566 237 0
535 479 0
1262 1032 0
1096 277 0
885 799 0
1434 435 0
960 267 0
729 158 0
1429 309 0
728 271 0
1279 1270 0
1188 262 0
689 273 0
901 882 0
1036 565 0
897 180 0
1029 962 0
1067 74 0
1145 995 0
1329 450 0
1003 706 0
1446 783 0
377 87 0
1089 907 0
631 474 0
1449 584 0
962 580 0
1161 844 0
536 336 0
567 116 0
785 242 0
779 471 0
779 525 0
1486 723 0
1344 765 0
1179 585 0
1421 560 0
695 113 0
1386 159 0
1347 1074 0
1006 214 0
1145 1101 0
990 863 0
1219 153 0
1457 1051 0
1433 470 0
208 154 0
969 139 0
972 870 0
1164 527 0
677 641 0
1397 268 0
1096 356 0
775 223 0
945 163 0
1264 944 0
674 476 0
1348 562 0
838 121 0
861 382 0
1462 549 0
1147 1065 0
1161 237 0
707 50 0
1131 893 0
953 737 0
1374 818 0
1027 32 0
1179 728 0
1250 969 0
790 319 0
395 333 0
794 258 0
1266 1100 0
1281 468 0
713 507 0
1188 806 0
1298 37 0
1202 1166 0
334 279 0
891 170 0
1380 378 0
1436 621 0
1412 305 0
509 196 0
842 619 0
1160 974 0
844 633 0
530 356 0
1431 264 0
1205 1078 0
416 242 0
1058 115 0
745 413 0
820 70 0
391 192 0
1209 1170 0
561 300 0
1098 739 0
780 228 0
1370 711 0
1352 1121 0
874 366 0
512 191 0
1090 291 0
399 99 0
877 835 0
595 368 0
1357 866 0
1488 967 0
682 496 0
625 70 0
1369 380 0
531 455 0
371 318 0
1460 750 0
995 931 0
1218 659 0
774 645 0
1127 1084 0
1134 414 0
1432 1097 0
1201 1184 0
398 390 0
601 489 0
1454 713 0
558 206 0
1350 1119 0
429 145 0
1231 1082 0
432 49 0
1435 1140 0
1049 428 0
974 802 0
277 263 0
205 172 0
1052 1000 0
920 457 0
629 480 0
839 740 0
903 844 0
928 160 0
1046 378 0
667 287 0
1069 200 0
1110 60 0
576 196 0
1460 791 0
685 584 0
965 36 0
1076 708 0
1324 1309 0
858 791 0
597 389 0
1383 518 0
1048 170 0
475 314 0
1491 515 0
822 623 0
640 84 0
1222 1061 0
928 729 0
474 28 0
591 327 0
1345 1086 0
548 529 0
625 576 0
820 549 0
1071 193 0
887 214 0
1173 741 0
1400 1361 0
1283 485 0
474 350 0
401 368 0
737 261 0
1206 982 0
702 21 0
656 112 0
1387 714 0
1192 905 0
1260 335 0
1197 904 0
1469 327 0
1394 375 0
1049 835 0
1005 527 0
1472 1113 0
1039 240 0
1298 787 0
576 388 0
573 189 0
549 479 0
745 645 0
823 114 0
1453 476 0
925 446 0
1033 463 0
734 326 0
1414 1357 0
1361 589 0
1383 1227 0
1310 1305 0
1119 1103 0
1462 932 0
1370 1140 0
1340 419 0
1161 824 0
353 325 0
1491 1183 0
1014 172 0
1243 970 0
1252 52 0
465 49 0
1208 98 0
1124 1037 0
1147 820 0
473 5 0
1090 104 0
387 231 0
1381 833 0
1232 848 0
691 313 0
1486 815 0
1440 279 0
1074 409 0
1440 1142 0
827 275 0
1490 154 0
607 292 0
663 359 0
1351 1317 0
192 168 0
1468 1186 0
914 276 0
1475 133 0
1338 132 0
621 159 0
1131 125 0
1383 1066 0
604 244 0
246 85 0
1102 642 0
1389 1040 0
525 402 0
654 461 0
975 26 0
1261 1115 0
807 60 0
1461 1300 0
1319 906 0
560 102 0
1187 809 0
1489 475 0
526 422 0
1112 1045 0
1500 943 0
326 316 0
1386 191 0
1049 150 0
689 233 0
339 64 0
826 11 0
715 327 0
161 35 0
1231 670 0
664 389 0
1347 792 0
1378 1124 0
1311 411 0
1218 644 0
139 58 0
1333 1313 0
673 571 0
1396 782 0
1433 576 0
938 823 0
809 234 0
1183 745 0
1237 566 0
738 666 0
946 736 0
1357 1126 0
1398 233 0
931 853 0
1455 1437 0
973 357 0
1411 1034 0
1491 1417 0
789 88 0
920 624 0
674 439 0
858 368 0
1236 343 0
982 710 0
873 160 0
893 710 0
1185 897 0
576 160 0
673 433 0
937 729 0
1347 526 0
687 440 0
642 245 0
150 4 0
420 207 0
470 67 0
950 526 0
911 417 0
1273 128 0
433 332 0
1172 842 0
520 144 0
1425 31 0
1041 226 0
1066 791 0
1500 617 0
1424 989 0
940 654 0
1372 1133 0
637 300 0
1315 822 0
305 99 0
1068 654 0
1006 583 0
1028 679 0
1379 491 0
1345 666 0
466 203 0
1494 630 0
130 111 0
1046 866 0
1342 957 0
699 503 0
1227 780 0
1350 1234 0
815 629 0
1314 157 0
694 362 0
1222 699 0
1049 652 0
818 217 0
789 635 0
1170 1130 0
673 627 0
1306 325 0
512 226 0
1500 966 0
1220 892 0
1070 702 0
1412 1144 0
1376 823 0
794 316 0
1445 205 0
889 330 0
1281 842 0
949 52 0
668 641 0
1098 750 0
1056 1003 0
659 345 0
1106 309 0
1486 1445 0
1495 615 0
1308 526 0
1213 492 0
1347 500 0
361 244 0
976 354 0
1500 93 0
1274 721 0
1432 1274 0
848 425 0
29 26 0
1085 632 0
1082 1041 0
1306 705 0
1199 1126 0
1133 295 0
975 327 0
582 548 0
1017 65 0
774 630 0
984 686 0
936 454 0
1178 1065 0
605 10 0
1332 877 0
1354 1237 0
1253 863 0
804 366 0
154 110 0
741 202 0
782 462 0
119 90 0
119 89 0
1443 408 0
1352 732 0
380 223 0
889 106 0
1371 55 0
1329 1038 0
773 153 0
594 419 0
1330 109 0
1332 212 0
1234 1167 0
1109 246 0
984 189 0
750 389 0
1476 599 0
1143 358 0
1263 484 0
731 4 0
172 56 0
476 108 0
1386 755 0
628 455 0
1414 1053 0
1229 1087 0
1401 1335 0
634 397 0
1239 485 0
518 313 0
1006 923 0
1245 35 0
531 502 0
922 542 0
1064 779 0
653 309 0
1280 831 0
876 97 0
1481 202 0
1495 564 0
1058 292 0
1310 566 0
1328 781 0
631 368 0
837 559 0
698 311 0
980 244 0
797 288 0
1339 226 0
557 295 0
1081 97 0
1350 48 0
732 422 0
919 460 0
1488 1105 0
540 315 0
333 292 0
1391 649 0
832 825 0
1283 275 0
1484 781 0
1306 239 0
975 147 0
491 21 0
557 466 0
1443 249 0
816 629 0
1396 498 0
777 434 0
784 288 0
1392 1340 0
1312 781 0
293 41 0
1208 311 0
1456 173 0
887 43 0
1395 36 0
914 62 0
1192 130 0
1222 298 0
1070 110 0
586 171 0
1034 795 0
1296 302 0
1089 995 0
1020 550 0
1403 1333 0
1139 609 0
855 463 0
647 280 0
836 210 0
830 637 0
1457 430 0
1283 1268 0
964 442 0
434 373 0
1218 1123 0
1263 268 0
1462 155 0
1445 313 0
1486 495 0
1353 975 0
1251 494 0
222 72 0
1023 120 0
1200 349 0
914 131 0
864 346 0
171 52 0
98 48 0
1496 602 0
1083 533 0
594 160 0
1031 752 0
779 757 0
1240 1037 0
1450 819 0
577 339 0
769 497 0
768 339 0
866 833 0
1135 1007 0
1131 43 0
793 452 0
832 425 0
1485 1150 0
904 311 0
1475 705 0
1248 119 0
842 518 0
1421 466 0
1233 567 0
544 356 0
1157 1003 0
1253 102 0
1158 591 0
731 556 0
399 201 0
1444 1207 0
751 184 0
411 63 0
1442 970 0
1317 1103 0
722 22 0
948 772 0
314 72 0
1435 54 0
871 90 0
656 637 0
637 147 0
1160 1129 0
1087 160 0
1301 1097 0
617 214 0
1345 464 0
376 140 0
585 461 0
618 44 0
270 62 0
1378 257 0
1044 387 0
1500 577 0
1084 134 0
1177 383 0
1089 835 0
706 648 0
694 377 0
1312 74 0
811 350 0
569 275 0
198 77 0
909 105 0
399 312 0
1332 599 0
1160 384 0
1029 111 0
1368 944 0
1077 147 0
1347 892 0
242 73 0
1250 1170 0
958 375 0
1113 568 0
1007 21 0
1139 489 0
896 738 0
1074 673 0
1280 819 0
1088 620 0
1107 827 0
1137 633 0
170 19 0
1036 391 0
472 234 0
1189 400 0
121 72 0
849 553 0
1376 963 0
1317 696 0
1174 281 0
1489 543 0
1332 213 0
1484 608 0
364 76 0
1142 278 0
1142 177 0
1091 257 0
965 657 0
467 278 0
872 532 0
995 283 0
1335 1 0
1295 649 0
1492 1261 0
742 87 0
855 7 0
887 404 0
1305 467 0
353 149 0
1403 1180 0
827 789 0
1190 949 0
1413 1324 0
1325 1144 0
1280 820 0
1080 991 0
1331 387 0
340 100 0
904 510 0
1123 876 0
1222 218 0
889 403 0
889 860 0
1204 1139 0
960 644 0
1447 562 0
714 463 0
1453 311 0
884 334 0
853 353 0
792 345 0
1330 1052 0
514 300 0
244 206 0
1324 678 0
902 404 0
889 1 0
544 134 0
522 44 0
956 214 0
144 24 0
978 206 0
293 101 0
1421 145 0
685 4 0
1313 635 0
970 846 0
1496 962 0
1356 698 0
1326 430 0
1121 483 0
1043 331 0
551 497 0
1431 46 0
542 413 0
1107 379 0
1377 696 0
896 673 0
1045 366 0
658 606 0
1237 377 0
1311 175 0
1484 673 0
1339 739 0
1333 710 0
1308 939 0
602 420 0
568 204 0
1416 1254 0
796 584 0
1111 891 0
1424 75 0
1260 1246 0
1149 585 0
1342 654 0
1434 694 0
895 91 0
706 497 0
1432 938 0
629 93 0
109 105 0
1031 944 0
1217 913 0
562 271 0
931 347 0
1332 960 0
1241 582 0
720 591 0
578 336 0
623 128 0
975 926 0
1365 493 0
1451 260 0
954 401 0
1188 1060 0
1280 341 0
614 550 0
1332 511 0
1400 350 0
374 79 0
405 115 0
975 477 0
1472 73 0
1324 136 0
162 90 0
1313 65 0
1251 422 0
909 438 0
1490 889 0
1171 968 0
1105 302 0
1494 803 0
438 152 0
677 343 0
552 124 0
1028 865 0
1494 748 0
1358 314 0
1255 779 0
568 299 0
1493 1304 0
532 196 0
1478 749 0
1446 785 0
1092 318 0
1163 899 0
1219 255 0
1252 1138 0
940 387 0
1096 410 0
1307 294 0
1023 548 0
1466 1297 0
1276 1256 0
745 252 0
1475 1036 0
1053 404 0
1455 1322 0
871 573 0
1042 326 0
1117 41 0
1407 1 0
1036 856 0
1199 615 0
439 245 0
1174 203 0
501 328 0
426 102 0
989 89 0
1351 870 0
709 671 0
982 294 0
1452 357 0
667 8 0
901 245 0
1028 121 0
1340 1054 0
229 59 0
617 319 0
660 575 0
1119 889 0
1445 311 0
1217 927 0
1077 358 0
1214 258 0
1427 234 0
1045 642 0
581 419 0
1382 755 0
1360 893 0
1193 112 0
956 88 0
1259 479 0
502 418 0
327 10 0
1333 606 0
1276 1029 0
598 150 0
1399 733 0
602 352 0
1477 898 0
466 95 0
1151 940 0
1430 1233 0
813 135 0
1461 1305 0
927 23 0
461 457 0
1479 791 0
1113 297 0
805 585 0
1094 590 0
1040 689 0
1459 839 0
335 234 0
558 213 0
1386 596 0
1097 856 0
805 551 0
1260 558 0
900 703 0
1439 61 0
507 129 0
389 182 0
279 221 0
602 571 0
1388 1089 0
1306 1032 0
848 603 0
1281 768 0
1438 755 0
811 494 0
1363 429 0
1072 942 0
678 647 0
523 512 0
1021 396 0
1148 517 0
697 634 0
993 649 0
559 164 0
1065 337 0
1477 967 0
1180 1041 0
1010 106 0
226 1 0
1305 938 0
835 117 0
1120 576 0
329 33 0
200 57 0
1437 89 0
1475 1283 0
544 488 0
1488 829 0
105 83 0
812 27 0
1378 390 0
1310 1222 0
1173 1146 0
1138 1124 0
1242 227 0
1426 853 0
954 399 0
669 622 0
501 26 0
1088 259 0
1220 1093 0
1252 604 0
1292 270 0
482 56 0
1371 239 0
748 35 0
413 174 0
1014 732 0
1256 394 0
470 295 0
699 401 0
172 66 0
1214 1018 0
772 480 0
263 164 0
1138 546 0
728 138 0
604 479 0
1125 751 0
735 463 0
1011 883 0
960 126 0
116 64 0
395 210 0
1489 57 0
1247 608 0
1480 67 0
939 829 0
1415 614 0
443 235 0
1437 420 0
1117 770 0
1328 332 0
1220 1206 0
1216 908 0
1183 51 0
1431 474 0
1284 832 0
428 254 0
1175 807 0
1367 947 0
819 689 0
1188 68 0
1049 588 0
1125 1009 0
1216 795 0
389 364 0
1340 333 0
1358 202 0
1190 1025 0
303 44 0
789 505 0
306 300 0
324 104 0
882 555 0
258 29 0
1288 775 0
851 297 0
974 303 0
1191 364 0
959 409 0
877 573 0
650 377 0
663 56 0
122 19 0
1379 251 0
1355 841 0
1436 565 0
1143 649 0
1421 514 0
1095 844 0
966 164 0
668 655 0
605 469 0
1425 1305 0
1309 75 0
1358 781 0
1477 1364 0
1124 901 0
1202 396 0
1165 254 0
1164 674 0
1437 1213 0
1204 766 0
1208 654 0
775 517 0
1231 854 0
936 60 0
1151 99 0
470 54 0
222 124 0
1497 1287 0
995 65 0
687 113 0
662 208 0
1002 365 0
359 92 0
175 25 0
907 280 0
1198 325 0
1431 1324 0
1422 10 0
351 278 0
503 30 0
379 190 0
1468 492 0
1401 1278 0
1410 301 0
1447 925 0
992 876 0
1090 764 0
1099 463 0
310 153 0
1006 143 0
644 32 0
1247 553 0
1269 1016 0
1389 482 0
432 177 0
832 145 0
1466 463 0
485 386 0
831 471 0
946 355 0
840 765 0
1062 491 0
1377 1222 0
913 882 0
1076 620 0
690 438 0
158 134 0
982 209 0
504 96 0
385 190 0
1103 7 0
630 280 0
244 95 0
968 145 0
375 224 0
1467 1269 0
1386 172 0
1153 163 0
1057 771 0
1420 252 0
310 180 0
1237 996 0
1152 671 0
1306 1166 0
1103 611 0
1230 721 0
393 385 0
1059 929 0
1322 702 0
919 609 0
1420 372 0
459 230 0
1404 794 0
1292 975 0
1022 435 0
941 860 0
1465 178 0
1034 492 0
1360 304 0
395 19 0
1103 593 0
906 666 0
743 297 0
1129 1118 0
1325 1080 0
832 305 0
1089 517 0
1197 909 0
1421 771 0
245 14 0
1098 688 0
1454 1148 0
1261 680 0
538 437 0
1256 1174 0
751 256 0
1342 1145 0
1316 1115 0
1298 725 0
1143 700 0
578 439 0
1207 1028 0
1232 1 0
250 45 0
940 933 0
564 39 0
974 208 0
887 380 0
1177 838 0
744 533 0
970 868 0
599 513 0
1172 852 0
1222 243 0
1278 984 0
942 550 0
1478 164 0
759 694 0
278 140 0
1400 583 0
798 41 0
1133 48 0
1353 1270 0
1492 254 0
1254 133 0
1080 1065 0
739 279 0
1063 779 0
811 112 0
1493 1082 0
440 275 0
995 816 0
1202 465 0
1500 306 0
1026 445 0
292 249 0
1423 1312 0
1414 732 0
934 80 0
1081 784 0
557 285 0
1346 854 0
1236 445 0
1297 1259 0
1030 894 0
958 752 0
573 12 0
1001 557 0
1222 963 0
636 380 0
848 322 0
1459 831 0
1299 65 0
555 51 0
1453 674 0
1007 875 0
1214 762 0
644 15 0
1464 1079 0
1459 1412 0
633 465 0
308 71 0
937 413 0
1358 823 0
1343 631 0
1389 627 0
1389 712 0
1260 269 0
1298 1156 0
747 375 0
716 461 0
1412 1393 0
356 192 0
1428 649 0
1198 860 0
1090 402 0
845 651 0
1328 140 0
1479 1335 0
1486 273 0
1472 401 0
815 678 0
1447 484 0
1269 227 0
986 152 0
1401 92 0
617 593 0
450 143 0
364 220 0
531 459 0
299 128 0
730 411 0
614 99 0
983 674 0
366 305 0
1476 1000 0
808 457 0
1436 1111 0
1234 850 0
309 113 0
615 202 0
1427 27 0
1446 220 0
710 429 0
1353 999 0
1133 156 0
1300 1144 0
550 398 0
896 294 0
1279 1150 0
517 214 0
852 387 0
241 175 0
343 94 0
303 249 0
1015 10 0
1442 261 0
688 52 0
1109 1027 0
1487 335 0
869 27 0
1149 304 0
708 43 0
1063 570 0
207 50 0
796 726 0
1033 168 0
834 289 0
674 351 0
589 117 0
889 369 0
912 333 0
372 242 0
798 655 0
1155 957 0
1403 1015 0
1385 1062 0
885 284 0
169 72 0
692 245 0
420 307 0
544 25 0
1097 622 0
484 328 0
642 456 0
1138 563 0
1124 312 0
498 255 0
1329 901 0
501 39 0
464 407 0
527 457 0
1253 300 0
846 336 0
1186 944 0
1270 32 0
1161 1033 0
480 334 0
252 203 0
1342 1223 0
759 582 0
924 258 0
625 363 0
845 594 0
1221 1 0
1313 912 0
664 200 0
1080 298 0
514 373 0
685 165 0
1282 650 0
664 107 0
874 271 0
777 672 0
821 482 0
1084 547 0
1378 312 0
1391 1175 0
1193 101 0
1193 99 0
1478 1271 0
1279 1260 0
1304 184 0
1230 331 0
331 117 0
930 40 0
939 248 0
1207 1014 0
1046 395 0
972 328 0
1008 1005 0
1292 650 0
1340 1200 0
1186 728 0
375 154 0
1022 82 0
943 165 0
762 373 0
1486 774 0
1073 1000 0
1024 514 0
1269 71 0
1262 161 0
1346 305 0
1487 1332 0
150 54 0
862 588 0
1367 303 0
1399 1075 0
1471 1001 0
1023 1022 0
1379 345 0
1249 89 0
710 447 0
1082 529 0
1291 1201 0
1169 971 0
1432 775 0
940 74 0
467 285 0
868 33 0
1378 578 0
1374 42 0
554 64 0
1031 505 0
1499 845 0
1162 83 0
1397 76 0
604 133 0
1147 262 0
927 828 0
1188 994 0
826 31 0
457 206 0
990 703 0
807 449 0
481 60 0
1313 54 0
526 173 0
1479 1054 0
1282 1198 0
1150 931 0
1359 521 0
980 769 0
1351 1277 0
880 578 0
621 491 0
975 752 0
763 721 0
1126 576 0
1081 556 0
1155 810 0
961 717 0
901 857 0
1281 188 0
1409 923 0
772 674 0
864 523 0
1301 1178 0
980 375 0
1435 1325 0
558 75 0
359 355 0
707 149 0
721 2 0
1053 687 0
1072 861 0
866 146 0
768 110 0
1194 517 0
834 142 0
1494 1083 0
711 590 0
547 111 0
975 810 0
299 162 0
1036 224 0
1156 593 0
1020 323 0
1286 983 0
601 437 0
1486 313 0
864 378 0
1133 1008 0
882 260 0
379 123 0
1014 314 0
1172 345 0
943 628 0
692 335 0
300 249 0
841 538 0
888 675 0
468 251 0
1098 754 0
1143 933 0
1152 723 0
336 114 0
1434 213 0
1384 717 0
1240 639 0
713 131 0
1381 31 0
1429 946 0
898 253 0
784 408 0
1460 617 0
1370 997 0
1396 1211 0
964 353 0
1136 143 0
262 73 0
946 19 0
1426 1383 0
1163 587 0
1292 1241 0
1476 274 0
371 84 0
895 476 0
908 665 0
785 139 0
944 281 0
1237 1217 0
1185 330 0
1053 646 0
703 651 0
684 536 0
440 215 0
779 502 0
530 363 0
1452 728 0
1464 831 0
888 288 0
1331 803 0
1394 919 0
1262 886 0
379 252 0
1354 401 0
1108 893 0
1447 280 0
721 122 0
525 87 0
1470 754 0
1188 1107 0
260 31 0
1128 2 0
917 212 0
49 18 0
1187 133 0
1281 346 0
909 892 0
1422 952 0
537 344 0
340 179 0
1088 664 0
1182 379 0
781 353 0
1285 632 0
1261 333 0
1103 228 0
1390 333 0
1206 1163 0
1057 496 0
691 227 0
993 6 0
905 212 0
1439 10 0
1062 712 0
639 587 0
1027 829 0
989 850 0
963 470 0
1153 783 0
947 829 0
311 197 0
1182 401 0
1472 1081 0
968 291 0
1183 363 0
1155 227 0
578 489 0
1492 173 0
1055 835 0
789 289 0
314 37 0
234 38 0
1420 1404 0
841 615 0
1306 492 0
1168 1031 0
1387 32 0
1181 462 0
760 710 0
893 413 0
1368 303 0
1250 511 0
1271 329 0
1303 636 0
669 567 0
1422 983 0
715 135 0
1194 725 0
841 655 0
1356 1049 0
284 86 0
897 163 0
997 480 0
74 38 0
1319 547 0
388 43 0
1157 565 0
1440 452 0
365 59 0
458 157 0
673 435 0
481 36 0
514 82 0
478 280 0
968 906 0
1403 608 0
1262 725 0
786 546 0
1059 66 0
1473 833 0
1189 960 0
865 807 0
1221 231 0
887 557 0
452 185 0
1392 381 0
753 588 0
845 551 0
1059 179 0
1129 363 0
558 305 0
1096 344 0
1441 999 0
1142 750 0
1098 817 0
1255 350 0
1206 431 0
550 161 0
1186 5 0
1260 46 0
715 372 0
1363 537 0
1348 393 0
880 413 0
1444 764 0
716 122 0
707 615 0
1198 985 0
1063 212 0
1273 309 0
1168 385 0
549 236 0
355 283 0
782 452 0
1043 330 0
574 546 0
554 21 0
1286 662 0
1021 1000 0
1194 927 0
828 543 0
1164 122 0
620 480 0
722 93 0
645 376 0
1261 518 0
1447 857 0
1367 915 0
1375 985 0
1121 961 0
1102 111 0
400 252 0
934 690 0
888 135 0
966 793 0
846 521 0
1140 344 0
1197 772 0
1467 25 0
431 298 0
900 885 0
1128 628 0
698 70 0
968 228 0
1372 981 0
1254 915 0
1125 577 0
1479 1238 0
992 881 0
257 256 0
1172 176 0
1292 804 0
1192 51 0
1325 1100 0
1480 133 0
1355 100 0
1051 402 0
1429 333 0
1209 790 0
868 473 0
1028 476 0
658 509 0
955 948 0
1389 187 0
1105 196 0
1359 22 0
634 418 0
526 469 0
1018 692 0
557 547 0
680 353 0
1359 437 0
1258 520 0
974 246 0
735 671 0
1106 609 0
528 361 0
1344 176 0
1082 110 0
1124 362 0
1368 553 0
548 276 0
831 358 0
1024 694 0
1434 466 0
799 57 0
801 488 0
958 724 0
661 342 0
1450 788 0
1293 53 0
1222 312 0
542 368 0
584 487 0
1086 376 0
1230 860 0
1479 11 0
1257 722 0
1338 321 0
990 853 0
1375 409 0
96 71 0
765 364 0
1109 865 0
978 872 0
1061 211 0
460 181 0
1111 1098 0
830 178 0
1175 556 0
506 270 0
563 539 0
1296 818 0
972 952 0
1169 77 0
1222 933 0
1258 526 0
1416 1242 0
412 241 0
1421 209 0
1366 1152 0
1356 1162 0
1127 48 0
1470 249 0
1477 58 0
454 69 0
1196 1129 0
1458 14 0
1336 815 0
989 988 0
929 601 0
1197 919 0
994 572 0
1203 734 0
649 646 0
1394 1191 0
575 173 0
795 719 0
968 857 0
1009 444 0
1418 1353 0
1092 831 0
1155 857 0
1204 883 0
1462 756 0
677 190 0
838 354 0
1216 308 0
471 384 0
933 865 0
1120 609 0
1445 799 0
685 239 0
530 500 0
1416 1333 0
638 486 0
698 26 0
1094 127 0
538 457 0
171 87 0
1474 1309 0
1073 1013 0
1209 928 0
959 773 0
598 323 0
1372 1052 0
789 460 0
829 439 0
523 396 0
1249 302 0
1305 1207 0
209 65 0
714 662 0
893 139 0
1222 637 0
637 479 0
1120 326 0
1481 1184 0
1372 1032 0
1215 125 0
908 135 0
946 904 0
1150 177 0
1137 138 0
1085 93 0
1042 755 0
1303 880 0
1289 805 0
199 127 0
1410 230 0
1300 1032 0
1488 193 0
947 909 0
955 105 0
944 721 0
1120 583 0
743 633 0
1230 787 0
1393 743 0
909 109 0
911 864 0
1184 1168 0
932 557 0
1158 188 0
1483 390 0
346 235 0
1321 764 0
1100 974 0
269 108 0
1178 76 0
666 633 0
946 833 0
200 67 0
1328 1265 0
1479 140 0
1103 170 0
781 33 0
1282 314 0
797 731 0
805 655 0
1178 930 0
290 279 0
787 671 0
209 59 0
998 49 0
1229 648 0
1139 714 0
1244 179 0
884 678 0
998 726 0
361 33 0
1269 1243 0
397 25 0
999 604 0
843 74 0
338 117 0
1057 635 0
462 122 0
1151 371 0
1091 48 0
1265 42 0
1329 1292 0
1443 1438 0
1280 736 0
1136 668 0
1424 979 0
783 189 0
1378 627 0
1196 193 0
1117 494 0
553 123 0
759 420 0
1154 421 0
962 54 0
787 398 0
290 204 0
439 361 0
1384 855 0
1277 409 0
987 515 0
819 332 0
1327 26 0
586 554 0
910 17 0
718 667 0
1026 677 0
970 433 0
1278 267 0
1125 501 0
151 20 0
762 104 0
789 533 0
1338 472 0
650 134 0
138 26 0
916 380 0
457 142 0
795 67 0
704 544 0
1280 162 0
1370 1105 0
895 290 0
1487 1382 0
984 135 0
1313 754 0
768 632 0
1025 816 0
1384 1154 0
514 332 0
663 418 0
806 95 0
967 11 0
1483 250 0
996 529 0
1327 307 0
688 153 0
1430 194 0
678 167 0
1451 224 0
1033 872 0
694 403 0
666 18 0
1300 406 0
171 157 0
930 125 0
1307 626 0
932 131 0
1035 974 0
312 243 0
1167 1121 0
684 352 0
1405 1009 0
1471 26 0
662 627 0
837 461 0
1283 168 0
1014 537 0
1323 884 0
1149 511 0
1137 83 0
1480 268 0
1403 448 0
1492 38 0
1465 785 0
848 104 0
1320 1181 0
615 108 0
722 127 0
1484 461 0
1498 784 0
1260 620 0
665 234 0
826 700 0
1018 132 0
686 601 0
1243 1102 0
709 91 0
1157 305 0
614 27 0
774 428 0
678 182 0
918 839 0
576 502 0
617 128 0
1132 559 0
1016 380 0
1423 453 0
260 80 0
736 124 0
1050 805 0
1166 193 0
699 676 0
911 251 0
1158 1119 0
628 193 0
1244 326 0
919 169 0
878 582 0
1438 116 0
897 294 0
1005 1004 0
1189 155 0
1116 532 0
1301 740 0
455 2 0
1310 345 0
999 163 0
841 782 0
901 597 0
1172 213 0
1143 446 0
1127 766 0
1488 1203 0
1280 161 0
1284 1246 0
1120 929 0
654 407 0
1197 670 0
1150 409 0
984 467 0
543 3 0
663 201 0
1207 418 0
1060 219 0
1334 1027 0
1360 676 0
654 624 0
619 102 0
616 208 0
503 477 0
1089 651 0
1179 242 0
1291 3 0
436 21 0
917 357 0
1368 554 0
1380 664 0
1355 1085 0
581 360 0
689 500 0
984 517 0
1282 335 0
1321 378 0
971 105 0
1019 825 0
1074 308 0
1482 544 0
1211 301 0
587 180 0
1130 543 0
439 40 0
799 171 0
1310 171 0
1284 339 0
1327 86 0
1120 427 0
1121 419 0
1479 532 0
1279 666 0
1279 37 0
446 369 0
762 359 0
885 127 0
1365 955 0
877 686 0
1274 191 0
1222 828 0
658 133 0
1104 16 0
1353 600 0
952 704 0
1478 885 0
1110 557 0
640 411 0
941 563 0
170 121 0
1250 276 0
917 200 0
1223 7 0
1380 1058 0
1455 198 0
1299 12 0
549 414 0
1261 515 0
1045 959 0
1435 1353 0
776 618 0
328 61 0
1416 1339 0
1496 397 0
1320 153 0
1485 506 0
759 728 0
532 5 0
1352 408 0
1160 479 0
1380 351 0
1039 678 0
1333 683 0
938 673 0
818 345 0
665 384 0
908 149 0
1378 1200 0
923 143 0
1307 724 0
1389 311 0
414 216 0
554 478 0
1087 714 0
1441 385 0
427 24 0
792 125 0
1499 1420 0
1331 402 0
1311 542 0
1482 520 0
363 331 0
1351 718 0
1400 1238 0
358 226 0
1151 938 0
1387 1156 0
839 674 0
1268 291 0
1229 885 0
1431 1152 0
1127 378 0
591 341 0
1259 320 0
1466 518 0
1009 214 0
1423 1106 0
855 648 0
822 678 0
797 734 0
445 385 0
603 244 0
898 561 0
711 124 0
1243 321 0
801 241 0
828 795 0
1473 847 0
881 753 0
465 100 0
1284 8 0
855 700 0
590 14 0
1110 279 0
672 271 0
689 616 0
562 176 0
367 193 0
1086 234 0
1386 1078 0
1283 92 0
993 620 0
975 374 0
1412 519 0
574 243 0
926 757 0
877 768 0
337 247 0
1260 1058 0
1202 682 0
865 830 0
1336 1224 0
1344 1234 0
1247 415 0
222 178 0
1054 484 0
1481 1389 0
858 15 0
1020 179 0
855 134 0
975 449 0
668 152 0
1209 257 0
1139 518 0
1295 329 0
1383 29 0
1331 586 0
1411 773 0
1430 986 0
842 465 0
1293 653 0
1204 512 0
1302 178 0
617 473 0
1096 831 0
1422 995 0
1113 253 0
1404 275 0
1461 1364 0
765 488 0
1084 180 0
802 719 0
361 11 0
861 117 0
1482 1177 0
423 287 0
1360 1057 0
1467 140 0
956 375 0
806 105 0
800 600 0
1365 616 0
1046 459 0
1449 1018 0
959 281 0
727 709 0
1331 186 0
670 658 0
528 440 0
1255 674 0
1076 498 0
1396 1307 0
885 564 0
782 51 0
300 24 0
1409 81 0
626 593 0
1152 696 0
1309 663 0
536 222 0
1383 156 0
804 577 0
964 944 0
1429 177 0
1177 1147 0
942 43 0
1490 344 0
998 404 0
892 851 0
945 41 0
1282 759 0
1198 921 0
717 422 0
705 170 0
1138 609 0
1197 441 0
1012 912 0
908 585 0
1371 1347 0
1142 130 0
398 216 0
893 575 0
1006 673 0
970 655 0
1186 1059 0
1050 66 0
827 614 0
1341 1000 0
433 240 0
396 35 0
1444 776 0
1449 112 0
896 342 0
880 534 0
1378 481 0
1479 905 0
1288 1160 0
1370 702 0
971 449 0
464 202 0
727 170 0
588 121 0
1285 148 0
1021 8 0
917 628 0
839 633 0
482 408 0
1366 205 0
1236 790 0
1454 50 0
963 488 0
1298 1133 0
818 665 0
1392 1132 0
621 470 0
1441 460 0
894 462 0
1034 632 0
1278 1047 0
993 525 0
1107 440 0
1216 549 0
918 912 0
1424 124 0
107 8 0
708 317 0
1405 493 0
1293 265 0
370 191 0
822 342 0
1373 864 0
815 528 0
1010 495 0
1138 523 0
1306 231 0
1364 497 0
1414 62 0
1392 159 0
1218 1040 0
1134 283 0
1345 456 0
413 170 0
855 28 0
487 246 0
1452 716 0
1056 612 0
268 245 0
817 56 0
1478 200 0
1306 638 0
1285 925 0
1081 223 0
971 719 0
504 418 0
977 97 0
977 453 0
869 235 0
829 68 0
620 390 0
944 447 0
1167 181 0
169 137 0
1247 365 0
374 176 0
1150 956 0
1009 703 0
1414 645 0
1040 25 0
845 544 0
1115 422 0
353 196 0
531 236 0
1189 113 0
924 721 0
720 384 0
1132 21 0
1403 678 0
768 486 0
1395 643 0
1382 1274 0
233 106 0
1165 489 0
916 73 0
999 65 0
1269 716 0
1338 981 0
1397 77 0
352 260 0
486 372 0
306 279 0
1007 750 0
1264 125 0
350 71 0
573 145 0
1318 38 0
1202 653 0
1160 594 0
1223 6 0
533 470 0
1435 466 0
705 139 0
639 482 0
316 84 0
1381 1212 0
1123 998 0
786 312 0
974 71 0
995 321 0
1098 1085 0
808 505 0
812 762 0
1123 260 0
1417 1207 0
1224 169 0
127 22 0
1174 855 0
1023 984 0
1402 960 0
1226 213 0
1133 308 0
1435 837 0
525 372 0
799 734 0
1477 528 0
777 122 0
366 126 0
1177 649 0
1396 103 0
1276 390 0
1292 539 0
1329 426 0
1457 887 0
1441 811 0
1366 151 0
1338 952 0
1048 399 0
492 55 0
706 112 0
1444 1399 0
1203 760 0
1072 978 0
711 567 0
684 21 0
958 771 0
1415 640 0
695 350 0
236 185 0
