1500 7000 
1 30 
2 137 
3 51 
4 100 
5 73 
6 113 
7 143 
8 30 
9 13 
10 127 
11 120 
12 43 
13 31 
14 141 
15 76 
16 23 
17 87 
18 37 
19 22 
20 136 
21 142 
22 39 
23 134 
24 83 
25 32 
26 125 
27 22 
28 100 
29 114 
30 147 
31 29 
32 135 
33 134 
34 71 
35 86 
36 57 
37 34 
38 79 
39 78 
40 37 
41 57 
42 49 
43 70 
44 79 
45 40 
46 136 
47 92 
48 118 
49 24 
50 105 
51 104 
52 16 
53 135 
54 88 
55 89 
56 17 
57 64 
58 101 
59 108 
60 29 
61 98 
62 128 
63 15 
64 83 
65 49 
66 91 
67 131 
68 73 
69 21 
70 60 
71 101 
72 69 
73 99 
74 21 
75 138 
76 129 
77 148 
78 81 
79 97 
80 22 
81 36 
82 52 
83 29 
84 21 
85 131 
86 108 
87 29 
88 45 
89 60 
90 128 
91 65 
92 149 
93 106 
94 70 
95 83 
96 145 
97 12 
98 65 
99 69 
100 24 
101 115 
102 20 
103 83 
104 64 
105 31 
106 71 
107 44 
108 30 
109 142 
110 132 
111 42 
112 29 
113 34 
114 61 
115 41 
116 15 
117 20 
118 60 
119 51 
120 71 
121 39 
122 106 
123 70 
124 135 
125 27 
126 144 
127 131 
128 29 
129 59 
130 50 
131 43 
132 24 
133 60 
134 116 
135 78 
136 82 
137 38 
138 113 
139 102 
140 30 
141 95 
142 135 
143 49 
144 119 
145 46 
146 81 
147 125 
148 57 
149 132 
150 26 
151 118 
152 21 
153 122 
154 38 
155 146 
156 139 
157 33 
158 127 
159 19 
160 82 
161 28 
162 53 
163 96 
164 79 
165 19 
166 25 
167 11 
168 48 
169 129 
170 104 
171 68 
172 74 
173 89 
174 108 
175 44 
176 125 
177 39 
178 19 
179 33 
180 21 
181 35 
182 141 
183 32 
184 147 
185 30 
186 29 
187 137 
188 53 
189 147 
190 146 
191 125 
192 26 
193 49 
194 72 
195 95 
196 59 
197 88 
198 96 
199 97 
200 67 
201 50 
202 16 
203 131 
204 130 
205 115 
206 25 
207 106 
208 144 
209 35 
210 129 
211 16 
212 60 
213 120 
214 39 
215 58 
216 140 
217 59 
218 45 
219 43 
220 57 
221 42 
222 18 
223 73 
224 82 
225 81 
226 18 
227 132 
228 19 
229 105 
230 80 
231 76 
232 145 
233 87 
234 58 
235 126 
236 52 
237 74 
238 82 
239 47 
240 99 
241 61 
242 54 
243 10 
244 31 
245 83 
246 58 
247 22 
248 133 
249 94 
250 55 
251 40 
252 127 
253 64 
254 103 
255 60 
256 135 
257 112 
258 42 
259 144 
260 67 
261 112 
262 71 
263 63 
264 50 
265 120 
266 39 
267 92 
268 44 
269 111 
270 129 
271 134 
272 22 
273 33 
274 134 
275 44 
276 107 
277 42 
278 56 
279 90 
280 127 
281 102 
282 121 
283 104 
284 16 
285 74 
286 14 
287 142 
288 36 
289 47 
290 137 
291 94 
292 10 
293 58 
294 147 
295 50 
296 29 
297 36 
298 132 
299 63 
300 138 
301 112 
302 47 
303 10 
304 135 
305 32 
306 45 
307 93 
308 64 
309 92 
310 33 
311 41 
312 45 
313 144 
314 136 
315 51 
316 69 
317 140 
318 44 
319 96 
320 37 
321 31 
322 40 
323 38 
324 80 
325 37 
326 78 
327 99 
328 64 
329 60 
330 13 
331 52 
332 22 
333 51 
334 53 
335 148 
336 73 
337 89 
338 91 
339 128 
340 31 
341 115 
342 20 
343 66 
344 110 
345 146 
346 108 
347 29 
348 137 
349 142 
350 116 
351 25 
352 24 
353 147 
354 53 
355 94 
356 35 
357 121 
358 44 
359 89 
360 32 
361 47 
362 131 
363 44 
364 89 
365 35 
366 42 
367 12 
368 114 
369 124 
370 131 
371 135 
372 89 
373 141 
374 52 
375 49 
376 137 
377 11 
378 69 
379 125 
380 144 
381 36 
382 141 
383 18 
384 33 
385 44 
386 103 
387 58 
388 16 
389 138 
390 138 
391 38 
392 36 
393 119 
394 73 
395 115 
396 145 
397 106 
398 118 
399 109 
400 81 
401 99 
402 95 
403 20 
404 90 
405 138 
406 60 
407 78 
408 139 
409 120 
410 54 
411 133 
412 146 
413 45 
414 142 
415 29 
416 80 
417 95 
418 78 
419 87 
420 83 
421 66 
422 115 
423 110 
424 36 
425 39 
426 75 
427 31 
428 136 
429 43 
430 130 
431 67 
432 132 
433 75 
434 77 
435 73 
436 63 
437 128 
438 141 
439 53 
440 98 
441 45 
442 37 
443 94 
444 81 
445 29 
446 114 
447 11 
448 115 
449 43 
450 88 
451 49 
452 100 
453 54 
454 149 
455 126 
456 84 
457 74 
458 147 
459 70 
460 108 
461 128 
462 127 
463 91 
464 54 
465 55 
466 14 
467 108 
468 33 
469 145 
470 11 
471 121 
472 41 
473 39 
474 66 
475 113 
476 58 
477 31 
478 114 
479 23 
480 65 
481 53 
482 63 
483 15 
484 97 
485 62 
486 131 
487 31 
488 127 
489 129 
490 91 
491 85 
492 108 
493 69 
494 26 
495 12 
496 114 
497 30 
498 111 
499 137 
500 26 
501 113 
502 109 
503 58 
504 142 
505 26 
506 21 
507 50 
508 48 
509 126 
510 64 
511 103 
512 29 
513 117 
514 109 
515 117 
516 30 
517 91 
518 138 
519 147 
520 70 
521 80 
522 83 
523 28 
524 140 
525 99 
526 31 
527 104 
528 120 
529 132 
530 92 
531 137 
532 95 
533 52 
534 46 
535 87 
536 69 
537 57 
538 128 
539 107 
540 34 
541 42 
542 61 
543 53 
544 10 
545 20 
546 20 
547 31 
548 102 
549 149 
550 28 
551 22 
552 80 
553 102 
554 41 
555 70 
556 51 
557 63 
558 25 
559 22 
560 45 
561 107 
562 10 
563 131 
564 10 
565 46 
566 68 
567 69 
568 94 
569 47 
570 27 
571 118 
572 79 
573 78 
574 22 
575 80 
576 89 
577 33 
578 101 
579 41 
580 33 
581 120 
582 54 
583 103 
584 72 
585 86 
586 24 
587 114 
588 139 
589 39 
590 127 
591 34 
592 137 
593 127 
594 15 
595 137 
596 24 
597 74 
598 57 
599 108 
600 111 
601 74 
602 77 
603 41 
604 142 
605 89 
606 112 
607 82 
608 112 
609 64 
610 114 
611 135 
612 34 
613 18 
614 89 
615 97 
616 94 
617 104 
618 61 
619 83 
620 133 
621 39 
622 108 
623 121 
624 16 
625 114 
626 109 
627 30 
628 38 
629 16 
630 129 
631 140 
632 80 
633 56 
634 32 
635 73 
636 136 
637 134 
638 145 
639 99 
640 49 
641 109 
642 85 
643 73 
644 118 
645 25 
646 20 
647 62 
648 119 
649 72 
650 136 
651 103 
652 101 
653 94 
654 74 
655 108 
656 59 
657 34 
658 129 
659 87 
660 40 
661 108 
662 78 
663 110 
664 15 
665 101 
666 34 
667 142 
668 86 
669 29 
670 91 
671 125 
672 129 
673 26 
674 48 
675 97 
676 41 
677 59 
678 10 
679 11 
680 122 
681 136 
682 104 
683 74 
684 81 
685 29 
686 32 
687 130 
688 53 
689 11 
690 68 
691 83 
692 110 
693 137 
694 44 
695 116 
696 88 
697 68 
698 108 
699 24 
700 88 
701 49 
702 139 
703 67 
704 66 
705 38 
706 14 
707 98 
708 88 
709 15 
710 100 
711 61 
712 141 
713 54 
714 125 
715 73 
716 73 
717 148 
718 54 
719 117 
720 149 
721 113 
722 50 
723 110 
724 100 
725 85 
726 77 
727 39 
728 144 
729 35 
730 53 
731 82 
732 75 
733 43 
734 139 
735 132 
736 72 
737 144 
738 80 
739 10 
740 149 
741 30 
742 61 
743 141 
744 75 
745 37 
746 65 
747 139 
748 35 
749 109 
750 106 
751 35 
752 72 
753 146 
754 135 
755 23 
756 82 
757 62 
758 52 
759 76 
760 88 
761 96 
762 148 
763 13 
764 129 
765 138 
766 135 
767 51 
768 132 
769 66 
770 52 
771 132 
772 87 
773 103 
774 123 
775 12 
776 130 
777 38 
778 142 
779 15 
780 138 
781 98 
782 41 
783 60 
784 95 
785 26 
786 74 
787 27 
788 79 
789 116 
790 93 
791 17 
792 62 
793 92 
794 21 
795 41 
796 80 
797 147 
798 83 
799 63 
800 64 
801 125 
802 45 
803 141 
804 79 
805 18 
806 144 
807 60 
808 47 
809 136 
810 66 
811 35 
812 84 
813 97 
814 86 
815 29 
816 114 
817 10 
818 47 
819 44 
820 117 
821 131 
822 52 
823 29 
824 74 
825 63 
826 61 
827 144 
828 61 
829 135 
830 58 
831 115 
832 111 
833 93 
834 107 
835 40 
836 102 
837 101 
838 91 
839 140 
840 88 
841 148 
842 26 
843 23 
844 95 
845 102 
846 43 
847 60 
848 103 
849 80 
850 94 
851 71 
852 61 
853 136 
854 91 
855 125 
856 50 
857 142 
858 120 
859 101 
860 128 
861 28 
862 67 
863 89 
864 112 
865 24 
866 120 
867 64 
868 115 
869 61 
870 54 
871 54 
872 59 
873 70 
874 67 
875 145 
876 23 
877 100 
878 56 
879 117 
880 30 
881 140 
882 38 
883 82 
884 127 
885 119 
886 58 
887 27 
888 112 
889 29 
890 119 
891 90 
892 48 
893 36 
894 29 
895 10 
896 50 
897 140 
898 65 
899 16 
900 51 
901 109 
902 60 
903 101 
904 30 
905 117 
906 97 
907 44 
908 67 
909 143 
910 12 
911 88 
912 134 
913 40 
914 21 
915 111 
916 10 
917 69 
918 129 
919 113 
920 89 
921 98 
922 53 
923 127 
924 125 
925 73 
926 127 
927 25 
928 63 
929 42 
930 32 
931 105 
932 142 
933 82 
934 56 
935 23 
936 50 
937 144 
938 58 
939 108 
940 137 
941 60 
942 46 
943 121 
944 91 
945 57 
946 83 
947 91 
948 117 
949 62 
950 54 
951 56 
952 10 
953 98 
954 34 
955 125 
956 22 
957 12 
958 141 
959 75 
960 44 
961 23 
962 31 
963 37 
964 96 
965 77 
966 51 
967 136 
968 71 
969 99 
970 94 
971 59 
972 10 
973 131 
974 31 
975 91 
976 39 
977 104 
978 33 
979 147 
980 16 
981 77 
982 54 
983 17 
984 26 
985 78 
986 133 
987 38 
988 80 
989 125 
990 104 
991 115 
992 138 
993 125 
994 143 
995 84 
996 53 
997 44 
998 71 
999 115 
1000 134 
1001 16 
1002 24 
1003 134 
1004 137 
1005 45 
1006 76 
1007 27 
1008 140 
1009 99 
1010 24 
1011 146 
1012 27 
1013 68 
1014 14 
1015 43 
1016 136 
1017 137 
1018 72 
1019 66 
1020 112 
1021 26 
1022 32 
1023 101 
1024 141 
1025 25 
1026 36 
1027 45 
1028 59 
1029 98 
1030 10 
1031 44 
1032 104 
1033 24 
1034 29 
1035 92 
1036 60 
1037 95 
1038 109 
1039 50 
1040 45 
1041 123 
1042 47 
1043 63 
1044 42 
1045 51 
1046 96 
1047 28 
1048 39 
1049 19 
1050 85 
1051 142 
1052 35 
1053 107 
1054 94 
1055 27 
1056 123 
1057 120 
1058 62 
1059 33 
1060 69 
1061 63 
1062 67 
1063 23 
1064 78 
1065 87 
1066 105 
1067 128 
1068 33 
1069 65 
1070 29 
1071 68 
1072 38 
1073 67 
1074 121 
1075 71 
1076 109 
1077 68 
1078 89 
1079 138 
1080 77 
1081 25 
1082 131 
1083 103 
1084 123 
1085 75 
1086 121 
1087 96 
1088 46 
1089 33 
1090 120 
1091 105 
1092 87 
1093 37 
1094 119 
1095 15 
1096 114 
1097 75 
1098 133 
1099 137 
1100 130 
1101 13 
1102 56 
1103 19 
1104 70 
1105 27 
1106 80 
1107 30 
1108 86 
1109 20 
1110 19 
1111 14 
1112 36 
1113 140 
1114 107 
1115 149 
1116 66 
1117 78 
1118 96 
1119 102 
1120 102 
1121 66 
1122 58 
1123 39 
1124 94 
1125 28 
1126 44 
1127 59 
1128 93 
1129 28 
1130 47 
1131 73 
1132 32 
1133 93 
1134 83 
1135 93 
1136 111 
1137 13 
1138 113 
1139 47 
1140 24 
1141 122 
1142 52 
1143 50 
1144 113 
1145 149 
1146 50 
1147 29 
1148 77 
1149 137 
1150 122 
1151 30 
1152 53 
1153 30 
1154 60 
1155 138 
1156 49 
1157 94 
1158 47 
1159 132 
1160 113 
1161 84 
1162 56 
1163 135 
1164 28 
1165 129 
1166 79 
1167 129 
1168 133 
1169 42 
1170 27 
1171 147 
1172 15 
1173 69 
1174 48 
1175 118 
1176 69 
1177 88 
1178 137 
1179 137 
1180 76 
1181 109 
1182 17 
1183 120 
1184 130 
1185 67 
1186 108 
1187 29 
1188 12 
1189 145 
1190 12 
1191 115 
1192 80 
1193 58 
1194 101 
1195 98 
1196 37 
1197 30 
1198 78 
1199 21 
1200 63 
1201 96 
1202 19 
1203 68 
1204 16 
1205 57 
1206 37 
1207 75 
1208 136 
1209 24 
1210 63 
1211 62 
1212 124 
1213 70 
1214 32 
1215 104 
1216 128 
1217 131 
1218 124 
1219 131 
1220 127 
1221 126 
1222 97 
1223 57 
1224 34 
1225 48 
1226 146 
1227 62 
1228 69 
1229 75 
1230 74 
1231 123 
1232 22 
1233 83 
1234 42 
1235 28 
1236 130 
1237 69 
1238 94 
1239 117 
1240 84 
1241 147 
1242 29 
1243 58 
1244 68 
1245 52 
1246 13 
1247 47 
1248 33 
1249 127 
1250 28 
1251 10 
1252 104 
1253 115 
1254 58 
1255 129 
1256 14 
1257 55 
1258 41 
1259 74 
1260 120 
1261 106 
1262 47 
1263 133 
1264 39 
1265 80 
1266 12 
1267 20 
1268 139 
1269 96 
1270 127 
1271 73 
1272 94 
1273 147 
1274 122 
1275 13 
1276 50 
1277 125 
1278 50 
1279 74 
1280 102 
1281 69 
1282 74 
1283 57 
1284 34 
1285 123 
1286 36 
1287 39 
1288 28 
1289 68 
1290 103 
1291 139 
1292 24 
1293 141 
1294 123 
1295 53 
1296 71 
1297 125 
1298 63 
1299 61 
1300 72 
1301 41 
1302 125 
1303 17 
1304 38 
1305 97 
1306 20 
1307 79 
1308 72 
1309 61 
1310 143 
1311 25 
1312 120 
1313 68 
1314 72 
1315 145 
1316 41 
1317 98 
1318 34 
1319 60 
1320 17 
1321 128 
1322 50 
1323 31 
1324 119 
1325 23 
1326 75 
1327 41 
1328 139 
1329 128 
1330 92 
1331 61 
1332 20 
1333 67 
1334 68 
1335 49 
1336 14 
1337 79 
1338 118 
1339 77 
1340 130 
1341 111 
1342 92 
1343 100 
1344 29 
1345 15 
1346 96 
1347 61 
1348 103 
1349 121 
1350 112 
1351 110 
1352 99 
1353 12 
1354 132 
1355 69 
1356 26 
1357 57 
1358 100 
1359 15 
1360 36 
1361 43 
1362 66 
1363 46 
1364 100 
1365 124 
1366 85 
1367 105 
1368 53 
1369 54 
1370 33 
1371 34 
1372 15 
1373 115 
1374 125 
1375 35 
1376 120 
1377 71 
1378 87 
1379 74 
1380 42 
1381 49 
1382 35 
1383 132 
1384 51 
1385 18 
1386 51 
1387 67 
1388 65 
1389 141 
1390 72 
1391 91 
1392 34 
1393 129 
1394 128 
1395 125 
1396 104 
1397 64 
1398 81 
1399 148 
1400 108 
1401 104 
1402 32 
1403 114 
1404 70 
1405 147 
1406 140 
1407 41 
1408 69 
1409 77 
1410 106 
1411 101 
1412 117 
1413 131 
1414 84 
1415 18 
1416 140 
1417 125 
1418 76 
1419 55 
1420 116 
1421 139 
1422 137 
1423 141 
1424 119 
1425 116 
1426 117 
1427 73 
1428 30 
1429 48 
1430 71 
1431 128 
1432 143 
1433 94 
1434 93 
1435 63 
1436 92 
1437 83 
1438 94 
1439 11 
1440 11 
1441 50 
1442 103 
1443 118 
1444 32 
1445 37 
1446 127 
1447 22 
1448 12 
1449 54 
1450 68 
1451 119 
1452 43 
1453 56 
1454 111 
1455 12 
1456 22 
1457 79 
1458 76 
1459 42 
1460 118 
1461 138 
1462 21 
1463 111 
1464 82 
1465 105 
1466 24 
1467 24 
1468 38 
1469 109 
1470 26 
1471 40 
1472 149 
1473 119 
1474 148 
1475 32 
1476 147 
1477 126 
1478 45 
1479 10 
1480 30 
1481 103 
1482 119 
1483 63 
1484 149 
1485 81 
1486 66 
1487 22 
1488 10 
1489 133 
1490 54 
1491 118 
1492 121 
1493 66 
1494 79 
1495 54 
1496 21 
1497 94 
1498 68 
1499 50 
1500 53 
1 762 0
1 483 0
1 707 0
1 495 0
483 452 0
483 584 0
1 1286 0
483 889 0
483 709 0
452 220 0
1286 557 0
220 298 0
220 384 0
707 708 0
709 852 0
557 321 0
762 151 0
709 862 0
220 1243 0
151 436 0
483 572 0
708 336 0
452 108 0
862 758 0
384 621 0
321 506 0
436 1493 0
708 981 0
758 1214 0
495 794 0
557 1367 0
108 705 0
1 429 0
762 885 0
495 1423 0
1367 398 0
298 851 0
862 883 0
758 467 0
495 293 0
1214 1133 0
336 779 0
852 124 0
889 351 0
467 498 0
1423 448 0
298 777 0
398 441 0
467 1230 0
351 1387 0
293 1165 0
557 254 0
1243 1050 0
1133 55 0
483 1292 0
384 1460 0
851 1124 0
862 73 0
1387 747 0
151 1112 0
1165 101 0
495 190 0
851 1245 0
1493 617 0
498 490 0
621 1500 0
709 880 0
777 757 0
108 692 0
883 548 0
506 1146 0
557 68 0
1133 691 0
1286 632 0
1 552 0
321 1227 0
885 418 0
1227 85 0
298 608 0
883 1238 0
101 1240 0
705 1294 0
467 154 0
398 1169 0
1230 8 0
151 1368 0
692 529 0
762 546 0
552 157 0
691 1212 0
351 61 0
490 1341 0
794 1003 0
1 696 0
384 701 0
885 1274 0
1423 1078 0
608 1205 0
8 364 0
880 653 0
506 1248 0
124 99 0
1493 624 0
448 174 0
1124 1465 0
624 74 0
885 980 0
1 923 0
351 21 0
151 772 0
1460 726 0
1165 1228 0
705 391 0
154 230 0
101 593 0
68 1113 0
851 88 0
99 809 0
1112 456 0
1169 90 0
691 953 0
708 1297 0
777 167 0
632 1385 0
321 1045 0
498 890 0
1423 1445 0
880 785 0
384 378 0
701 1467 0
61 504 0
73 30 0
1460 443 0
1238 1283 0
529 1468 0
1 1402 0
1 165 0
981 542 0
429 1103 0
981 512 0
608 774 0
707 1155 0
1292 753 0
1112 677 0
456 216 0
436 719 0
1227 804 0
1240 1293 0
1468 214 0
443 769 0
548 1213 0
890 641 0
483 58 0
443 1457 0
504 107 0
1205 566 0
653 884 0
779 1447 0
429 930 0
8 56 0
1402 915 0
1341 1475 0
351 166 0
55 259 0
498 306 0
1045 1408 0
572 796 0
851 196 0
980 133 0
757 652 0
794 1409 0
107 1094 0
90 241 0
214 1209 0
1213 533 0
1408 960 0
708 693 0
151 477 0
593 576 0
1205 1224 0
456 415 0
1297 1043 0
306 1191 0
1409 723 0
1 1496 0
1286 236 0
1146 1438 0
1 110 0
758 1135 0
1438 5 0
1387 1239 0
542 460 0
1212 1084 0
165 152 0
1165 345 0
889 1327 0
391 939 0
774 637 0
167 853 0
1286 814 0
853 98 0
915 497 0
495 1047 0
696 197 0
165 596 0
1367 1215 0
154 1139 0
747 1130 0
804 2 0
1215 1255 0
1292 43 0
1135 1085 0
930 795 0
548 484 0
73 472 0
1 347 0
701 1035 0
774 595 0
443 1484 0
1283 366 0
890 983 0
1230 1254 0
753 657 0
5 457 0
593 1404 0
632 993 0
637 1461 0
512 801 0
460 1305 0
762 1282 0
691 9 0
157 963 0
110 50 0
1165 539 0
398 1059 0
1408 925 0
1155 1181 0
196 320 0
74 716 0
216 1350 0
1205 1184 0
477 1365 0
293 455 0
1254 20 0
1227 1157 0
705 791 0
801 651 0
1274 926 0
542 766 0
293 892 0
726 1093 0
726 67 0
1047 1333 0
418 1485 0
1191 1140 0
1292 168 0
595 1193 0
923 31 0
1294 423 0
709 786 0
757 212 0
757 235 0
1224 807 0
20 307 0
692 116 0
1485 878 0
1193 499 0
1047 957 0
769 86 0
889 348 0
116 311 0
1228 1032 0
1124 1030 0
1059 1401 0
441 1105 0
498 540 0
1243 525 0
1209 931 0
336 682 0
483 420 0
1043 1180 0
852 1358 0
174 996 0
726 1374 0
1093 519 0
1112 1058 0
152 765 0
1047 1079 0
1283 1407 0
1297 784 0
165 711 0
621 662 0
495 865 0
1212 117 0
1238 382 0
378 1377 0
1169 1470 0
56 789 0
1341 1123 0
533 240 0
923 961 0
436 49 0
1467 935 0
1180 1077 0
980 422 0
1408 991 0
765 1433 0
593 1246 0
980 816 0
852 743 0
1 585 0
652 339 0
1433 106 0
117 353 0
1286 626 0
107 1382 0
624 669 0
1283 899 0
21 1221 0
1255 826 0
993 244 0
133 763 0
348 1067 0
152 225 0
1239 770 0
307 695 0
777 425 0
1058 1418 0
804 956 0
512 554 0
391 1276 0
996 1241 0
915 330 0
753 970 0
1085 1478 0
693 401 0
653 71 0
330 161 0
695 689 0
726 647 0
1169 1364 0
1387 1185 0
1409 28 0
576 1101 0
1079 1097 0
719 1420 0
961 326 0
1377 413 0
1327 331 0
490 231 0
30 828 0
5 776 0
1401 613 0
765 856 0
351 163 0
980 428 0
653 516 0
1030 897 0
133 1152 0
307 358 0
8 185 0
477 125 0
56 1396 0
133 1416 0
9 745 0
552 16 0
165 849 0
67 177 0
624 568 0
1241 462 0
1181 232 0
1407 1044 0
455 618 0
307 146 0
339 502 0
306 1466 0
801 1051 0
692 1330 0
980 729 0
436 1031 0
1113 1405 0
163 1435 0
707 1411 0
826 1154 0
777 824 0
86 854 0
1396 536 0
499 665 0
220 445 0
1180 1325 0
956 1244 0
849 1126 0
467 137 0
1327 1145 0
1077 615 0
90 1384 0
1067 265 0
961 910 0
1185 656 0
448 1308 0
443 896 0
961 304 0
809 485 0
828 356 0
689 655 0
1227 752 0
816 140 0
1460 944 0
1248 699 0
99 26 0
1238 607 0
1133 14 0
425 934 0
1097 714 0
110 1034 0
878 855 0
899 426 0
506 1429 0
413 1013 0
915 730 0
457 620 0
641 322 0
382 1225 0
757 1023 0
747 444 0
934 361 0
14 79 0
1293 819 0
910 198 0
1224 1153 0
73 1083 0
632 964 0
1327 1449 0
426 309 0
552 373 0
1013 754 0
304 1231 0
483 1272 0
125 178 0
1093 1025 0
1485 578 0
443 579 0
1032 687 0
165 1266 0
568 771 0
1034 1020 0
613 114 0
665 262 0
58 877 0
1350 544 0
1294 526 0
1248 112 0
618 243 0
956 685 0
1224 315 0
1358 1055 0
824 1269 0
320 482 0
235 867 0
495 1196 0
31 1394 0
1409 370 0
336 252 0
682 408 0
885 1127 0
1225 268 0
789 142 0
133 1499 0
1409 95 0
1460 788 0
723 764 0
413 245 0
106 271 0
554 1220 0
498 727 0
1077 674 0
743 15 0
584 717 0
953 629 0
351 338 0
125 6 0
996 403 0
880 968 0
855 1144 0
436 999 0
504 1453 0
776 13 0
695 396 0
443 375 0
991 1066 0
883 1028 0
298 736 0
542 40 0
43 1170 0
1067 527 0
819 411 0
212 1277 0
656 1260 0
497 668 0
1368 450 0
225 1441 0
579 1012 0
801 553 0
1154 1026 0
1127 390 0
1230 3 0
330 1458 0
462 932 0
1294 1163 0
1365 1383 0
413 1189 0
230 210 0
944 29 0
544 202 0
428 53 0
1478 340 0
168 1006 0
232 936 0
498 475 0
613 1014 0
685 1179 0
584 522 0
788 997 0
651 64 0
271 1265 0
1394 574 0
641 103 0
620 1232 0
548 660 0
58 803 0
536 914 0
61 222 0
1485 1483 0
1274 1431 0
853 832 0
816 1328 0
1185 571 0
1013 979 0
1224 246 0
695 1353 0
21 466 0
262 473 0
1221 602 0
353 1432 0
796 966 0
1123 38 0
687 1162 0
216 278 0
1478 1256 0
788 938 0
133 1320 0
378 1183 0
852 18 0
348 1306 0
769 91 0
1478 449 0
763 409 0
979 992 0
429 515 0
1260 1285 0
50 417 0
801 217 0
1341 1427 0
865 728 0
880 355 0
1083 1450 0
1394 1275 0
795 787 0
889 806 0
88 1284 0
1162 1065 0
309 501 0
542 676 0
655 282 0
884 556 0
854 640 0
758 1395 0
914 192 0
309 1250 0
806 1354 0
674 1295 0
533 1190 0
1449 622 0
682 698 0
669 1022 0
981 1309 0
711 740 0
758 928 0
1382 684 0
621 1167 0
1139 1331 0
789 359 0
788 388 0
428 496 0
53 531 0
766 1398 0
637 1362 0
152 72 0
320 978 0
1012 848 0
382 798 0
878 1375 0
1013 437 0
1025 1359 0
1155 694 0
1214 1448 0
1470 494 0
531 256 0
531 520 0
3 755 0
99 1177 0
1418 1000 0
496 767 0
856 329 0
607 1039 0
1239 145 0
1438 1002 0
696 995 0
214 1459 0
719 1041 0
944 1038 0
293 132 0
1179 42 0
348 1262 0
1126 234 0
714 697 0
1067 1217 0
1496 1107 0
293 1119 0
1353 639 0
1191 1271 0
355 1216 0
1309 45 0
1330 149 0
1331 1317 0
607 1361 0
1227 1437 0
764 827 0
999 1307 0
527 1479 0
1180 1372 0
456 822 0
26 950 0
765 603 0
1282 264 0
1358 555 0
816 286 0
930 1064 0
926 1355 0
502 1010 0
578 194 0
359 679 0
767 1426 0
527 594 0
246 1316 0
747 949 0
1437 1310 0
719 942 0
450 565 0
1139 100 0
264 951 0
1458 1488 0
1124 12 0
676 394 0
806 371 0
64 945 0
771 582 0
1404 509 0
963 81 0
1130 1371 0
620 861 0
117 1234 0
1269 967 0
1155 1281 0
657 435 0
1051 257 0
1438 270 0
475 300 0
1282 1251 0
1450 1430 0
1387 511 0
450 609 0
595 60 0
1184 1413 0
230 543 0
640 649 0
777 229 0
1030 610 0
286 1497 0
30 223 0
1003 1073 0
485 335 0
55 284 0
979 1021 0
511 894 0
79 47 0
166 927 0
992 447 0
117 1419 0
566 1494 0
282 54 0
348 710 0
1365 1186 0
877 1451 0
525 1063 0
615 881 0
607 1236 0
582 1321 0
231 1480 0
1460 379 0
1181 550 0
1031 835 0
705 1104 0
157 369 0
331 275 0
293 1027 0
1470 1302 0
1155 1296 0
166 1102 0
885 486 0
403 982 0
21 1072 0
602 76 0
951 850 0
359 1391 0
103 119 0
1441 204 0
64 570 0
373 1425 0
214 69 0
1155 203 0
711 469 0
340 459 0
311 1052 0
826 1247 0
944 83 0
1243 1363 0
307 1204 0
496 989 0
572 474 0
853 575 0
282 1122 0
384 376 0
936 1462 0
1333 1222 0
64 405 0
167 1074 0
21 782 0
64 389 0
437 104 0
1494 272 0
1043 720 0
1050 451 0
992 654 0
951 760 0
1466 111 0
910 205 0
1240 406 0
622 597 0
1297 1472 0
979 1349 0
736 645 0
1204 919 0
787 1088 0
925 1318 0
1002 180 0
1419 39 0
884 749 0
1012 1324 0
100 1095 0
1183 1053 0
997 179 0
13 792 0
755 292 0
1269 690 0
1384 218 0
149 1471 0
1283 569 0
989 1334 0
428 189 0
745 1393 0
137 1417 0
651 833 0
519 1118 0
202 943 0
615 267 0
1269 131 0
999 153 0
645 290 0
1144 397 0
1358 1381 0
300 126 0
457 23 0
1088 1378 0
720 1489 0
137 295 0
1162 703 0
1361 1311 0
355 724 0
1334 893 0
816 830 0
1167 1357 0
803 248 0
719 438 0
1177 1171 0
769 84 0
376 32 0
320 144 0
1112 735 0
428 17 0
1320 646 0
428 255 0
597 1160 0
935 1415 0
695 1201 0
584 1007 0
435 510 0
995 1195 0
1240 976 0
1274 586 0
437 208 0
438 971 0
1058 187 0
379 287 0
178 207 0
177 1036 0
853 742 0
403 120 0
624 642 0
1430 354 0
1333 1289 0
235 946 0
15 1268 0
475 1203 0
220 737 0
771 1456 0
883 341 0
647 1081 0
100 1233 0
649 213 0
968 176 0
526 538 0
1445 80 0
341 183 0
617 534 0
300 251 0
602 1342 0
754 1086 0
1475 92 0
760 134 0
1074 276 0
646 600 0
703 876 0
1030 1351 0
979 1335 0
467 1279 0
1097 1016 0
1243 357 0
1375 11 0
1104 829 0
1104 1009 0
165 302 0
1355 431 0
388 601 0
710 368 0
785 440 0
762 66 0
1328 1386 0
896 633 0
556 818 0
880 446 0
786 303 0
1333 987 0
794 918 0
117 1389 0
1281 105 0
1272 580 0
515 159 0
914 1360 0
241 260 0
1489 1356 0
1205 560 0
1384 748 0
1462 562 0
1331 312 0
707 768 0
1135 678 0
98 310 0
18 162 0
579 681 0
230 688 0
1228 383 0
960 464 0
131 487 0
1238 1344 0
637 1303 0
1435 628 0
84 528 0
1124 1134 0
1321 635 0
657 780 0
964 1380 0
8 1242 0
987 1366 0
105 277 0
329 631 0
12 478 0
565 901 0
340 1075 0
582 731 0
697 563 0
496 1056 0
807 325 0
277 680 0
957 1004 0
418 318 0
997 1168 0
495 908 0
766 842 0
613 141 0
896 955 0
339 1399 0
893 734 0
61 253 0
42 480 0
546 872 0
203 1061 0
687 46 0
525 1116 0
656 990 0
963 294 0
890 1194 0
632 1172 0
685 200 0
174 493 0
1306 1148 0
1389 793 0
861 846 0
493 458 0
993 377 0
755 1439 0
705 962 0
1238 1092 0
13 215 0
1116 984 0
734 1087 0
1272 977 0
1050 301 0
716 823 0
92 604 0
1145 269 0
66 1454 0
656 947 0
804 1301 0
1023 1304 0
1169 986 0
1494 1070 0
1383 1076 0
520 988 0
152 700 0
988 1300 0
208 250 0
1358 1436 0
584 773 0
1272 1033 0
159 465 0
1051 439 0
484 432 0
1231 201 0
366 476 0
389 1314 0
1300 1223 0
361 783 0
353 41 0
1285 857 0
300 871 0
1497 289 0
398 1129 0
112 25 0
1431 847 0
1061 238 0
179 972 0
1401 1376 0
216 860 0
729 549 0
995 741 0
1430 738 0
1316 1249 0
774 505 0
98 367 0
932 1106 0
784 113 0
114 169 0
1035 463 0
618 387 0
742 164 0
366 616 0
1310 577 0
1217 891 0
963 1270 0
415 430 0
1094 1264 0
338 416 0
1 1178 0
1036 974 0
1364 530 0
1465 313 0
1285 1486 0
1223 1206 0
1220 812 0
966 1042 0
81 1011 0
294 158 0
499 1414 0
1467 242 0
1065 1018 0
1396 1156 0
1496 404 0
1190 799 0
142 191 0
1384 810 0
1074 237 0
578 139 0
1165 619 0
490 917 0
654 288 0
80 721 0
1466 1347 0
989 706 0
1123 399 0
504 1198 0
166 228 0
256 888 0
1241 77 0
602 1259 0
640 1174 0
978 135 0
1225 7 0
978 1143 0
1225 296 0
404 513 0
168 636 0
728 281 0
1275 673 0
1140 381 0
391 170 0
486 122 0
528 127 0
827 843 0
370 62 0
1486 1455 0
1165 1048 0
961 744 0
1250 386 0
1033 427 0
1431 1138 0
980 334 0
83 285 0
665 1346 0
1070 937 0
608 507 0
673 541 0
789 933 0
448 591 0
758 211 0
506 630 0
29 34 0
409 332 0
1275 33 0
435 1017 0
429 1410 0
849 59 0
986 948 0
1203 1049 0
240 291 0
493 1098 0
782 362 0
785 1071 0
720 70 0
493 916 0
447 374 0
1472 1343 0
381 96 0
476 587 0
225 1491 0
288 138 0
850 611 0
390 1151 0
516 1440 0
681 1267 0
313 921 0
62 1068 0
388 35 0
194 1057 0
957 188 0
1048 592 0
665 790 0
572 130 0
1129 912 0
635 78 0
13 1336 0
556 868 0
747 393 0
1363 535 0
1333 193 0
1057 1128 0
1084 644 0
1279 410 0
467 675 0
591 1136 0
734 909 0
1239 924 0
679 75 0
355 1110 0
456 453 0
1222 1131 0
624 583 0
1363 57 0
853 958 0
1331 156 0
325 882 0
639 837 0
803 128 0
295 733 0
23 1434 0
678 551 0
394 1218 0
510 1340 0
1094 1226 0
1204 97 0
149 414 0
1004 781 0
1190 1397 0
478 922 0
631 454 0
593 845 0
1033 875 0
610 118 0
1 115 0
984 954 0
882 811 0
931 206 0
951 941 0
1016 261 0
963 831 0
454 1464 0
1203 808 0
338 87 0
585 1442 0
1049 1091 0
45 1089 0
290 1329 0
32 907 0
946 667 0
1494 481 0
95 627 0
939 224 0
1239 825 0
1296 666 0
515 864 0
232 612 0
609 873 0
826 4 0
161 1339 0
307 866 0
486 643 0
422 1211 0
1130 1263 0
927 299 0
690 589 0
803 523 0
1194 1182 0
534 1046 0
178 911 0
706 279 0
1084 65 0
445 1373 0
1407 1379 0
487 173 0
1191 316 0
635 906 0
1366 929 0
1003 840 0
299 1490 0
430 887 0
673 1229 0
1279 661 0
592 349 0
406 94 0
1172 468 0
723 537 0
1086 870 0
1456 1469 0
1228 1149 0
1331 1219 0
1328 658 0
981 634 0
689 1326 0
5 590 0
493 1463 0
410 199 0
745 1082 0
140 1142 0
923 712 0
1216 1337 0
388 532 0
463 500 0
98 155 0
939 400 0
1219 561 0
995 492 0
909 1120 0
290 975 0
292 1200 0
676 886 0
367 1054 0
1078 1037 0
1165 775 0
620 1060 0
403 1029 0
709 333 0
967 558 0
391 567 0
178 903 0
590 836 0
882 136 0
250 1161 0
429 1115 0
1133 181 0
49 858 0
624 1069 0
909 471 0
983 503 0
1296 581 0
1274 1476 0
1066 24 0
1410 1005 0
454 1477 0
1036 898 0
499 508 0
690 671 0
241 442 0
658 44 0
1455 1406 0
1259 1495 0
1217 233 0
5 751 0
1248 1125 0
1025 491 0
1410 109 0
248 588 0
286 297 0
1140 1096 0
740 317 0
464 263 0
679 1175 0
139 1452 0
458 761 0
1143 732 0
289 623 0
431 1444 0
1391 599 0
1386 1159 0
484 672 0
655 1137 0
72 226 0
897 598 0
978 920 0
246 725 0
315 421 0
1378 1291 0
694 102 0
1413 52 0
420 664 0
513 365 0
1214 718 0
856 739 0
309 247 0
695 1109 0
709 517 0
1497 1188 0
223 722 0
437 1421 0
1384 638 0
903 1287 0
351 802 0
1451 1313 0
506 1257 0
977 274 0
1295 1207 0
991 841 0
548 1166 0
696 564 0
1038 1273 0
589 412 0
589 1390 0
263 1001 0
28 1319 0
1167 702 0
754 940 0
626 839 0
638 1412 0
87 998 0
206 863 0
225 1147 0
983 328 0
122 1114 0
762 683 0
735 93 0
116 746 0
421 1392 0
598 874 0
486 817 0
527 1446 0
285 1332 0
466 10 0
772 663 0
535 869 0
1328 1019 0
1324 283 0
1460 1345 0
1438 1299 0
1166 27 0
269 1403 0
1036 985 0
56 820 0
398 1428 0
1236 346 0
1225 859 0
1095 22 0
642 559 0
1305 273 0
1014 380 0
528 186 0
432 258 0
694 249 0
708 1298 0
586 324 0
741 419 0
1118 815 0
1364 844 0
722 573 0
630 470 0
907 19 0
571 913 0
1221 704 0
1250 1197 0
549 360 0
1450 395 0
1203 1487 0
1344 838 0
1005 1252 0
780 352 0
628 1040 0
1263 37 0
7 1015 0
1001 175 0
473 461 0
765 905 0
911 973 0
823 1024 0
601 514 0
47 51 0
1273 813 0
744 488 0
980 821 0
918 1498 0
769 1235 0
1302 547 0
41 385 0
1367 63 0
335 1492 0
1105 797 0
416 545 0
993 239 0
705 209 0
1076 82 0
488 1062 0
885 969 0
1239 1424 0
710 123 0
244 521 0
865 1253 0
1271 715 0
56 1323 0
1094 402 0
1303 895 0
306 121 0
376 195 0
185 219 0
1002 1100 0
1417 424 0
1392 147 0
1144 1192 0
223 670 0
211 614 0
1376 143 0
472 1370 0
1220 182 0
680 805 0
921 1388 0
1268 1290 0
1065 1288 0
1154 1150 0
1381 1141 0
1242 625 0
1442 314 0
2 1164 0
1017 965 0
139 1121 0
895 756 0
745 834 0
610 392 0
1351 323 0
885 759 0
1308 686 0
1165 184 0
695 372 0
1233 344 0
1256 350 0
55 1117 0
50 489 0
401 343 0
1389 778 0
907 433 0
1152 1422 0
661 1237 0
229 650 0
283 1315 0
1255 148 0
40 1482 0
362 902 0
578 1099 0
929 713 0
1419 342 0
1240 266 0
331 1090 0
278 1208 0
749 89 0
229 171 0
375 1338 0
853 479 0
326 36 0
379 129 0
191 1348 0
1408 305 0
653 659 0
234 221 0
471 1132 0
485 1080 0
609 1280 0
317 1400 0
32 1473 0
1358 518 0
856 879 0
1216 172 0
1022 959 0
1336 1158 0
420 1322 0
316 308 0
1390 363 0
121 1008 0
825 1173 0
1028 1443 0
846 1210 0
1208 524 0
1100 900 0
561 280 0
1402 327 0
918 994 0
1156 1352 0
1040 1278 0
678 750 0
138 1108 0
51 227 0
619 1111 0
894 1312 0
875 605 0
1133 434 0
573 160 0
630 606 0
481 48 0
921 904 0
423 1176 0
46 150 0
791 800 0
94 1258 0
767 952 0
454 648 0
382 1187 0
7 319 0
405 1474 0
1357 337 0
555 1202 0
1427 1261 0
776 1369 0
28 1199 0
87 1481 0
1194 407 0
1338 891 0
748 400 0
1267 975 0
1471 1200 0
1130 1 0
1076 263 0
330 315 0
1485 121 0
1437 479 0
1352 409 0
540 125 0
510 368 0
1061 217 0
1364 789 0
137 112 0
1500 1475 0
1497 463 0
1109 1066 0
782 120 0
982 335 0
505 296 0
1208 940 0
1315 830 0
887 141 0
1296 710 0
1499 472 0
907 641 0
1075 896 0
1473 763 0
1491 843 0
1013 901 0
1307 1010 0
729 324 0
617 460 0
1274 197 0
1344 517 0
1240 456 0
1316 137 0
1326 781 0
1162 549 0
1143 651 0
1431 1292 0
1269 301 0
424 109 0
1288 243 0
1276 698 0
424 100 0
1283 1143 0
779 717 0
889 235 0
599 502 0
928 804 0
1500 5 0
1445 587 0
1283 1031 0
1295 536 0
1443 967 0
467 138 0
763 4 0
1415 130 0
436 10 0
1268 349 0
1208 212 0
849 223 0
1410 291 0
911 50 0
524 275 0
1128 883 0
555 291 0
1426 70 0
609 550 0
1270 1064 0
1353 193 0
1407 907 0
1339 523 0
1112 416 0
1165 397 0
1404 818 0
795 243 0
1401 893 0
714 333 0
995 547 0
757 589 0
712 314 0
909 504 0
1490 244 0
1477 1203 0
811 356 0
431 136 0
716 262 0
638 315 0
612 428 0
1456 35 0
1365 1331 0
1046 652 0
1362 363 0
665 207 0
1170 193 0
936 400 0
866 124 0
1072 385 0
1116 1053 0
333 241 0
853 109 0
987 945 0
1379 1371 0
1401 310 0
282 251 0
1274 638 0
585 237 0
1429 883 0
1460 769 0
1154 371 0
604 59 0
622 421 0
1468 1416 0
576 431 0
564 311 0
750 428 0
719 437 0
911 442 0
984 795 0
944 476 0
835 316 0
763 212 0
1409 180 0
548 3 0
1011 938 0
1049 817 0
1084 454 0
1331 449 0
1499 1476 0
412 10 0
1372 275 0
851 407 0
1069 1023 0
1238 917 0
659 517 0
1106 429 0
951 711 0
881 396 0
1007 493 0
886 554 0
1451 1079 0
1174 158 0
1082 897 0
1418 955 0
1307 834 0
1220 751 0
568 142 0
1491 1472 0
258 98 0
1136 474 0
930 239 0
874 36 0
1368 476 0
773 245 0
1031 64 0
802 80 0
1303 302 0
1495 998 0
402 333 0
1302 212 0
392 202 0
1429 1041 0
408 315 0
1139 274 0
1151 495 0
775 476 0
518 87 0
1493 304 0
1173 528 0
1132 420 0
873 458 0
1109 948 0
638 273 0
1390 834 0
995 791 0
1454 907 0
1082 83 0
1145 1090 0
1445 617 0
1112 206 0
592 424 0
837 623 0
1413 1270 0
1490 1036 0
1139 519 0
899 577 0
782 667 0
862 373 0
890 795 0
879 780 0
431 83 0
973 43 0
751 718 0
593 327 0
1497 837 0
1374 848 0
976 55 0
508 241 0
1366 308 0
275 90 0
1240 984 0
613 386 0
1143 193 0
1394 1210 0
238 92 0
210 151 0
1344 1291 0
1107 795 0
1164 1041 0
1282 987 0
458 367 0
1306 665 0
306 18 0
1486 80 0
1294 1033 0
1179 570 0
874 592 0
188 68 0
1500 1388 0
1247 1053 0
899 490 0
257 18 0
500 290 0
1171 928 0
646 228 0
490 264 0
1004 976 0
1170 73 0
705 622 0
789 563 0
1201 851 0
1426 1354 0
999 491 0
705 442 0
1314 1313 0
1027 215 0
736 45 0
1133 873 0
167 114 0
1377 504 0
823 354 0
488 35 0
1162 576 0
878 32 0
440 136 0
880 334 0
1469 1150 0
978 720 0
900 33 0
1428 827 0
511 316 0
1271 1053 0
1451 403 0
715 100 0
858 831 0
520 417 0
866 539 0
1321 505 0
1280 306 0
1117 106 0
340 334 0
911 231 0
1015 624 0
1055 664 0
1151 1011 0
712 387 0
1472 370 0
1366 520 0
1338 660 0
1481 896 0
1229 559 0
465 95 0
425 53 0
781 83 0
993 139 0
611 271 0
1176 332 0
945 489 0
1153 506 0
1480 700 0
825 768 0
1261 417 0
1247 925 0
731 670 0
1449 555 0
202 51 0
897 638 0
774 37 0
1336 733 0
437 303 0
1358 592 0
1379 34 0
1010 417 0
789 775 0
873 629 0
306 246 0
1063 224 0
823 521 0
1400 130 0
818 49 0
788 37 0
1104 226 0
940 505 0
894 788 0
1351 1249 0
1367 210 0
1083 245 0
979 161 0
714 273 0
500 302 0
947 635 0
1091 411 0
1356 759 0
449 27 0
1313 633 0
1299 569 0
492 21 0
527 165 0
184 81 0
1423 1121 0
684 467 0
1370 952 0
1294 1004 0
1219 1122 0
499 470 0
432 2 0
1257 758 0
1174 417 0
929 489 0
1135 545 0
1430 832 0
1217 1164 0
505 207 0
823 653 0
174 96 0
1442 1224 0
542 540 0
1096 1053 0
887 666 0
896 652 0
1205 332 0
1297 1140 0
1411 1230 0
1020 42 0
1372 1296 0
1210 1014 0
690 17 0
1458 26 0
1320 272 0
713 662 0
1378 857 0
1486 953 0
368 2 0
1150 1037 0
1202 577 0
620 108 0
1228 1082 0
880 261 0
1327 680 0
347 203 0
1436 150 0
1247 733 0
1266 289 0
254 209 0
1494 602 0
1278 14 0
1464 1341 0
525 76 0
764 122 0
825 531 0
1038 635 0
1426 727 0
335 327 0
905 284 0
907 160 0
1413 184 0
179 2 0
1139 185 0
1367 866 0
1332 108 0
1343 1077 0
1232 422 0
1316 192 0
1392 1300 0
768 381 0
962 154 0
268 13 0
1448 1138 0
1303 591 0
1354 25 0
1489 866 0
1228 521 0
1066 541 0
1252 1213 0
1254 388 0
1057 578 0
975 71 0
1211 203 0
1180 257 0
1238 243 0
1465 296 0
467 226 0
1147 58 0
82 57 0
1018 373 0
1461 1135 0
1415 624 0
1033 757 0
1087 319 0
1273 538 0
768 307 0
857 531 0
942 228 0
263 113 0
650 338 0
1215 301 0
997 227 0
703 93 0
1150 520 0
663 561 0
273 53 0
1135 977 0
1395 1074 0
1100 662 0
779 349 0
1126 636 0
276 52 0
1247 844 0
695 193 0
1211 950 0
915 83 0
614 440 0
1298 531 0
1466 1016 0
620 43 0
685 503 0
1426 1157 0
367 266 0
1239 1110 0
982 706 0
1325 104 0
1458 130 0
1303 874 0
625 186 0
1481 666 0
1456 612 0
1366 201 0
967 935 0
602 417 0
968 292 0
1173 147 0
661 161 0
1491 1353 0
1035 465 0
1283 504 0
762 265 0
296 168 0
1312 649 0
1461 789 0
755 320 0
968 869 0
849 225 0
973 319 0
609 510 0
787 438 0
1153 536 0
917 79 0
635 186 0
1210 328 0
353 320 0
1169 673 0
984 44 0
1500 133 0
902 757 0
1165 352 0
1480 1224 0
827 61 0
985 920 0
936 798 0
1022 796 0
1381 324 0
1500 973 0
1217 374 0
1371 937 0
1035 408 0
936 276 0
458 140 0
1076 720 0
588 437 0
306 35 0
1314 841 0
1133 188 0
902 308 0
650 291 0
1286 400 0
1197 27 0
1323 881 0
492 396 0
1354 846 0
982 168 0
606 69 0
975 50 0
1389 902 0
604 386 0
1328 252 0
1018 307 0
553 246 0
442 12 0
1416 1017 0
1087 583 0
1113 798 0
1289 662 0
1087 541 0
685 231 0
1136 859 0
27 24 0
1159 797 0
1225 249 0
1076 1052 0
1300 90 0
1262 699 0
797 305 0
849 555 0
394 56 0
1028 423 0
351 181 0
1259 1067 0
746 404 0
604 437 0
1081 769 0
1233 61 0
855 502 0
1455 930 0
1095 205 0
1047 89 0
1277 122 0
1494 1153 0
1183 939 0
1351 17 0
1410 680 0
575 432 0
901 817 0
1183 360 0
1229 1176 0
1132 145 0
663 184 0
1230 296 0
611 359 0
1392 931 0
648 479 0
1436 302 0
1132 43 0
1027 342 0
729 532 0
1198 321 0
1452 1386 0
809 403 0
877 865 0
645 134 0
1009 839 0
1392 748 0
1391 150 0
1322 1187 0
1343 1222 0
939 409 0
770 637 0
1088 629 0
930 24 0
1412 52 0
870 590 0
776 37 0
269 196 0
1252 1187 0
1414 672 0
1258 1122 0
774 121 0
433 416 0
919 801 0
985 972 0
1458 454 0
1125 17 0
884 684 0
1075 322 0
260 152 0
1146 272 0
582 434 0
1475 1289 0
1402 891 0
1053 213 0
585 159 0
857 310 0
892 332 0
157 105 0
482 128 0
591 364 0
952 318 0
908 630 0
1238 501 0
1330 614 0
753 210 0
196 77 0
345 321 0
799 575 0
1268 14 0
1455 1196 0
1490 1194 0
1485 76 0
235 130 0
903 708 0
962 129 0
1476 1432 0
1442 619 0
1306 593 0
1042 58 0
1465 774 0
876 601 0
1193 431 0
1440 278 0
695 406 0
529 491 0
405 249 0
1103 454 0
1037 300 0
434 321 0
1203 848 0
1193 675 0
1046 397 0
146 32 0
840 278 0
782 694 0
767 62 0
862 583 0
855 362 0
1107 534 0
315 11 0
774 91 0
1094 188 0
229 95 0
808 644 0
1418 734 0
988 781 0
764 12 0
1356 1117 0
657 289 0
1291 644 0
1317 1240 0
1095 221 0
916 532 0
1248 909 0
1296 1094 0
1058 194 0
1312 737 0
804 420 0
1481 173 0
1382 383 0
1447 282 0
1169 2 0
868 117 0
1454 605 0
1439 112 0
1168 400 0
672 128 0
750 377 0
1447 576 0
1294 1222 0
813 402 0
665 38 0
788 545 0
844 721 0
1046 515 0
618 115 0
1299 1209 0
1295 118 0
1490 740 0
1456 263 0
1045 664 0
1306 616 0
1033 556 0
1389 1151 0
1007 132 0
705 399 0
894 140 0
696 272 0
1069 473 0
861 67 0
378 213 0
993 134 0
1451 392 0
946 573 0
921 808 0
1387 827 0
88 9 0
1140 351 0
486 172 0
1449 1401 0
851 495 0
947 207 0
541 84 0
1160 48 0
1268 769 0
1177 676 0
1313 1250 0
1023 419 0
901 129 0
1302 602 0
957 118 0
1379 963 0
1073 65 0
1407 1375 0
1258 478 0
1470 1442 0
477 322 0
361 53 0
630 58 0
1170 897 0
933 263 0
734 386 0
322 300 0
851 614 0
1197 619 0
976 367 0
631 354 0
1200 772 0
9 6 0
796 429 0
1136 910 0
851 519 0
1236 1189 0
1258 664 0
1438 652 0
942 133 0
847 632 0
1242 709 0
1390 520 0
1236 714 0
994 286 0
772 706 0
1086 803 0
1462 324 0
572 320 0
715 631 0
1431 1266 0
745 40 0
801 258 0
442 7 0
1387 184 0
1229 537 0
856 611 0
1423 1316 0
1495 28 0
1471 1161 0
853 774 0
618 245 0
1164 622 0
853 806 0
1007 806 0
629 357 0
1205 427 0
541 401 0
1406 941 0
1127 156 0
1086 241 0
667 347 0
749 733 0
928 70 0
1404 965 0
1244 985 0
1207 140 0
949 946 0
1198 393 0
1335 707 0
1188 1063 0
1111 196 0
293 232 0
1433 178 0
1195 485 0
1417 869 0
1146 238 0
1470 113 0
1336 381 0
1139 25 0
1440 1094 0
512 299 0
1295 686 0
1086 504 0
995 409 0
664 574 0
1255 170 0
437 198 0
857 27 0
1141 312 0
1208 709 0
1382 1331 0
1321 782 0
1421 1134 0
722 435 0
1211 828 0
1148 773 0
1406 407 0
343 281 0
709 437 0
1228 885 0
1237 310 0
1317 1106 0
1263 70 0
1154 688 0
956 74 0
1163 401 0
628 250 0
907 530 0
942 21 0
1300 413 0
804 746 0
1071 964 0
1057 184 0
1351 687 0
1462 200 0
1248 357 0
1072 604 0
278 87 0
200 3 0
447 389 0
1239 1143 0
1397 196 0
1394 1390 0
1143 480 0
471 216 0
1078 321 0
612 157 0
1482 1166 0
1131 447 0
936 589 0
1207 74 0
747 518 0
601 415 0
894 733 0
1374 1305 0
1129 74 0
1467 45 0
181 136 0
1447 1400 0
887 702 0
1312 976 0
702 82 0
1391 216 0
767 446 0
259 81 0
1349 982 0
1464 1156 0
1103 151 0
1377 1172 0
1478 281 0
1190 144 0
1088 340 0
1373 277 0
1054 32 0
489 291 0
1451 677 0
144 32 0
783 275 0
1433 294 0
1140 409 0
1220 444 0
1122 409 0
1363 24 0
1360 165 0
1434 1092 0
1223 588 0
934 441 0
1399 1091 0
1236 878 0
847 483 0
704 165 0
1000 639 0
1099 1087 0
423 223 0
1260 625 0
1129 944 0
1414 319 0
1217 999 0
491 139 0
1283 544 0
1190 357 0
1287 96 0
761 401 0
1025 250 0
718 141 0
904 692 0
952 95 0
732 196 0
1196 115 0
842 75 0
1354 839 0
817 452 0
1402 720 0
1200 726 0
516 131 0
1332 37 0
828 628 0
1067 31 0
1217 614 0
1488 136 0
1362 72 0
1405 1333 0
982 61 0
902 71 0
1467 1439 0
548 530 0
1445 182 0
1379 1042 0
1335 459 0
279 100 0
1139 1126 0
973 923 0
1316 971 0
1370 474 0
1413 624 0
1499 446 0
666 644 0
808 26 0
730 18 0
1368 1274 0
1166 464 0
340 160 0
539 75 0
1037 437 0
1247 746 0
745 610 0
773 723 0
1497 227 0
1301 304 0
1442 100 0
1484 1212 0
1138 1019 0
1343 696 0
958 83 0
1452 321 0
1307 283 0
1103 722 0
1395 56 0
1166 846 0
865 765 0
1422 669 0
639 388 0
1302 722 0
1227 224 0
186 90 0
1201 381 0
1225 1040 0
692 131 0
1447 250 0
1426 259 0
318 26 0
1097 98 0
1465 1380 0
625 261 0
164 147 0
1205 1129 0
972 708 0
791 23 0
1201 1099 0
622 411 0
673 481 0
1182 515 0
1297 584 0
80 28 0
252 114 0
1241 531 0
1309 753 0
1131 958 0
1111 858 0
908 219 0
1424 627 0
1004 126 0
1110 274 0
1214 331 0
512 128 0
1125 641 0
816 204 0
1328 118 0
1320 1058 0
713 457 0
1243 814 0
1358 331 0
1308 232 0
1201 1044 0
1494 1203 0
1318 456 0
804 509 0
964 148 0
334 112 0
1445 1112 0
1147 163 0
751 459 0
1112 376 0
864 728 0
755 557 0
1140 378 0
191 106 0
183 176 0
574 123 0
1127 1024 0
926 373 0
327 109 0
167 6 0
1445 476 0
1257 353 0
538 206 0
1051 100 0
1498 573 0
1432 837 0
773 200 0
709 375 0
1160 1119 0
437 48 0
1487 928 0
735 354 0
417 277 0
1303 1126 0
1089 514 0
1050 262 0
1345 956 0
1012 990 0
408 257 0
352 88 0
103 69 0
956 23 0
833 255 0
1144 1017 0
974 740 0
853 65 0
1280 382 0
1490 124 0
1258 884 0
1321 199 0
1499 383 0
1192 681 0
1036 885 0
535 233 0
524 383 0
1034 40 0
295 212 0
933 836 0
1253 564 0
1197 835 0
1030 658 0
1238 265 0
1404 1289 0
1111 653 0
991 8 0
953 728 0
294 32 0
736 4 0
1390 913 0
502 458 0
815 381 0
1394 567 0
1079 736 0
1165 306 0
1002 55 0
1453 1365 0
1443 771 0
625 567 0
1443 557 0
1190 502 0
1461 564 0
1442 419 0
766 662 0
979 645 0
339 319 0
928 574 0
1423 1069 0
449 426 0
1316 452 0
1160 794 0
1278 1273 0
737 255 0
793 154 0
1165 695 0
1333 405 0
1268 881 0
125 112 0
1365 86 0
1466 217 0
1396 271 0
1454 456 0
750 548 0
1281 920 0
1014 820 0
1385 778 0
628 544 0
944 825 0
1323 1171 0
886 584 0
851 459 0
958 496 0
819 38 0
744 373 0
1226 1090 0
1276 370 0
817 791 0
340 61 0
1185 399 0
933 21 0
1359 323 0
707 546 0
504 401 0
373 266 0
1062 447 0
1269 913 0
1384 436 0
697 606 0
1275 1026 0
1236 575 0
620 614 0
1151 645 0
1180 290 0
973 655 0
847 181 0
413 242 0
785 267 0
1054 539 0
1030 980 0
343 37 0
1377 103 0
1336 689 0
1017 672 0
562 44 0
298 26 0
537 506 0
1394 101 0
870 136 0
635 576 0
1047 694 0
1275 207 0
1500 159 0
1263 919 0
1370 1334 0
373 64 0
688 566 0
1113 1054 0
1433 540 0
979 925 0
785 608 0
1154 425 0
1159 630 0
1393 677 0
688 485 0
201 33 0
639 83 0
802 667 0
810 296 0
1232 607 0
1306 41 0
879 464 0
1079 142 0
1114 50 0
1344 546 0
1216 231 0
1152 1026 0
1447 826 0
1082 507 0
1443 1130 0
498 439 0
130 57 0
1208 234 0
498 238 0
1270 351 0
1043 326 0
622 51 0
1444 677 0
278 66 0
436 172 0
892 165 0
833 128 0
1233 820 0
1462 601 0
620 229 0
1412 470 0
1475 1458 0
890 92 0
623 33 0
764 390 0
243 171 0
1446 723 0
1164 812 0
1105 1100 0
1040 569 0
955 542 0
671 461 0
400 121 0
870 434 0
1273 445 0
1497 1314 0
1002 779 0
1279 1107 0
1205 349 0
1119 338 0
1000 420 0
538 219 0
1280 11 0
914 573 0
605 320 0
1351 1271 0
1277 56 0
1029 371 0
1048 307 0
1232 487 0
1201 309 0
918 37 0
1202 918 0
1494 679 0
1108 992 0
1424 838 0
205 42 0
1035 52 0
1065 537 0
1124 683 0
1466 1456 0
1430 812 0
1309 482 0
247 188 0
743 723 0
1041 708 0
233 49 0
1247 1235 0
687 32 0
1227 463 0
747 646 0
1212 1203 0
1339 1064 0
1481 1295 0
236 191 0
1469 1134 0
1331 778 0
1298 720 0
984 475 0
788 102 0
976 836 0
400 353 0
1209 318 0
386 193 0
378 300 0
664 2 0
1475 1061 0
430 119 0
1229 155 0
1030 791 0
1203 779 0
1188 428 0
926 418 0
955 225 0
1213 773 0
1187 652 0
1412 977 0
1235 730 0
846 594 0
465 275 0
884 450 0
1129 68 0
1298 1101 0
571 138 0
1104 677 0
1320 4 0
485 310 0
861 588 0
1085 372 0
1097 230 0
1167 109 0
1459 798 0
1167 843 0
757 249 0
169 52 0
1227 290 0
1006 600 0
1485 318 0
1300 105 0
522 132 0
1008 900 0
942 461 0
1297 746 0
1369 93 0
1341 359 0
951 764 0
1016 897 0
1242 793 0
425 310 0
1322 779 0
1326 740 0
981 130 0
879 328 0
1093 743 0
1134 844 0
1411 374 0
829 274 0
1233 1012 0
695 202 0
1365 389 0
689 254 0
1357 1259 0
1320 708 0
1355 615 0
407 381 0
1331 219 0
1045 399 0
1085 695 0
1314 412 0
729 352 0
1204 237 0
703 94 0
1191 206 0
939 716 0
342 301 0
983 521 0
1336 1217 0
1072 762 0
510 104 0
1402 940 0
805 604 0
1420 1169 0
824 255 0
1192 38 0
982 28 0
1401 1276 0
1078 18 0
1284 921 0
1112 315 0
1282 259 0
1124 304 0
1308 29 0
1112 478 0
870 123 0
1139 175 0
1184 517 0
527 214 0
372 341 0
574 505 0
1415 998 0
818 627 0
1333 1169 0
497 434 0
1444 1173 0
641 328 0
603 556 0
896 768 0
1482 474 0
1230 574 0
1031 269 0
1383 842 0
1470 279 0
911 900 0
585 439 0
1154 158 0
1339 699 0
239 109 0
492 485 0
1092 929 0
1137 535 0
1373 332 0
455 38 0
868 357 0
934 227 0
981 430 0
1431 1103 0
154 96 0
1113 692 0
1479 300 0
594 573 0
996 968 0
779 619 0
1460 51 0
1113 930 0
667 58 0
541 55 0
1266 612 0
1117 138 0
489 267 0
931 375 0
244 160 0
1467 324 0
882 335 0
943 829 0
495 199 0
1452 234 0
659 98 0
549 399 0
318 17 0
1275 856 0
1262 1037 0
1409 391 0
1353 1336 0
312 109 0
779 778 0
738 628 0
1465 197 0
794 726 0
1335 1109 0
1443 1075 0
992 303 0
726 334 0
664 556 0
930 569 0
1329 263 0
941 196 0
1075 996 0
1058 503 0
1460 150 0
1181 655 0
1409 373 0
1480 340 0
1139 612 0
717 21 0
912 5 0
1242 108 0
610 175 0
1124 733 0
1357 1084 0
687 457 0
801 15 0
1089 1044 0
456 160 0
473 168 0
1133 535 0
903 123 0
876 795 0
1086 865 0
1202 559 0
550 71 0
1007 608 0
423 292 0
910 597 0
1206 678 0
1022 38 0
587 371 0
300 190 0
1483 437 0
1210 98 0
1490 653 0
1160 224 0
1095 521 0
1470 706 0
627 368 0
1308 893 0
862 395 0
1391 123 0
1443 683 0
1416 909 0
1236 418 0
553 162 0
630 569 0
682 383 0
716 437 0
788 131 0
1322 719 0
1152 296 0
1178 463 0
824 426 0
723 177 0
1299 1289 0
1301 402 0
837 558 0
518 80 0
948 84 0
1320 1063 0
782 665 0
994 237 0
1301 987 0
1440 899 0
979 659 0
888 869 0
1012 576 0
933 704 0
1087 626 0
698 79 0
1270 587 0
931 460 0
566 126 0
1170 923 0
380 374 0
791 54 0
1329 558 0
781 141 0
1066 792 0
371 8 0
329 56 0
463 169 0
1235 43 0
887 306 0
858 325 0
982 350 0
479 259 0
1198 855 0
1110 89 0
1061 994 0
964 961 0
1357 988 0
1454 73 0
612 303 0
1291 1032 0
907 628 0
1078 1022 0
665 625 0
1301 749 0
309 132 0
964 181 0
1028 589 0
981 135 0
1117 650 0
421 249 0
1052 76 0
1368 819 0
1394 372 0
1309 979 0
872 188 0
1442 647 0
1350 195 0
987 139 0
1164 485 0
599 487 0
1307 658 0
263 242 0
767 270 0
946 683 0
1140 802 0
1309 715 0
1351 250 0
945 716 0
1256 796 0
1483 35 0
559 51 0
390 8 0
1055 241 0
868 789 0
1358 484 0
1099 318 0
1297 385 0
808 5 0
1472 1159 0
825 526 0
910 781 0
1012 912 0
551 331 0
723 315 0
700 481 0
1031 440 0
594 474 0
250 220 0
1427 19 0
1307 24 0
649 454 0
1223 76 0
1333 166 0
1004 853 0
375 321 0
910 89 0
688 417 0
1402 177 0
1311 1145 0
1432 531 0
1383 1333 0
1425 789 0
1484 246 0
882 414 0
732 624 0
1340 1188 0
1409 45 0
1489 577 0
447 212 0
1380 61 0
806 216 0
1014 335 0
824 686 0
976 290 0
1245 327 0
1081 694 0
1419 774 0
1379 692 0
1110 55 0
1342 290 0
1166 878 0
1285 832 0
1023 446 0
942 544 0
642 3 0
1089 910 0
1309 767 0
940 807 0
950 583 0
1089 33 0
828 635 0
754 173 0
983 963 0
799 649 0
1160 251 0
1226 326 0
432 227 0
1039 1008 0
1213 375 0
621 460 0
857 759 0
1456 232 0
1189 132 0
1189 509 0
907 504 0
845 243 0
578 65 0
767 196 0
606 27 0
1251 47 0
373 230 0
1314 306 0
983 832 0
1089 62 0
604 241 0
1174 214 0
350 192 0
1441 1162 0
111 103 0
1012 774 0
1007 440 0
836 74 0
1262 163 0
1407 791 0
1156 440 0
830 42 0
1111 382 0
1234 247 0
1329 1273 0
675 645 0
1381 587 0
504 182 0
572 74 0
1035 624 0
1291 602 0
1072 275 0
1336 191 0
1414 652 0
1317 1145 0
1466 960 0
1147 151 0
1369 615 0
1276 160 0
180 126 0
900 746 0
1411 717 0
1187 920 0
966 185 0
1349 773 0
1192 1073 0
1399 70 0
765 488 0
1456 163 0
1140 435 0
563 167 0
1098 1054 0
1409 1205 0
1245 525 0
693 240 0
1227 566 0
1416 687 0
372 152 0
1326 759 0
288 241 0
1100 95 0
1085 296 0
1110 136 0
863 354 0
963 645 0
848 16 0
804 176 0
1497 784 0
586 485 0
155 68 0
159 120 0
1074 556 0
1419 1226 0
1198 318 0
1444 530 0
1260 13 0
780 231 0
1339 452 0
1473 1167 0
692 188 0
918 843 0
489 227 0
1298 324 0
762 753 0
1337 911 0
1471 346 0
1444 973 0
1243 520 0
230 177 0
1263 1002 0
1276 284 0
1123 827 0
724 364 0
781 578 0
1416 705 0
1204 1194 0
1152 820 0
635 18 0
1202 60 0
1292 1261 0
653 300 0
1212 525 0
759 129 0
439 103 0
809 731 0
642 249 0
1333 1263 0
1123 1088 0
1484 1313 0
1304 709 0
1319 635 0
894 220 0
1392 1245 0
1084 824 0
1174 1004 0
1216 583 0
1044 825 0
1103 545 0
880 820 0
1069 723 0
751 429 0
392 310 0
395 187 0
1043 306 0
874 300 0
1470 433 0
538 366 0
1446 234 0
561 308 0
1316 979 0
1230 313 0
860 847 0
976 747 0
1445 66 0
966 42 0
1268 269 0
501 10 0
680 109 0
788 415 0
454 46 0
1470 951 0
335 45 0
1002 421 0
1361 525 0
1134 1086 0
366 290 0
1040 983 0
359 112 0
1162 506 0
1363 21 0
1127 1118 0
1383 895 0
1418 180 0
1194 1059 0
867 756 0
725 89 0
1157 653 0
1020 914 0
606 85 0
1286 104 0
725 233 0
1370 1289 0
380 247 0
1215 1190 0
1310 1001 0
1037 916 0
915 16 0
1402 1113 0
1240 373 0
1207 282 0
1474 94 0
1204 976 0
1252 696 0
963 399 0
1027 313 0
779 167 0
1030 455 0
1461 1207 0
857 487 0
403 109 0
1321 106 0
1416 467 0
1440 1216 0
1227 622 0
1088 229 0
761 240 0
1425 158 0
523 221 0
1272 1117 0
385 110 0
1388 39 0
1464 660 0
1423 974 0
1438 1337 0
1172 84 0
1222 1066 0
947 673 0
1486 441 0
1101 758 0
431 204 0
1190 473 0
1066 374 0
1279 416 0
858 33 0
1436 632 0
664 587 0
1158 453 0
935 705 0
573 536 0
1440 948 0
1018 503 0
1439 1247 0
1353 705 0
929 381 0
1153 548 0
875 480 0
1200 920 0
1054 524 0
1019 534 0
901 321 0
1122 273 0
846 333 0
841 130 0
1018 251 0
733 13 0
1442 66 0
531 89 0
1197 557 0
1427 1425 0
1222 634 0
1272 535 0
1098 598 0
617 507 0
1003 90 0
1393 402 0
441 416 0
1202 984 0
1016 714 0
1034 382 0
1332 319 0
927 172 0
1450 1386 0
1264 481 0
664 501 0
848 247 0
824 270 0
1098 766 0
1469 833 0
1337 1092 0
1498 267 0
850 72 0
894 199 0
843 481 0
1195 303 0
1354 657 0
1116 1029 0
1121 1048 0
1454 660 0
656 627 0
1023 990 0
1166 539 0
1431 655 0
64 56 0
1319 591 0
897 605 0
1394 992 0
1391 126 0
39 3 0
854 29 0
869 189 0
1332 999 0
1259 1161 0
781 711 0
1060 919 0
1423 1412 0
1153 34 0
1342 1138 0
992 725 0
1113 510 0
1159 145 0
990 331 0
1400 337 0
1463 477 0
1300 356 0
1067 736 0
1314 43 0
829 701 0
385 100 0
1262 80 0
1057 844 0
1093 641 0
838 816 0
958 429 0
1095 466 0
441 169 0
1312 686 0
946 424 0
1459 40 0
1313 78 0
1274 204 0
796 689 0
1118 518 0
980 524 0
1115 837 0
355 40 0
860 90 0
569 362 0
1388 904 0
1312 1121 0
1250 224 0
1011 252 0
674 181 0
1128 949 0
956 350 0
1464 207 0
405 16 0
625 476 0
763 447 0
558 224 0
1408 199 0
1303 1284 0
1227 441 0
661 166 0
607 395 0
675 519 0
794 383 0
1445 1211 0
1162 367 0
714 409 0
1251 175 0
851 395 0
1069 737 0
752 605 0
1297 1288 0
372 269 0
831 723 0
417 342 0
680 111 0
608 557 0
1377 454 0
1422 941 0
1179 980 0
319 30 0
1024 224 0
237 30 0
1498 299 0
1100 1037 0
668 488 0
760 470 0
1233 1145 0
424 318 0
168 139 0
882 836 0
785 296 0
630 201 0
1111 284 0
1116 540 0
488 98 0
579 435 0
1324 1302 0
1342 731 0
1029 536 0
806 390 0
345 99 0
703 442 0
887 848 0
900 205 0
817 655 0
1117 1003 0
1086 247 0
562 208 0
1012 163 0
567 323 0
646 26 0
1439 413 0
614 396 0
642 351 0
1017 97 0
1499 1494 0
995 92 0
554 183 0
1001 676 0
1009 83 0
1041 997 0
1272 263 0
1189 197 0
264 262 0
784 495 0
1285 35 0
636 609 0
348 83 0
1097 549 0
1210 33 0
877 846 0
1150 172 0
1399 246 0
1248 78 0
1459 1337 0
614 44 0
746 687 0
1030 643 0
832 55 0
1257 366 0
1176 11 0
1052 861 0
1184 666 0
1326 556 0
1232 1019 0
433 127 0
577 396 0
510 108 0
702 686 0
1155 849 0
1130 205 0
1256 395 0
839 498 0
664 503 0
1283 870 0
1148 577 0
1446 339 0
1432 700 0
1199 906 0
1023 268 0
1125 763 0
1486 89 0
346 56 0
987 781 0
1231 836 0
37 9 0
1162 592 0
1439 1258 0
1031 238 0
1428 1409 0
1185 362 0
443 162 0
949 368 0
747 389 0
1398 198 0
413 376 0
863 417 0
196 152 0
656 247 0
1112 919 0
1172 141 0
1306 518 0
753 161 0
1441 264 0
1465 377 0
1487 1103 0
1071 13 0
1410 765 0
1420 34 0
580 256 0
887 408 0
1017 161 0
544 176 0
952 131 0
1417 272 0
1346 127 0
952 769 0
1053 1037 0
1279 201 0
1403 501 0
950 666 0
889 869 0
1471 497 0
1342 1222 0
1161 701 0
1367 1008 0
1404 1224 0
1446 1100 0
1381 848 0
393 316 0
1040 483 0
1016 753 0
1364 87 0
1283 1108 0
928 276 0
1326 234 0
1269 1207 0
1416 940 0
1224 607 0
1174 990 0
307 75 0
191 148 0
406 100 0
624 312 0
970 951 0
1473 1309 0
1483 557 0
1359 975 0
1017 39 0
1260 95 0
1252 920 0
1391 730 0
360 211 0
1218 863 0
1220 1197 0
1215 1083 0
1052 159 0
1102 568 0
1150 61 0
875 596 0
1170 365 0
394 65 0
1341 268 0
990 620 0
1342 826 0
641 191 0
700 412 0
1080 19 0
410 391 0
1410 262 0
545 82 0
512 277 0
1422 1381 0
679 183 0
807 242 0
847 625 0
620 219 0
776 548 0
564 59 0
1190 831 0
1479 899 0
1373 509 0
1051 314 0
265 30 0
1059 524 0
588 433 0
1244 221 0
1492 727 0
1249 401 0
788 265 0
863 410 0
825 357 0
880 762 0
543 109 0
1288 1033 0
573 454 0
839 693 0
1466 508 0
1222 511 0
934 457 0
1374 1062 0
1337 1320 0
1065 281 0
1290 984 0
37 17 0
1335 1296 0
367 209 0
621 242 0
372 80 0
672 476 0
1342 748 0
280 209 0
298 182 0
811 478 0
385 205 0
1100 444 0
1002 48 0
1302 194 0
1090 790 0
561 382 0
259 88 0
1390 696 0
997 823 0
917 814 0
1492 550 0
638 168 0
1081 966 0
826 762 0
555 334 0
644 412 0
1247 221 0
1482 467 0
1484 952 0
664 57 0
1270 859 0
1485 111 0
1491 550 0
1322 547 0
585 320 0
337 227 0
1483 211 0
1464 274 0
438 234 0
200 8 0
744 103 0
583 171 0
1118 201 0
1247 627 0
1426 443 0
436 174 0
1367 843 0
1449 647 0
1456 1408 0
785 438 0
833 379 0
1449 837 0
1011 560 0
1365 83 0
732 237 0
1153 606 0
171 29 0
1445 1003 0
1131 38 0
1494 435 0
531 118 0
803 51 0
1479 1149 0
507 336 0
379 286 0
532 456 0
609 67 0
308 143 0
422 407 0
749 730 0
367 24 0
855 349 0
949 478 0
1176 557 0
195 18 0
828 780 0
1254 487 0
1381 332 0
734 258 0
1203 177 0
525 127 0
1110 198 0
1140 313 0
1139 269 0
920 364 0
1354 794 0
615 543 0
935 862 0
1294 957 0
1287 391 0
927 476 0
1399 5 0
228 162 0
895 195 0
1487 1216 0
442 330 0
1041 244 0
579 407 0
539 19 0
1123 448 0
947 286 0
651 365 0
1411 524 0
1340 791 0
1344 402 0
1424 847 0
484 458 0
1063 991 0
1299 677 0
879 386 0
574 440 0
1401 249 0
1415 938 0
1276 530 0
1006 259 0
776 167 0
1102 547 0
1179 211 0
1215 311 0
801 703 0
893 707 0
295 245 0
592 415 0
922 241 0
942 397 0
562 251 0
1022 545 0
1403 1024 0
807 96 0
1155 412 0
991 905 0
1243 1077 0
1325 1148 0
852 620 0
1046 814 0
1147 433 0
712 482 0
1153 159 0
446 76 0
1481 782 0
1449 853 0
727 22 0
1381 1288 0
1362 931 0
1468 527 0
820 602 0
458 300 0
1059 810 0
1436 90 0
1298 648 0
1328 412 0
782 511 0
1331 622 0
1454 71 0
1208 1112 0
641 587 0
426 208 0
507 431 0
365 135 0
912 311 0
1261 698 0
1056 660 0
360 265 0
1049 240 0
1357 202 0
1106 845 0
409 343 0
317 37 0
552 433 0
605 139 0
216 80 0
397 251 0
945 347 0
1398 759 0
1419 203 0
895 154 0
617 42 0
1491 18 0
1386 797 0
440 337 0
1288 942 0
1199 457 0
897 619 0
1088 676 0
1142 99 0
132 19 0
1263 282 0
1218 832 0
524 216 0
1314 845 0
260 204 0
1365 979 0
772 24 0
444 236 0
847 21 0
434 251 0
1192 270 0
940 452 0
537 215 0
1313 860 0
1117 903 0
578 502 0
1372 189 0
1463 462 0
204 96 0
1283 1129 0
833 157 0
649 430 0
1274 22 0
606 409 0
784 412 0
1017 583 0
1343 760 0
1191 618 0
1489 702 0
927 847 0
1198 794 0
1251 482 0
311 51 0
1307 1163 0
1022 644 0
405 149 0
1152 112 0
1280 888 0
600 599 0
1429 484 0
1352 12 0
1334 832 0
824 50 0
1454 631 0
1121 919 0
1388 132 0
449 170 0
944 827 0
1348 1343 0
493 122 0
540 298 0
514 497 0
815 88 0
1383 623 0
795 136 0
1130 740 0
837 163 0
434 60 0
670 217 0
819 196 0
1023 977 0
1372 1109 0
1495 99 0
1069 864 0
1160 601 0
1016 263 0
1143 678 0
652 135 0
651 178 0
1291 484 0
468 372 0
49 21 0
1095 730 0
947 493 0
1455 296 0
458 58 0
759 4 0
266 99 0
1049 598 0
383 114 0
560 26 0
1180 52 0
641 220 0
988 364 0
1028 680 0
1020 980 0
72 61 0
1325 851 0
1108 1052 0
674 74 0
423 305 0
169 5 0
300 28 0
408 38 0
1082 915 0
1198 416 0
1094 722 0
481 1 0
1363 1084 0
1273 234 0
1377 810 0
1441 1021 0
1274 110 0
921 835 0
853 208 0
1221 916 0
1028 977 0
1141 388 0
1250 227 0
1469 195 0
1203 684 0
1369 535 0
1141 408 0
1363 341 0
776 752 0
334 17 0
807 586 0
780 194 0
1366 1014 0
1371 400 0
1030 514 0
1430 772 0
1381 676 0
1072 1008 0
1487 367 0
912 527 0
581 461 0
1077 1073 0
1031 54 0
1482 314 0
731 83 0
844 55 0
1423 1215 0
1468 535 0
1249 374 0
712 64 0
1183 576 0
608 550 0
1344 895 0
845 577 0
529 514 0
1004 250 0
584 401 0
1257 1119 0
786 394 0
971 762 0
1301 205 0
1126 811 0
1245 764 0
1145 884 0
949 546 0
603 587 0
1054 87 0
749 423 0
1230 851 0
1036 808 0
1180 353 0
1360 1049 0
1494 1460 0
455 118 0
1341 1158 0
722 86 0
958 467 0
1256 1156 0
655 165 0
480 104 0
1444 61 0
1352 293 0
774 697 0
1282 895 0
543 150 0
938 189 0
636 372 0
797 424 0
462 112 0
1011 229 0
1256 629 0
1380 522 0
206 106 0
939 180 0
984 931 0
971 470 0
1116 53 0
1441 1392 0
1226 495 0
715 242 0
951 834 0
805 431 0
338 194 0
944 943 0
924 683 0
1383 788 0
1188 807 0
1331 259 0
1116 285 0
1356 1048 0
1414 1040 0
1040 820 0
1192 194 0
594 397 0
692 605 0
1309 831 0
1110 221 0
940 287 0
319 257 0
1202 130 0
1380 246 0
1296 289 0
1049 1038 0
1395 478 0
560 54 0
1438 1411 0
801 497 0
1248 223 0
1379 153 0
1464 776 0
1438 77 0
748 148 0
738 519 0
1477 89 0
1204 821 0
1182 1083 0
1359 578 0
784 670 0
960 833 0
919 706 0
456 159 0
822 467 0
1388 407 0
1276 110 0
1014 429 0
398 274 0
1046 672 0
109 72 0
1020 888 0
1094 30 0
1206 1154 0
836 10 0
793 1 0
557 213 0
630 362 0
970 242 0
364 254 0
1019 310 0
500 348 0
1426 240 0
967 385 0
265 6 0
587 509 0
1216 664 0
59 16 0
1339 1279 0
794 340 0
1360 862 0
403 223 0
1246 129 0
670 71 0
608 353 0
1492 725 0
357 224 0
1413 362 0
1004 360 0
534 527 0
919 99 0
1010 173 0
1151 1143 0
1428 296 0
478 33 0
1422 1078 0
648 304 0
733 518 0
416 276 0
1166 460 0
818 697 0
1100 766 0
1268 1067 0
675 364 0
1464 1079 0
1295 1239 0
894 828 0
1173 840 0
1297 317 0
589 544 0
1416 969 0
1134 142 0
714 134 0
1145 420 0
1500 581 0
937 663 0
1136 542 0
1364 122 0
792 659 0
226 45 0
1464 1151 0
1213 168 0
1034 910 0
1106 829 0
1124 133 0
1139 525 0
1000 634 0
1297 261 0
1354 879 0
1083 483 0
891 661 0
507 123 0
369 213 0
395 232 0
844 146 0
183 167 0
1354 795 0
1229 733 0
1187 954 0
1126 998 0
1363 374 0
1081 744 0
554 382 0
346 197 0
483 35 0
1428 442 0
999 282 0
1234 493 0
1285 912 0
1274 1202 0
1254 892 0
1245 434 0
921 510 0
630 38 0
726 275 0
1452 1344 0
1301 657 0
1235 1047 0
1243 460 0
1131 994 0
673 11 0
303 275 0
1239 1050 0
767 231 0
498 133 0
19 18 0
788 581 0
1442 1255 0
1229 883 0
1425 308 0
1050 755 0
1059 721 0
976 461 0
1187 700 0
1114 577 0
1088 991 0
1096 737 0
1496 337 0
679 119 0
779 439 0
1271 531 0
1426 251 0
1468 882 0
466 90 0
427 279 0
660 523 0
283 72 0
1369 751 0
1400 1206 0
1274 1166 0
953 403 0
408 372 0
1310 435 0
444 300 0
868 811 0
1401 577 0
445 28 0
1172 1008 0
1340 1286 0
1307 461 0
1076 680 0
808 706 0
764 198 0
1452 1201 0
1436 382 0
1350 1034 0
1024 106 0
1008 911 0
1347 618 0
1228 300 0
1274 440 0
1088 339 0
1137 1055 0
1238 225 0
1183 563 0
1215 237 0
1402 1307 0
1216 720 0
1051 39 0
1297 407 0
926 119 0
1418 545 0
1359 1139 0
571 223 0
1486 94 0
596 485 0
204 202 0
398 214 0
1315 588 0
1356 414 0
1366 479 0
801 30 0
495 347 0
450 178 0
710 263 0
245 195 0
1423 661 0
1245 925 0
1038 90 0
1262 827 0
901 431 0
673 283 0
728 387 0
1451 122 0
1408 1280 0
1389 208 0
1155 374 0
1306 23 0
1078 74 0
437 28 0
1068 189 0
1420 842 0
1483 1175 0
861 534 0
310 202 0
1470 804 0
1047 571 0
371 226 0
271 64 0
761 362 0
1405 1311 0
1392 1024 0
1104 629 0
1490 484 0
1463 518 0
1312 908 0
184 14 0
1385 953 0
1013 601 0
1054 24 0
1125 610 0
1355 1096 0
1250 251 0
1340 207 0
1302 586 0
1140 419 0
1215 969 0
885 104 0
870 728 0
626 249 0
986 633 0
1377 715 0
403 44 0
963 117 0
626 122 0
508 177 0
917 852 0
1219 1027 0
629 54 0
956 762 0
1437 608 0
352 227 0
779 321 0
1019 208 0
312 275 0
708 13 0
716 695 0
362 162 0
416 168 0
1240 1134 0
1114 194 0
1199 779 0
1063 281 0
746 8 0
993 789 0
760 740 0
1362 134 0
466 201 0
1166 719 0
604 506 0
780 317 0
293 14 0
121 116 0
877 738 0
1006 350 0
637 438 0
1013 872 0
1361 585 0
1375 1274 0
1500 459 0
721 700 0
1308 551 0
1243 334 0
1061 820 0
709 112 0
1281 906 0
1275 751 0
1007 830 0
1331 817 0
1341 592 0
554 297 0
875 670 0
995 560 0
1198 747 0
1149 913 0
1406 16 0
1419 285 0
964 273 0
1480 1406 0
1061 990 0
1137 787 0
744 656 0
1101 305 0
1144 63 0
1150 739 0
1491 222 0
1309 303 0
321 197 0
1352 894 0
1166 128 0
1234 1027 0
320 211 0
907 787 0
907 154 0
1108 826 0
1151 430 0
466 238 0
780 189 0
304 240 0
1410 758 0
400 76 0
632 150 0
713 330 0
1072 554 0
1354 818 0
1352 773 0
937 867 0
1265 755 0
715 213 0
908 565 0
694 16 0
1343 373 0
1174 324 0
1301 185 0
930 444 0
674 425 0
1291 1260 0
576 108 0
746 659 0
1118 790 0
1300 234 0
1442 787 0
1163 449 0
516 258 0
810 209 0
578 406 0
1261 525 0
934 378 0
970 796 0
1297 533 0
784 298 0
1049 644 0
1442 1051 0
1059 718 0
54 6 0
1291 1239 0
839 469 0
939 366 0
1011 690 0
1102 356 0
1306 352 0
1226 293 0
878 574 0
915 301 0
974 268 0
1279 155 0
1136 531 0
608 475 0
1402 572 0
1359 437 0
1273 100 0
1187 460 0
1296 929 0
852 405 0
1294 500 0
299 179 0
1029 793 0
1009 581 0
980 849 0
1414 822 0
674 259 0
1255 354 0
924 814 0
537 223 0
671 350 0
926 347 0
1398 1098 0
1074 506 0
1318 878 0
855 849 0
348 122 0
1094 534 0
1494 1228 0
944 700 0
1426 196 0
967 742 0
529 508 0
1038 382 0
1142 846 0
1498 1097 0
823 604 0
824 76 0
1186 1180 0
334 169 0
1185 29 0
914 822 0
448 197 0
465 261 0
1361 1064 0
1078 16 0
1488 1186 0
247 121 0
700 117 0
908 175 0
591 96 0
969 515 0
1296 835 0
241 47 0
1446 818 0
1083 7 0
888 865 0
1487 891 0
350 61 0
881 740 0
926 463 0
1468 239 0
1308 825 0
1066 853 0
993 267 0
878 63 0
1066 408 0
1289 965 0
1203 662 0
546 128 0
1332 115 0
778 79 0
1064 1041 0
1405 189 0
906 170 0
860 859 0
943 33 0
889 146 0
895 466 0
1173 1072 0
1270 418 0
1072 488 0
264 52 0
1023 635 0
1098 1036 0
1470 333 0
1489 778 0
1412 1191 0
1458 850 0
306 289 0
725 432 0
859 435 0
44 18 0
1495 1103 0
1369 442 0
994 183 0
872 431 0
874 550 0
635 516 0
1485 1340 0
1030 639 0
1475 753 0
752 397 0
1481 498 0
1380 50 0
1177 308 0
829 709 0
739 203 0
1474 996 0
1220 289 0
1386 976 0
1241 662 0
625 484 0
1411 563 0
584 249 0
1264 74 0
1380 1089 0
559 367 0
1160 631 0
1336 1085 0
637 486 0
1368 170 0
527 274 0
639 133 0
1364 758 0
1466 1393 0
1181 393 0
613 53 0
818 395 0
1341 46 0
580 182 0
1315 582 0
1314 967 0
949 658 0
1295 380 0
1177 322 0
198 176 0
344 114 0
1389 777 0
1499 749 0
1267 675 0
1267 779 0
1228 37 0
1413 97 0
1162 798 0
1359 675 0
1160 980 0
1005 696 0
1469 1045 0
668 397 0
742 298 0
565 275 0
266 123 0
910 138 0
852 704 0
1390 77 0
856 287 0
1456 550 0
245 213 0
1183 1084 0
1293 324 0
629 490 0
940 677 0
1074 251 0
1138 1066 0
561 248 0
540 382 0
1155 1076 0
658 38 0
1490 860 0
1141 509 0
1427 891 0
1257 882 0
750 587 0
1337 202 0
828 455 0
405 165 0
942 564 0
1302 506 0
277 253 0
1155 37 0
1498 806 0
629 367 0
1185 82 0
909 445 0
1059 469 0
1043 929 0
1248 678 0
998 281 0
1072 154 0
844 516 0
649 231 0
1242 1076 0
1263 760 0
1254 838 0
771 121 0
1382 303 0
1365 997 0
1388 1308 0
309 288 0
1356 738 0
992 535 0
1460 834 0
1084 19 0
1243 1106 0
1293 1282 0
1363 1035 0
1307 1172 0
561 388 0
1144 202 0
1336 1091 0
1283 1092 0
1143 753 0
1477 193 0
897 522 0
1460 813 0
1028 379 0
1376 72 0
1202 211 0
1432 771 0
892 200 0
1468 890 0
476 80 0
304 235 0
1227 578 0
1341 714 0
828 621 0
1081 898 0
1190 976 0
607 180 0
1124 1113 0
1498 1429 0
1162 1156 0
1073 371 0
1478 12 0
807 755 0
761 107 0
1340 1005 0
340 26 0
945 342 0
927 245 0
1379 63 0
542 410 0
1471 1001 0
1355 455 0
1048 363 0
1432 857 0
804 542 0
863 412 0
1118 442 0
672 537 0
1240 1212 0
1077 463 0
823 566 0
1277 688 0
648 189 0
480 206 0
266 183 0
1260 797 0
1283 805 0
662 529 0
779 456 0
641 492 0
1338 70 0
1325 1255 0
591 151 0
442 190 0
299 238 0
1464 1200 0
557 248 0
991 369 0
871 68 0
1486 1433 0
1129 752 0
823 274 0
1342 192 0
356 355 0
695 135 0
448 396 0
933 842 0
1316 356 0
808 205 0
405 294 0
804 33 0
1153 391 0
1340 27 0
1032 231 0
1248 1183 0
1366 41 0
638 209 0
980 157 0
240 117 0
1006 970 0
1170 1141 0
1359 304 0
724 447 0
1311 352 0
1429 36 0
783 585 0
1272 236 0
325 63 0
1263 133 0
360 50 0
264 177 0
790 271 0
898 160 0
1367 968 0
866 638 0
1135 184 0
1439 130 0
1273 605 0
879 825 0
690 662 0
1336 219 0
1191 351 0
1343 1218 0
1155 118 0
487 72 0
1057 989 0
976 499 0
802 316 0
1441 775 0
1005 386 0
1286 1172 0
1096 689 0
781 725 0
1476 459 0
821 550 0
637 444 0
739 500 0
213 212 0
715 231 0
1463 228 0
418 150 0
762 224 0
720 203 0
990 329 0
452 127 0
1126 361 0
145 119 0
168 42 0
802 137 0
891 642 0
710 601 0
426 17 0
1487 627 0
252 186 0
1230 907 0
450 332 0
1087 416 0
470 37 0
919 718 0
1006 905 0
1109 363 0
504 451 0
1488 141 0
1356 791 0
433 114 0
801 740 0
1498 713 0
856 582 0
829 536 0
714 433 0
792 443 0
928 606 0
1044 256 0
1070 337 0
1356 1299 0
1137 568 0
408 130 0
1364 845 0
1149 763 0
899 535 0
640 429 0
1351 124 0
994 884 0
613 300 0
1374 378 0
507 131 0
760 525 0
907 881 0
690 650 0
1192 1109 0
1355 205 0
1306 436 0
1294 1185 0
1343 386 0
1140 333 0
1365 87 0
447 285 0
1139 966 0
591 572 0
942 161 0
1344 1000 0
988 615 0
1322 327 0
807 418 0
1456 526 0
1158 1087 0
1394 491 0
202 21 0
979 167 0
1009 683 0
921 656 0
1169 640 0
773 316 0
1355 756 0
1320 208 0
489 366 0
1446 1319 0
272 52 0
1031 88 0
569 305 0
1223 346 0
808 25 0
1424 832 0
962 602 0
458 245 0
1040 829 0
737 82 0
640 124 0
367 197 0
944 741 0
1138 560 0
1393 982 0
1366 1106 0
893 232 0
589 403 0
1320 190 0
1462 857 0
211 101 0
1335 423 0
922 727 0
1031 307 0
621 71 0
1489 152 0
1288 586 0
1490 832 0
1309 220 0
1377 1288 0
1438 571 0
1336 1186 0
845 623 0
382 362 0
1018 461 0
1169 41 0
1474 1172 0
1400 1006 0
1255 388 0
1005 961 0
508 284 0
1408 836 0
1070 599 0
1072 439 0
1016 831 0
917 574 0
878 404 0
1352 1053 0
1090 190 0
517 136 0
1312 762 0
1110 264 0
1431 752 0
572 174 0
220 73 0
434 21 0
546 258 0
1306 1191 0
404 299 0
1418 213 0
1166 386 0
1493 1312 0
1245 1031 0
1440 112 0
363 149 0
585 90 0
1092 841 0
246 11 0
239 129 0
723 258 0
1035 287 0
561 357 0
510 311 0
1488 864 0
1210 20 0
1137 309 0
900 837 0
1494 960 0
936 439 0
1413 871 0
505 141 0
594 98 0
992 273 0
240 49 0
824 297 0
1016 165 0
495 277 0
988 452 0
702 545 0
639 145 0
861 228 0
1361 158 0
627 465 0
215 73 0
1296 311 0
724 587 0
623 60 0
792 297 0
765 26 0
667 74 0
1072 268 0
1286 832 0
871 389 0
1187 109 0
1274 1023 0
1490 785 0
675 130 0
435 280 0
1486 623 0
1153 1007 0
1478 1212 0
467 216 0
1297 458 0
961 899 0
525 29 0
339 330 0
1398 812 0
721 259 0
1044 911 0
450 390 0
963 212 0
1353 581 0
1433 625 0
1149 138 0
1370 327 0
1220 163 0
1358 27 0
136 42 0
1454 353 0
427 194 0
680 417 0
1009 147 0
1355 505 0
1105 130 0
424 366 0
1102 754 0
1093 1083 0
797 169 0
1185 197 0
1077 102 0
1401 1210 0
1159 1049 0
1173 787 0
1184 133 0
152 10 0
1285 362 0
1231 742 0
1406 913 0
1473 441 0
601 339 0
1476 1100 0
923 176 0
1480 875 0
1410 664 0
1473 548 0
1350 553 0
1109 1056 0
1330 28 0
1357 167 0
1049 145 0
1396 886 0
240 224 0
1455 31 0
1241 714 0
1130 876 0
226 15 0
714 554 0
478 53 0
828 230 0
1383 605 0
1177 1097 0
636 180 0
1006 565 0
720 85 0
1343 932 0
1017 788 0
1472 1004 0
1037 412 0
876 447 0
1446 1219 0
1198 736 0
838 353 0
836 290 0
1175 1077 0
667 566 0
790 59 0
979 885 0
1294 1056 0
382 200 0
745 311 0
728 405 0
1447 1023 0
783 14 0
633 492 0
1179 618 0
1374 1079 0
672 315 0
1378 851 0
1455 189 0
1066 291 0
1252 483 0
1122 16 0
1241 152 0
578 450 0
1332 843 0
1048 730 0
1170 296 0
1303 449 0
1474 637 0
1461 697 0
1243 492 0
1168 213 0
769 730 0
1497 1311 0
707 587 0
1018 640 0
788 485 0
1208 223 0
683 588 0
875 857 0
1419 83 0
998 620 0
785 446 0
616 557 0
1182 183 0
1416 801 0
153 101 0
1359 658 0
1288 1169 0
1463 75 0
859 545 0
991 767 0
1074 1 0
179 12 0
1147 841 0
826 445 0
1063 663 0
663 384 0
367 179 0
1029 225 0
574 343 0
1296 244 0
420 347 0
960 109 0
1295 397 0
822 774 0
1399 172 0
229 114 0
1461 307 0
422 363 0
905 190 0
1379 644 0
1083 1054 0
1197 1054 0
191 110 0
570 522 0
1093 481 0
244 238 0
1474 11 0
781 353 0
1483 249 0
815 770 0
1261 1260 0
1052 353 0
835 57 0
814 581 0
1337 645 0
1351 842 0
1050 149 0
1386 962 0
800 26 0
1196 598 0
1164 1074 0
903 400 0
326 129 0
888 121 0
1221 484 0
1436 526 0
916 897 0
1175 220 0
1496 1415 0
1287 1097 0
1018 876 0
1081 739 0
920 523 0
1036 476 0
1222 681 0
1428 1001 0
1064 746 0
1192 312 0
636 635 0
1042 892 0
1444 176 0
1413 160 0
1480 1270 0
732 522 0
643 539 0
1317 749 0
342 98 0
1231 259 0
1188 829 0
869 605 0
837 419 0
723 572 0
1253 466 0
898 383 0
1145 78 0
903 667 0
790 134 0
1466 480 0
1481 1261 0
787 33 0
1250 190 0
994 74 0
1337 107 0
404 214 0
1435 631 0
1018 115 0
1484 726 0
973 750 0
459 376 0
603 46 0
1426 199 0
224 212 0
338 4 0
1407 699 0
766 71 0
726 477 0
1212 1127 0
838 502 0
1429 93 0
798 693 0
1207 586 0
705 337 0
1077 374 0
884 771 0
1141 766 0
474 311 0
1264 186 0
1387 1140 0
359 276 0
1244 348 0
547 65 0
1300 675 0
538 276 0
1444 285 0
1361 805 0
322 299 0
936 177 0
1346 114 0
1025 532 0
1042 534 0
1474 746 0
916 333 0
1066 231 0
206 5 0
758 127 0
1312 376 0
754 705 0
1429 1144 0
422 406 0
605 81 0
660 498 0
1279 16 0
928 790 0
1263 317 0
415 67 0
1471 205 0
1349 55 0
1330 222 0
1358 227 0
1395 1188 0
1035 274 0
1463 1109 0
1180 790 0
1166 463 0
1408 85 0
1001 86 0
1209 1113 0
783 84 0
753 545 0
518 467 0
1303 306 0
704 462 0
1052 543 0
767 474 0
733 592 0
1296 701 0
254 61 0
1052 193 0
1216 481 0
492 469 0
1213 253 0
1383 1010 0
1370 349 0
296 159 0
1124 721 0
1431 563 0
77 34 0
915 860 0
1254 42 0
1360 371 0
735 611 0
631 21 0
1321 1144 0
1390 846 0
1325 801 0
1218 380 0
830 625 0
987 632 0
1447 993 0
1121 88 0
1115 120 0
1244 535 0
1323 743 0
323 113 0
1461 780 0
208 182 0
1335 1217 0
1483 357 0
1072 467 0
1009 263 0
444 122 0
613 45 0
829 142 0
1440 101 0
680 358 0
1396 878 0
1370 110 0
684 517 0
737 270 0
1097 324 0
269 233 0
1041 89 0
1265 311 0
1348 1137 0
878 506 0
1054 751 0
1028 632 0
1208 593 0
1444 388 0
953 7 0
686 341 0
1041 74 0
458 358 0
1490 664 0
1089 803 0
317 122 0
139 59 0
852 247 0
234 140 0
1081 284 0
1320 442 0
501 454 0
1242 529 0
429 271 0
282 79 0
1416 57 0
1460 1195 0
1398 796 0
477 339 0
657 225 0
956 258 0
548 77 0
1230 793 0
518 408 0
1455 701 0
199 11 0
1174 998 0
964 833 0
1224 658 0
1104 929 0
1355 674 0
1403 414 0
240 67 0
1430 897 0
1394 990 0
1115 679 0
1465 164 0
1401 722 0
1403 404 0
1483 816 0
942 222 0
1211 223 0
455 148 0
430 111 0
1284 934 0
535 103 0
1479 836 0
1240 728 0
1496 1494 0
414 202 0
1403 608 0
953 934 0
686 415 0
1112 1034 0
1085 397 0
586 433 0
1130 394 0
558 434 0
1128 761 0
728 698 0
1237 705 0
930 406 0
504 391 0
1260 532 0
816 498 0
1482 1164 0
766 367 0
753 442 0
1384 1030 0
557 343 0
723 336 0
748 90 0
1332 1172 0
854 227 0
862 416 0
1087 8 0
1007 506 0
829 171 0
689 26 0
1005 344 0
926 485 0
445 265 0
1385 350 0
1152 668 0
1198 413 0
922 686 0
1292 1058 0
684 24 0
1078 182 0
836 375 0
999 34 0
669 303 0
1250 622 0
1118 860 0
1426 885 0
1492 1326 0
1097 771 0
614 76 0
742 383 0
936 450 0
828 745 0
1036 72 0
1197 1159 0
466 246 0
1342 252 0
1475 771 0
1182 471 0
755 421 0
1498 854 0
1367 1312 0
1256 1224 0
1215 15 0
1438 443 0
1119 675 0
747 516 0
1122 281 0
1450 284 0
1492 1280 0
1313 944 0
1010 52 0
826 382 0
691 350 0
1211 181 0
1498 439 0
1314 853 0
1121 85 0
1492 1135 0
829 235 0
1277 923 0
731 42 0
1250 291 0
270 201 0
1267 501 0
867 507 0
538 465 0
1078 151 0
827 319 0
1298 1181 0
1315 1210 0
1141 307 0
1145 1046 0
1032 609 0
730 109 0
1066 97 0
270 185 0
1044 456 0
387 4 0
1474 1433 0
1036 481 0
1369 209 0
974 910 0
1324 1301 0
326 281 0
413 355 0
1324 1138 0
1354 447 0
1194 693 0
1318 635 0
525 291 0
902 291 0
162 96 0
1355 959 0
941 657 0
1277 754 0
587 216 0
1084 451 0
740 714 0
1014 91 0
785 685 0
185 43 0
290 188 0
1388 1215 0
1048 855 0
785 343 0
905 586 0
1082 921 0
1306 227 0
984 404 0
1050 213 0
731 205 0
773 326 0
1432 448 0
209 199 0
839 153 0
1490 800 0
1341 219 0
541 49 0
1184 873 0
1136 682 0
753 516 0
1488 862 0
1147 1111 0
400 81 0
926 43 0
839 356 0
710 131 0
1425 510 0
1119 41 0
1237 505 0
635 310 0
1134 41 0
1270 996 0
294 267 0
374 17 0
1493 463 0
952 53 0
1145 243 0
1300 491 0
1368 1109 0
410 140 0
1491 462 0
475 275 0
1489 820 0
151 54 0
964 33 0
1481 1013 0
1349 667 0
1104 1042 0
1163 668 0
931 494 0
1336 1221 0
1150 1103 0
1477 1053 0
1395 217 0
1476 886 0
802 2 0
453 27 0
1402 660 0
1376 161 0
1317 403 0
353 273 0
966 696 0
1051 200 0
459 441 0
1036 132 0
1044 1 0
1056 876 0
372 303 0
731 538 0
863 244 0
553 452 0
717 152 0
985 84 0
529 282 0
732 536 0
1377 883 0
480 128 0
334 323 0
934 640 0
1258 420 0
989 493 0
644 369 0
814 100 0
957 917 0
341 1 0
773 268 0
1248 888 0
566 261 0
565 179 0
1099 29 0
1498 1044 0
666 212 0
1463 50 0
956 357 0
809 83 0
984 376 0
1415 241 0
1330 455 0
1052 188 0
541 74 0
519 81 0
1188 561 0
897 772 0
1112 1061 0
1300 820 0
1158 289 0
944 154 0
1386 33 0
1205 422 0
1327 1195 0
1122 262 0
431 201 0
1475 809 0
1385 1114 0
1050 160 0
219 182 0
522 329 0
645 280 0
607 106 0
769 210 0
1273 1231 0
421 414 0
1017 115 0
1232 334 0
1044 891 0
1299 42 0
491 368 0
921 551 0
1101 13 0
1160 1027 0
1068 171 0
1216 910 0
717 363 0
1394 1022 0
688 211 0
1484 1225 0
1020 725 0
1167 934 0
1371 619 0
499 42 0
939 138 0
946 166 0
659 72 0
902 352 0
755 251 0
1239 328 0
928 436 0
917 857 0
1396 1022 0
1108 873 0
1196 1193 0
1152 886 0
1185 1102 0
470 368 0
775 766 0
502 272 0
1381 351 0
918 101 0
1049 162 0
935 437 0
1479 609 0
1496 819 0
331 66 0
677 122 0
1392 1216 0
763 272 0
646 536 0
858 367 0
1394 775 0
231 89 0
992 407 0
762 530 0
973 710 0
1190 872 0
1180 1031 0
1231 883 0
841 614 0
100 57 0
337 157 0
643 378 0
1113 220 0
1243 386 0
1319 931 0
632 428 0
1329 20 0
313 49 0
807 311 0
1195 613 0
969 608 0
1323 272 0
241 126 0
940 200 0
1321 348 0
409 119 0
1158 89 0
1200 470 0
865 548 0
1325 1231 0
1475 192 0
670 41 0
1345 979 0
1500 791 0
1014 632 0
716 676 0
296 210 0
422 74 0
1424 850 0
892 85 0
433 296 0
1463 1036 0
1099 443 0
1194 271 0
1201 519 0
839 676 0
1350 1257 0
982 262 0
895 785 0
481 94 0
385 87 0
1319 630 0
1407 755 0
454 44 0
616 164 0
1217 497 0
610 443 0
1311 403 0
823 358 0
1058 838 0
1110 330 0
780 438 0
1252 533 0
893 690 0
1234 498 0
593 518 0
1145 174 0
1269 322 0
728 53 0
1046 975 0
401 228 0
846 755 0
996 877 0
1170 10 0
1463 612 0
437 340 0
1439 846 0
1312 294 0
1074 976 0
793 672 0
1397 323 0
1141 486 0
354 172 0
1299 664 0
1227 1209 0
710 289 0
962 261 0
1370 1303 0
1490 1182 0
1265 1069 0
869 261 0
1100 296 0
1486 815 0
280 33 0
1416 1262 0
1220 257 0
656 85 0
1036 473 0
924 656 0
979 468 0
1472 762 0
1007 682 0
1294 263 0
957 776 0
372 146 0
1253 940 0
1052 665 0
1486 917 0
1024 230 0
131 44 0
771 579 0
869 647 0
1148 889 0
848 650 0
446 434 0
763 241 0
1106 233 0
1060 543 0
465 374 0
1096 173 0
694 167 0
985 697 0
408 69 0
668 467 0
1024 396 0
1474 193 0
1390 1222 0
1215 1085 0
1001 357 0
738 67 0
438 262 0
962 464 0
1248 558 0
1366 102 0
1357 258 0
1302 570 0
1092 450 0
839 633 0
1289 142 0
1496 1181 0
849 625 0
106 85 0
867 315 0
1428 382 0
855 246 0
975 236 0
614 399 0
1397 909 0
1440 137 0
770 490 0
954 105 0
557 420 0
1250 699 0
1037 304 0
870 148 0
606 440 0
1002 235 0
668 318 0
1358 462 0
1416 103 0
995 202 0
1427 8 0
828 683 0
551 119 0
1287 806 0
532 431 0
1413 1104 0
778 608 0
993 945 0
1189 1119 0
776 101 0
1307 36 0
1194 714 0
1163 290 0
1226 305 0
1468 867 0
241 217 0
1371 206 0
1365 1228 0
1460 22 0
478 218 0
728 620 0
445 14 0
1338 674 0
1267 159 0
976 825 0
1469 132 0
604 101 0
1183 83 0
1326 287 0
353 335 0
380 122 0
1245 339 0
900 690 0
669 65 0
981 835 0
1045 1027 0
448 430 0
1252 706 0
1442 357 0
1271 490 0
1472 1358 0
1242 676 0
893 700 0
1130 664 0
896 62 0
843 211 0
1155 1025 0
661 618 0
576 49 0
1106 21 0
816 145 0
928 395 0
1191 870 0
461 58 0
471 278 0
359 91 0
355 96 0
765 645 0
1236 41 0
1372 848 0
843 154 0
1292 1102 0
1090 1086 0
1233 219 0
1455 271 0
1467 128 0
608 75 0
272 200 0
1215 300 0
452 439 0
1300 31 0
1184 36 0
1322 123 0
493 398 0
659 496 0
553 63 0
976 624 0
1330 480 0
861 860 0
1133 362 0
865 156 0
1186 509 0
1464 588 0
1472 61 0
1272 581 0
349 245 0
226 134 0
1320 1016 0
841 347 0
1256 474 0
1176 550 0
1190 637 0
1002 720 0
573 528 0
832 633 0
937 305 0
487 33 0
1030 593 0
975 821 0
1308 1003 0
1125 276 0
630 283 0
932 831 0
877 207 0
800 185 0
1142 4 0
1036 501 0
1261 1218 0
910 713 0
1347 586 0
795 165 0
1255 698 0
989 333 0
729 480 0
1224 400 0
594 102 0
808 528 0
1244 1102 0
1447 1089 0
1166 398 0
940 53 0
1111 719 0
730 87 0
1373 1085 0
1250 670 0
1106 954 0
722 16 0
1341 785 0
203 180 0
1213 330 0
1126 226 0
1143 353 0
1366 1051 0
1461 1090 0
1440 635 0
513 258 0
1093 975 0
951 210 0
1361 1296 0
1422 1093 0
689 515 0
492 217 0
1164 730 0
1205 505 0
879 607 0
781 425 0
1343 533 0
1194 274 0
1469 381 0
1287 50 0
736 121 0
893 371 0
804 645 0
1036 212 0
663 655 0
1486 731 0
230 208 0
980 292 0
1328 864 0
307 129 0
433 238 0
888 348 0
1183 662 0
1433 693 0
825 510 0
1109 779 0
271 197 0
1369 1170 0
1460 1372 0
1388 717 0
1287 104 0
604 496 0
1472 1210 0
876 565 0
1348 165 0
835 819 0
1173 921 0
1173 977 0
1457 193 0
1136 911 0
888 704 0
648 492 0
1445 303 0
1499 562 0
1221 1143 0
534 5 0
1183 1031 0
1243 401 0
1115 836 0
960 479 0
1280 566 0
1196 682 0
1307 920 0
892 170 0
1114 740 0
383 40 0
1423 328 0
1146 1138 0
1422 74 0
1384 164 0
999 678 0
1197 885 0
191 59 0
961 428 0
1483 968 0
1361 561 0
1273 535 0
1155 440 0
993 542 0
1225 29 0
618 312 0
1332 548 0
1385 928 0
476 108 0
983 427 0
1081 249 0
714 640 0
351 188 0
685 542 0
1324 706 0
1022 389 0
1451 1406 0
970 526 0
714 519 0
812 355 0
1477 467 0
810 341 0
664 189 0
1119 917 0
659 181 0
335 52 0
87 13 0
1366 878 0
385 141 0
965 240 0
1350 1195 0
1414 760 0
555 296 0
956 840 0
862 392 0
1344 805 0
1138 889 0
523 497 0
1218 194 0
1233 1087 0
1113 825 0
639 47 0
1425 643 0
1167 596 0
936 749 0
1241 1081 0
404 82 0
861 176 0
489 156 0
820 472 0
1183 334 0
421 239 0
1152 737 0
1356 601 0
1196 108 0
1327 412 0
1396 1284 0
1199 183 0
1177 26 0
1448 1080 0
353 40 0
982 921 0
1362 360 0
657 447 0
1371 155 0
595 583 0
1496 424 0
965 721 0
792 752 0
1216 84 0
458 288 0
1366 747 0
1373 327 0
1496 1489 0
993 214 0
720 359 0
1240 850 0
1071 913 0
1122 239 0
1333 313 0
1349 340 0
644 153 0
1397 1270 0
951 286 0
98 97 0
1068 81 0
649 558 0
1400 422 0
578 52 0
1343 1285 0
1347 675 0
676 570 0
726 514 0
1194 938 0
943 133 0
404 133 0
1334 897 0
940 434 0
1046 526 0
406 307 0
344 21 0
1142 114 0
1425 597 0
1415 495 0
1140 946 0
879 800 0
527 182 0
772 273 0
1386 156 0
1239 531 0
359 221 0
1223 1049 0
1396 455 0
1443 111 0
397 211 0
1399 1016 0
989 599 0
761 195 0
1294 876 0
1145 588 0
375 236 0
1117 135 0
1329 1288 0
817 439 0
656 381 0
643 285 0
911 508 0
1486 1309 0
1138 1031 0
1387 242 0
363 308 0
1189 429 0
992 320 0
1470 1138 0
1083 499 0
202 80 0
832 665 0
1204 543 0
798 82 0
608 483 0
861 740 0
874 775 0
1366 538 0
669 404 0
777 104 0
1422 978 0
404 15 0
1257 793 0
599 333 0
1355 1155 0
806 42 0
706 673 0
917 720 0
417 35 0
1080 189 0
1127 957 0
766 187 0
1412 1062 0
1113 149 0
1372 83 0
1294 939 0
1170 808 0
1026 299 0
645 342 0
1135 836 0
1491 1025 0
676 92 0
1407 1013 0
1196 837 0
1045 402 0
328 205 0
1474 192 0
1362 714 0
1405 42 0
614 308 0
464 387 0
1324 692 0
734 639 0
1340 457 0
1453 581 0
365 330 0
449 102 0
606 506 0
987 574 0
612 238 0
1238 496 0
42 20 0
980 276 0
1133 997 0
1113 970 0
774 212 0
847 272 0
605 438 0
1284 1238 0
1064 644 0
1286 809 0
1277 909 0
1260 741 0
1180 435 0
905 849 0
661 378 0
1224 1115 0
866 29 0
222 109 0
1109 430 0
1061 320 0
514 445 0
860 775 0
1290 366 0
1435 510 0
780 665 0
1340 1079 0
132 108 0
988 317 0
727 252 0
626 212 0
515 401 0
728 366 0
1162 800 0
1245 215 0
1330 458 0
1396 426 0
152 129 0
1461 362 0
1164 1063 0
1075 334 0
1243 965 0
863 449 0
707 703 0
834 373 0
1250 1131 0
968 364 0
1481 753 0
264 147 0
993 314 0
1087 207 0
1498 909 0
1118 304 0
1386 179 0
785 128 0
1032 1030 0
535 401 0
412 58 0
1041 335 0
1123 705 0
835 381 0
1214 706 0
1499 327 0
1107 918 0
763 476 0
913 182 0
867 779 0
537 195 0
925 623 0
803 2 0
1282 492 0
1418 285 0
1479 1241 0
381 275 0
518 159 0
801 521 0
1307 608 0
1097 876 0
770 485 0
1333 918 0
1479 1208 0
1331 1315 0
854 601 0
1093 1084 0
1204 1131 0
1159 1087 0
137 4 0
1318 260 0
1230 711 0
1050 101 0
869 611 0
1486 1127 0
577 399 0
197 17 0
1092 869 0
956 880 0
933 866 0
1394 1216 0
1096 1006 0
1314 383 0
588 405 0
777 64 0
1222 869 0
541 93 0
865 230 0
1327 742 0
966 599 0
462 220 0
850 645 0
1235 706 0
1411 243 0
818 495 0
1028 199 0
691 330 0
1365 980 0
514 325 0
1349 1128 0
1372 590 0
1414 880 0
1045 376 0
861 616 0
716 578 0
1029 442 0
1036 899 0
743 49 0
93 55 0
1410 410 0
1192 976 0
1397 1247 0
973 915 0
952 113 0
237 138 0
1245 402 0
396 177 0
590 315 0
234 42 0
1385 145 0
1132 168 0
517 459 0
631 179 0
751 273 0
123 26 0
1033 140 0
1272 1072 0
702 90 0
829 804 0
1372 645 0
265 229 0
573 93 0
1281 198 0
1500 669 0
1034 357 0
1467 698 0
1490 165 0
1463 1300 0
679 536 0
1492 1421 0
1374 283 0
1372 506 0
1392 973 0
770 217 0
739 49 0
1412 828 0
1463 997 0
838 135 0
316 150 0
1482 108 0
614 119 0
1175 212 0
470 188 0
880 137 0
1394 360 0
485 459 0
1356 758 0
1149 200 0
853 254 0
534 38 0
980 179 0
893 354 0
782 638 0
598 273 0
1399 918 0
1296 698 0
517 417 0
1391 612 0
1257 265 0
853 800 0
1386 326 0
1107 50 0
607 184 0
1271 1211 0
1348 55 0
955 926 0
1170 457 0
1310 68 0
1270 922 0
1212 90 0
1292 76 0
1410 1217 0
778 628 0
1374 807 0
722 178 0
553 458 0
1457 767 0
343 74 0
1275 193 0
780 364 0
634 168 0
585 313 0
1185 734 0
1006 908 0
836 543 0
1058 987 0
671 390 0
983 354 0
902 180 0
1424 1116 0
1301 962 0
701 290 0
1006 83 0
1435 1320 0
1451 1391 0
765 278 0
855 655 0
1111 181 0
240 15 0
320 199 0
678 181 0
1313 1184 0
1446 742 0
1032 140 0
1171 605 0
608 454 0
1170 910 0
1119 690 0
698 215 0
867 755 0
1364 233 0
942 700 0
1046 360 0
1011 598 0
1378 939 0
1339 93 0
1463 1153 0
328 147 0
718 474 0
844 490 0
1461 1209 0
1486 526 0
1097 259 0
951 718 0
1424 59 0
1033 873 0
1220 820 0
718 635 0
242 212 0
1243 1002 0
786 534 0
720 24 0
1014 910 0
683 666 0
1257 1071 0
397 335 0
915 43 0
842 219 0
1187 906 0
1150 493 0
1208 871 0
1014 134 0
1486 1056 0
558 322 0
1431 1035 0
1366 969 0
1450 587 0
1396 249 0
1405 436 0
613 511 0
647 264 0
1366 1340 0
585 295 0
1273 543 0
728 511 0
356 150 0
668 273 0
1421 79 0
801 717 0
710 541 0
1150 346 0
1122 759 0
1011 125 0
330 24 0
1314 69 0
600 390 0
516 186 0
565 548 0
1033 940 0
1294 862 0
1281 757 0
534 499 0
678 645 0
1268 907 0
772 612 0
517 49 0
1110 1098 0
676 287 0
1488 582 0
982 822 0
912 756 0
625 361 0
768 677 0
1083 956 0
1418 360 0
1058 739 0
1140 665 0
463 180 0
947 94 0
1393 886 0
847 756 0
1489 551 0
979 485 0
1318 1228 0
289 257 0
665 173 0
1448 1099 0
591 360 0
872 727 0
961 598 0
1422 1302 0
400 185 0
1099 923 0
492 105 0
1330 30 0
1343 775 0
713 197 0
871 658 0
136 15 0
693 355 0
1313 121 0
922 647 0
933 344 0
267 17 0
1422 1111 0
799 486 0
1091 572 0
1040 267 0
923 582 0
1444 696 0
883 711 0
1253 197 0
1435 1246 0
1318 834 0
1032 889 0
1464 832 0
1476 600 0
960 489 0
501 412 0
835 673 0
1358 665 0
180 154 0
926 282 0
901 80 0
523 501 0
619 162 0
611 163 0
884 388 0
1068 767 0
625 594 0
1123 332 0
789 261 0
1114 421 0
1459 1183 0
832 728 0
1011 475 0
726 131 0
1372 484 0
1450 365 0
1174 316 0
1314 145 0
800 637 0
840 216 0
1243 269 0
369 40 0
1330 1104 0
1203 143 0
269 224 0
671 27 0
1303 163 0
877 782 0
227 179 0
1315 548 0
1275 723 0
929 92 0
1415 656 0
1417 595 0
1111 614 0
736 452 0
952 935 0
1275 170 0
1342 907 0
1236 954 0
790 222 0
1300 446 0
1498 720 0
1282 1208 0
1488 1172 0
1364 684 0
1227 331 0
1162 1122 0
1160 58 0
1464 1187 0
1434 200 0
805 32 0
196 108 0
1258 1180 0
1446 1439 0
333 82 0
1426 91 0
1244 730 0
938 538 0
1443 1327 0
1017 988 0
514 111 0
839 599 0
892 539 0
172 95 0
1392 625 0
1156 751 0
968 217 0
1149 846 0
947 378 0
472 302 0
1394 740 0
587 210 0
449 151 0
1160 1038 0
564 245 0
1436 245 0
781 370 0
1292 249 0
1079 588 0
716 364 0
1218 22 0
1346 34 0
742 470 0
908 485 0
1289 600 0
813 415 0
784 704 0
984 216 0
1241 512 0
676 459 0
1415 407 0
1343 295 0
1077 882 0
746 101 0
1354 95 0
926 72 0
1375 1139 0
726 372 0
1475 977 0
739 625 0
866 134 0
1370 1288 0
944 48 0
975 245 0
992 98 0
1099 380 0
877 814 0
1262 342 0
796 792 0
1390 1137 0
1450 1272 0
1454 1430 0
1226 111 0
643 80 0
836 321 0
960 717 0
1036 420 0
1146 392 0
1374 1000 0
609 478 0
1330 800 0
1284 731 0
1474 937 0
830 129 0
1484 1413 0
1328 857 0
1243 56 0
1362 98 0
222 14 0
1216 633 0
399 9 0
893 755 0
1056 716 0
1024 460 0
1322 320 0
1448 1087 0
117 3 0
525 73 0
1203 1096 0
805 266 0
1486 278 0
1145 336 0
722 677 0
1212 186 0
1312 1262 0
1104 974 0
385 247 0
744 676 0
539 464 0
1427 609 0
962 63 0
1435 670 0
1202 28 0
925 870 0
711 663 0
1186 326 0
615 612 0
1431 1282 0
1009 809 0
654 253 0
1134 784 0
1085 351 0
1107 179 0
400 215 0
1491 1158 0
855 78 0
126 42 0
1496 367 0
1002 914 0
1210 430 0
802 733 0
985 832 0
730 349 0
1079 837 0
444 279 0
115 107 0
378 62 0
587 563 0
753 489 0
658 359 0
374 126 0
1221 570 0
501 152 0
1258 742 0
325 27 0
870 100 0
865 85 0
695 685 0
751 293 0
1329 52 0
954 668 0
1360 425 0
837 402 0
1461 402 0
1417 986 0
827 113 0
789 659 0
1423 258 0
824 657 0
1275 1187 0
1117 33 0
1150 466 0
597 141 0
1334 107 0
495 480 0
743 733 0
1338 1309 0
623 56 0
947 633 0
342 247 0
905 899 0
1018 500 0
1268 359 0
1034 916 0
614 588 0
1308 1257 0
1351 558 0
1060 847 0
1481 1374 0
384 91 0
805 377 0
930 50 0
1413 247 0
1161 339 0
870 382 0
1328 366 0
1425 189 0
1174 834 0
1243 1059 0
684 320 0
874 628 0
742 692 0
1338 84 0
1058 608 0
297 19 0
1426 824 0
1293 336 0
1371 308 0
424 331 0
572 143 0
1413 126 0
1000 143 0
1167 775 0
1167 426 0
1438 739 0
1319 230 0
912 821 0
1285 941 0
789 90 0
887 93 0
1341 735 0
1126 1048 0
1284 802 0
1246 868 0
612 474 0
405 279 0
1037 282 0
404 165 0
1242 479 0
616 263 0
794 389 0
254 240 0
964 734 0
422 151 0
1088 560 0
1009 95 0
1487 590 0
783 740 0
809 656 0
387 265 0
969 953 0
640 94 0
1072 203 0
246 34 0
1330 1085 0
988 110 0
1341 902 0
601 145 0
621 403 0
423 345 0
1071 60 0
1478 77 0
1203 644 0
744 512 0
1223 338 0
1350 48 0
847 417 0
573 469 0
1408 1323 0
133 97 0
841 467 0
611 119 0
287 99 0
1279 742 0
742 270 0
1125 514 0
642 233 0
721 583 0
1370 1306 0
1033 28 0
818 669 0
760 43 0
1214 845 0
1348 604 0
798 436 0
1002 22 0
742 688 0
441 87 0
1167 1138 0
968 94 0
611 107 0
517 467 0
937 725 0
1349 406 0
906 437 0
363 352 0
1183 627 0
1240 378 0
678 638 0
1069 321 0
1247 425 0
1080 726 0
1231 112 0
1279 909 0
749 703 0
1437 19 0
813 342 0
986 825 0
586 15 0
546 102 0
1427 1369 0
1006 332 0
935 335 0
1127 1022 0
767 20 0
1229 260 0
180 13 0
1067 211 0
1305 758 0
1181 645 0
1440 307 0
1441 55 0
1289 763 0
843 265 0
1286 538 0
491 330 0
918 50 0
901 640 0
1333 975 0
1141 248 0
1398 119 0
1045 112 0
476 261 0
1108 83 0
697 659 0
887 874 0
1024 950 0
1071 188 0
1326 1158 0
1180 75 0
1201 1009 0
1247 1164 0
402 202 0
275 129 0
766 46 0
865 602 0
1259 504 0
786 508 0
1373 712 0
1023 831 0
1418 1197 0
1310 1193 0
939 335 0
1197 493 0
432 19 0
542 293 0
1293 1259 0
1014 141 0
1051 811 0
1100 406 0
295 188 0
904 610 0
243 231 0
560 141 0
1429 1177 0
738 690 0
1049 384 0
923 301 0
1300 929 0
786 711 0
32 13 0
945 422 0
1474 1020 0
403 278 0
984 406 0
720 449 0
954 667 0
558 456 0
1066 190 0
745 230 0
1165 951 0
952 602 0
174 128 0
1496 778 0
313 28 0
465 271 0
540 87 0
1330 1300 0
1115 435 0
1181 960 0
860 139 0
1153 649 0
1487 1014 0
893 666 0
1281 1166 0
1419 935 0
1159 8 0
708 286 0
790 757 0
890 330 0
1058 171 0
791 445 0
1298 64 0
1025 804 0
888 41 0
641 207 0
1252 1241 0
1303 280 0
850 11 0
681 152 0
101 49 0
1442 246 0
1170 613 0
201 101 0
1441 404 0
1211 394 0
506 442 0
355 262 0
998 284 0
1224 781 0
1233 1006 0
1317 118 0
766 615 0
1222 33 0
539 133 0
1493 206 0
1125 484 0
1277 1035 0
699 312 0
1374 1301 0
427 142 0
1267 1050 0
523 471 0
1366 220 0
645 480 0
1030 508 0
186 17 0
1409 76 0
719 393 0
869 745 0
454 432 0
726 346 0
770 681 0
1255 486 0
753 418 0
655 106 0
894 890 0
907 533 0
744 733 0
1340 97 0
283 78 0
1440 999 0
1135 55 0
817 29 0
1151 1020 0
1256 160 0
809 239 0
592 150 0
984 82 0
1069 30 0
1496 862 0
1072 411 0
712 391 0
