1500 7000 
1 10 
2 92 
3 40 
4 143 
5 111 
6 13 
7 60 
8 107 
9 11 
10 26 
11 140 
12 61 
13 108 
14 23 
15 130 
16 36 
17 130 
18 88 
19 16 
20 135 
21 146 
22 108 
23 22 
24 58 
25 136 
26 57 
27 132 
28 11 
29 134 
30 18 
31 144 
32 135 
33 100 
34 34 
35 129 
36 61 
37 38 
38 39 
39 19 
40 39 
41 55 
42 149 
43 90 
44 14 
45 23 
46 70 
47 40 
48 144 
49 149 
50 46 
51 130 
52 146 
53 145 
54 142 
55 54 
56 131 
57 49 
58 37 
59 133 
60 34 
61 45 
62 127 
63 19 
64 135 
65 12 
66 138 
67 47 
68 41 
69 27 
70 57 
71 70 
72 73 
73 57 
74 11 
75 77 
76 71 
77 72 
78 108 
79 65 
80 72 
81 145 
82 45 
83 68 
84 140 
85 37 
86 113 
87 122 
88 76 
89 140 
90 105 
91 100 
92 35 
93 83 
94 110 
95 21 
96 86 
97 98 
98 59 
99 117 
100 116 
101 106 
102 38 
103 39 
104 14 
105 40 
106 107 
107 75 
108 102 
109 66 
110 130 
111 25 
112 61 
113 25 
114 84 
115 52 
116 52 
117 47 
118 25 
119 119 
120 37 
121 120 
122 70 
123 63 
124 54 
125 30 
126 74 
127 130 
128 119 
129 124 
130 98 
131 85 
132 81 
133 126 
134 115 
135 85 
136 16 
137 73 
138 10 
139 109 
140 129 
141 130 
142 124 
143 41 
144 146 
145 58 
146 84 
147 48 
148 95 
149 99 
150 18 
151 123 
152 69 
153 78 
154 36 
155 113 
156 98 
157 101 
158 94 
159 68 
160 75 
161 42 
162 143 
163 146 
164 18 
165 108 
166 81 
167 25 
168 32 
169 82 
170 124 
171 11 
172 63 
173 98 
174 43 
175 59 
176 146 
177 117 
178 98 
179 92 
180 66 
181 107 
182 65 
183 126 
184 35 
185 92 
186 90 
187 124 
188 43 
189 34 
190 42 
191 109 
192 66 
193 36 
194 105 
195 75 
196 134 
197 37 
198 90 
199 16 
200 110 
201 64 
202 18 
203 23 
204 13 
205 51 
206 73 
207 10 
208 19 
209 22 
210 93 
211 75 
212 119 
213 148 
214 52 
215 145 
216 91 
217 132 
218 119 
219 125 
220 16 
221 12 
222 84 
223 73 
224 38 
225 39 
226 138 
227 23 
228 67 
229 79 
230 29 
231 27 
232 134 
233 38 
234 41 
235 137 
236 80 
237 105 
238 138 
239 89 
240 117 
241 81 
242 15 
243 87 
244 80 
245 57 
246 82 
247 21 
248 39 
249 51 
250 136 
251 45 
252 54 
253 70 
254 109 
255 82 
256 100 
257 98 
258 95 
259 18 
260 27 
261 115 
262 36 
263 12 
264 143 
265 68 
266 139 
267 74 
268 23 
269 128 
270 13 
271 131 
272 59 
273 19 
274 68 
275 130 
276 66 
277 140 
278 141 
279 96 
280 42 
281 128 
282 132 
283 86 
284 49 
285 91 
286 18 
287 140 
288 39 
289 104 
290 148 
291 57 
292 69 
293 35 
294 59 
295 63 
296 93 
297 49 
298 127 
299 107 
300 27 
301 131 
302 88 
303 77 
304 140 
305 146 
306 57 
307 57 
308 137 
309 48 
310 143 
311 29 
312 27 
313 125 
314 106 
315 66 
316 67 
317 115 
318 56 
319 96 
320 69 
321 55 
322 143 
323 129 
324 80 
325 53 
326 42 
327 24 
328 92 
329 20 
330 121 
331 109 
332 141 
333 60 
334 37 
335 132 
336 56 
337 84 
338 39 
339 44 
340 123 
341 32 
342 64 
343 140 
344 148 
345 20 
346 57 
347 65 
348 125 
349 104 
350 12 
351 45 
352 149 
353 146 
354 24 
355 80 
356 49 
357 56 
358 94 
359 131 
360 66 
361 66 
362 91 
363 58 
364 116 
365 118 
366 40 
367 23 
368 52 
369 69 
370 57 
371 26 
372 92 
373 111 
374 16 
375 91 
376 122 
377 63 
378 146 
379 98 
380 17 
381 149 
382 134 
383 17 
384 145 
385 148 
386 87 
387 44 
388 55 
389 32 
390 26 
391 112 
392 88 
393 107 
394 20 
395 54 
396 76 
397 51 
398 67 
399 119 
400 111 
401 115 
402 135 
403 53 
404 77 
405 141 
406 135 
407 50 
408 55 
409 131 
410 138 
411 63 
412 130 
413 123 
414 71 
415 126 
416 121 
417 148 
418 20 
419 27 
420 31 
421 36 
422 129 
423 109 
424 134 
425 140 
426 14 
427 60 
428 42 
429 72 
430 29 
431 143 
432 37 
433 15 
434 46 
435 105 
436 147 
437 31 
438 145 
439 52 
440 13 
441 134 
442 106 
443 134 
444 107 
445 27 
446 110 
447 79 
448 26 
449 121 
450 96 
451 47 
452 148 
453 76 
454 147 
455 132 
456 67 
457 11 
458 43 
459 99 
460 73 
461 63 
462 92 
463 101 
464 68 
465 129 
466 56 
467 65 
468 11 
469 52 
470 108 
471 15 
472 36 
473 64 
474 139 
475 134 
476 82 
477 100 
478 63 
479 99 
480 71 
481 10 
482 136 
483 69 
484 76 
485 134 
486 52 
487 134 
488 136 
489 85 
490 83 
491 59 
492 138 
493 25 
494 11 
495 56 
496 145 
497 58 
498 111 
499 146 
500 100 
501 70 
502 11 
503 127 
504 124 
505 141 
506 111 
507 57 
508 92 
509 25 
510 146 
511 14 
512 25 
513 132 
514 74 
515 92 
516 117 
517 116 
518 76 
519 103 
520 52 
521 10 
522 13 
523 40 
524 26 
525 14 
526 87 
527 21 
528 63 
529 49 
530 18 
531 14 
532 109 
533 20 
534 131 
535 84 
536 11 
537 93 
538 131 
539 94 
540 108 
541 127 
542 98 
543 124 
544 110 
545 22 
546 66 
547 77 
548 129 
549 133 
550 30 
551 31 
552 133 
553 34 
554 61 
555 10 
556 39 
557 139 
558 21 
559 92 
560 38 
561 30 
562 96 
563 138 
564 40 
565 78 
566 72 
567 42 
568 21 
569 53 
570 126 
571 119 
572 31 
573 75 
574 93 
575 131 
576 87 
577 10 
578 59 
579 66 
580 133 
581 80 
582 87 
583 117 
584 104 
585 139 
586 118 
587 133 
588 128 
589 129 
590 75 
591 17 
592 10 
593 22 
594 146 
595 40 
596 90 
597 68 
598 73 
599 101 
600 112 
601 50 
602 71 
603 133 
604 115 
605 15 
606 115 
607 52 
608 15 
609 24 
610 109 
611 139 
612 94 
613 46 
614 107 
615 48 
616 36 
617 75 
618 32 
619 15 
620 55 
621 98 
622 23 
623 55 
624 110 
625 19 
626 86 
627 51 
628 78 
629 149 
630 143 
631 40 
632 50 
633 64 
634 23 
635 15 
636 69 
637 129 
638 58 
639 75 
640 143 
641 17 
642 64 
643 87 
644 54 
645 21 
646 126 
647 80 
648 87 
649 149 
650 86 
651 132 
652 97 
653 99 
654 38 
655 58 
656 108 
657 114 
658 99 
659 36 
660 114 
661 92 
662 67 
663 14 
664 146 
665 81 
666 19 
667 66 
668 60 
669 67 
670 131 
671 53 
672 75 
673 45 
674 131 
675 119 
676 57 
677 108 
678 49 
679 135 
680 107 
681 125 
682 117 
683 55 
684 75 
685 145 
686 103 
687 34 
688 110 
689 53 
690 61 
691 74 
692 135 
693 118 
694 79 
695 132 
696 49 
697 88 
698 49 
699 100 
700 146 
701 30 
702 144 
703 71 
704 66 
705 125 
706 40 
707 114 
708 84 
709 80 
710 99 
711 42 
712 56 
713 66 
714 87 
715 121 
716 62 
717 40 
718 146 
719 22 
720 83 
721 57 
722 87 
723 69 
724 25 
725 16 
726 52 
727 65 
728 95 
729 91 
730 15 
731 92 
732 111 
733 149 
734 13 
735 28 
736 125 
737 44 
738 132 
739 59 
740 115 
741 81 
742 91 
743 21 
744 138 
745 29 
746 133 
747 51 
748 59 
749 129 
750 63 
751 133 
752 36 
753 141 
754 53 
755 52 
756 147 
757 95 
758 107 
759 93 
760 37 
761 112 
762 35 
763 139 
764 112 
765 39 
766 17 
767 87 
768 74 
769 139 
770 137 
771 39 
772 71 
773 79 
774 51 
775 59 
776 98 
777 34 
778 101 
779 148 
780 14 
781 14 
782 132 
783 41 
784 146 
785 35 
786 83 
787 144 
788 121 
789 41 
790 87 
791 148 
792 143 
793 113 
794 137 
795 106 
796 142 
797 144 
798 43 
799 66 
800 134 
801 31 
802 96 
803 56 
804 100 
805 137 
806 106 
807 48 
808 22 
809 57 
810 46 
811 26 
812 62 
813 28 
814 58 
815 58 
816 54 
817 131 
818 52 
819 25 
820 22 
821 130 
822 24 
823 16 
824 93 
825 12 
826 113 
827 86 
828 146 
829 147 
830 143 
831 131 
832 28 
833 89 
834 37 
835 118 
836 76 
837 133 
838 17 
839 88 
840 41 
841 53 
842 104 
843 93 
844 72 
845 12 
846 141 
847 117 
848 134 
849 43 
850 132 
851 147 
852 24 
853 147 
854 14 
855 107 
856 149 
857 117 
858 44 
859 146 
860 114 
861 37 
862 127 
863 132 
864 116 
865 15 
866 101 
867 42 
868 139 
869 108 
870 120 
871 30 
872 12 
873 75 
874 113 
875 75 
876 78 
877 105 
878 42 
879 63 
880 139 
881 25 
882 60 
883 13 
884 22 
885 64 
886 111 
887 21 
888 32 
889 145 
890 18 
891 136 
892 32 
893 136 
894 118 
895 138 
896 141 
897 69 
898 31 
899 131 
900 28 
901 142 
902 12 
903 30 
904 67 
905 115 
906 96 
907 136 
908 71 
909 128 
910 50 
911 60 
912 143 
913 101 
914 63 
915 15 
916 15 
917 24 
918 27 
919 37 
920 20 
921 35 
922 24 
923 42 
924 21 
925 132 
926 31 
927 13 
928 52 
929 52 
930 135 
931 71 
932 44 
933 137 
934 91 
935 102 
936 103 
937 37 
938 89 
939 24 
940 16 
941 129 
942 74 
943 149 
944 81 
945 128 
946 15 
947 86 
948 142 
949 33 
950 114 
951 13 
952 59 
953 129 
954 45 
955 71 
956 111 
957 67 
958 74 
959 14 
960 110 
961 59 
962 75 
963 145 
964 47 
965 17 
966 98 
967 140 
968 45 
969 37 
970 14 
971 51 
972 17 
973 78 
974 51 
975 88 
976 56 
977 57 
978 25 
979 49 
980 80 
981 130 
982 52 
983 130 
984 109 
985 88 
986 51 
987 71 
988 146 
989 115 
990 76 
991 106 
992 25 
993 142 
994 101 
995 62 
996 149 
997 49 
998 52 
999 45 
1000 77 
1001 57 
1002 87 
1003 85 
1004 126 
1005 128 
1006 24 
1007 32 
1008 36 
1009 40 
1010 72 
1011 107 
1012 21 
1013 115 
1014 87 
1015 120 
1016 54 
1017 128 
1018 42 
1019 50 
1020 93 
1021 108 
1022 146 
1023 109 
1024 100 
1025 98 
1026 22 
1027 100 
1028 137 
1029 65 
1030 135 
1031 65 
1032 112 
1033 73 
1034 141 
1035 88 
1036 52 
1037 15 
1038 111 
1039 78 
1040 46 
1041 34 
1042 35 
1043 57 
1044 139 
1045 112 
1046 28 
1047 43 
1048 90 
1049 61 
1050 83 
1051 34 
1052 19 
1053 80 
1054 134 
1055 110 
1056 28 
1057 146 
1058 61 
1059 16 
1060 61 
1061 47 
1062 72 
1063 24 
1064 110 
1065 63 
1066 103 
1067 12 
1068 69 
1069 64 
1070 80 
1071 105 
1072 88 
1073 106 
1074 13 
1075 78 
1076 68 
1077 31 
1078 111 
1079 148 
1080 82 
1081 45 
1082 33 
1083 92 
1084 116 
1085 17 
1086 53 
1087 135 
1088 13 
1089 105 
1090 142 
1091 65 
1092 142 
1093 64 
1094 79 
1095 103 
1096 118 
1097 32 
1098 105 
1099 38 
1100 87 
1101 36 
1102 134 
1103 26 
1104 132 
1105 137 
1106 94 
1107 50 
1108 19 
1109 55 
1110 49 
1111 92 
1112 91 
1113 72 
1114 34 
1115 57 
1116 79 
1117 78 
1118 43 
1119 83 
1120 33 
1121 35 
1122 138 
1123 26 
1124 90 
1125 68 
1126 119 
1127 58 
1128 91 
1129 74 
1130 87 
1131 29 
1132 101 
1133 71 
1134 45 
1135 83 
1136 58 
1137 129 
1138 124 
1139 67 
1140 35 
1141 23 
1142 149 
1143 116 
1144 85 
1145 34 
1146 24 
1147 15 
1148 103 
1149 58 
1150 88 
1151 126 
1152 83 
1153 77 
1154 143 
1155 23 
1156 136 
1157 112 
1158 72 
1159 77 
1160 37 
1161 149 
1162 96 
1163 128 
1164 70 
1165 131 
1166 62 
1167 119 
1168 111 
1169 36 
1170 37 
1171 136 
1172 49 
1173 36 
1174 103 
1175 125 
1176 61 
1177 118 
1178 131 
1179 14 
1180 26 
1181 70 
1182 131 
1183 99 
1184 137 
1185 124 
1186 113 
1187 123 
1188 87 
1189 36 
1190 51 
1191 115 
1192 36 
1193 138 
1194 93 
1195 97 
1196 119 
1197 145 
1198 66 
1199 81 
1200 32 
1201 94 
1202 67 
1203 71 
1204 121 
1205 20 
1206 47 
1207 32 
1208 128 
1209 28 
1210 37 
1211 145 
1212 88 
1213 18 
1214 94 
1215 76 
1216 133 
1217 58 
1218 50 
1219 71 
1220 85 
1221 91 
1222 36 
1223 111 
1224 79 
1225 120 
1226 59 
1227 49 
1228 116 
1229 116 
1230 120 
1231 138 
1232 60 
1233 38 
1234 60 
1235 31 
1236 48 
1237 97 
1238 53 
1239 27 
1240 116 
1241 81 
1242 22 
1243 55 
1244 89 
1245 107 
1246 121 
1247 73 
1248 16 
1249 21 
1250 135 
1251 91 
1252 103 
1253 21 
1254 53 
1255 32 
1256 131 
1257 102 
1258 71 
1259 97 
1260 68 
1261 42 
1262 86 
1263 118 
1264 70 
1265 136 
1266 139 
1267 109 
1268 83 
1269 43 
1270 127 
1271 50 
1272 114 
1273 140 
1274 95 
1275 54 
1276 97 
1277 66 
1278 118 
1279 104 
1280 78 
1281 103 
1282 45 
1283 31 
1284 115 
1285 88 
1286 53 
1287 96 
1288 40 
1289 115 
1290 44 
1291 98 
1292 148 
1293 120 
1294 67 
1295 69 
1296 107 
1297 56 
1298 28 
1299 40 
1300 90 
1301 146 
1302 80 
1303 54 
1304 136 
1305 26 
1306 99 
1307 84 
1308 83 
1309 67 
1310 38 
1311 11 
1312 20 
1313 74 
1314 32 
1315 125 
1316 12 
1317 76 
1318 72 
1319 43 
1320 42 
1321 107 
1322 132 
1323 41 
1324 78 
1325 49 
1326 100 
1327 35 
1328 96 
1329 119 
1330 66 
1331 37 
1332 115 
1333 137 
1334 81 
1335 102 
1336 13 
1337 30 
1338 37 
1339 86 
1340 88 
1341 66 
1342 88 
1343 98 
1344 130 
1345 111 
1346 74 
1347 133 
1348 38 
1349 137 
1350 27 
1351 70 
1352 95 
1353 149 
1354 102 
1355 23 
1356 49 
1357 52 
1358 49 
1359 136 
1360 22 
1361 105 
1362 23 
1363 128 
1364 93 
1365 94 
1366 80 
1367 96 
1368 115 
1369 107 
1370 33 
1371 53 
1372 24 
1373 112 
1374 142 
1375 144 
1376 73 
1377 67 
1378 127 
1379 101 
1380 54 
1381 144 
1382 22 
1383 139 
1384 144 
1385 114 
1386 13 
1387 43 
1388 16 
1389 52 
1390 29 
1391 28 
1392 148 
1393 43 
1394 146 
1395 91 
1396 127 
1397 77 
1398 38 
1399 93 
1400 35 
1401 62 
1402 137 
1403 49 
1404 24 
1405 129 
1406 44 
1407 87 
1408 47 
1409 22 
1410 38 
1411 91 
1412 17 
1413 50 
1414 81 
1415 11 
1416 14 
1417 85 
1418 45 
1419 21 
1420 127 
1421 65 
1422 40 
1423 126 
1424 98 
1425 37 
1426 68 
1427 76 
1428 104 
1429 96 
1430 19 
1431 130 
1432 148 
1433 147 
1434 29 
1435 23 
1436 127 
1437 63 
1438 100 
1439 24 
1440 76 
1441 129 
1442 106 
1443 83 
1444 30 
1445 37 
1446 84 
1447 34 
1448 113 
1449 120 
1450 46 
1451 91 
1452 35 
1453 76 
1454 67 
1455 123 
1456 104 
1457 125 
1458 49 
1459 58 
1460 72 
1461 59 
1462 39 
1463 71 
1464 56 
1465 58 
1466 84 
1467 33 
1468 112 
1469 35 
1470 48 
1471 38 
1472 14 
1473 144 
1474 111 
1475 34 
1476 32 
1477 46 
1478 59 
1479 135 
1480 16 
1481 96 
1482 76 
1483 41 
1484 23 
1485 134 
1486 15 
1487 117 
1488 109 
1489 55 
1490 26 
1491 31 
1492 105 
1493 55 
1494 92 
1495 12 
1496 104 
1497 27 
1498 36 
1499 67 
1500 52 
1 923 0
1 629 0
1 769 0
923 904 0
769 713 0
769 724 0
713 1312 0
904 1254 0
1312 516 0
904 364 0
904 1056 0
364 1173 0
769 1397 0
724 633 0
923 1294 0
364 867 0
1312 98 0
1 1229 0
364 863 0
1254 661 0
923 125 0
863 18 0
125 752 0
863 1301 0
661 596 0
769 467 0
629 73 0
629 610 0
73 833 0
1301 166 0
1397 836 0
125 1356 0
661 1025 0
1301 311 0
516 273 0
752 497 0
516 860 0
1173 340 0
769 295 0
904 1386 0
1301 346 0
364 1046 0
1056 539 0
713 398 0
346 1412 0
98 542 0
1301 118 0
1397 251 0
860 71 0
1229 87 0
1056 60 0
661 729 0
1356 1082 0
340 1045 0
60 1224 0
497 800 0
904 1352 0
1294 532 0
98 579 0
860 348 0
18 37 0
860 1308 0
724 1307 0
713 1270 0
37 667 0
37 275 0
1025 490 0
542 190 0
713 614 0
532 54 0
863 1478 0
346 512 0
1025 1483 0
729 1096 0
863 522 0
1 902 0
833 886 0
346 706 0
346 887 0
166 694 0
1312 460 0
1045 841 0
1045 529 0
348 1066 0
490 819 0
490 108 0
1254 537 0
860 1445 0
125 224 0
833 709 0
118 484 0
1173 1288 0
1445 954 0
340 697 0
610 1111 0
954 547 0
364 929 0
1111 1092 0
769 989 0
729 1169 0
610 449 0
484 1455 0
1478 479 0
1092 1494 0
729 401 0
542 34 0
275 804 0
1169 826 0
73 485 0
516 772 0
1294 101 0
1494 351 0
841 1284 0
769 1065 0
1478 777 0
614 1266 0
1455 1411 0
273 802 0
1169 352 0
37 1434 0
1270 1326 0
1412 234 0
667 436 0
954 1090 0
841 1170 0
539 1101 0
1266 400 0
724 900 0
73 115 0
1045 1159 0
529 36 0
989 717 0
54 84 0
1397 536 0
1046 851 0
1169 1167 0
887 170 0
769 1471 0
348 1071 0
1101 140 0
224 353 0
400 759 0
886 1298 0
166 1037 0
713 1482 0
1445 924 0
547 501 0
166 269 0
1307 418 0
537 1006 0
1071 453 0
709 1421 0
614 1419 0
929 1209 0
1307 738 0
1209 64 0
1170 1213 0
697 478 0
851 1098 0
863 1203 0
512 978 0
954 156 0
867 1050 0
60 708 0
1294 1206 0
1412 1395 0
295 1166 0
709 1404 0
529 233 0
1169 1208 0
234 790 0
1050 703 0
819 742 0
1419 473 0
667 7 0
398 1375 0
115 1102 0
1166 1103 0
485 345 0
1270 940 0
833 1348 0
84 1418 0
1288 363 0
98 13 0
841 910 0
233 226 0
1082 1143 0
1159 1027 0
694 768 0
467 1055 0
101 513 0
1326 425 0
1046 762 0
166 1100 0
1050 680 0
804 8 0
166 377 0
887 870 0
101 655 0
536 17 0
340 771 0
497 625 0
954 1147 0
1082 1155 0
1111 520 0
759 76 0
1050 429 0
706 21 0
768 696 0
345 975 0
1173 1319 0
1203 279 0
501 214 0
1027 337 0
759 720 0
532 1109 0
1356 587 0
1096 789 0
1096 1461 0
772 1036 0
923 258 0
513 1021 0
802 318 0
1348 568 0
1375 856 0
398 1077 0
1229 1221 0
1397 990 0
610 1201 0
1254 1007 0
777 397 0
453 1472 0
1103 1265 0
1307 1361 0
353 983 0
720 773 0
1007 991 0
547 643 0
1312 282 0
1221 1033 0
337 193 0
1203 1225 0
467 912 0
1418 297 0
1050 993 0
724 219 0
596 857 0
520 1403 0
1404 128 0
297 358 0
1461 1123 0
856 1067 0
703 382 0
484 892 0
536 394 0
1167 526 0
352 249 0
449 721 0
643 183 0
1319 736 0
912 1447 0
17 52 0
170 739 0
282 1280 0
13 1104 0
1159 711 0
975 482 0
1065 1388 0
226 976 0
60 276 0
833 1247 0
473 1337 0
1123 51 0
1046 1041 0
60 1190 0
1326 154 0
568 256 0
1412 417 0
318 96 0
1421 1432 0
1247 1239 0
125 1333 0
1326 619 0
490 155 0
819 1426 0
989 496 0
398 1207 0
1333 97 0
516 1364 0
482 1353 0
836 447 0
1169 1117 0
1404 617 0
886 461 0
703 980 0
736 673 0
1067 1158 0
1111 344 0
1071 671 0
234 1355 0
980 1258 0
1082 1212 0
1221 1260 0
275 945 0
484 176 0
769 1381 0
1213 427 0
1455 110 0
482 714 0
1482 543 0
400 1309 0
904 317 0
989 1437 0
703 935 0
96 1140 0
7 1040 0
990 869 0
713 565 0
155 281 0
1066 229 0
234 328 0
762 1058 0
1155 1323 0
281 591 0
742 1399 0
543 1112 0
711 1138 0
614 160 0
989 895 0
1260 1181 0
282 562 0
1301 523 0
54 1415 0
427 127 0
485 222 0
1169 829 0
64 1051 0
520 1454 0
155 1349 0
1155 437 0
863 649 0
772 1014 0
940 621 0
769 962 0
1455 1079 0
516 29 0
1298 116 0
1050 1495 0
275 455 0
526 597 0
1155 43 0
694 59 0
1181 1157 0
1082 1172 0
1209 1469 0
1224 1183 0
101 549 0
36 961 0
713 433 0
193 360 0
351 798 0
234 828 0
1364 920 0
900 1124 0
1483 104 0
910 893 0
542 837 0
427 77 0
279 1118 0
317 15 0
1041 5 0
1143 62 0
345 984 0
1415 1376 0
697 639 0
945 635 0
1169 1199 0
485 1295 0
828 725 0
125 1242 0
96 632 0
798 965 0
777 879 0
1469 1336 0
1158 866 0
1014 575 0
1355 440 0
1036 293 0
479 517 0
980 577 0
1173 636 0
1356 332 0
619 415 0
1298 756 0
1312 466 0
1415 834 0
517 877 0
993 1189 0
1007 603 0
667 391 0
115 1450 0
1495 1372 0
345 483 0
501 784 0
1124 1267 0
697 1023 0
619 347 0
697 463 0
1239 654 0
539 1268 0
1254 1281 0
1055 6 0
1381 90 0
352 354 0
736 494 0
1239 1032 0
1319 595 0
18 1034 0
6 456 0
1432 1148 0
1201 1291 0
116 266 0
1288 1345 0
1333 979 0
417 1269 0
52 727 0
110 89 0
1353 504 0
614 1185 0
437 848 0
1418 507 0
229 996 0
516 853 0
1336 11 0
1111 594 0
636 815 0
17 1300 0
713 1243 0
1014 722 0
249 1475 0
655 218 0
87 1433 0
1101 842 0
1207 476 0
437 468 0
804 203 0
463 1038 0
1224 987 0
43 1317 0
1269 4 0
394 889 0
29 1297 0
721 817 0
281 371 0
21 307 0
360 955 0
1077 947 0
1046 1048 0
1058 1391 0
804 1195 0
1066 495 0
176 105 0
279 816 0
98 254 0
1118 1020 0
1065 378 0
440 1477 0
1418 416 0
5 1390 0
1172 263 0
1418 1145 0
887 911 0
337 1211 0
1040 165 0
1 926 0
344 191 0
940 299 0
851 858 0
497 330 0
295 1230 0
501 336 0
1065 142 0
1206 642 0
736 1019 0
43 301 0
1055 1163 0
654 1277 0
1 303 0
391 678 0
318 831 0
1432 1074 0
769 960 0
226 1462 0
517 459 0
1260 878 0
1050 1026 0
1169 571 0
833 1405 0
1092 602 0
437 1005 0
1038 1133 0
863 1346 0
565 42 0
1229 1152 0
961 493 0
140 283 0
461 284 0
352 953 0
617 27 0
1319 1468 0
1048 999 0
1352 100 0
1203 172 0
1181 506 0
877 324 0
856 659 0
21 470 0
975 40 0
1388 1161 0
526 225 0
303 757 0
711 510 0
166 731 0
1123 620 0
1267 875 0
853 1302 0
1051 914 0
1023 930 0
579 405 0
857 859 0
756 1132 0
617 144 0
1155 1219 0
989 872 0
1109 658 0
614 1285 0
912 977 0
254 1069 0
696 333 0
706 158 0
1159 933 0
889 847 0
459 580 0
307 24 0
1056 1008 0
878 1340 0
1266 441 0
602 570 0
397 1344 0
1041 786 0
1185 598 0
697 1456 0
1006 35 0
90 627 0
975 845 0
1048 589 0
336 623 0
1333 734 0
269 327 0
987 271 0
893 668 0
833 1387 0
929 906 0
52 558 0
860 903 0
643 793 0
829 554 0
118 808 0
1183 774 0
1355 10 0
6 1022 0
360 1144 0
1312 130 0
1319 260 0
417 159 0
1399 928 0
284 573 0
904 1228 0
1454 1378 0
639 601 0
382 67 0
1353 30 0
575 1367 0
731 1028 0
1225 1325 0
1375 1252 0
955 1068 0
504 1153 0
1046 91 0
1046 508 0
478 582 0
1281 137 0
1419 1126 0
1434 766 0
1494 1042 0
673 556 0
786 1425 0
866 531 0
1495 1227 0
914 898 0
67 1313 0
460 672 0
614 1282 0
1112 171 0
67 550 0
889 209 0
1421 1188 0
397 457 0
224 1216 0
1109 289 0
711 760 0
1144 320 0
757 1175 0
601 386 0
902 732 0
1104 1368 0
713 502 0
40 112 0
482 1287 0
1100 350 0
1368 55 0
577 1060 0
1437 931 0
911 1004 0
15 1085 0
457 28 0
550 795 0
297 715 0
714 294 0
1098 1414 0
1455 1151 0
1038 150 0
1203 1343 0
1143 1084 0
582 1290 0
729 1383 0
727 615 0
772 152 0
1391 803 0
914 272 0
833 687 0
1036 1052 0
307 630 0
658 174 0
398 1250 0
914 200 0
602 451 0
1447 957 0
87 1476 0
105 1351 0
771 676 0
289 832 0
1181 1222 0
449 194 0
610 830 0
1172 1000 0
999 748 0
490 413 0
463 788 0
307 581 0
1294 428 0
1216 1321 0
1301 274 0
1008 1484 0
98 448 0
529 1182 0
1036 1431 0
975 1407 0
1411 393 0
539 1121 0
1260 1073 0
429 959 0
562 342 0
1163 95 0
1361 343 0
847 308 0
1004 950 0
1284 1330 0
273 814 0
60 65 0
549 167 0
1239 701 0
1348 1303 0
1211 361 0
170 1218 0
1297 533 0
358 1179 0
1216 1076 0
52 1215 0
1407 592 0
98 1044 0
54 767 0
1079 1255 0
1414 446 0
1348 794 0
1300 1487 0
36 948 0
987 365 0
1069 941 0
28 779 0
275 445 0
722 368 0
77 410 0
318 1062 0
537 230 0
987 119 0
539 586 0
190 807 0
724 1380 0
694 1409 0
1062 1233 0
1386 969 0
734 552 0
1297 438 0
467 1444 0
1199 1039 0
1308 123 0
979 1398 0
1230 1235 0
62 1054 0
759 122 0
814 204 0
174 32 0
766 700 0
1025 726 0
1090 31 0
960 177 0
1098 359 0
343 985 0
633 744 0
1432 423 0
1478 1318 0
506 936 0
348 286 0
218 1214 0
1326 611 0
589 83 0
398 1072 0
826 899 0
1023 147 0
550 548 0
1208 1035 0
1062 341 0
552 664 0
856 741 0
795 1296 0
756 1384 0
352 1196 0
911 1011 0
1297 753 0
150 1406 0
1301 450 0
788 70 0
1143 19 0
286 852 0
1050 590 0
415 1081 0
1461 881 0
814 187 0
739 149 0
7 1017 0
343 561 0
989 1370 0
852 1127 0
258 787 0
1017 99 0
96 22 0
1387 178 0
484 718 0
1155 844 0
1313 1382 0
1303 220 0
1039 925 0
556 599 0
1181 1451 0
1229 477 0
282 938 0
1323 1278 0
664 967 0
1213 179 0
923 1283 0
673 264 0
1375 764 0
191 248 0
1096 626 0
962 716 0
1432 1379 0
1071 801 0
834 675 0
108 660 0
729 1362 0
254 267 0
311 1164 0
200 3 0
1399 14 0
377 291 0
790 443 0
350 310 0
137 861 0
795 823 0
696 1001 0
10 432 0
1433 1204 0
726 39 0
342 1366 0
1362 628 0
1411 396 0
568 133 0
105 66 0
1209 1012 0
224 304 0
281 981 0
1224 120 0
1060 557 0
371 379 0
914 737 0
1084 247 0
549 689 0
1155 1192 0
1437 61 0
1353 1244 0
120 1463 0
178 184 0
554 1322 0
671 1485 0
784 1338 0
1280 746 0
581 1031 0
118 380 0
1206 414 0
929 567 0
828 824 0
703 584 0
910 305 0
345 404 0
371 686 0
304 355 0
532 921 0
342 503 0
1495 883 0
1069 818 0
1069 805 0
448 290 0
980 1464 0
904 1043 0
636 81 0
829 588 0
633 395 0
1000 157 0
729 644 0
1398 1246 0
191 530 0
352 408 0
1368 1473 0
562 1088 0
697 20 0
860 1410 0
395 918 0
708 1449 0
1325 1365 0
99 94 0
1041 185 0
295 215 0
844 1279 0
571 607 0
779 268 0
1019 235 0
520 704 0
268 1110 0
327 245 0
819 475 0
828 646 0
218 1446 0
1246 982 0
1222 412 0
264 399 0
410 134 0
120 1116 0
336 1275 0
1068 78 0
167 1257 0
1230 208 0
1384 651 0
833 637 0
1000 1223 0
520 888 0
965 1457 0
475 574 0
251 806 0
558 1497 0
570 323 0
332 695 0
428 949 0
282 932 0
1404 1371 0
15 1316 0
62 1442 0
711 1489 0
1182 855 0
929 292 0
1312 205 0
461 719 0
695 186 0
649 1232 0
1225 9 0
787 1245 0
1074 897 0
1190 1137 0
766 339 0
510 498 0
816 583 0
936 545 0
607 1129 0
703 406 0
834 175 0
978 259 0
1028 797 0
66 366 0
741 1146 0
502 48 0
1123 1016 0
574 472 0
548 1339 0
1288 1156 0
938 389 0
96 1311 0
732 63 0
526 730 0
680 754 0
619 369 0
807 1435 0
460 228 0
259 896 0
596 854 0
337 1162 0
1192 285 0
625 474 0
671 1423 0
1455 236 0
889 939 0
224 439 0
619 1226 0
503 647 0
59 1149 0
1386 1304 0
119 1210 0
1006 1093 0
1100 80 0
1370 728 0
323 1293 0
1223 1470 0
999 1424 0
1004 1128 0
156 419 0
1280 356 0
1303 1496 0
1032 1249 0
1101 733 0
10 838 0
6 1460 0
1375 952 0
727 908 0
1173 743 0
1477 560 0
644 569 0
1463 922 0
397 210 0
228 1122 0
1033 1474 0
272 280 0
1370 201 0
475 874 0
879 1083 0
872 521 0
225 515 0
320 905 0
1419 813 0
579 1499 0
230 809 0
922 315 0
1470 810 0
1268 1193 0
1221 199 0
1494 1306 0
1468 566 0
713 1314 0
759 464 0
757 277 0
1016 41 0
510 240 0
800 1080 0
13 519 0
1077 126 0
1242 481 0
801 189 0
598 1422 0
975 765 0
201 223 0
1469 998 0
1016 1241 0
588 514 0
940 1086 0
824 1360 0
144 1439 0
801 775 0
1265 616 0
1109 207 0
800 1009 0
393 217 0
877 683 0
689 500 0
318 12 0
1435 710 0
263 136 0
96 1053 0
1419 681 0
229 161 0
1411 72 0
295 1467 0
63 1492 0
1398 69 0
65 1114 0
1144 677 0
62 1168 0
1206 656 0
365 462 0
32 840 0
69 296 0
1169 970 0
730 1120 0
646 26 0
100 946 0
834 287 0
565 198 0
711 103 0
394 555 0
984 770 0
406 426 0
413 114 0
1006 367 0
629 1465 0
823 325 0
149 538 0
116 1359 0
1361 1238 0
975 1335 0
1258 1178 0
297 1436 0
591 631 0
989 609 0
310 1259 0
589 56 0
482 1458 0
398 894 0
1044 85 0
32 1113 0
1294 1115 0
440 973 0
1472 1329 0
550 196 0
519 679 0
1340 1402 0
1005 1180 0
1128 758 0
714 699 0
5 974 0
1469 381 0
13 255 0
110 640 0
27 407 0
848 1452 0
1250 1063 0
428 1108 0
703 357 0
1235 312 0
1258 1237 0
580 882 0
932 843 0
1325 1459 0
247 1389 0
477 46 0
1249 23 0
758 890 0
767 1099 0
980 50 0
983 1488 0
1258 811 0
989 1236 0
918 785 0
291 486 0
1108 1089 0
54 1160 0
78 862 0
1468 143 0
65 92 0
771 139 0
920 1049 0
507 915 0
1071 1131 0
200 618 0
708 322 0
529 1417 0
1076 68 0
1469 1373 0
254 1003 0
569 1396 0
512 846 0
1080 1139 0
1339 431 0
219 1486 0
832 901 0
1223 1194 0
405 75 0
1447 682 0
128 723 0
904 1286 0
779 778 0
932 1134 0
154 1320 0
1296 1357 0
377 206 0
460 93 0
1285 745 0
900 944 0
984 641 0
215 868 0
686 212 0
1210 968 0
530 666 0
63 1498 0
1053 1350 0
603 195 0
677 58 0
208 57 0
1437 164 0
754 1363 0
1357 986 0
660 169 0
809 1413 0
637 430 0
1395 197 0
115 319 0
1170 755 0
234 309 0
1025 913 0
1122 329 0
215 1342 0
225 232 0
1267 373 0
369 221 0
179 1018 0
1111 1177 0
1227 865 0
418 693 0
950 313 0
1484 253 0
510 237 0
1235 1198 0
664 864 0
1026 1171 0
1017 535 0
794 1427 0
786 747 0
887 1289 0
523 956 0
1132 937 0
508 181 0
1214 1292 0
15 252 0
299 1024 0
179 1491 0
1296 1385 0
801 86 0
310 1136 0
864 1440 0
864 534 0
4 1059 0
1270 1310 0
70 1429 0
628 964 0
1 420 0
1259 162 0
1204 648 0
1151 527 0
562 321 0
381 298 0
915 593 0
886 188 0
80 1332 0
1488 452 0
681 424 0
172 74 0
601 1184 0
351 1347 0
177 238 0
37 669 0
1049 1331 0
140 334 0
35 1141 0
969 662 0
969 1107 0
1485 578 0
346 608 0
759 684 0
1227 544 0
1296 873 0
641 16 0
1233 124 0
957 1002 0
581 44 0
623 1493 0
175 509 0
194 1453 0
527 2 0
615 1135 0
719 1394 0
694 1097 0
938 919 0
318 791 0
1363 192 0
743 1217 0
346 202 0
611 173 0
473 422 0
1376 546 0
455 211 0
59 971 0
345 1315 0
745 1030 0
1467 688 0
408 564 0
1179 1197 0
769 1105 0
1329 1500 0
1310 1256 0
1063 302 0
1269 306 0
1228 849 0
1476 1324 0
401 492 0
62 540 0
1035 153 0
999 835 0
470 1187 0
843 1078 0
1128 392 0
1467 1272 0
603 781 0
676 712 0
516 1441 0
1135 963 0
256 553 0
1083 1299 0
160 1276 0
1199 1354 0
1166 148 0
719 916 0
643 33 0
531 761 0
260 885 0
1108 1125 0
430 262 0
1215 880 0
350 1479 0
999 1015 0
1215 1010 0
926 244 0
134 326 0
1378 421 0
1228 612 0
1336 487 0
947 1186 0
347 1029 0
513 1013 0
655 909 0
1103 707 0
1115 1327 0
268 241 0
621 524 0
554 300 0
20 261 0
1307 454 0
1474 1091 0
382 47 0
1371 141 0
781 1262 0
1309 1087 0
467 288 0
164 934 0
816 674 0
1360 1377 0
579 376 0
368 151 0
612 168 0
237 88 0
715 1154 0
1069 891 0
1379 1273 0
360 604 0
1005 650 0
766 638 0
244 972 0
1316 1408 0
649 113 0
1109 780 0
1164 691 0
1213 1358 0
1054 403 0
878 1106 0
931 53 0
916 182 0
92 663 0
832 958 0
1398 145 0
1112 278 0
566 131 0
632 1094 0
1219 387 0
1093 1061 0
700 239 0
632 372 0
92 576 0
1063 1274 0
929 702 0
1002 927 0
1175 585 0
65 1264 0
895 491 0
566 1466 0
1359 1047 0
210 1200 0
1311 1428 0
1079 1341 0
1264 163 0
656 314 0
1177 250 0
474 1095 0
1085 541 0
547 1420 0
439 850 0
436 782 0
1018 488 0
931 499 0
1338 243 0
1493 613 0
1280 383 0
885 988 0
245 812 0
1420 270 0
1361 763 0
1067 792 0
1139 132 0
566 705 0
24 685 0
745 528 0
699 409 0
837 665 0
438 1271 0
1492 551 0
524 1416 0
1072 645 0
965 1174 0
1386 1393 0
48 1130 0
938 375 0
1108 102 0
44 82 0
651 624 0
422 1305 0
774 827 0
975 992 0
1223 1075 0
1427 1070 0
789 316 0
996 563 0
962 107 0
1138 692 0
254 997 0
1343 370 0
1450 749 0
1332 465 0
1488 634 0
1304 1220 0
1133 1191 0
448 1401 0
1148 1443 0
551 1448 0
460 385 0
233 25 0
137 49 0
218 388 0
654 1392 0
447 117 0
329 411 0
1489 1176 0
515 511 0
1388 572 0
1172 600 0
47 331 0
152 1374 0
35 1165 0
251 38 0
481 1064 0
496 1205 0
594 109 0
635 1438 0
996 966 0
249 111 0
51 1490 0
52 871 0
1208 79 0
301 180 0
620 783 0
1388 951 0
1260 1400 0
905 242 0
260 390 0
511 213 0
1198 146 0
499 489 0
956 653 0
1063 434 0
1003 796 0
1146 1430 0
243 135 0
693 1251 0
677 106 0
333 349 0
357 876 0
933 690 0
176 917 0
1485 1150 0
164 1334 0
56 1480 0
843 45 0
973 735 0
1087 384 0
207 480 0
1287 943 0
754 435 0
721 227 0
1343 442 0
78 458 0
796 740 0
589 907 0
191 652 0
795 265 0
1040 469 0
1330 1142 0
1453 622 0
48 525 0
1018 776 0
1092 820 0
671 1248 0
173 1057 0
612 216 0
987 402 0
541 1119 0
1055 821 0
1268 1253 0
415 1481 0
1404 606 0
1081 1263 0
645 444 0
1148 505 0
945 670 0
1346 362 0
448 884 0
177 246 0
163 559 0
450 138 0
914 799 0
1071 750 0
811 825 0
482 994 0
862 942 0
228 1202 0
1201 121 0
1239 1231 0
771 231 0
880 698 0
137 995 0
999 1234 0
292 129 0
1017 374 0
1104 257 0
1433 1261 0
1354 1240 0
509 822 0
1016 605 0
1442 1369 0
1431 518 0
1323 338 0
130 471 0
296 335 0
1274 839 0
151 751 0
1396 657 0
429 1328 0
340 304 0
1212 360 0
1394 220 0
720 434 0
1235 309 0
602 174 0
1315 195 0
1084 451 0
1117 125 0
1145 601 0
485 443 0
623 358 0
1141 1027 0
1262 465 0
1095 649 0
243 236 0
1456 343 0
1299 741 0
1190 946 0
856 271 0
595 269 0
846 688 0
1380 262 0
309 45 0
1392 573 0
1264 1256 0
859 93 0
1162 940 0
1439 1132 0
1024 881 0
1460 356 0
1479 426 0
516 44 0
1350 243 0
674 119 0
1338 339 0
1477 1392 0
1477 506 0
844 645 0
1085 1011 0
1114 398 0
973 967 0
1251 866 0
540 224 0
537 159 0
716 510 0
592 278 0
395 10 0
1483 813 0
1329 700 0
942 517 0
549 535 0
480 397 0
734 677 0
630 236 0
1472 997 0
1462 613 0
1064 1055 0
1126 44 0
1399 748 0
1477 582 0
1071 118 0
1376 329 0
442 308 0
846 668 0
308 31 0
1409 239 0
805 178 0
155 66 0
668 2 0
1351 397 0
1124 1050 0
1180 583 0
1067 605 0
1247 632 0
1296 687 0
1285 322 0
1380 760 0
1355 12 0
1264 1086 0
1191 1055 0
686 310 0
1378 1083 0
1284 992 0
1005 28 0
211 77 0
1251 756 0
946 441 0
1085 542 0
762 279 0
775 387 0
1052 682 0
1314 164 0
491 487 0
1141 575 0
436 166 0
579 549 0
1017 743 0
915 301 0
600 45 0
1216 992 0
640 490 0
1274 559 0
788 21 0
1244 676 0
963 14 0
219 36 0
973 478 0
761 552 0
1372 532 0
542 192 0
1413 1306 0
318 9 0
1481 238 0
1181 1094 0
1053 813 0
1495 1456 0
842 680 0
1415 1131 0
1078 677 0
1135 969 0
593 572 0
131 16 0
874 47 0
770 514 0
1148 954 0
976 418 0
963 869 0
318 316 0
1337 1034 0
1134 1011 0
1257 742 0
1482 1199 0
811 659 0
1483 767 0
1222 764 0
1258 1180 0
1499 631 0
434 302 0
1470 1302 0
1370 1016 0
694 314 0
1381 1365 0
1406 1196 0
650 380 0
1026 627 0
914 668 0
639 40 0
1327 868 0
766 754 0
1253 209 0
894 285 0
969 462 0
1259 1080 0
1249 1136 0
1237 1103 0
808 556 0
512 88 0
456 36 0
868 772 0
1432 24 0
1222 792 0
287 195 0
1413 41 0
1467 52 0
174 146 0
1112 1071 0
1218 433 0
161 74 0
1194 473 0
1181 190 0
1380 46 0
1381 92 0
1025 768 0
1277 119 0
277 221 0
1450 898 0
462 446 0
696 245 0
1270 665 0
895 289 0
1433 147 0
400 285 0
1319 79 0
1178 306 0
1312 238 0
1009 660 0
1428 699 0
1408 214 0
1107 475 0
736 510 0
1334 656 0
684 126 0
790 342 0
1234 1021 0
606 134 0
809 205 0
714 284 0
1360 446 0
824 774 0
1391 243 0
996 382 0
576 97 0
1260 1208 0
1429 576 0
1400 777 0
1290 1174 0
1376 725 0
1474 1025 0
1466 324 0
1120 967 0
850 585 0
1396 1055 0
1189 1096 0
458 271 0
1042 349 0
940 633 0
1108 506 0
935 34 0
784 140 0
449 5 0
1189 939 0
377 158 0
817 657 0
1427 1198 0
1290 1070 0
1017 407 0
663 618 0
1474 1165 0
795 353 0
1058 359 0
1363 7 0
1274 460 0
1204 575 0
1093 223 0
1189 412 0
1076 939 0
780 111 0
1027 948 0
1040 57 0
711 106 0
243 55 0
1343 68 0
451 105 0
1214 304 0
1418 1117 0
1135 407 0
325 53 0
994 446 0
1470 309 0
848 389 0
1090 723 0
1150 1020 0
928 130 0
1362 844 0
1053 904 0
523 516 0
799 322 0
1245 6 0
443 299 0
1127 146 0
645 529 0
1432 1427 0
800 765 0
1366 222 0
997 958 0
1433 451 0
879 319 0
1266 148 0
926 457 0
1361 523 0
1451 903 0
957 539 0
1185 170 0
240 136 0
371 146 0
1079 345 0
1160 321 0
493 8 0
1466 1428 0
1120 416 0
980 730 0
1043 582 0
571 299 0
1349 941 0
832 397 0
1198 384 0
1447 581 0
1153 624 0
856 244 0
197 4 0
589 538 0
1071 1021 0
1446 394 0
994 151 0
873 307 0
913 754 0
888 793 0
1238 948 0
430 17 0
1283 440 0
1065 545 0
197 163 0
557 335 0
535 258 0
310 274 0
669 266 0
1204 401 0
1200 1025 0
830 642 0
1161 1022 0
666 393 0
1284 920 0
430 420 0
877 391 0
1104 423 0
936 839 0
1484 919 0
1030 598 0
1485 688 0
827 483 0
1049 1 0
549 370 0
1353 859 0
969 305 0
1135 539 0
585 18 0
1331 752 0
1441 603 0
1369 627 0
1398 1257 0
1213 428 0
870 603 0
1412 884 0
1334 1150 0
1021 638 0
1446 211 0
1492 1166 0
490 477 0
1131 909 0
816 178 0
1260 1119 0
1312 1275 0
251 147 0
1332 150 0
490 370 0
1132 425 0
632 56 0
438 305 0
301 164 0
594 433 0
936 139 0
1091 141 0
809 190 0
675 184 0
1458 1285 0
1393 1014 0
892 747 0
1284 185 0
1329 782 0
647 637 0
1163 483 0
993 722 0
1084 838 0
1047 197 0
718 583 0
1489 727 0
967 204 0
701 659 0
455 122 0
1488 239 0
1075 1019 0
1340 190 0
1298 689 0
1104 743 0
1148 100 0
1387 1030 0
499 252 0
1310 72 0
1455 82 0
582 544 0
1438 354 0
860 800 0
1236 684 0
686 172 0
1093 632 0
1185 420 0
400 304 0
1411 216 0
895 256 0
1388 401 0
398 56 0
1467 596 0
813 708 0
1155 109 0
998 783 0
1085 276 0
1140 473 0
1389 1035 0
1291 1165 0
1227 604 0
1376 188 0
757 503 0
1024 851 0
1152 249 0
1338 1270 0
339 110 0
1000 510 0
1428 945 0
1352 1275 0
930 495 0
358 32 0
1283 317 0
1267 138 0
1286 1261 0
1454 1007 0
740 637 0
899 346 0
154 129 0
536 174 0
1268 546 0
1396 1008 0
667 243 0
1228 992 0
600 353 0
1333 631 0
504 326 0
1239 1013 0
908 887 0
1478 147 0
976 584 0
282 105 0
1351 561 0
1235 578 0
1062 725 0
949 468 0
1032 883 0
1115 193 0
1378 1001 0
924 890 0
906 394 0
717 133 0
991 420 0
464 107 0
1455 635 0
621 482 0
281 53 0
644 68 0
1092 902 0
320 151 0
837 473 0
742 36 0
1432 1011 0
1070 368 0
1434 1303 0
401 26 0
819 283 0
246 215 0
1302 881 0
1223 185 0
1498 502 0
630 621 0
1255 33 0
1348 1046 0
1386 1024 0
672 104 0
684 208 0
858 686 0
1301 665 0
341 49 0
1261 728 0
512 361 0
793 542 0
567 179 0
691 25 0
704 178 0
841 78 0
745 459 0
953 726 0
1378 568 0
811 86 0
1268 914 0
445 8 0
676 626 0
709 44 0
63 7 0
786 218 0
1082 1037 0
254 127 0
249 41 0
645 137 0
240 27 0
677 648 0
1410 896 0
1369 1003 0
360 202 0
434 426 0
302 226 0
930 885 0
1371 1190 0
455 222 0
453 130 0
1464 165 0
914 504 0
725 419 0
607 279 0
1153 812 0
1110 231 0
961 129 0
1496 424 0
938 241 0
1257 60 0
1263 653 0
1037 996 0
1427 284 0
1448 486 0
1039 819 0
634 466 0
1009 138 0
1070 211 0
681 308 0
1197 257 0
1096 559 0
960 608 0
1082 205 0
908 898 0
1025 668 0
1165 1035 0
957 662 0
1384 744 0
994 550 0
1060 27 0
1456 680 0
938 432 0
1399 572 0
628 620 0
1117 405 0
1018 469 0
1275 578 0
1473 357 0
1011 1000 0
504 250 0
1224 230 0
606 443 0
1153 668 0
1132 1036 0
462 51 0
398 337 0
1298 87 0
1109 489 0
1141 761 0
1465 793 0
641 407 0
503 19 0
904 713 0
1257 682 0
1038 381 0
1367 136 0
829 614 0
1411 1372 0
1238 638 0
1294 803 0
930 169 0
1184 690 0
551 350 0
755 695 0
1340 928 0
1245 741 0
1267 955 0
1082 741 0
1212 528 0
615 349 0
1193 1154 0
846 347 0
863 613 0
709 637 0
1413 807 0
979 33 0
813 597 0
1196 395 0
1479 40 0
1401 544 0
1151 1144 0
589 176 0
1488 774 0
1464 330 0
1388 370 0
1020 811 0
1327 47 0
602 569 0
885 209 0
1021 216 0
1427 919 0
1283 622 0
439 353 0
300 49 0
1488 1478 0
1410 820 0
1280 1191 0
1253 1212 0
953 862 0
926 606 0
1396 565 0
287 107 0
1254 532 0
666 140 0
765 307 0
1148 977 0
1183 763 0
1116 613 0
706 171 0
1156 161 0
979 51 0
1350 917 0
1297 192 0
960 390 0
1310 175 0
1165 378 0
1400 1350 0
1107 43 0
1311 732 0
703 47 0
122 113 0
1227 479 0
1462 1300 0
456 136 0
1263 314 0
1450 1418 0
1482 221 0
992 260 0
1194 155 0
924 565 0
1357 97 0
1060 203 0
967 835 0
1078 626 0
1251 719 0
1233 444 0
480 109 0
845 669 0
718 54 0
853 401 0
1431 1266 0
1213 696 0
548 98 0
1216 1215 0
377 193 0
1419 1025 0
766 81 0
1450 847 0
994 603 0
233 9 0
588 421 0
1001 998 0
1249 70 0
484 208 0
1100 603 0
950 730 0
296 119 0
1075 295 0
1373 875 0
1230 59 0
1417 736 0
1215 249 0
620 172 0
833 192 0
622 445 0
1396 453 0
1487 1242 0
785 625 0
642 467 0
691 33 0
1159 599 0
459 322 0
1395 1368 0
1282 101 0
1300 635 0
1445 1146 0
1186 490 0
159 16 0
1393 1167 0
379 298 0
281 171 0
191 188 0
1071 155 0
1280 127 0
520 339 0
325 87 0
538 469 0
598 342 0
1123 21 0
1475 144 0
1367 606 0
1009 311 0
1183 734 0
40 37 0
1308 276 0
1336 1221 0
1396 1205 0
1293 764 0
390 189 0
334 275 0
1466 114 0
1223 120 0
568 74 0
1358 1172 0
942 227 0
1418 971 0
1298 170 0
206 27 0
1427 598 0
1173 156 0
431 257 0
1454 974 0
1188 613 0
1154 421 0
1226 6 0
1297 106 0
1198 1161 0
1338 979 0
1428 69 0
668 181 0
1310 191 0
1287 593 0
1209 1118 0
930 343 0
1288 82 0
960 947 0
633 112 0
1165 725 0
587 112 0
743 258 0
1212 495 0
492 166 0
1430 999 0
1338 576 0
1444 1255 0
826 369 0
1245 1200 0
1233 452 0
851 388 0
1156 984 0
803 342 0
954 80 0
1096 768 0
1434 8 0
1496 1487 0
673 426 0
1219 613 0
1194 667 0
1498 198 0
1129 125 0
1368 336 0
1307 539 0
824 799 0
1041 316 0
568 126 0
295 84 0
1416 516 0
850 122 0
1202 135 0
314 109 0
1128 791 0
814 277 0
583 335 0
1034 25 0
449 393 0
419 392 0
1323 164 0
1324 362 0
1302 629 0
472 368 0
916 598 0
299 67 0
1064 330 0
1428 1030 0
1464 875 0
1059 375 0
493 89 0
1175 53 0
545 12 0
485 441 0
635 169 0
1472 496 0
1394 484 0
1040 642 0
1000 285 0
120 118 0
1081 405 0
868 803 0
858 425 0
601 592 0
923 573 0
1417 682 0
1012 92 0
1091 1074 0
909 291 0
1107 137 0
1169 602 0
570 338 0
853 29 0
901 347 0
740 309 0
1251 705 0
949 350 0
1295 1201 0
1164 623 0
891 476 0
741 391 0
1264 258 0
1474 538 0
919 628 0
1353 1271 0
570 454 0
872 856 0
1235 335 0
1186 428 0
1327 78 0
1241 46 0
569 504 0
513 491 0
156 70 0
828 279 0
1056 492 0
1425 1307 0
1307 331 0
236 99 0
780 85 0
826 327 0
1192 1072 0
965 880 0
1187 100 0
1494 833 0
1216 563 0
850 688 0
940 21 0
952 645 0
1441 905 0
1294 1234 0
1206 800 0
1193 917 0
1264 782 0
222 4 0
1003 333 0
1386 1365 0
900 400 0
529 363 0
1039 77 0
565 405 0
1348 1172 0
1184 686 0
763 541 0
1357 1022 0
1444 1260 0
1303 14 0
1274 1128 0
1243 75 0
1324 64 0
1494 81 0
1492 155 0
961 516 0
955 919 0
1176 623 0
952 303 0
376 32 0
1451 476 0
1337 684 0
1023 799 0
1390 601 0
1102 12 0
502 80 0
1052 132 0
749 486 0
548 324 0
1453 314 0
483 317 0
1053 902 0
375 99 0
1145 747 0
1195 683 0
1399 1033 0
681 95 0
1418 155 0
1245 693 0
547 432 0
1207 333 0
961 853 0
1357 1256 0
979 339 0
951 865 0
1348 968 0
1371 1193 0
1348 634 0
975 575 0
733 68 0
1399 825 0
898 184 0
272 100 0
869 201 0
698 668 0
1134 960 0
1003 313 0
1262 703 0
1359 704 0
1142 1128 0
1206 79 0
1442 830 0
406 36 0
1262 918 0
1068 811 0
1262 312 0
1141 281 0
1266 1002 0
1163 216 0
776 38 0
1379 952 0
747 445 0
1235 399 0
1223 248 0
1231 618 0
424 192 0
1031 460 0
1071 123 0
1413 428 0
1419 189 0
1297 482 0
1305 1009 0
754 409 0
1325 509 0
456 408 0
1027 950 0
890 481 0
1101 1082 0
631 421 0
624 196 0
518 282 0
1360 1285 0
468 138 0
658 21 0
1093 358 0
1166 434 0
1422 1343 0
495 426 0
844 690 0
1061 402 0
920 339 0
604 454 0
1297 847 0
347 300 0
1364 30 0
974 215 0
548 103 0
820 327 0
1447 391 0
214 123 0
659 650 0
1235 690 0
1323 71 0
1001 845 0
1015 837 0
1399 448 0
1434 1108 0
1350 423 0
959 739 0
454 6 0
1487 239 0
1090 421 0
1434 390 0
424 4 0
1273 6 0
1000 633 0
1240 779 0
1180 866 0
1116 316 0
7 6 0
518 266 0
1446 231 0
604 469 0
1396 1323 0
1487 149 0
1491 870 0
805 649 0
510 376 0
804 191 0
701 624 0
553 298 0
1039 796 0
1420 645 0
1433 1013 0
1443 402 0
893 468 0
1327 793 0
1374 1323 0
608 291 0
657 291 0
1447 859 0
575 74 0
1272 881 0
1378 1346 0
713 676 0
994 492 0
807 173 0
1430 1183 0
362 66 0
1376 1317 0
1430 1201 0
631 562 0
1317 917 0
402 26 0
314 240 0
1302 766 0
367 337 0
864 568 0
1398 973 0
883 796 0
1113 114 0
103 69 0
1364 142 0
1002 736 0
1437 469 0
1301 83 0
1342 648 0
1255 1165 0
1154 240 0
1473 673 0
1417 111 0
1084 804 0
500 364 0
1173 441 0
909 367 0
871 395 0
337 145 0
1215 467 0
745 254 0
494 191 0
1059 293 0
592 563 0
801 574 0
779 113 0
715 606 0
860 736 0
227 107 0
804 279 0
1219 633 0
1416 1192 0
1194 590 0
689 19 0
1420 746 0
1018 66 0
1216 106 0
1353 1096 0
691 191 0
1014 894 0
1076 669 0
1344 1115 0
974 688 0
957 126 0
856 644 0
1095 346 0
201 146 0
1248 1022 0
1399 127 0
392 231 0
886 247 0
511 278 0
630 445 0
1380 733 0
782 399 0
1019 475 0
511 232 0
1059 993 0
1333 950 0
559 168 0
1329 1303 0
1007 435 0
262 31 0
971 850 0
1219 1174 0
1444 348 0
1406 1228 0
846 127 0
1291 509 0
453 326 0
1320 991 0
758 496 0
1418 1274 0
665 475 0
1220 912 0
704 305 0
1281 245 0
1237 111 0
1433 355 0
1161 18 0
1297 653 0
767 200 0
1268 310 0
1442 247 0
493 86 0
1489 972 0
931 730 0
709 631 0
1044 861 0
629 47 0
903 128 0
780 482 0
1187 190 0
940 62 0
1245 1206 0
804 25 0
847 593 0
1131 831 0
1166 728 0
366 348 0
1218 1041 0
924 274 0
842 209 0
1117 151 0
1138 579 0
1482 751 0
1320 162 0
828 468 0
1215 580 0
1243 501 0
1425 1076 0
953 825 0
1460 740 0
1179 166 0
859 456 0
353 321 0
1165 691 0
1267 101 0
792 562 0
445 328 0
1414 195 0
1201 102 0
898 330 0
1076 253 0
272 244 0
328 103 0
1342 1081 0
890 135 0
1178 36 0
955 569 0
962 352 0
788 639 0
1328 1154 0
1278 351 0
1366 1310 0
900 536 0
1257 492 0
1166 442 0
1223 202 0
898 496 0
809 461 0
1130 600 0
1309 1107 0
733 171 0
645 579 0
450 301 0
813 544 0
1332 64 0
1344 564 0
1135 428 0
1404 357 0
1247 731 0
693 116 0
726 504 0
680 578 0
744 392 0
796 744 0
121 73 0
1159 1009 0
1421 968 0
963 107 0
139 13 0
626 287 0
665 76 0
1285 831 0
95 56 0
1119 10 0
991 478 0
1170 189 0
705 65 0
1337 633 0
1422 463 0
1331 1083 0
1119 795 0
556 263 0
1479 985 0
1206 665 0
985 169 0
1308 1108 0
1006 170 0
86 5 0
1197 729 0
563 321 0
698 220 0
1400 393 0
883 200 0
1020 157 0
587 179 0
891 327 0
366 238 0
339 5 0
1311 910 0
391 277 0
711 553 0
1470 247 0
1343 827 0
717 708 0
1078 415 0
1500 604 0
1372 415 0
1287 1102 0
273 95 0
1286 869 0
1087 3 0
1152 305 0
1401 547 0
1058 481 0
729 509 0
826 705 0
763 133 0
1242 412 0
831 146 0
1419 759 0
1363 960 0
1084 1076 0
1313 638 0
623 346 0
1488 950 0
1438 466 0
1087 276 0
315 295 0
1477 636 0
807 253 0
502 318 0
662 276 0
749 731 0
1434 166 0
976 254 0
1312 1246 0
585 539 0
765 120 0
1063 869 0
646 42 0
1496 649 0
247 238 0
1320 640 0
1397 512 0
1086 877 0
156 44 0
620 543 0
1327 554 0
1251 1162 0
1036 899 0
1235 647 0
1084 650 0
1500 205 0
1000 497 0
1250 659 0
1488 885 0
905 44 0
703 378 0
255 43 0
866 694 0
1070 276 0
563 107 0
1090 386 0
1306 373 0
350 200 0
1462 1347 0
1086 91 0
682 160 0
689 142 0
244 1 0
938 922 0
681 21 0
347 103 0
611 541 0
406 297 0
1140 640 0
631 133 0
741 500 0
901 176 0
1401 744 0
1274 307 0
295 72 0
943 377 0
1274 270 0
1042 821 0
450 53 0
1260 721 0
1380 230 0
834 548 0
1285 1122 0
636 465 0
1356 852 0
1403 459 0
1262 127 0
1138 614 0
1446 200 0
1217 733 0
473 439 0
553 155 0
1398 824 0
532 295 0
1089 359 0
411 14 0
635 143 0
1248 1099 0
577 372 0
1304 1275 0
1398 1144 0
939 448 0
513 484 0
1292 624 0
505 112 0
592 107 0
556 225 0
1370 365 0
1198 794 0
715 66 0
1102 885 0
1044 585 0
1098 533 0
786 549 0
1222 958 0
892 397 0
580 545 0
915 112 0
1446 24 0
422 3 0
261 195 0
254 109 0
695 172 0
1422 871 0
589 424 0
1291 921 0
1480 654 0
866 130 0
988 755 0
524 184 0
449 262 0
826 761 0
1075 410 0
682 158 0
321 16 0
1187 781 0
902 700 0
641 538 0
1018 653 0
1499 1490 0
960 256 0
41 29 0
1044 416 0
1458 607 0
787 565 0
578 488 0
820 321 0
978 165 0
1082 300 0
716 431 0
1064 929 0
1113 203 0
760 12 0
1271 227 0
1006 235 0
961 353 0
1016 829 0
976 635 0
1293 514 0
1417 982 0
1108 8 0
1368 1248 0
665 452 0
364 167 0
297 59 0
738 420 0
1241 1165 0
950 45 0
977 847 0
573 431 0
949 838 0
1369 1267 0
575 95 0
1411 200 0
1324 198 0
974 727 0
274 212 0
418 371 0
1380 444 0
1116 322 0
829 413 0
888 117 0
483 449 0
1124 487 0
391 364 0
1116 89 0
1478 1128 0
1089 339 0
1482 651 0
1268 772 0
972 623 0
1084 1 0
1110 426 0
1178 91 0
1143 268 0
1149 154 0
1389 1213 0
773 627 0
1490 577 0
798 381 0
962 684 0
934 480 0
513 192 0
1120 1022 0
783 568 0
1419 1041 0
1484 1238 0
830 80 0
1479 1294 0
1363 1027 0
1390 676 0
792 304 0
630 570 0
1471 1305 0
1374 1343 0
742 133 0
1077 968 0
1351 946 0
1317 698 0
1053 222 0
1089 125 0
656 505 0
180 172 0
409 373 0
1348 311 0
1157 272 0
1219 770 0
1224 538 0
1391 735 0
1207 856 0
1461 298 0
782 647 0
284 8 0
385 34 0
1366 840 0
833 154 0
1470 989 0
1349 1195 0
1175 605 0
1450 124 0
1196 681 0
1031 1009 0
693 41 0
1352 255 0
990 568 0
346 193 0
358 129 0
1463 444 0
1395 111 0
1365 60 0
1000 158 0
939 206 0
208 190 0
1016 160 0
1024 316 0
1364 140 0
347 142 0
534 400 0
1053 484 0
1433 1308 0
1320 430 0
997 344 0
647 9 0
1350 333 0
1068 738 0
187 103 0
516 259 0
1027 37 0
1362 886 0
1283 630 0
952 526 0
1018 1010 0
679 400 0
1177 519 0
785 92 0
1200 850 0
1227 30 0
862 474 0
1154 566 0
1096 226 0
597 221 0
286 115 0
1442 1328 0
632 286 0
1055 427 0
938 624 0
97 55 0
1110 815 0
1079 845 0
1057 872 0
1019 643 0
811 545 0
1453 334 0
1207 40 0
481 7 0
1001 922 0
1221 379 0
705 135 0
1434 272 0
1047 1007 0
1463 1337 0
845 52 0
1461 117 0
595 368 0
1448 1016 0
707 603 0
1339 1086 0
1163 844 0
1115 260 0
936 813 0
552 286 0
1264 775 0
979 289 0
370 9 0
1413 616 0
1439 205 0
1008 520 0
1416 988 0
1027 13 0
1476 1296 0
935 833 0
1446 851 0
768 71 0
858 760 0
1139 1108 0
905 652 0
1319 101 0
735 263 0
1147 344 0
1243 895 0
1279 810 0
1099 761 0
97 76 0
1233 978 0
1250 133 0
1451 1276 0
1421 1252 0
1052 529 0
1101 17 0
1007 671 0
1408 643 0
1231 457 0
603 288 0
832 235 0
1285 502 0
333 303 0
716 526 0
647 185 0
1455 288 0
1251 1000 0
591 419 0
862 230 0
1187 342 0
968 940 0
1216 535 0
677 223 0
1325 1015 0
984 647 0
999 138 0
907 568 0
515 309 0
620 484 0
1425 374 0
524 281 0
1380 880 0
1159 446 0
364 182 0
1295 470 0
448 265 0
1159 435 0
665 420 0
1477 1145 0
781 104 0
897 768 0
791 464 0
105 69 0
957 492 0
1067 268 0
655 403 0
885 621 0
675 29 0
882 466 0
1235 639 0
1365 307 0
1310 54 0
869 453 0
268 66 0
1106 332 0
1313 46 0
1034 188 0
1430 520 0
1410 268 0
1205 784 0
1351 1121 0
114 23 0
1053 498 0
959 952 0
381 221 0
733 144 0
1059 184 0
1220 192 0
989 644 0
1027 526 0
1448 291 0
1335 868 0
1296 614 0
1451 1363 0
671 195 0
754 591 0
536 336 0
1110 863 0
1011 1010 0
1032 332 0
714 140 0
798 561 0
729 153 0
1124 716 0
842 133 0
1324 563 0
859 438 0
1333 137 0
1245 92 0
690 630 0
990 343 0
1061 1011 0
700 45 0
1445 385 0
1430 1334 0
796 620 0
613 324 0
958 878 0
1456 998 0
1163 987 0
1404 1188 0
1403 513 0
942 583 0
1185 207 0
1351 1295 0
1156 750 0
1404 761 0
1454 174 0
566 462 0
864 251 0
964 526 0
911 157 0
1176 271 0
1208 708 0
1446 1170 0
1446 44 0
982 257 0
763 8 0
1272 212 0
514 244 0
1028 757 0
590 433 0
1179 605 0
1243 968 0
433 119 0
1090 462 0
1476 777 0
750 383 0
1451 677 0
1432 861 0
1384 379 0
1353 11 0
1331 254 0
744 646 0
992 662 0
1161 1079 0
1375 225 0
841 495 0
1102 210 0
1486 1394 0
1205 880 0
1464 28 0
889 615 0
766 237 0
1163 883 0
796 697 0
654 334 0
261 135 0
1102 735 0
1430 186 0
576 360 0
151 146 0
379 276 0
1312 533 0
1252 1048 0
575 300 0
813 248 0
1224 946 0
945 166 0
720 22 0
1141 417 0
748 91 0
314 26 0
908 209 0
1055 106 0
1040 818 0
1474 247 0
868 518 0
1337 1169 0
1066 996 0
846 38 0
996 938 0
1015 879 0
1227 168 0
1256 1060 0
368 189 0
1462 866 0
1416 758 0
451 129 0
1051 400 0
1342 628 0
731 470 0
1062 117 0
1394 1096 0
81 73 0
669 28 0
161 134 0
817 222 0
1395 67 0
958 656 0
1088 659 0
999 569 0
1215 561 0
1132 747 0
1349 1304 0
583 274 0
339 335 0
1321 480 0
1045 826 0
1380 84 0
796 429 0
1344 764 0
805 344 0
1290 411 0
1031 522 0
1492 280 0
1341 756 0
976 491 0
1408 591 0
1415 56 0
1434 420 0
1239 583 0
536 239 0
967 260 0
1110 6 0
542 251 0
1175 646 0
1121 606 0
980 323 0
1038 478 0
1474 1213 0
1464 494 0
1440 1094 0
1184 536 0
1085 220 0
1283 1278 0
1319 1135 0
1136 956 0
1070 67 0
765 333 0
973 270 0
1333 509 0
378 339 0
1262 923 0
1092 382 0
1098 525 0
1253 801 0
862 114 0
1469 214 0
1142 772 0
704 138 0
1402 243 0
769 386 0
884 576 0
807 410 0
1350 67 0
1037 181 0
1425 829 0
911 430 0
1426 786 0
927 890 0
869 607 0
1389 271 0
829 40 0
1468 1244 0
926 208 0
292 147 0
1284 706 0
1465 1126 0
1108 1072 0
1494 1130 0
919 865 0
870 551 0
358 133 0
436 256 0
1396 350 0
1155 67 0
1327 102 0
665 442 0
1114 1058 0
903 875 0
968 388 0
979 574 0
1186 649 0
1311 69 0
1268 1166 0
990 410 0
738 108 0
1180 290 0
1345 530 0
574 368 0
55 22 0
562 390 0
97 92 0
830 656 0
473 416 0
931 213 0
880 321 0
1368 1019 0
875 292 0
1415 449 0
1363 304 0
1269 309 0
715 173 0
1409 288 0
1341 1114 0
459 281 0
1034 687 0
1145 581 0
808 283 0
251 40 0
1458 904 0
1260 1061 0
1010 955 0
1134 66 0
1029 107 0
618 203 0
127 37 0
1265 1105 0
1331 1167 0
1351 335 0
1389 993 0
1332 1287 0
1463 385 0
1393 81 0
465 433 0
340 267 0
747 126 0
995 533 0
1410 275 0
1150 300 0
862 848 0
1263 1243 0
827 252 0
1120 294 0
1155 54 0
484 403 0
1210 516 0
393 21 0
1243 518 0
1454 1370 0
465 409 0
1193 532 0
1207 206 0
1112 741 0
678 466 0
516 61 0
1272 498 0
690 180 0
1366 802 0
1069 355 0
228 63 0
1244 999 0
818 783 0
1480 1090 0
1113 1020 0
941 645 0
243 103 0
1340 950 0
1369 1023 0
1430 1153 0
933 318 0
609 225 0
1181 408 0
1246 773 0
1274 929 0
692 556 0
1337 201 0
916 759 0
796 8 0
1041 482 0
841 414 0
921 711 0
508 484 0
1470 1354 0
1444 377 0
847 623 0
424 415 0
1206 579 0
1092 683 0
1430 1070 0
590 584 0
1115 1071 0
1160 854 0
1009 339 0
1090 296 0
581 364 0
1379 1104 0
1116 938 0
1460 1377 0
1237 324 0
1022 360 0
869 537 0
1378 930 0
436 339 0
244 227 0
1129 891 0
818 364 0
1359 196 0
1454 543 0
1141 114 0
826 116 0
757 491 0
1466 404 0
969 746 0
698 583 0
1409 698 0
1287 599 0
817 300 0
1092 290 0
775 643 0
682 315 0
1241 465 0
1358 745 0
1345 1271 0
556 451 0
885 864 0
1465 1118 0
1487 667 0
1424 1384 0
1426 102 0
1222 444 0
909 103 0
735 201 0
1070 393 0
1008 110 0
774 472 0
414 340 0
1297 1189 0
444 212 0
193 190 0
858 561 0
937 556 0
781 601 0
798 630 0
1348 403 0
1047 1025 0
612 395 0
1107 420 0
1328 595 0
1251 1008 0
1351 700 0
1492 1447 0
926 601 0
1192 1111 0
1338 601 0
1080 586 0
1485 518 0
1300 400 0
1063 498 0
1409 1215 0
1214 775 0
612 478 0
751 473 0
1419 407 0
1232 1005 0
1256 1109 0
604 126 0
1300 435 0
1007 524 0
749 378 0
1314 695 0
1323 241 0
1199 904 0
298 202 0
372 354 0
1004 41 0
1089 395 0
716 493 0
1494 237 0
837 796 0
1441 1282 0
1345 527 0
825 713 0
829 680 0
991 936 0
473 75 0
1361 1098 0
970 126 0
1383 397 0
858 28 0
824 355 0
1067 616 0
1053 852 0
1115 48 0
951 259 0
617 48 0
757 308 0
1126 446 0
1438 1179 0
1259 1102 0
1352 525 0
1244 801 0
1043 540 0
1009 566 0
1279 859 0
1107 848 0
1423 329 0
758 179 0
1318 1076 0
1417 606 0
1129 543 0
1252 895 0
1253 76 0
1398 848 0
86 40 0
551 491 0
1476 115 0
1364 602 0
1115 680 0
1357 940 0
590 237 0
1386 794 0
856 554 0
1207 462 0
957 460 0
1279 689 0
1355 579 0
1220 306 0
810 313 0
1287 1008 0
909 405 0
486 1 0
978 946 0
1383 831 0
1119 1087 0
588 384 0
944 630 0
1015 306 0
959 296 0
618 189 0
889 277 0
1481 397 0
1396 667 0
333 160 0
1378 1228 0
1399 91 0
644 172 0
1353 309 0
1253 54 0
1287 921 0
1193 1166 0
1384 931 0
1154 61 0
1468 1327 0
1061 197 0
1498 1381 0
1243 485 0
845 63 0
1219 474 0
1483 861 0
350 156 0
253 11 0
433 391 0
1039 401 0
1406 413 0
1200 759 0
1499 919 0
788 42 0
471 470 0
309 260 0
1001 60 0
1006 283 0
202 112 0
838 508 0
1059 768 0
1393 658 0
641 299 0
1239 804 0
1234 681 0
1407 232 0
972 544 0
836 828 0
1283 1236 0
165 157 0
780 457 0
724 651 0
159 91 0
1467 764 0
1112 880 0
1229 730 0
1451 204 0
1166 328 0
1255 111 0
211 135 0
436 416 0
1141 1074 0
1218 1099 0
1270 1265 0
1386 1210 0
1306 868 0
1307 1186 0
822 443 0
686 101 0
1323 388 0
1174 68 0
1261 1124 0
1201 806 0
1337 443 0
938 114 0
847 817 0
1232 962 0
1350 911 0
1190 1021 0
958 767 0
1360 904 0
1423 445 0
1201 484 0
1369 1128 0
1389 666 0
657 373 0
1067 476 0
1337 61 0
1338 453 0
682 172 0
1353 649 0
1407 669 0
1329 885 0
1033 817 0
1160 1003 0
1201 109 0
725 693 0
899 510 0
1455 232 0
998 286 0
557 422 0
1116 842 0
582 486 0
1324 416 0
886 796 0
1103 974 0
472 376 0
237 153 0
891 19 0
1280 1059 0
987 491 0
629 296 0
1190 735 0
411 42 0
151 55 0
1048 542 0
774 730 0
1077 992 0
798 646 0
377 68 0
1275 154 0
469 394 0
1456 1149 0
1070 124 0
1135 94 0
1105 56 0
581 464 0
1346 1079 0
1424 426 0
455 4 0
749 251 0
300 270 0
1205 513 0
948 677 0
1357 1035 0
1495 1419 0
1454 1341 0
1437 460 0
213 151 0
813 514 0
1207 430 0
1010 75 0
1028 112 0
791 304 0
1090 106 0
1038 1023 0
1313 82 0
1336 1186 0
1496 748 0
335 274 0
1388 1007 0
1271 693 0
576 539 0
1342 594 0
716 142 0
1272 974 0
880 9 0
922 103 0
1088 670 0
744 353 0
1027 793 0
1321 9 0
802 437 0
509 502 0
629 227 0
488 154 0
499 161 0
513 456 0
234 202 0
542 374 0
961 730 0
1229 898 0
1146 134 0
1407 312 0
1461 1150 0
502 284 0
900 522 0
1269 993 0
1427 1124 0
895 476 0
1313 150 0
1310 1222 0
411 275 0
1433 1125 0
1127 958 0
825 437 0
1194 714 0
1429 1341 0
1237 74 0
602 308 0
591 458 0
580 562 0
1451 610 0
996 528 0
772 353 0
503 484 0
1109 295 0
919 204 0
719 118 0
1133 664 0
1499 1281 0
1200 382 0
740 354 0
450 36 0
1082 857 0
660 433 0
674 31 0
1407 1058 0
1430 1191 0
494 14 0
731 349 0
1234 123 0
1400 685 0
838 694 0
1153 374 0
992 348 0
1176 367 0
712 673 0
883 583 0
815 473 0
932 777 0
1062 1012 0
1000 756 0
853 303 0
1456 600 0
1263 769 0
990 508 0
1050 280 0
438 320 0
1223 580 0
372 140 0
1153 181 0
829 820 0
828 263 0
1237 559 0
1363 951 0
1058 984 0
1408 821 0
1262 140 0
959 167 0
1492 439 0
1458 299 0
440 100 0
1392 1098 0
762 407 0
1234 69 0
822 167 0
1401 363 0
1424 918 0
1206 490 0
616 262 0
806 798 0
579 519 0
1174 975 0
1173 1057 0
456 398 0
853 298 0
331 96 0
1144 1002 0
959 14 0
1267 233 0
1203 623 0
1499 312 0
212 76 0
1460 627 0
1237 178 0
1379 1243 0
1002 854 0
1125 269 0
1117 456 0
1387 143 0
1115 742 0
1061 391 0
1454 1317 0
967 451 0
1306 395 0
1179 600 0
1269 74 0
1192 325 0
1082 834 0
904 37 0
1341 915 0
1349 1102 0
1073 541 0
965 267 0
975 424 0
1166 250 0
1287 1025 0
1029 792 0
649 362 0
573 480 0
646 29 0
1367 118 0
573 119 0
679 450 0
1324 220 0
1362 1343 0
342 62 0
714 341 0
935 556 0
1168 278 0
430 387 0
1455 603 0
492 80 0
231 138 0
897 618 0
1395 690 0
1201 909 0
408 401 0
1058 579 0
606 251 0
991 760 0
819 642 0
1479 420 0
1460 1284 0
1265 1029 0
944 159 0
1116 238 0
1006 99 0
1396 675 0
1290 1157 0
1157 825 0
344 179 0
1134 509 0
1291 439 0
761 371 0
889 757 0
1130 18 0
834 308 0
1140 685 0
1466 648 0
1435 2 0
1218 1038 0
1421 591 0
229 92 0
1240 520 0
760 127 0
1413 1403 0
856 783 0
862 586 0
933 509 0
1049 218 0
1313 1142 0
1241 992 0
1020 214 0
1269 894 0
946 484 0
1389 634 0
780 538 0
1380 1015 0
1277 882 0
162 102 0
999 176 0
1322 1314 0
1145 958 0
645 623 0
284 213 0
1450 259 0
1301 78 0
881 177 0
1075 60 0
1262 1167 0
766 306 0
626 353 0
1169 282 0
799 518 0
1389 220 0
1394 71 0
624 481 0
644 427 0
662 451 0
1122 856 0
1230 1086 0
1470 1468 0
744 264 0
554 100 0
1236 53 0
1203 651 0
1495 646 0
1461 530 0
1051 1031 0
1273 64 0
1470 339 0
1450 361 0
1059 595 0
1107 444 0
521 350 0
1096 904 0
1039 785 0
1401 405 0
1406 499 0
1494 1453 0
1144 827 0
562 458 0
615 590 0
654 570 0
977 253 0
245 112 0
351 158 0
1159 412 0
689 258 0
749 436 0
596 382 0
1410 325 0
691 1 0
953 335 0
216 192 0
1415 749 0
329 42 0
187 106 0
1375 278 0
1101 975 0
1286 737 0
1343 496 0
1034 2 0
727 475 0
884 587 0
1157 751 0
1315 875 0
1364 803 0
1027 407 0
1208 689 0
1359 1033 0
341 285 0
1332 944 0
1492 414 0
738 156 0
694 547 0
197 97 0
817 87 0
1351 68 0
716 551 0
1108 272 0
1476 663 0
504 20 0
1305 605 0
916 831 0
548 149 0
1208 287 0
973 746 0
579 44 0
1050 172 0
1469 1292 0
1410 556 0
811 723 0
990 771 0
519 480 0
1200 177 0
269 143 0
1414 296 0
1026 794 0
1061 886 0
1101 175 0
809 226 0
1115 147 0
860 382 0
796 86 0
1336 1006 0
1105 394 0
819 762 0
453 374 0
893 722 0
1088 493 0
1197 127 0
854 714 0
1199 8 0
942 852 0
1252 1222 0
1317 1239 0
316 35 0
519 118 0
1439 103 0
1096 375 0
426 239 0
1346 209 0
1363 878 0
1078 274 0
1442 914 0
1025 562 0
1111 130 0
1353 1292 0
1450 861 0
336 89 0
893 50 0
714 647 0
1164 396 0
1239 653 0
1069 413 0
945 701 0
714 34 0
1346 1262 0
1048 534 0
1143 478 0
866 416 0
532 413 0
1427 55 0
1478 1070 0
1082 531 0
1165 587 0
1294 600 0
1127 394 0
1275 580 0
1224 212 0
473 220 0
1344 676 0
1030 872 0
1443 112 0
849 668 0
946 454 0
941 377 0
1398 302 0
693 255 0
861 562 0
1437 1118 0
1130 57 0
1119 27 0
1083 1027 0
751 562 0
383 134 0
1437 1314 0
1036 204 0
1400 85 0
958 608 0
363 259 0
680 214 0
1096 245 0
1472 470 0
633 405 0
353 6 0
1130 677 0
1440 1027 0
1180 1108 0
810 367 0
1151 768 0
1271 1109 0
464 389 0
374 169 0
1205 94 0
968 73 0
1017 416 0
299 92 0
802 470 0
1230 810 0
911 675 0
680 448 0
737 51 0
1442 1171 0
1279 466 0
1052 206 0
1492 795 0
1206 1025 0
1476 202 0
1392 1162 0
356 13 0
251 111 0
393 25 0
1152 223 0
1493 577 0
745 68 0
1204 828 0
1122 891 0
618 429 0
773 97 0
1384 190 0
1306 1045 0
1487 1241 0
1459 1038 0
1359 56 0
1190 994 0
905 534 0
796 235 0
1227 689 0
1209 552 0
1465 321 0
299 2 0
1387 408 0
665 23 0
1473 266 0
1146 110 0
1244 223 0
1466 488 0
722 276 0
1216 257 0
1357 460 0
804 683 0
1241 824 0
1412 1053 0
1404 1220 0
1234 712 0
550 230 0
1084 1029 0
732 429 0
827 402 0
1331 847 0
451 427 0
379 157 0
1318 1022 0
294 248 0
1410 907 0
953 546 0
951 939 0
613 122 0
409 195 0
347 4 0
524 209 0
506 220 0
1429 1007 0
846 268 0
422 385 0
1053 495 0
123 6 0
284 159 0
1276 985 0
1222 312 0
1386 762 0
170 63 0
887 443 0
1292 688 0
1414 1380 0
251 15 0
1404 544 0
965 109 0
774 6 0
639 389 0
675 510 0
895 666 0
743 100 0
1481 437 0
942 602 0
1500 1389 0
925 120 0
1339 158 0
818 22 0
1011 231 0
1383 27 0
971 101 0
1130 537 0
1307 436 0
1287 692 0
1206 675 0
755 450 0
1293 341 0
1239 453 0
1483 55 0
958 410 0
1100 412 0
1492 940 0
1305 830 0
795 741 0
1408 4 0
1329 404 0
598 130 0
816 143 0
343 44 0
875 131 0
1059 29 0
958 741 0
1147 582 0
1033 503 0
1343 1274 0
1268 921 0
1386 638 0
1162 747 0
173 44 0
834 774 0
1008 335 0
986 190 0
1404 1071 0
1500 447 0
618 178 0
1086 1046 0
1023 510 0
1432 1369 0
685 114 0
999 662 0
851 37 0
1295 887 0
989 783 0
425 27 0
252 121 0
845 202 0
1395 292 0
648 556 0
1174 443 0
1436 683 0
1088 949 0
502 200 0
857 304 0
504 55 0
1148 736 0
541 268 0
1364 1034 0
996 961 0
1282 80 0
1375 729 0
1299 1039 0
642 141 0
785 349 0
1189 762 0
942 898 0
998 994 0
590 260 0
1391 64 0
896 450 0
903 774 0
828 534 0
1235 646 0
497 316 0
1290 345 0
1306 253 0
557 291 0
361 299 0
1185 482 0
854 743 0
1228 572 0
1105 28 0
1383 1033 0
1326 1034 0
1398 19 0
1472 433 0
912 119 0
1498 1168 0
1335 244 0
1350 897 0
1281 795 0
1194 804 0
1125 302 0
1433 26 0
1429 240 0
658 259 0
833 618 0
890 424 0
883 658 0
618 206 0
1262 1247 0
1263 642 0
1033 335 0
934 799 0
1357 735 0
696 144 0
576 186 0
1467 153 0
784 87 0
1317 752 0
797 258 0
1456 1161 0
842 195 0
550 73 0
1278 923 0
645 20 0
471 430 0
468 10 0
644 120 0
1415 992 0
1429 53 0
1433 1273 0
1088 116 0
1029 1002 0
1364 825 0
989 408 0
1221 1065 0
556 152 0
1330 697 0
159 1 0
831 103 0
1057 334 0
1273 365 0
1325 657 0
1410 1012 0
1103 38 0
1496 1025 0
272 149 0
1059 86 0
779 352 0
1345 236 0
1325 85 0
694 316 0
520 293 0
1434 385 0
1454 856 0
828 230 0
178 70 0
295 75 0
1048 734 0
1426 1006 0
1458 1359 0
953 56 0
985 876 0
970 506 0
723 50 0
1396 202 0
432 76 0
911 618 0
1213 379 0
460 32 0
1233 85 0
584 535 0
1353 580 0
1014 832 0
290 100 0
894 826 0
1011 236 0
397 245 0
1385 1302 0
1276 230 0
1402 468 0
1195 610 0
1452 527 0
1495 607 0
1113 125 0
1406 519 0
821 483 0
1127 106 0
1436 1087 0
1331 811 0
1028 806 0
1499 1267 0
658 442 0
1424 434 0
799 745 0
977 462 0
1315 673 0
908 617 0
1336 64 0
977 333 0
1018 13 0
1028 619 0
1138 534 0
787 605 0
1444 490 0
1174 699 0
1191 779 0
928 93 0
1239 831 0
1045 725 0
492 24 0
1120 796 0
524 120 0
322 85 0
1115 877 0
1229 1075 0
1442 733 0
1385 42 0
731 455 0
1377 853 0
1201 895 0
1261 1030 0
1263 411 0
1369 1216 0
1171 1148 0
1494 1066 0
764 445 0
925 500 0
901 434 0
348 261 0
1345 588 0
1359 257 0
1085 789 0
926 704 0
469 137 0
1008 763 0
1495 839 0
1280 358 0
1370 207 0
1235 538 0
696 292 0
1455 590 0
731 160 0
871 78 0
1490 549 0
1333 598 0
151 30 0
1433 676 0
1203 966 0
746 591 0
1305 1223 0
803 511 0
1465 996 0
1026 724 0
524 106 0
1128 1098 0
1020 358 0
926 411 0
1459 363 0
1360 1279 0
989 478 0
1300 1217 0
1205 144 0
1468 509 0
551 31 0
1292 1076 0
962 507 0
541 258 0
1031 141 0
745 668 0
1348 539 0
1243 902 0
653 433 0
324 2 0
239 143 0
633 311 0
1371 1267 0
282 214 0
456 368 0
1041 191 0
798 78 0
1383 146 0
1314 879 0
733 347 0
848 357 0
1414 1233 0
1345 976 0
1326 534 0
782 692 0
1301 334 0
1168 43 0
1261 187 0
1066 1065 0
754 313 0
1224 626 0
1200 450 0
1496 439 0
421 392 0
1316 502 0
1027 173 0
856 358 0
1141 996 0
595 143 0
1076 859 0
1186 717 0
641 139 0
1248 959 0
1021 265 0
700 224 0
1329 379 0
1457 1193 0
1061 209 0
1197 22 0
1267 606 0
1289 538 0
1466 885 0
1166 847 0
1107 498 0
1289 842 0
1404 656 0
819 799 0
883 266 0
1147 162 0
1345 93 0
1161 37 0
753 456 0
1001 454 0
1157 599 0
863 132 0
1499 1055 0
383 168 0
1215 398 0
1338 245 0
707 338 0
623 413 0
975 458 0
954 193 0
1395 448 0
1411 937 0
1183 59 0
1211 174 0
1367 1169 0
527 168 0
807 576 0
1109 285 0
1392 852 0
745 613 0
586 359 0
958 450 0
1489 333 0
262 164 0
1260 958 0
866 552 0
1176 610 0
1073 167 0
1448 298 0
1396 845 0
1467 316 0
1090 1024 0
669 387 0
627 466 0
1155 1099 0
1387 35 0
1477 880 0
1354 960 0
255 50 0
942 263 0
706 35 0
1418 296 0
795 770 0
1377 213 0
1109 659 0
507 55 0
1474 326 0
1371 1159 0
1219 225 0
1365 1276 0
436 328 0
1352 635 0
732 725 0
401 375 0
1377 660 0
1457 1148 0
954 772 0
1017 142 0
1014 804 0
872 785 0
859 60 0
967 240 0
1396 787 0
1088 663 0
1152 630 0
1019 620 0
928 318 0
1124 689 0
792 215 0
962 424 0
1466 828 0
1060 662 0
831 11 0
733 85 0
879 864 0
1385 926 0
890 736 0
837 110 0
1247 60 0
178 80 0
565 16 0
1320 1211 0
1363 1360 0
924 812 0
1380 473 0
1229 296 0
856 433 0
754 709 0
546 17 0
1327 451 0
1153 551 0
1017 355 0
670 650 0
1016 833 0
1489 536 0
1333 104 0
1439 524 0
912 725 0
891 441 0
672 440 0
1325 1136 0
835 738 0
1255 464 0
448 165 0
1111 248 0
320 100 0
1456 16 0
1423 863 0
895 777 0
1195 115 0
1434 821 0
1058 659 0
962 305 0
1292 1182 0
1405 167 0
764 335 0
967 281 0
678 628 0
1073 851 0
1110 287 0
1490 540 0
485 383 0
139 65 0
651 406 0
1126 481 0
1495 1080 0
1483 436 0
1045 843 0
907 492 0
864 834 0
1242 1120 0
578 111 0
1202 292 0
934 700 0
731 67 0
657 648 0
987 695 0
638 246 0
460 437 0
1332 1162 0
1354 515 0
151 101 0
806 288 0
716 367 0
1301 793 0
614 263 0
1047 130 0
618 371 0
915 59 0
31 24 0
1270 526 0
900 885 0
486 356 0
1277 1131 0
1111 408 0
1226 749 0
1274 193 0
1090 226 0
592 286 0
446 392 0
1391 69 0
1376 531 0
730 132 0
1064 766 0
721 705 0
1032 666 0
1251 90 0
1222 1050 0
1213 599 0
1332 1156 0
1012 459 0
1029 614 0
1341 414 0
1293 940 0
1253 998 0
1116 539 0
1431 1040 0
649 74 0
1275 1098 0
800 201 0
649 533 0
997 452 0
1204 555 0
811 249 0
617 42 0
662 233 0
1470 79 0
1415 281 0
1275 100 0
515 55 0
1483 1040 0
1146 410 0
1469 251 0
698 331 0
447 244 0
658 22 0
1246 144 0
1328 392 0
1388 176 0
882 268 0
1137 710 0
839 632 0
1355 439 0
920 22 0
362 223 0
1078 61 0
1446 132 0
1476 877 0
1257 1043 0
1213 499 0
757 523 0
1415 358 0
469 3 0
1422 562 0
643 443 0
774 379 0
463 307 0
573 171 0
596 257 0
1356 457 0
770 88 0
557 97 0
952 346 0
710 381 0
892 783 0
1051 854 0
967 790 0
320 60 0
789 639 0
785 286 0
938 172 0
1384 437 0
1149 192 0
685 480 0
718 235 0
1204 767 0
1277 96 0
600 203 0
1176 977 0
983 9 0
1353 385 0
1399 111 0
850 32 0
1431 1210 0
1316 1107 0
1065 718 0
635 32 0
1395 932 0
1209 687 0
870 524 0
1241 450 0
1433 503 0
1033 70 0
448 11 0
559 63 0
1364 1168 0
1142 909 0
1117 212 0
1401 847 0
1388 799 0
1365 36 0
773 241 0
1264 125 0
968 77 0
1032 952 0
1453 566 0
375 172 0
671 348 0
475 217 0
1234 1088 0
1189 1090 0
1433 1372 0
1111 737 0
1461 1099 0
1363 1082 0
850 290 0
1012 848 0
125 23 0
651 208 0
491 332 0
879 300 0
1401 447 0
221 157 0
1356 54 0
1470 1201 0
601 19 0
1206 349 0
1105 899 0
1268 79 0
1083 110 0
950 919 0
1106 746 0
1330 319 0
505 95 0
1469 1062 0
767 728 0
347 192 0
233 21 0
1019 542 0
588 213 0
1256 529 0
456 110 0
394 176 0
753 284 0
313 92 0
1419 449 0
1135 541 0
1059 871 0
1424 992 0
1308 618 0
1167 973 0
745 712 0
1195 650 0
1188 538 0
385 7 0
1160 304 0
1331 370 0
1265 1076 0
567 264 0
1064 838 0
727 95 0
1106 964 0
333 99 0
225 117 0
1216 278 0
156 15 0
800 20 0
1264 710 0
279 269 0
1295 455 0
1394 338 0
1286 1200 0
1372 1299 0
1448 895 0
1490 1014 0
1407 1328 0
1366 319 0
1124 864 0
926 778 0
1284 647 0
854 621 0
1490 470 0
1484 1252 0
1469 80 0
1177 905 0
326 151 0
1121 679 0
955 426 0
1306 1222 0
1256 589 0
1429 1419 0
1495 68 0
746 331 0
1468 29 0
199 48 0
1426 641 0
1476 215 0
824 120 0
1177 1101 0
103 39 0
331 213 0
1041 660 0
1290 1218 0
1412 153 0
968 41 0
1281 704 0
1315 418 0
746 310 0
812 759 0
585 59 0
1485 97 0
1178 1162 0
563 44 0
1471 31 0
1140 1110 0
1304 1226 0
154 59 0
559 205 0
607 289 0
1315 1112 0
1374 1194 0
408 397 0
1311 808 0
447 433 0
275 79 0
1326 609 0
1494 1112 0
89 69 0
437 428 0
1172 986 0
136 40 0
548 430 0
462 59 0
1297 1239 0
219 145 0
1072 236 0
1039 570 0
1333 394 0
1305 1113 0
1319 109 0
1455 798 0
1290 163 0
939 908 0
435 9 0
1257 1019 0
1477 994 0
1375 180 0
1267 103 0
500 63 0
112 109 0
1044 316 0
1462 840 0
423 393 0
751 183 0
305 163 0
504 453 0
277 20 0
285 75 0
512 298 0
517 365 0
1206 852 0
530 32 0
753 625 0
1291 951 0
1401 774 0
784 662 0
756 83 0
893 626 0
383 44 0
172 21 0
540 195 0
136 68 0
1301 475 0
1083 743 0
455 244 0
1014 549 0
1054 393 0
1448 314 0
623 21 0
1166 567 0
1452 723 0
1215 594 0
1119 747 0
207 11 0
1428 495 0
1498 1164 0
545 143 0
1454 1036 0
1194 600 0
747 567 0
371 93 0
797 655 0
915 904 0
839 666 0
240 173 0
746 267 0
1148 966 0
793 104 0
1163 895 0
1210 775 0
811 253 0
1282 790 0
1218 187 0
323 237 0
756 741 0
1300 157 0
1064 607 0
1297 491 0
1241 722 0
1232 1162 0
1499 451 0
1185 467 0
866 615 0
1431 837 0
1203 125 0
738 233 0
1072 177 0
1320 562 0
644 167 0
574 104 0
235 197 0
743 25 0
982 352 0
945 505 0
1120 800 0
1011 122 0
1204 23 0
573 412 0
1284 621 0
746 539 0
1339 268 0
247 29 0
1483 869 0
1015 455 0
406 278 0
726 475 0
689 151 0
1139 195 0
1486 682 0
1419 722 0
755 697 0
872 356 0
1083 590 0
1149 517 0
751 173 0
612 208 0
1365 779 0
1308 733 0
1454 1445 0
181 64 0
1428 734 0
1473 1130 0
764 399 0
871 473 0
905 492 0
1356 80 0
1334 400 0
149 69 0
1471 1414 0
1088 212 0
761 198 0
1309 329 0
1115 692 0
731 87 0
706 258 0
1187 17 0
1030 185 0
986 280 0
678 283 0
1012 343 0
861 168 0
1015 102 0
1335 1055 0
1383 667 0
323 184 0
319 98 0
205 90 0
1403 82 0
1346 844 0
1469 318 0
1414 781 0
1268 129 0
1443 1199 0
582 269 0
347 234 0
811 459 0
1475 547 0
1378 700 0
824 797 0
1448 377 0
915 555 0
1121 1054 0
1251 323 0
1442 895 0
1338 742 0
1436 473 0
1115 495 0
778 767 0
888 629 0
1304 1293 0
1276 982 0
1236 1141 0
697 680 0
1080 1037 0
1094 584 0
768 648 0
1126 874 0
1113 461 0
559 492 0
914 752 0
1073 517 0
260 149 0
445 178 0
995 486 0
637 389 0
564 253 0
1283 1009 0
580 447 0
1489 181 0
286 43 0
434 118 0
899 880 0
1157 596 0
1324 85 0
803 169 0
941 15 0
1253 135 0
1373 1282 0
1221 15 0
336 229 0
1159 745 0
935 357 0
1281 726 0
1352 1271 0
1428 1225 0
770 674 0
418 216 0
1032 151 0
1353 853 0
698 295 0
1378 839 0
859 359 0
745 26 0
1448 569 0
1314 722 0
980 7 0
412 312 0
1063 120 0
1138 733 0
376 293 0
1100 680 0
1218 264 0
975 196 0
552 28 0
995 583 0
1262 1013 0
1090 497 0
561 201 0
1111 1094 0
658 359 0
654 22 0
578 396 0
1143 434 0
1438 412 0
1471 35 0
1050 286 0
645 473 0
305 32 0
1471 1363 0
46 28 0
761 521 0
1349 782 0
860 511 0
1064 928 0
1293 779 0
471 216 0
1446 833 0
1357 656 0
1162 558 0
1069 271 0
1408 641 0
562 252 0
617 183 0
830 3 0
787 390 0
1170 1036 0
191 82 0
1344 650 0
1297 1296 0
1128 108 0
1496 888 0
1452 1379 0
1267 438 0
1140 905 0
1390 948 0
1234 795 0
397 138 0
323 163 0
1271 599 0
280 38 0
326 212 0
1481 886 0
1378 83 0
920 60 0
1040 881 0
1151 951 0
1033 326 0
964 433 0
961 23 0
415 181 0
1439 480 0
813 247 0
698 452 0
454 326 0
1161 516 0
1052 143 0
1255 797 0
1176 1060 0
817 598 0
1007 764 0
641 304 0
814 104 0
938 531 0
1419 1306 0
1400 1267 0
754 247 0
1137 1015 0
1455 1187 0
820 261 0
815 615 0
1482 395 0
882 451 0
784 127 0
1360 468 0
1274 368 0
1302 768 0
965 96 0
667 311 0
617 72 0
1361 515 0
785 501 0
454 222 0
518 209 0
1050 783 0
642 203 0
1271 513 0
1486 491 0
1409 1211 0
869 251 0
795 118 0
870 325 0
1079 838 0
1137 465 0
1279 529 0
967 614 0
1005 227 0
1484 1006 0
1493 105 0
940 312 0
794 584 0
805 570 0
914 158 0
1187 24 0
1123 798 0
663 381 0
887 102 0
844 625 0
1170 762 0
1109 670 0
1045 581 0
988 933 0
1358 1337 0
1139 706 0
1116 99 0
839 605 0
1307 823 0
784 771 0
817 615 0
1204 1184 0
1170 776 0
1140 4 0
1485 1270 0
538 353 0
589 122 0
1264 721 0
1106 1043 0
1164 742 0
1248 183 0
1099 621 0
1496 376 0
1479 167 0
1362 777 0
910 443 0
1162 506 0
934 617 0
1126 87 0
1461 974 0
1259 286 0
626 262 0
1059 335 0
657 625 0
1170 115 0
850 366 0
1315 482 0
607 121 0
1194 634 0
1092 999 0
991 806 0
1447 59 0
632 511 0
328 43 0
1071 488 0
602 134 0
630 109 0
1222 289 0
1400 198 0
1273 255 0
777 346 0
1128 178 0
764 280 0
1499 372 0
1102 310 0
441 166 0
1193 1014 0
565 485 0
1033 148 0
668 577 0
459 159 0
638 40 0
915 714 0
1154 168 0
915 834 0
1485 362 0
1433 46 0
568 261 0
573 435 0
1111 350 0
1231 483 0
1145 326 0
1040 904 0
1383 1313 0
1191 11 0
1493 240 0
178 9 0
1346 1245 0
1215 885 0
1411 312 0
1090 817 0
1442 698 0
1009 335 0
1331 439 0
657 634 0
1493 1418 0
1402 275 0
1500 1244 0
553 452 0
887 619 0
240 132 0
718 669 0
1092 710 0
946 488 0
1359 245 0
1425 207 0
925 405 0
1286 862 0
329 54 0
1088 357 0
803 23 0
1274 349 0
500 11 0
1314 61 0
1137 449 0
1291 313 0
1308 7 0
1151 36 0
1111 886 0
971 229 0
1034 892 0
423 337 0
882 344 0
1444 1392 0
1500 1286 0
1100 136 0
1440 438 0
1292 1225 0
906 297 0
368 47 0
462 165 0
937 362 0
807 146 0
1185 1165 0
1331 705 0
503 32 0
1091 954 0
619 264 0
1381 98 0
1140 59 0
1251 888 0
553 360 0
823 268 0
1347 599 0
1425 628 0
1403 713 0
1112 507 0
1223 842 0
1024 362 0
477 8 0
441 103 0
1455 712 0
637 306 0
986 50 0
1400 542 0
333 273 0
1476 1075 0
1338 10 0
1335 22 0
869 861 0
1387 527 0
1412 574 0
1278 371 0
575 72 0
1075 250 0
1077 856 0
763 372 0
319 113 0
1242 709 0
494 261 0
1183 685 0
930 183 0
741 557 0
1441 270 0
659 492 0
580 80 0
1342 321 0
1292 1040 0
1353 998 0
778 66 0
1377 808 0
1423 636 0
691 502 0
241 17 0
867 741 0
440 145 0
411 78 0
829 699 0
1408 276 0
1396 716 0
1201 827 0
1289 540 0
1303 1058 0
912 445 0
1411 550 0
781 275 0
1411 803 0
573 567 0
843 547 0
1136 385 0
757 26 0
1452 1266 0
1467 1311 0
1059 271 0
1393 1104 0
587 78 0
1207 221 0
1224 439 0
1419 558 0
1022 43 0
1450 150 0
1291 267 0
908 496 0
579 369 0
1313 375 0
1255 1044 0
727 249 0
1375 1058 0
138 130 0
516 130 0
1264 55 0
1209 625 0
1388 649 0
1025 895 0
221 206 0
1294 128 0
1288 1227 0
1428 978 0
1415 296 0
356 237 0
1042 704 0
574 529 0
1495 1016 0
998 354 0
1204 819 0
1390 1252 0
1157 775 0
814 260 0
1090 184 0
1053 433 0
1306 246 0
1022 788 0
728 719 0
534 403 0
1175 98 0
98 49 0
1364 652 0
1381 551 0
1379 230 0
1371 529 0
1474 418 0
1120 181 0
1048 56 0
1362 620 0
246 188 0
1071 44 0
1133 1070 0
1312 135 0
971 99 0
1021 497 0
1359 511 0
1424 357 0
1171 752 0
1356 578 0
883 168 0
760 480 0
1236 854 0
1455 721 0
1113 793 0
687 191 0
991 473 0
837 280 0
1231 835 0
1230 68 0
992 945 0
807 603 0
1233 1078 0
776 146 0
561 283 0
1086 8 0
487 229 0
493 296 0
433 396 0
1155 447 0
1448 980 0
498 320 0
486 40 0
1067 472 0
1403 297 0
1085 515 0
1476 1217 0
1253 919 0
980 591 0
1144 11 0
1080 122 0
1319 142 0
1373 298 0
671 156 0
1270 296 0
938 522 0
960 60 0
592 285 0
1257 219 0
439 139 0
1364 1088 0
566 292 0
918 876 0
1067 764 0
960 322 0
1076 422 0
270 194 0
1076 529 0
1183 815 0
510 447 0
498 21 0
1120 190 0
713 207 0
695 222 0
385 49 0
482 46 0
1288 649 0
290 32 0
1342 1059 0
613 336 0
1179 1050 0
851 164 0
1454 447 0
1016 250 0
1083 465 0
1218 14 0
1382 1019 0
1446 1416 0
1353 1308 0
1116 1012 0
203 61 0
1204 640 0
1251 1059 0
940 831 0
587 431 0
493 385 0
1429 28 0
646 391 0
1183 999 0
1094 706 0
823 393 0
1283 1129 0
455 137 0
1088 926 0
1459 796 0
595 441 0
1190 398 0
1243 291 0
662 86 0
987 364 0
1385 1215 0
1352 581 0
1303 37 0
1338 276 0
785 247 0
791 414 0
1498 1044 0
532 189 0
689 248 0
785 591 0
1236 967 0
718 269 0
1437 835 0
922 776 0
1183 221 0
408 216 0
1046 131 0
1094 132 0
764 215 0
500 157 0
386 294 0
1122 1008 0
1377 653 0
596 476 0
448 59 0
1335 322 0
842 545 0
1271 591 0
1040 953 0
1071 89 0
588 229 0
871 267 0
855 90 0
1429 311 0
551 534 0
1160 462 0
651 185 0
1154 524 0
1276 258 0
947 710 0
1395 1255 0
955 631 0
1188 778 0
1330 734 0
1327 1204 0
753 312 0
1391 671 0
782 563 0
1327 1127 0
524 314 0
928 364 0
1382 920 0
1238 1112 0
717 113 0
149 15 0
1317 64 0
226 167 0
855 410 0
1051 859 0
1065 57 0
1370 246 0
1204 808 0
1375 605 0
602 540 0
1117 706 0
1481 904 0
1307 194 0
1292 1282 0
1132 892 0
1045 201 0
569 538 0
993 400 0
1415 887 0
1317 960 0
715 470 0
1233 1141 0
241 131 0
450 334 0
1460 964 0
1349 517 0
691 28 0
866 367 0
1219 936 0
1418 63 0
1124 149 0
1228 832 0
1225 46 0
1146 583 0
1496 851 0
601 287 0
450 401 0
1368 496 0
1345 1300 0
1447 84 0
1494 1212 0
903 194 0
1429 1205 0
1303 311 0
492 141 0
1040 638 0
738 603 0
752 380 0
1438 67 0
552 73 0
238 175 0
579 7 0
1351 444 0
339 11 0
733 142 0
1309 731 0
1390 1369 0
1006 914 0
469 201 0
1085 362 0
883 113 0
1217 901 0
665 113 0
186 69 0
743 140 0
661 299 0
629 200 0
868 627 0
253 226 0
1485 466 0
777 85 0
232 204 0
881 588 0
635 135 0
1323 837 0
1009 268 0
1218 752 0
228 128 0
1258 425 0
1143 940 0
597 74 0
1280 691 0
1281 653 0
1476 1306 0
1324 443 0
1475 1290 0
1285 147 0
1201 817 0
973 359 0
1367 1034 0
613 537 0
1313 927 0
1053 64 0
904 482 0
1326 880 0
1288 403 0
1120 18 0
1467 1253 0
411 110 0
1148 161 0
1454 1033 0
878 609 0
1171 307 0
805 440 0
1083 736 0
937 546 0
1290 936 0
643 433 0
964 709 0
1002 326 0
1311 1245 0
1134 51 0
632 11 0
1057 782 0
1105 826 0
1466 1315 0
1025 898 0
793 240 0
1162 520 0
1413 793 0
505 17 0
1314 94 0
1216 372 0
1167 469 0
547 360 0
997 351 0
881 815 0
1246 285 0
951 172 0
972 597 0
791 388 0
881 87 0
1310 215 0
1413 33 0
1193 278 0
803 636 0
794 306 0
919 242 0
1029 159 0
1249 138 0
1359 594 0
731 593 0
775 431 0
41 19 0
1285 800 0
1350 25 0
1467 619 0
678 345 0
454 362 0
1122 634 0
462 110 0
679 23 0
861 422 0
1300 955 0
1349 1310 0
1020 277 0
664 437 0
596 79 0
590 474 0
1159 952 0
1140 264 0
987 68 0
1455 1375 0
878 522 0
852 222 0
1139 898 0
1190 242 0
1164 545 0
1463 996 0
480 92 0
819 376 0
1321 476 0
874 621 0
1127 755 0
1321 1272 0
415 287 0
921 648 0
1287 49 0
795 134 0
1027 321 0
819 571 0
919 198 0
1230 1097 0
1188 643 0
540 159 0
1045 459 0
456 242 0
855 813 0
1202 1116 0
746 37 0
1440 1256 0
708 540 0
1236 883 0
1396 1330 0
1128 282 0
99 98 0
1003 36 0
666 545 0
1168 717 0
950 757 0
821 124 0
1426 1010 0
636 362 0
1199 175 0
1030 882 0
1466 1062 0
1268 956 0
1382 300 0
1250 449 0
1496 1148 0
849 285 0
1494 758 0
917 32 0
1494 1311 0
1184 4 0
1063 885 0
1040 841 0
1268 681 0
1364 1129 0
534 104 0
1471 148 0
1301 953 0
886 820 0
1203 1017 0
1183 1059 0
1434 741 0
1207 1050 0
403 61 0
507 429 0
761 403 0
1032 282 0
964 905 0
608 597 0
1212 269 0
351 321 0
1196 901 0
1173 262 0
1316 400 0
1048 12 0
833 676 0
1314 1039 0
1348 487 0
827 282 0
569 548 0
1344 1058 0
1443 1188 0
1206 432 0
804 404 0
1203 1144 0
1036 162 0
965 122 0
1170 226 0
723 390 0
1310 225 0
757 445 0
1386 1258 0
1236 1197 0
1425 322 0
1443 1387 0
1336 948 0
605 346 0
951 944 0
687 672 0
858 180 0
361 159 0
772 204 0
1472 99 0
1227 307 0
289 183 0
1010 474 0
1483 169 0
1346 13 0
771 97 0
799 746 0
1461 355 0
397 296 0
692 628 0
1160 354 0
896 839 0
1388 776 0
418 88 0
1316 1269 0
1026 220 0
835 138 0
1098 510 0
1274 1247 0
613 350 0
701 328 0
1188 624 0
465 394 0
183 54 0
1333 529 0
1059 397 0
711 460 0
519 216 0
1118 1055 0
1049 570 0
438 287 0
716 456 0
1088 485 0
1101 133 0
684 547 0
867 176 0
1343 935 0
1052 445 0
801 710 0
1400 1352 0
1259 607 0
1409 1187 0
723 66 0
1127 25 0
1470 296 0
108 74 0
279 93 0
784 74 0
1103 743 0
1304 1206 0
995 22 0
1307 212 0
933 285 0
1098 227 0
1319 1006 0
635 623 0
288 71 0
51 43 0
820 439 0
1155 152 0
1050 778 0
929 841 0
1358 1101 0
208 47 0
1440 907 0
265 93 0
891 479 0
1279 476 0
1085 43 0
1198 606 0
1164 221 0
720 351 0
1086 259 0
1369 1247 0
1337 79 0
1047 522 0
1374 133 0
1365 896 0
1307 1133 0
928 391 0
1150 591 0
675 255 0
571 17 0
1480 1260 0
1288 891 0
1437 741 0
594 233 0
1320 338 0
1438 570 0
1012 611 0
912 680 0
963 757 0
1374 279 0
659 396 0
985 736 0
1311 529 0
710 380 0
1328 686 0
1054 743 0
1296 520 0
978 326 0
472 82 0
1482 910 0
1461 352 0
1448 842 0
1319 1045 0
994 187 0
1320 52 0
1167 431 0
674 120 0
600 7 0
664 514 0
953 630 0
827 570 0
625 73 0
570 395 0
712 199 0
861 846 0
1437 1200 0
576 156 0
1329 277 0
810 141 0
1122 445 0
1187 1101 0
1044 129 0
1493 276 0
941 626 0
1262 486 0
1323 129 0
1413 409 0
1014 962 0
680 496 0
1489 1015 0
992 105 0
595 243 0
1439 1428 0
694 71 0
1158 348 0
1253 1031 0
1357 791 0
1339 901 0
1389 694 0
200 34 0
678 112 0
609 322 0
656 2 0
885 642 0
936 814 0
1082 686 0
779 483 0
1099 409 0
833 389 0
1123 853 0
472 442 0
1450 798 0
328 251 0
457 233 0
864 174 0
1304 204 0
1399 766 0
707 121 0
697 427 0
421 265 0
689 284 0
1212 303 0
729 1 0
552 12 0
1396 495 0
1368 58 0
1369 661 0
1244 686 0
1192 714 0
1249 1126 0
1260 413 0
1371 542 0
1390 142 0
1420 449 0
648 572 0
752 256 0
972 288 0
1013 717 0
1331 758 0
1280 48 0
212 177 0
1412 919 0
1224 265 0
391 36 0
1484 747 0
1497 1373 0
1361 211 0
1385 198 0
707 94 0
307 292 0
1447 759 0
986 953 0
1250 527 0
618 420 0
1130 392 0
1126 794 0
96 44 0
953 452 0
757 543 0
1196 429 0
476 139 0
1469 1468 0
1033 463 0
1469 26 0
1390 1125 0
1219 881 0
692 641 0
797 263 0
520 248 0
90 18 0
170 157 0
561 487 0
1415 589 0
1235 1097 0
683 677 0
1401 274 0
1235 1074 0
275 179 0
1279 1149 0
1423 460 0
412 285 0
1220 627 0
869 452 0
1316 482 0
1498 1465 0
1425 688 0
870 663 0
1371 203 0
835 10 0
1153 788 0
1033 158 0
960 721 0
1117 210 0
1460 1010 0
915 12 0
968 740 0
1173 829 0
1147 239 0
1254 119 0
1283 576 0
1150 728 0
1265 637 0
1400 810 0
1040 945 0
940 673 0
430 199 0
896 63 0
409 244 0
510 302 0
443 202 0
1480 1055 0
655 605 0
1298 200 0
839 469 0
1470 302 0
1145 703 0
702 58 0
822 152 0
973 910 0
1090 377 0
1416 114 0
1419 340 0
1452 899 0
1004 764 0
1379 1250 0
838 681 0
1395 168 0
1018 780 0
1420 787 0
1129 371 0
664 59 0
1047 964 0
795 413 0
398 22 0
1476 610 0
1231 486 0
585 404 0
859 584 0
1297 428 0
776 315 0
966 780 0
1277 584 0
1015 783 0
613 17 0
303 180 0
974 452 0
1298 1018 0
764 338 0
1274 490 0
625 347 0
1331 49 0
1177 160 0
401 339 0
1279 1119 0
388 71 0
1436 1233 0
311 214 0
1447 1100 0
926 624 0
1454 57 0
1061 992 0
1139 562 0
984 212 0
1326 352 0
1206 731 0
951 214 0
1015 635 0
1340 1000 0
1281 689 0
685 667 0
395 60 0
577 18 0
1449 650 0
1089 542 0
841 232 0
1480 930 0
1461 130 0
387 225 0
730 72 0
1230 1176 0
735 252 0
245 57 0
810 429 0
837 378 0
1302 1172 0
898 168 0
722 426 0
1339 479 0
811 674 0
1174 603 0
1290 203 0
1336 138 0
658 438 0
623 535 0
1140 451 0
1374 192 0
1136 1135 0
295 175 0
1200 1117 0
831 346 0
746 368 0
1263 1116 0
1011 452 0
643 495 0
735 137 0
1314 1306 0
602 339 0
656 634 0
1370 766 0
946 26 0
1394 1049 0
418 177 0
976 946 0
598 433 0
935 602 0
638 513 0
1078 969 0
1181 711 0
1483 566 0
1349 833 0
729 144 0
1273 452 0
1167 580 0
982 11 0
1417 656 0
647 463 0
780 243 0
1028 788 0
711 355 0
1431 846 0
1322 177 0
1030 656 0
1184 745 0
726 100 0
1214 762 0
1393 897 0
108 19 0
1355 508 0
360 125 0
1374 940 0
698 513 0
1440 306 0
1436 842 0
1200 659 0
434 290 0
834 54 0
1359 550 0
1162 819 0
1445 1037 0
1343 643 0
964 203 0
614 608 0
1087 626 0
219 62 0
1158 160 0
973 845 0
683 293 0
1395 1254 0
1416 4 0
985 930 0
1324 791 0
1228 824 0
1425 971 0
956 161 0
1426 917 0
1124 525 0
782 684 0
1430 892 0
926 170 0
861 291 0
1301 207 0
1159 708 0
756 506 0
1230 232 0
736 269 0
872 85 0
1485 1012 0
382 118 0
1452 1186 0
1433 236 0
1396 619 0
892 639 0
434 60 0
943 49 0
918 875 0
1236 503 0
1355 58 0
1144 753 0
1110 846 0
1264 44 0
194 19 0
862 825 0
929 383 0
1438 907 0
1287 515 0
809 567 0
1044 343 0
160 74 0
677 206 0
1395 358 0
875 783 0
1466 512 0
1023 727 0
1156 1016 0
1191 849 0
1260 573 0
1448 242 0
1176 560 0
1316 1047 0
1401 862 0
1092 1088 0
1200 306 0
719 494 0
1175 736 0
292 174 0
1166 738 0
816 636 0
1385 1347 0
653 520 0
1378 182 0
1129 353 0
681 436 0
632 455 0
1461 1414 0
539 106 0
1433 1385 0
741 264 0
1174 946 0
1442 1092 0
1003 548 0
1040 938 0
778 41 0
956 8 0
1459 491 0
1393 820 0
299 210 0
1214 664 0
1340 197 0
1213 866 0
982 628 0
1231 926 0
651 90 0
402 253 0
1426 47 0
1343 477 0
497 64 0
1072 1060 0
477 203 0
1472 9 0
1255 1155 0
1458 99 0
1094 1020 0
1428 636 0
531 471 0
1045 444 0
295 222 0
308 292 0
1281 37 0
1211 155 0
1475 247 0
635 629 0
553 342 0
733 474 0
1147 771 0
438 426 0
486 235 0
1185 992 0
1291 18 0
1425 402 0
797 270 0
623 268 0
1142 604 0
1028 850 0
741 434 0
1046 755 0
787 123 0
892 197 0
44 40 0
920 67 0
848 256 0
1256 820 0
853 806 0
1384 673 0
1173 243 0
1005 489 0
875 376 0
1209 712 0
1051 551 0
404 136 0
828 435 0
1019 119 0
753 55 0
995 885 0
1255 174 0
1372 149 0
1087 976 0
1345 922 0
1022 547 0
778 733 0
1264 705 0
1296 86 0
997 101 0
813 23 0
703 277 0
1242 79 0
1324 1045 0
1055 44 0
307 219 0
1325 661 0
1399 364 0
901 859 0
1045 411 0
666 113 0
697 565 0
474 357 0
1205 697 0
1118 1047 0
1298 1266 0
561 345 0
1189 394 0
360 153 0
1163 108 0
1407 191 0
1058 736 0
827 408 0
1272 797 0
245 5 0
501 496 0
649 215 0
816 155 0
1360 140 0
1449 152 0
1287 1230 0
517 33 0
592 490 0
978 890 0
1421 946 0
1209 779 0
1025 786 0
1238 1161 0
1085 398 0
1365 432 0
619 545 0
1272 1199 0
327 176 0
780 165 0
911 289 0
1165 599 0
227 206 0
1069 1007 0
1499 519 0
425 373 0
503 387 0
515 430 0
1140 792 0
968 208 0
1372 1007 0
1166 506 0
1090 132 0
249 101 0
1423 71 0
891 548 0
1470 242 0
1200 415 0
1030 160 0
519 178 0
394 13 0
916 71 0
1315 1245 0
1098 454 0
360 338 0
816 286 0
909 538 0
716 548 0
206 110 0
966 345 0
1058 912 0
934 127 0
219 48 0
1082 913 0
1419 1031 0
759 445 0
1163 164 0
160 40 0
917 558 0
640 489 0
981 151 0
695 47 0
1330 407 0
1466 21 0
738 51 0
1245 872 0
837 313 0
680 328 0
865 570 0
1326 1272 0
855 364 0
950 601 0
597 111 0
468 432 0
1452 54 0
697 161 0
940 847 0
832 278 0
999 319 0
963 19 0
1274 1009 0
1455 497 0
1341 58 0
1293 355 0
1023 519 0
1253 514 0
72 19 0
395 327 0
1263 550 0
920 298 0
752 452 0
561 385 0
1152 841 0
303 282 0
470 353 0
1368 276 0
1281 1173 0
960 72 0
302 107 0
386 12 0
662 518 0
906 786 0
1025 581 0
891 470 0
1020 435 0
957 689 0
1131 245 0
1387 549 0
1268 334 0
184 119 0
780 408 0
995 245 0
1466 1190 0
405 26 0
647 592 0
977 839 0
1316 1114 0
651 504 0
1054 535 0
1042 784 0
1127 198 0
1294 1221 0
1183 1066 0
596 326 0
1329 1113 0
1273 784 0
1492 156 0
1081 140 0
548 79 0
273 207 0
1147 648 0
859 410 0
946 870 0
353 152 0
1237 938 0
1391 670 0
1020 438 0
753 728 0
1272 134 0
637 356 0
775 736 0
1491 1338 0
1181 465 0
714 473 0
383 178 0
1346 1162 0
1210 722 0
1371 232 0
1495 1156 0
578 35 0
851 123 0
1124 857 0
1417 877 0
1457 729 0
1272 818 0
1239 87 0
1226 267 0
1266 223 0
678 597 0
1342 912 0
1295 199 0
1332 1036 0
546 76 0
575 102 0
1378 703 0
1352 545 0
152 126 0
835 702 0
392 214 0
1281 83 0
1050 682 0
869 65 0
1274 528 0
506 30 0
1124 663 0
1330 653 0
1438 516 0
697 613 0
1186 453 0
1436 686 0
905 532 0
1459 759 0
1041 1020 0
766 33 0
1418 527 0
679 576 0
1456 255 0
1128 114 0
1436 880 0
581 461 0
912 346 0
1224 182 0
1453 1070 0
1062 867 0
1352 63 0
1330 1013 0
845 796 0
1360 680 0
475 328 0
932 88 0
1117 814 0
1152 966 0
1273 1010 0
793 782 0
1258 692 0
802 516 0
396 212 0
1187 569 0
1063 17 0
1250 610 0
1109 477 0
1395 1175 0
1204 797 0
269 195 0
540 302 0
1104 723 0
730 704 0
411 402 0
499 228 0
596 23 0
712 212 0
1039 637 0
1361 44 0
614 453 0
1486 159 0
1199 59 0
1465 563 0
825 436 0
1022 698 0
361 247 0
1244 633 0
226 118 0
1207 1030 0
963 565 0
825 261 0
894 374 0
1253 615 0
915 125 0
1486 41 0
676 600 0
397 85 0
1093 922 0
404 113 0
1498 1191 0
1126 342 0
674 287 0
765 22 0
1342 173 0
789 592 0
913 62 0
1468 65 0
1062 974 0
1383 64 0
1328 694 0
1227 422 0
1370 924 0
979 733 0
1187 1074 0
563 156 0
1415 922 0
1241 470 0
1365 759 0
1433 644 0
870 92 0
741 672 0
702 197 0
1247 277 0
1456 44 0
1152 1110 0
1233 497 0
579 138 0
1219 85 0
689 18 0
705 557 0
922 615 0
1319 1035 0
975 576 0
1197 1175 0
1140 458 0
1254 742 0
158 24 0
1101 451 0
678 567 0
1391 1227 0
857 408 0
1402 27 0
1254 498 0
1301 514 0
1064 1036 0
1374 802 0
1206 339 0
657 268 0
1229 614 0
1125 859 0
1089 1036 0
1435 624 0
1326 386 0
707 389 0
1392 155 0
919 546 0
1421 542 0
173 109 0
297 33 0
502 144 0
726 383 0
968 899 0
1411 968 0
1215 988 0
361 151 0
1025 78 0
899 628 0
394 14 0
141 50 0
1126 562 0
1446 315 0
868 709 0
996 5 0
1192 855 0
453 62 0
1457 767 0
1034 148 0
1288 193 0
560 192 0
581 275 0
826 824 0
1225 43 0
394 261 0
447 39 0
1414 189 0
1446 880 0
1022 22 0
1333 378 0
1456 1202 0
1063 1055 0
1424 470 0
638 296 0
1438 649 0
1333 1124 0
1372 997 0
1482 1238 0
766 227 0
671 451 0
334 7 0
778 765 0
1310 1285 0
1483 1442 0
1166 344 0
684 35 0
1175 874 0
1250 1000 0
591 241 0
456 359 0
990 577 0
814 76 0
738 624 0
1289 1056 0
1470 408 0
837 106 0
1364 978 0
1385 438 0
742 186 0
815 79 0
1205 1143 0
656 210 0
1339 962 0
1113 926 0
915 19 0
1273 527 0
881 477 0
692 55 0
1256 239 0
1167 525 0
963 783 0
1299 662 0
1402 1260 0
636 171 0
1283 1225 0
1042 80 0
933 565 0
887 767 0
638 285 0
1104 682 0
997 969 0
1177 1118 0
1371 826 0
1241 163 0
899 203 0
1341 1194 0
1496 696 0
654 340 0
1215 592 0
740 236 0
1044 789 0
830 108 0
988 726 0
802 295 0
1388 741 0
1346 763 0
147 97 0
680 101 0
221 81 0
1264 831 0
1350 773 0
988 602 0
1022 571 0
1244 1158 0
1175 142 0
671 617 0
626 567 0
93 42 0
1112 983 0
894 144 0
1108 474 0
1494 267 0
1478 395 0
931 333 0
1237 283 0
866 836 0
652 181 0
1236 93 0
1085 773 0
1378 1252 0
1440 363 0
163 43 0
589 497 0
899 696 0
818 436 0
181 27 0
616 375 0
831 419 0
703 364 0
654 485 0
217 146 0
275 150 0
1185 245 0
1045 198 0
1274 967 0
736 644 0
1241 1222 0
1420 101 0
742 443 0
733 561 0
757 351 0
1333 804 0
727 120 0
718 626 0
635 59 0
1434 757 0
1125 720 0
909 695 0
1159 105 0
450 155 0
697 391 0
1084 260 0
478 290 0
912 823 0
1408 493 0
947 605 0
930 415 0
347 289 0
1260 149 0
1165 1044 0
740 655 0
1278 707 0
1197 854 0
1397 194 0
696 78 0
903 851 0
502 221 0
1423 308 0
769 12 0
896 18 0
567 27 0
1078 885 0
582 16 0
921 469 0
1295 1041 0
860 715 0
815 276 0
838 758 0
1251 1100 0
1416 766 0
951 580 0
1432 813 0
969 464 0
1064 748 0
802 110 0
825 221 0
1424 1041 0
1227 1077 0
895 102 0
1172 1011 0
790 222 0
1161 416 0
876 270 0
1434 518 0
1028 872 0
1118 641 0
795 140 0
1144 569 0
1017 109 0
1105 666 0
1452 1323 0
1163 1129 0
378 143 0
455 188 0
1483 1456 0
1349 741 0
973 336 0
790 407 0
531 269 0
521 248 0
623 514 0
1089 500 0
285 194 0
1152 336 0
278 13 0
851 60 0
1416 1053 0
1451 480 0
1499 377 0
752 337 0
1113 568 0
782 604 0
1383 321 0
1416 515 0
654 76 0
