1500 7000 
1 15 
2 76 
3 38 
4 24 
5 61 
6 74 
7 11 
8 124 
9 88 
10 48 
11 149 
12 127 
13 12 
14 54 
15 100 
16 31 
17 59 
18 101 
19 79 
20 80 
21 136 
22 27 
23 144 
24 87 
25 146 
26 83 
27 62 
28 56 
29 88 
30 76 
31 52 
32 94 
33 142 
34 80 
35 108 
36 54 
37 145 
38 109 
39 28 
40 84 
41 148 
42 27 
43 62 
44 10 
45 71 
46 12 
47 32 
48 121 
49 103 
50 101 
51 52 
52 90 
53 118 
54 46 
55 28 
56 115 
57 120 
58 80 
59 22 
60 58 
61 146 
62 64 
63 142 
64 138 
65 135 
66 100 
67 42 
68 131 
69 60 
70 61 
71 66 
72 58 
73 78 
74 118 
75 59 
76 140 
77 120 
78 81 
79 111 
80 74 
81 33 
82 13 
83 14 
84 142 
85 49 
86 33 
87 108 
88 19 
89 103 
90 120 
91 67 
92 100 
93 35 
94 60 
95 89 
96 21 
97 11 
98 121 
99 142 
100 61 
101 33 
102 58 
103 109 
104 101 
105 26 
106 18 
107 91 
108 137 
109 90 
110 53 
111 61 
112 114 
113 56 
114 66 
115 106 
116 96 
117 89 
118 65 
119 106 
120 43 
121 35 
122 24 
123 133 
124 60 
125 74 
126 72 
127 71 
128 75 
129 44 
130 64 
131 126 
132 67 
133 113 
134 86 
135 19 
136 130 
137 95 
138 100 
139 117 
140 36 
141 143 
142 28 
143 140 
144 50 
145 84 
146 97 
147 136 
148 24 
149 12 
150 92 
151 57 
152 37 
153 106 
154 41 
155 88 
156 31 
157 103 
158 149 
159 96 
160 138 
161 64 
162 72 
163 56 
164 27 
165 149 
166 65 
167 147 
168 94 
169 16 
170 114 
171 120 
172 10 
173 133 
174 111 
175 50 
176 68 
177 58 
178 37 
179 82 
180 61 
181 120 
182 129 
183 88 
184 77 
185 21 
186 27 
187 98 
188 114 
189 27 
190 44 
191 103 
192 81 
193 107 
194 149 
195 98 
196 106 
197 64 
198 96 
199 50 
200 71 
201 60 
202 21 
203 71 
204 44 
205 122 
206 111 
207 102 
208 31 
209 139 
210 34 
211 82 
212 109 
213 14 
214 21 
215 36 
216 25 
217 38 
218 125 
219 130 
220 55 
221 19 
222 84 
223 127 
224 117 
225 83 
226 75 
227 73 
228 138 
229 21 
230 114 
231 59 
232 72 
233 126 
234 120 
235 107 
236 98 
237 82 
238 59 
239 119 
240 72 
241 84 
242 51 
243 31 
244 89 
245 62 
246 58 
247 105 
248 91 
249 33 
250 86 
251 137 
252 43 
253 20 
254 114 
255 10 
256 93 
257 39 
258 74 
259 81 
260 51 
261 39 
262 131 
263 114 
264 15 
265 102 
266 72 
267 104 
268 34 
269 121 
270 73 
271 96 
272 56 
273 115 
274 118 
275 135 
276 28 
277 27 
278 90 
279 110 
280 51 
281 26 
282 97 
283 84 
284 36 
285 61 
286 85 
287 120 
288 91 
289 10 
290 52 
291 133 
292 39 
293 33 
294 98 
295 45 
296 125 
297 20 
298 139 
299 10 
300 131 
301 63 
302 97 
303 37 
304 28 
305 66 
306 23 
307 47 
308 83 
309 104 
310 147 
311 124 
312 120 
313 95 
314 59 
315 147 
316 146 
317 135 
318 118 
319 87 
320 135 
321 20 
322 71 
323 25 
324 44 
325 19 
326 60 
327 19 
328 29 
329 49 
330 20 
331 10 
332 103 
333 108 
334 38 
335 122 
336 24 
337 52 
338 19 
339 98 
340 146 
341 17 
342 72 
343 117 
344 102 
345 122 
346 115 
347 99 
348 108 
349 83 
350 37 
351 94 
352 93 
353 98 
354 110 
355 127 
356 107 
357 20 
358 137 
359 126 
360 60 
361 148 
362 127 
363 13 
364 106 
365 16 
366 125 
367 120 
368 58 
369 135 
370 68 
371 55 
372 143 
373 131 
374 22 
375 96 
376 104 
377 127 
378 45 
379 63 
380 60 
381 72 
382 147 
383 144 
384 21 
385 107 
386 121 
387 118 
388 118 
389 109 
390 95 
391 28 
392 107 
393 73 
394 32 
395 64 
396 80 
397 148 
398 35 
399 129 
400 133 
401 93 
402 34 
403 127 
404 75 
405 46 
406 73 
407 30 
408 23 
409 108 
410 83 
411 74 
412 31 
413 81 
414 68 
415 42 
416 38 
417 40 
418 11 
419 147 
420 140 
421 97 
422 26 
423 97 
424 20 
425 48 
426 12 
427 90 
428 47 
429 37 
430 70 
431 31 
432 121 
433 94 
434 148 
435 47 
436 130 
437 71 
438 67 
439 144 
440 30 
441 141 
442 68 
443 52 
444 72 
445 127 
446 85 
447 101 
448 17 
449 86 
450 98 
451 147 
452 34 
453 114 
454 95 
455 44 
456 13 
457 98 
458 125 
459 50 
460 125 
461 45 
462 72 
463 96 
464 130 
465 70 
466 134 
467 110 
468 132 
469 51 
470 105 
471 12 
472 42 
473 23 
474 54 
475 105 
476 141 
477 130 
478 56 
479 148 
480 66 
481 144 
482 146 
483 90 
484 109 
485 92 
486 125 
487 113 
488 40 
489 101 
490 13 
491 16 
492 137 
493 76 
494 103 
495 117 
496 136 
497 87 
498 77 
499 118 
500 129 
501 33 
502 121 
503 21 
504 46 
505 26 
506 117 
507 37 
508 146 
509 23 
510 36 
511 63 
512 18 
513 33 
514 143 
515 117 
516 115 
517 119 
518 81 
519 146 
520 71 
521 84 
522 12 
523 58 
524 10 
525 105 
526 25 
527 137 
528 42 
529 93 
530 106 
531 21 
532 116 
533 77 
534 33 
535 13 
536 93 
537 140 
538 41 
539 90 
540 14 
541 68 
542 143 
543 23 
544 91 
545 137 
546 130 
547 57 
548 106 
549 62 
550 54 
551 27 
552 136 
553 56 
554 75 
555 137 
556 12 
557 91 
558 125 
559 45 
560 35 
561 81 
562 57 
563 142 
564 149 
565 81 
566 145 
567 92 
568 72 
569 37 
570 33 
571 76 
572 95 
573 26 
574 89 
575 37 
576 13 
577 70 
578 85 
579 109 
580 122 
581 129 
582 127 
583 109 
584 36 
585 53 
586 97 
587 38 
588 134 
589 72 
590 74 
591 20 
592 144 
593 121 
594 12 
595 143 
596 52 
597 148 
598 86 
599 114 
600 36 
601 109 
602 41 
603 122 
604 125 
605 121 
606 10 
607 128 
608 41 
609 85 
610 88 
611 14 
612 65 
613 65 
614 114 
615 92 
616 109 
617 61 
618 121 
619 93 
620 124 
621 45 
622 104 
623 119 
624 17 
625 107 
626 112 
627 59 
628 105 
629 49 
630 24 
631 132 
632 148 
633 56 
634 104 
635 124 
636 27 
637 104 
638 103 
639 59 
640 40 
641 41 
642 64 
643 95 
644 97 
645 28 
646 37 
647 56 
648 80 
649 148 
650 140 
651 55 
652 44 
653 95 
654 24 
655 51 
656 52 
657 127 
658 101 
659 147 
660 26 
661 115 
662 130 
663 25 
664 22 
665 84 
666 139 
667 39 
668 39 
669 93 
670 89 
671 69 
672 125 
673 143 
674 15 
675 72 
676 22 
677 43 
678 119 
679 92 
680 42 
681 110 
682 138 
683 76 
684 55 
685 12 
686 117 
687 97 
688 129 
689 69 
690 95 
691 146 
692 34 
693 75 
694 22 
695 47 
696 10 
697 12 
698 76 
699 39 
700 95 
701 16 
702 98 
703 70 
704 10 
705 104 
706 133 
707 22 
708 137 
709 102 
710 105 
711 29 
712 62 
713 93 
714 96 
715 108 
716 95 
717 64 
718 55 
719 75 
720 123 
721 140 
722 72 
723 148 
724 66 
725 84 
726 45 
727 66 
728 86 
729 112 
730 95 
731 31 
732 118 
733 44 
734 92 
735 118 
736 138 
737 75 
738 130 
739 126 
740 28 
741 85 
742 145 
743 81 
744 29 
745 91 
746 39 
747 114 
748 146 
749 84 
750 40 
751 119 
752 75 
753 103 
754 117 
755 131 
756 37 
757 12 
758 48 
759 114 
760 114 
761 133 
762 136 
763 83 
764 28 
765 78 
766 52 
767 16 
768 144 
769 32 
770 132 
771 22 
772 108 
773 128 
774 93 
775 128 
776 70 
777 123 
778 92 
779 66 
780 58 
781 123 
782 36 
783 123 
784 76 
785 143 
786 105 
787 104 
788 146 
789 144 
790 68 
791 111 
792 128 
793 54 
794 44 
795 146 
796 123 
797 86 
798 13 
799 117 
800 109 
801 136 
802 130 
803 68 
804 115 
805 74 
806 46 
807 35 
808 47 
809 129 
810 92 
811 95 
812 103 
813 118 
814 69 
815 29 
816 112 
817 25 
818 123 
819 108 
820 19 
821 42 
822 69 
823 138 
824 87 
825 104 
826 134 
827 60 
828 41 
829 138 
830 28 
831 141 
832 124 
833 148 
834 60 
835 89 
836 72 
837 96 
838 115 
839 110 
840 76 
841 57 
842 56 
843 29 
844 26 
845 116 
846 49 
847 128 
848 131 
849 23 
850 86 
851 141 
852 55 
853 146 
854 129 
855 132 
856 100 
857 114 
858 43 
859 132 
860 102 
861 61 
862 123 
863 77 
864 60 
865 34 
866 17 
867 123 
868 120 
869 122 
870 83 
871 47 
872 29 
873 130 
874 66 
875 45 
876 96 
877 105 
878 24 
879 78 
880 118 
881 100 
882 70 
883 24 
884 96 
885 50 
886 147 
887 47 
888 14 
889 40 
890 30 
891 107 
892 92 
893 144 
894 35 
895 142 
896 28 
897 42 
898 115 
899 138 
900 14 
901 49 
902 36 
903 34 
904 29 
905 92 
906 70 
907 116 
908 48 
909 84 
910 44 
911 17 
912 35 
913 104 
914 31 
915 121 
916 145 
917 28 
918 19 
919 149 
920 59 
921 39 
922 107 
923 141 
924 33 
925 132 
926 133 
927 51 
928 24 
929 98 
930 40 
931 29 
932 138 
933 66 
934 54 
935 18 
936 149 
937 114 
938 124 
939 47 
940 49 
941 19 
942 55 
943 74 
944 113 
945 76 
946 45 
947 108 
948 95 
949 55 
950 108 
951 144 
952 84 
953 66 
954 135 
955 108 
956 48 
957 118 
958 10 
959 63 
960 67 
961 41 
962 83 
963 56 
964 98 
965 127 
966 64 
967 97 
968 92 
969 38 
970 135 
971 131 
972 47 
973 40 
974 55 
975 11 
976 107 
977 91 
978 110 
979 52 
980 136 
981 69 
982 47 
983 71 
984 126 
985 32 
986 30 
987 25 
988 141 
989 30 
990 78 
991 59 
992 62 
993 12 
994 105 
995 10 
996 129 
997 20 
998 98 
999 71 
1000 49 
1001 83 
1002 53 
1003 87 
1004 114 
1005 98 
1006 89 
1007 72 
1008 40 
1009 50 
1010 115 
1011 26 
1012 109 
1013 12 
1014 88 
1015 85 
1016 35 
1017 108 
1018 100 
1019 27 
1020 129 
1021 29 
1022 76 
1023 41 
1024 32 
1025 32 
1026 42 
1027 11 
1028 42 
1029 130 
1030 73 
1031 82 
1032 63 
1033 116 
1034 19 
1035 28 
1036 65 
1037 98 
1038 90 
1039 95 
1040 138 
1041 55 
1042 112 
1043 98 
1044 57 
1045 51 
1046 34 
1047 83 
1048 149 
1049 124 
1050 100 
1051 129 
1052 144 
1053 27 
1054 21 
1055 26 
1056 49 
1057 53 
1058 28 
1059 82 
1060 33 
1061 92 
1062 14 
1063 87 
1064 59 
1065 23 
1066 105 
1067 114 
1068 112 
1069 46 
1070 60 
1071 100 
1072 91 
1073 23 
1074 48 
1075 139 
1076 64 
1077 72 
1078 72 
1079 64 
1080 47 
1081 23 
1082 43 
1083 42 
1084 40 
1085 54 
1086 59 
1087 79 
1088 98 
1089 77 
1090 12 
1091 121 
1092 19 
1093 16 
1094 58 
1095 69 
1096 30 
1097 14 
1098 33 
1099 132 
1100 50 
1101 84 
1102 82 
1103 132 
1104 97 
1105 121 
1106 121 
1107 11 
1108 44 
1109 44 
1110 65 
1111 81 
1112 57 
1113 99 
1114 113 
1115 88 
1116 144 
1117 23 
1118 17 
1119 92 
1120 90 
1121 20 
1122 64 
1123 100 
1124 26 
1125 113 
1126 19 
1127 46 
1128 117 
1129 43 
1130 28 
1131 18 
1132 117 
1133 101 
1134 140 
1135 65 
1136 72 
1137 112 
1138 66 
1139 106 
1140 147 
1141 122 
1142 38 
1143 55 
1144 72 
1145 142 
1146 133 
1147 66 
1148 15 
1149 141 
1150 149 
1151 96 
1152 11 
1153 63 
1154 46 
1155 27 
1156 26 
1157 56 
1158 64 
1159 134 
1160 89 
1161 83 
1162 142 
1163 57 
1164 34 
1165 133 
1166 112 
1167 97 
1168 95 
1169 29 
1170 54 
1171 92 
1172 142 
1173 82 
1174 137 
1175 64 
1176 74 
1177 121 
1178 121 
1179 80 
1180 112 
1181 120 
1182 26 
1183 113 
1184 33 
1185 63 
1186 131 
1187 50 
1188 109 
1189 46 
1190 34 
1191 48 
1192 119 
1193 27 
1194 96 
1195 144 
1196 10 
1197 58 
1198 91 
1199 95 
1200 78 
1201 135 
1202 38 
1203 70 
1204 68 
1205 26 
1206 125 
1207 133 
1208 137 
1209 96 
1210 63 
1211 99 
1212 67 
1213 80 
1214 63 
1215 91 
1216 133 
1217 44 
1218 131 
1219 92 
1220 80 
1221 15 
1222 131 
1223 50 
1224 32 
1225 77 
1226 44 
1227 33 
1228 126 
1229 126 
1230 118 
1231 54 
1232 112 
1233 147 
1234 115 
1235 30 
1236 23 
1237 91 
1238 14 
1239 11 
1240 37 
1241 68 
1242 100 
1243 95 
1244 138 
1245 14 
1246 36 
1247 121 
1248 48 
1249 17 
1250 63 
1251 119 
1252 23 
1253 44 
1254 20 
1255 46 
1256 112 
1257 54 
1258 69 
1259 88 
1260 31 
1261 38 
1262 133 
1263 133 
1264 35 
1265 98 
1266 14 
1267 49 
1268 39 
1269 18 
1270 50 
1271 67 
1272 76 
1273 140 
1274 12 
1275 64 
1276 145 
1277 38 
1278 36 
1279 43 
1280 46 
1281 89 
1282 13 
1283 59 
1284 124 
1285 23 
1286 96 
1287 87 
1288 68 
1289 15 
1290 25 
1291 89 
1292 43 
1293 148 
1294 72 
1295 69 
1296 97 
1297 77 
1298 108 
1299 127 
1300 85 
1301 149 
1302 45 
1303 12 
1304 140 
1305 48 
1306 67 
1307 135 
1308 77 
1309 93 
1310 29 
1311 113 
1312 33 
1313 32 
1314 23 
1315 148 
1316 46 
1317 109 
1318 85 
1319 105 
1320 115 
1321 101 
1322 44 
1323 149 
1324 99 
1325 107 
1326 69 
1327 47 
1328 34 
1329 27 
1330 25 
1331 110 
1332 27 
1333 60 
1334 113 
1335 17 
1336 99 
1337 31 
1338 142 
1339 26 
1340 115 
1341 21 
1342 130 
1343 138 
1344 44 
1345 143 
1346 137 
1347 81 
1348 103 
1349 73 
1350 36 
1351 69 
1352 24 
1353 70 
1354 68 
1355 114 
1356 28 
1357 127 
1358 12 
1359 53 
1360 145 
1361 27 
1362 14 
1363 22 
1364 78 
1365 117 
1366 29 
1367 27 
1368 138 
1369 22 
1370 44 
1371 103 
1372 33 
1373 24 
1374 92 
1375 68 
1376 18 
1377 80 
1378 139 
1379 111 
1380 143 
1381 26 
1382 31 
1383 17 
1384 87 
1385 89 
1386 122 
1387 105 
1388 67 
1389 124 
1390 148 
1391 62 
1392 142 
1393 12 
1394 75 
1395 70 
1396 120 
1397 95 
1398 88 
1399 108 
1400 107 
1401 122 
1402 62 
1403 131 
1404 136 
1405 144 
1406 49 
1407 144 
1408 74 
1409 39 
1410 106 
1411 68 
1412 55 
1413 127 
1414 76 
1415 132 
1416 67 
1417 48 
1418 88 
1419 124 
1420 23 
1421 87 
1422 37 
1423 15 
1424 90 
1425 102 
1426 76 
1427 60 
1428 47 
1429 14 
1430 19 
1431 144 
1432 126 
1433 71 
1434 126 
1435 113 
1436 66 
1437 25 
1438 108 
1439 131 
1440 55 
1441 65 
1442 49 
1443 101 
1444 43 
1445 115 
1446 84 
1447 100 
1448 14 
1449 22 
1450 75 
1451 27 
1452 99 
1453 102 
1454 33 
1455 39 
1456 54 
1457 99 
1458 90 
1459 92 
1460 104 
1461 99 
1462 86 
1463 81 
1464 20 
1465 62 
1466 44 
1467 77 
1468 78 
1469 142 
1470 58 
1471 124 
1472 58 
1473 97 
1474 75 
1475 91 
1476 63 
1477 149 
1478 41 
1479 67 
1480 22 
1481 106 
1482 85 
1483 111 
1484 59 
1485 109 
1486 141 
1487 103 
1488 58 
1489 82 
1490 46 
1491 13 
1492 31 
1493 122 
1494 84 
1495 42 
1496 35 
1497 119 
1498 109 
1499 104 
1500 111 
1 740 0
1 1020 0
740 977 0
1 1436 0
977 708 0
1 854 0
1 1158 0
854 1077 0
708 885 0
1 344 0
1077 143 0
1436 978 0
1158 914 0
344 605 0
1436 769 0
1020 563 0
1 308 0
740 1441 0
769 179 0
308 1092 0
143 1448 0
854 897 0
563 342 0
1158 694 0
179 589 0
308 994 0
978 124 0
1077 1482 0
179 253 0
769 33 0
1092 972 0
978 1026 0
124 675 0
897 1066 0
179 884 0
563 254 0
1092 1131 0
1482 491 0
1 156 0
972 1208 0
1092 737 0
1092 1455 0
694 1211 0
708 417 0
1 940 0
914 1005 0
605 1029 0
1441 255 0
1077 88 0
417 1083 0
675 531 0
1005 354 0
1158 1010 0
33 207 0
1211 556 0
1010 445 0
88 678 0
308 688 0
308 612 0
417 436 0
1436 100 0
436 541 0
255 549 0
1066 1355 0
1482 648 0
417 150 0
1010 872 0
342 1369 0
1092 1327 0
854 157 0
1448 96 0
253 285 0
491 1030 0
88 1191 0
344 623 0
344 306 0
491 184 0
940 401 0
156 198 0
308 1351 0
1029 1297 0
1436 578 0
1455 571 0
33 1171 0
124 651 0
198 905 0
940 498 0
285 86 0
854 724 0
198 1484 0
651 46 0
156 640 0
605 30 0
1369 942 0
605 1348 0
688 1052 0
571 949 0
769 553 0
1158 726 0
1448 1418 0
949 219 0
1436 703 0
531 1236 0
678 811 0
737 639 0
571 484 0
531 321 0
651 903 0
994 745 0
1066 569 0
207 1305 0
308 509 0
1369 435 0
651 961 0
942 1358 0
143 1118 0
769 203 0
254 890 0
977 1204 0
994 591 0
156 31 0
30 1126 0
33 791 0
678 690 0
914 1493 0
435 829 0
1484 93 0
791 462 0
255 1000 0
977 289 0
640 177 0
1020 1494 0
254 447 0
648 1457 0
994 974 0
553 719 0
726 1377 0
1029 1343 0
344 1101 0
872 258 0
578 538 0
1305 426 0
648 1033 0
640 1142 0
157 920 0
1158 271 0
203 94 0
854 110 0
688 722 0
678 801 0
1131 159 0
308 1324 0
942 624 0
110 946 0
737 611 0
1343 1159 0
1494 917 0
124 419 0
157 1106 0
694 1250 0
1351 275 0
1448 414 0
417 237 0
549 893 0
1118 1386 0
1211 1278 0
94 507 0
1159 684 0
538 1461 0
254 1435 0
100 142 0
1278 280 0
974 1422 0
1484 309 0
1461 1337 0
1482 629 0
946 393 0
1343 200 0
1171 228 0
271 242 0
1435 105 0
589 1362 0
571 106 0
549 396 0
105 741 0
306 457 0
690 508 0
811 602 0
1418 103 0
289 664 0
426 1119 0
508 822 0
1482 999 0
801 815 0
105 778 0
917 1148 0
1494 1233 0
258 174 0
1436 82 0
905 16 0
1493 1098 0
96 383 0
1005 1186 0
1324 991 0
383 573 0
556 960 0
436 327 0
306 577 0
977 191 0
605 1226 0
1159 1128 0
1337 539 0
1422 702 0
203 1088 0
1000 1263 0
396 299 0
200 1340 0
961 75 0
124 357 0
228 153 0
419 120 0
664 20 0
306 294 0
703 460 0
1171 677 0
1327 1281 0
46 1473 0
31 288 0
1159 111 0
563 371 0
769 1177 0
591 1136 0
1026 63 0
20 341 0
306 980 0
1484 58 0
991 313 0
605 268 0
435 658 0
719 1075 0
978 1109 0
341 575 0
1436 1409 0
1386 886 0
920 945 0
1409 833 0
507 650 0
1343 1028 0
258 642 0
897 1116 0
96 596 0
980 193 0
1362 1244 0
640 250 0
177 1164 0
914 709 0
577 1380 0
854 1038 0
1377 877 0
1101 1350 0
1204 1311 0
960 173 0
914 434 0
193 767 0
1473 61 0
974 185 0
1101 555 0
1351 1425 0
1204 821 0
591 1187 0
414 614 0
1142 512 0
426 686 0
1369 69 0
285 971 0
1083 1257 0
1484 1427 0
268 466 0
724 1003 0
466 1322 0
1409 1406 0
30 480 0
1187 775 0
105 496 0
651 108 0
639 1300 0
507 1097 0
46 134 0
447 1477 0
1029 880 0
639 421 0
289 836 0
30 377 0
1448 1306 0
156 1452 0
945 4 0
280 1323 0
203 654 0
268 45 0
496 126 0
1131 386 0
1020 852 0
1369 394 0
1028 823 0
686 1270 0
829 318 0
219 1031 0
377 779 0
207 35 0
640 368 0
33 154 0
1052 812 0
46 839 0
157 114 0
63 210 0
541 1027 0
917 247 0
106 856 0
1435 471 0
177 516 0
1126 973 0
677 842 0
120 1218 0
890 1017 0
20 783 0
445 923 0
1038 568 0
624 104 0
541 814 0
436 1481 0
1097 448 0
767 432 0
778 441 0
33 148 0
1038 586 0
602 1424 0
745 1432 0
377 1279 0
154 278 0
654 707 0
1031 64 0
1457 809 0
106 998 0
821 1179 0
1119 1310 0
1473 495 0
31 1450 0
1257 1084 0
421 1022 0
342 704 0
719 1412 0
821 824 0
114 734 0
1038 935 0
368 1151 0
801 894 0
313 936 0
142 1338 0
1409 303 0
586 272 0
571 1276 0
1075 665 0
179 526 0
664 1012 0
93 671 0
1362 1188 0
1351 1304 0
507 129 0
148 216 0
809 888 0
1323 399 0
1226 534 0
549 53 0
1244 1295 0
1358 1364 0
675 1346 0
184 848 0
1029 293 0
1297 730 0
445 634 0
46 729 0
1358 515 0
1412 850 0
357 924 0
671 559 0
980 1157 0
814 201 0
86 28 0
498 1008 0
707 595 0
383 1071 0
33 805 0
1406 227 0
201 1035 0
1424 151 0
1233 107 0
154 1464 0
153 1193 0
460 1330 0
702 1174 0
596 163 0
903 530 0
177 548 0
1186 1487 0
237 1363 0
1066 1137 0
258 180 0
767 73 0
801 695 0
1 244 0
1027 546 0
289 608 0
1493 950 0
903 1256 0
1 866 0
1106 1333 0
805 711 0
1005 1335 0
1355 669 0
1179 1214 0
669 1266 0
1186 373 0
33 146 0
1422 474 0
923 443 0
1406 583 0
28 1405 0
1455 234 0
671 390 0
1131 915 0
1327 506 0
191 1231 0
556 638 0
414 302 0
30 212 0
1188 1221 0
940 347 0
886 189 0
1098 1454 0
1187 245 0
507 295 0
707 310 0
435 1356 0
677 119 0
1236 630 0
390 416 0
33 476 0
294 209 0
1448 1058 0
1263 277 0
1026 339 0
1088 188 0
836 38 0
1250 113 0
740 1015 0
1324 402 0
435 1047 0
35 528 0
476 195 0
775 220 0
272 607 0
466 1492 0
769 109 0
342 87 0
113 1438 0
1250 55 0
107 849 0
321 1181 0
1174 603 0
496 1225 0
1350 969 0
961 826 0
897 1347 0
920 1113 0
1083 1404 0
509 911 0
1109 861 0
734 1234 0
339 808 0
45 943 0
946 988 0
603 1370 0
729 1298 0
1017 1262 0
515 283 0
945 351 0
484 761 0
96 1141 0
568 1373 0
1033 786 0
457 536 0
568 898 0
1362 412 0
702 319 0
553 59 0
890 523 0
914 217 0
1179 819 0
191 366 0
1177 211 0
973 1428 0
1427 860 0
1276 701 0
1355 391 0
198 1210 0
651 537 0
988 831 0
1340 322 0
690 855 0
783 440 0
1181 869 0
898 934 0
1029 649 0
595 1334 0
143 223 0
534 1203 0
1418 274 0
614 899 0
831 643 0
1106 136 0
156 467 0
824 1408 0
237 1320 0
396 545 0
831 967 0
1 864 0
402 1456 0
189 1147 0
104 1293 0
1116 626 0
638 192 0
237 14 0
193 807 0
319 439 0
1350 1065 0
1027 1498 0
729 259 0
856 25 0
1098 909 0
839 330 0
1210 560 0
690 772 0
4 60 0
1333 164 0
1151 231 0
1356 451 0
268 118 0
61 990 0
1320 1198 0
16 423 0
894 908 0
1436 1478 0
791 1401 0
539 567 0
394 913 0
1408 458 0
823 162 0
275 92 0
1000 54 0
110 1255 0
1386 76 0
16 689 0
435 790 0
526 149 0
1142 12 0
707 845 0
118 570 0
722 1094 0
591 604 0
1058 1161 0
704 680 0
1343 152 0
223 1155 0
110 125 0
1432 486 0
344 818 0
1450 348 0
936 744 0
829 1061 0
92 437 0
1250 521 0
357 225 0
703 590 0
1244 1282 0
1461 208 0
905 828 0
1255 358 0
156 1176 0
60 298 0
590 1080 0
1428 11 0
341 413 0
288 15 0
946 1036 0
1278 205 0
1029 504 0
969 1339 0
861 873 0
612 213 0
539 353 0
1257 453 0
393 376 0
25 1294 0
1278 733 0
1333 240 0
82 483 0
684 1499 0
376 593 0
277 1108 0
237 1163 0
421 1059 0
824 896 0
898 335 0
920 802 0
1364 525 0
1362 65 0
688 524 0
386 1393 0
1080 1468 0
366 1319 0
1092 121 0
961 273 0
1065 1431 0
483 1043 0
1425 1467 0
28 795 0
129 1303 0
1305 1491 0
272 362 0
508 1100 0
1436 517 0
414 90 0
203 1497 0
678 1474 0
1017 777 0
366 1182 0
1092 838 0
60 771 0
30 712 0
1027 1414 0
1211 102 0
154 1485 0
383 948 0
972 762 0
531 297 0
255 1283 0
483 1429 0
31 1216 0
531 239 0
280 1415 0
961 1410 0
86 1274 0
605 975 0
872 145 0
807 987 0
1373 746 0
1225 1328 0
935 29 0
11 928 0
593 1309 0
65 1124 0
1455 732 0
357 902 0
1124 883 0
734 222 0
740 592 0
1128 116 0
335 284 0
1171 891 0
707 1253 0
1333 214 0
567 282 0
814 1357 0
1116 323 0
1485 1091 0
650 1135 0
1233 1344 0
1334 514 0
87 1426 0
342 933 0
769 1248 0
517 1329 0
890 692 0
87 246 0
1036 1462 0
1386 1423 0
318 57 0
1161 1014 0
654 165 0
460 315 0
998 562 0
103 1396 0
905 843 0
1300 985 0
423 1434 0
179 657 0
1432 768 0
745 1242 0
54 1269 0
891 995 0
1441 161 0
435 379 0
602 1378 0
134 1251 0
1377 1166 0
541 550 0
394 1371 0
707 1168 0
1406 1245 0
877 929 0
886 312 0
1436 653 0
642 130 0
495 1458 0
1 349 0
358 23 0
220 863 0
1338 713 0
161 862 0
245 135 0
1438 547 0
273 1398 0
1005 270 0
402 360 0
309 774 0
1347 454 0
496 511 0
126 574 0
353 1212 0
1410 636 0
642 552 0
273 757 0
934 1437 0
746 519 0
822 1072 0
1431 1417 0
946 544 0
454 1018 0
1455 865 0
164 966 0
1015 912 0
145 8 0
491 226 0
162 663 0
271 487 0
467 407 0
821 1367 0
1071 48 0
1135 316 0
1401 1201 0
1434 793 0
445 1173 0
460 47 0
35 267 0
869 112 0
319 1041 0
180 1307 0
288 976 0
1497 40 0
734 963 0
1293 867 0
638 44 0
118 70 0
46 459 0
1071 631 0
1294 324 0
707 1121 0
310 965 0
929 723 0
306 750 0
639 875 0
562 493 0
677 1078 0
960 1354 0
778 532 0
1126 1443 0
768 803 0
708 1368 0
712 1374 0
508 1321 0
1121 22 0
240 1246 0
1242 1472 0
974 796 0
185 196 0
1481 1267 0
1092 813 0
1204 892 0
73 1285 0
1412 1215 0
1204 429 0
604 37 0
434 1156 0
626 1272 0
1344 1252 0
1008 918 0
1367 187 0
539 584 0
898 1365 0
899 670 0
604 51 0
495 1496 0
812 408 0
1211 632 0
1020 1117 0
231 853 0
571 276 0
1386 1110 0
1418 932 0
861 882 0
1474 1172 0
1309 497 0
1322 1265 0
1058 660 0
474 140 0
48 160 0
294 889 0
37 900 0
459 18 0
55 1068 0
390 169 0
623 1359 0
1293 202 0
531 520 0
258 442 0
802 982 0
483 378 0
92 1407 0
192 155 0
675 931 0
1338 706 0
104 472 0
1380 922 0
318 957 0
1017 1220 0
159 1040 0
946 182 0
188 907 0
861 400 0
211 489 0
1263 758 0
590 652 0
40 1062 0
688 1488 0
391 1093 0
1339 21 0
688 68 0
273 248 0
107 968 0
1147 557 0
675 522 0
145 728 0
648 1114 0
417 1096 0
1374 647 0
448 1353 0
68 673 0
719 1296 0
1157 1167 0
1295 32 0
880 1021 0
872 261 0
1226 518 0
1344 683 0
1215 260 0
536 606 0
1362 830 0
946 183 0
76 147 0
497 901 0
631 204 0
1497 780 0
824 1416 0
222 535 0
1418 927 0
1285 941 0
654 1125 0
267 365 0
657 1045 0
1350 1420 0
1005 1480 0
590 667 0
393 1140 0
761 1459 0
549 301 0
303 585 0
863 84 0
1212 132 0
179 1260 0
436 85 0
657 1381 0
967 77 0
248 1284 0
1497 452 0
905 5 0
1487 1258 0
1374 71 0
888 739 0
1296 581 0
982 682 0
180 716 0
667 158 0
866 1219 0
390 1273 0
1022 325 0
54 1308 0
1438 1291 0
185 959 0
213 3 0
103 825 0
1158 766 0
442 870 0
1371 1063 0
830 710 0
1350 1389 0
985 1169 0
200 431 0
1 382 0
523 1162 0
1493 1289 0
1441 438 0
1484 1383 0
132 1475 0
1383 1086 0
1012 787 0
1412 232 0
632 1189 0
877 369 0
76 133 0
1084 1314 0
640 78 0
1282 168 0
1265 1149 0
1459 235 0
553 49 0
471 72 0
1267 249 0
1393 637 0
1374 1271 0
163 127 0
140 1139 0
1080 1112 0
86 1070 0
1338 705 0
289 420 0
162 613 0
758 122 0
860 422 0
1496 265 0
507 1466 0
1065 1495 0
1191 986 0
766 404 0
174 1399 0
730 696 0
914 847 0
443 1011 0
740 1123 0
967 1447 0
288 372 0
177 610 0
84 1287 0
940 668 0
40 598 0
581 1476 0
160 266 0
55 1120 0
204 236 0
102 1006 0
20 1471 0
270 788 0
210 1111 0
32 1239 0
1245 229 0
1014 717 0
203 1076 0
1368 1316 0
968 731 0
761 837 0
1398 919 0
1163 304 0
825 56 0
366 587 0
259 953 0
1475 1175 0
1473 736 0
1092 286 0
518 464 0
901 579 0
586 616 0
570 947 0
234 588 0
211 1190 0
539 835 0
1399 482 0
506 1060 0
1065 633 0
57 551 0
664 1280 0
1340 66 0
914 1074 0
660 601 0
1436 343 0
1112 621 0
1306 139 0
911 428 0
226 540 0
313 576 0
191 1209 0
650 83 0
1137 333 0
976 1460 0
1208 215 0
1280 1044 0
1462 1440 0
671 1104 0
902 666 0
1417 1195 0
1125 320 0
1401 1366 0
610 10 0
1092 326 0
1070 123 0
420 1160 0
1398 1302 0
318 1290 0
147 503 0
1083 1446 0
860 499 0
31 79 0
650 500 0
667 418 0
282 1013 0
1094 1085 0
193 1202 0
562 1206 0
961 1007 0
581 17 0
837 1002 0
142 300 0
1280 1390 0
1285 810 0
439 370 0
774 846 0
1420 661 0
1337 39 0
318 1144 0
326 427 0
1497 238 0
808 1261 0
1415 725 0
254 328 0
647 1153 0
632 338 0
757 904 0
390 292 0
1256 992 0
1373 1336 0
79 565 0
1287 1470 0
418 1192 0
847 954 0
321 384 0
294 1411 0
915 291 0
298 1178 0
1488 256 0
632 263 0
545 224 0
201 81 0
861 331 0
682 617 0
343 131 0
1365 388 0
819 279 0
1246 1146 0
1267 747 0
1307 352 0
231 385 0
1061 1299 0
1491 455 0
1209 599 0
1072 597 0
1192 676 0
294 1490 0
1157 804 0
1126 1463 0
807 720 0
451 98 0
846 397 0
1006 1375 0
245 1465 0
1179 1223 0
412 334 0
342 1194 0
51 1196 0
498 269 0
331 1134 0
1008 580 0
326 470 0
814 834 0
63 773 0
807 1222 0
322 997 0
1206 167 0
328 1009 0
890 141 0
217 1317 0
649 699 0
1187 190 0
464 380 0
1052 1332 0
130 26 0
1172 1403 0
897 1453 0
1319 1500 0
904 505 0
889 166 0
1456 444 0
55 878 0
57 952 0
1425 879 0
660 784 0
1106 656 0
902 1145 0
976 181 0
180 1122 0
831 1315 0
78 659 0
1315 314 0
422 206 0
602 290 0
1188 1387 0
886 1445 0
811 1259 0
63 1361 0
977 871 0
1262 770 0
1324 1087 0
1144 1345 0
1463 1277 0
1136 1069 0
1137 1073 0
1012 501 0
404 359 0
1026 1199 0
1074 738 0
967 925 0
484 1143 0
1345 881 0
734 392 0
1160 1243 0
912 887 0
940 1207 0
1366 430 0
437 794 0
712 243 0
200 311 0
711 364 0
811 67 0
382 42 0
540 687 0
526 1090 0
621 137 0
1090 469 0
1014 749 0
1355 800 0
135 233 0
78 218 0
92 1050 0
547 827 0
1108 1379 0
632 221 0
46 463 0
309 1237 0
496 305 0
1432 792 0
1458 194 0
649 798 0
1158 1228 0
1157 1292 0
941 478 0
640 115 0
949 1051 0
179 1019 0
1309 1382 0
1414 859 0
986 754 0
452 1089 0
923 398 0
612 755 0
601 1489 0
407 1217 0
505 832 0
269 336 0
1036 481 0
297 74 0
47 1049 0
863 488 0
11 186 0
923 395 0
654 1254 0
611 461 0
1005 262 0
879 727 0
1070 345 0
1074 1165 0
924 1213 0
86 1341 0
1303 403 0
1075 6 0
1477 681 0
368 1247 0
1231 1360 0
1251 782 0
152 1197 0
1196 906 0
276 1421 0
1271 844 0
1332 410 0
179 1042 0
182 533 0
1071 1079 0
888 645 0
856 1419 0
826 561 0
503 171 0
575 27 0
733 1342 0
749 655 0
819 356 0
871 446 0
1422 646 0
1333 374 0
936 1439 0
867 1054 0
218 1325 0
508 350 0
730 502 0
889 1433 0
64 13 0
972 820 0
706 1402 0
1380 43 0
1120 41 0
421 753 0
862 1238 0
1163 1240 0
1314 916 0
892 1016 0
1052 1268 0
583 7 0
165 513 0
526 876 0
859 490 0
192 479 0
1016 317 0
373 944 0
21 1023 0
300 764 0
667 1301 0
584 715 0
971 964 0
1023 714 0
186 937 0
714 759 0
190 80 0
1355 926 0
292 1442 0
1276 1232 0
888 1469 0
977 355 0
1098 989 0
6 693 0
784 176 0
303 1115 0
81 625 0
580 1372 0
255 411 0
994 332 0
273 691 0
1092 1095 0
1492 1025 0
1440 257 0
545 1082 0
1268 468 0
1209 252 0
1232 868 0
1363 199 0
551 1004 0
232 674 0
139 117 0
876 572 0
1156 582 0
948 406 0
674 840 0
968 1205 0
339 635 0
811 1152 0
686 99 0
1322 1048 0
833 2 0
577 36 0
655 296 0
159 628 0
941 424 0
1460 465 0
440 144 0
890 1184 0
579 756 0
907 1055 0
1201 329 0
139 1150 0
73 1286 0
401 97 0
295 52 0
369 776 0
1012 425 0
1086 409 0
277 361 0
13 1056 0
32 128 0
335 9 0
1163 615 0
100 473 0
602 1183 0
252 387 0
2 1034 0
1062 700 0
1443 1057 0
597 816 0
117 1224 0
15 1001 0
223 456 0
795 1129 0
252 627 0
579 101 0
684 34 0
1420 1430 0
1104 1064 0
352 1249 0
1320 789 0
982 958 0
1014 742 0
1284 449 0
355 955 0
897 600 0
955 433 0
294 841 0
169 1024 0
624 1413 0
100 938 0
709 799 0
1351 874 0
503 984 0
48 363 0
717 781 0
220 566 0
234 996 0
187 138 0
1004 672 0
1467 543 0
335 477 0
590 1395 0
887 564 0
998 1133 0
1220 718 0
26 1105 0
1414 895 0
1260 1127 0
265 375 0
676 644 0
82 1132 0
503 993 0
841 1391 0
1499 662 0
336 494 0
1439 381 0
217 921 0
1004 1349 0
1428 24 0
371 594 0
284 721 0
388 697 0
1019 50 0
1028 858 0
204 405 0
1001 1037 0
258 1400 0
568 910 0
541 1394 0
1092 752 0
1117 797 0
1017 817 0
432 19 0
991 1483 0
523 230 0
853 1331 0
950 735 0
1317 760 0
1465 1451 0
56 554 0
361 1039 0
1038 1392 0
1320 241 0
393 1241 0
1377 1313 0
55 1288 0
623 1235 0
830 1185 0
1013 1227 0
1301 178 0
321 340 0
1055 1154 0
749 62 0
8 1081 0
919 307 0
1448 475 0
764 619 0
610 962 0
1420 743 0
1476 1138 0
742 970 0
1255 367 0
900 951 0
866 175 0
470 197 0
12 1312 0
249 1229 0
210 939 0
648 337 0
690 172 0
910 510 0
807 857 0
638 1384 0
309 851 0
1419 620 0
382 983 0
749 542 0
925 1264 0
100 981 0
1280 1200 0
107 765 0
1011 1170 0
213 492 0
504 1102 0
3 1099 0
1097 641 0
204 979 0
116 1385 0
581 1444 0
1049 1103 0
913 785 0
151 251 0
774 1046 0
1062 1376 0
1136 763 0
899 1318 0
192 609 0
807 527 0
425 806 0
1412 415 0
1363 1479 0
815 1067 0
605 264 0
925 281 0
1380 346 0
1324 751 0
569 1032 0
167 1326 0
987 1053 0
1461 95 0
1381 1486 0
688 1107 0
270 1449 0
1009 685 0
1187 679 0
1105 698 0
777 389 0
701 748 0
1120 956 0
811 170 0
1463 1230 0
486 91 0
160 1275 0
1094 1397 0
161 450 0
452 930 0
981 1130 0
96 622 0
1369 1388 0
989 558 0
792 287 0
79 89 0
490 529 0
1175 618 0
371 1180 0
1262 485 0
874 1352 0
1253 36 0
1012 375 0
1385 252 0
423 160 0
1008 154 0
854 634 0
1140 494 0
344 185 0
952 188 0
1109 517 0
1250 407 0
1007 722 0
114 68 0
1291 406 0
749 7 0
1391 894 0
1477 1075 0
291 182 0
1201 92 0
1218 1208 0
760 708 0
1040 825 0
1246 861 0
1436 770 0
1481 956 0
1378 1356 0
1206 669 0
819 651 0
1284 293 0
1113 722 0
144 122 0
982 949 0
102 56 0
1392 787 0
1069 852 0
1013 208 0
645 309 0
437 123 0
1069 828 0
1149 877 0
1192 81 0
674 36 0
288 212 0
1197 512 0
1456 164 0
802 217 0
1057 114 0
1432 165 0
853 163 0
553 325 0
1133 127 0
1142 718 0
1178 360 0
764 583 0
1056 545 0
1153 653 0
482 372 0
564 165 0
1414 821 0
1371 719 0
1247 1128 0
1421 1184 0
770 623 0
1251 1245 0
1306 1137 0
1317 1228 0
583 371 0
1457 106 0
1388 268 0
1218 88 0
1091 892 0
1046 510 0
1391 789 0
1129 20 0
524 386 0
1343 71 0
1384 583 0
1179 769 0
1265 820 0
625 398 0
1302 732 0
795 284 0
1302 149 0
912 118 0
1102 860 0
747 255 0
1469 1444 0
1203 403 0
935 783 0
1381 933 0
1037 396 0
423 261 0
1295 361 0
1291 993 0
1321 380 0
1064 343 0
1073 713 0
1443 1409 0
1001 454 0
909 259 0
1147 143 0
1480 1330 0
1385 960 0
999 696 0
1102 250 0
1481 419 0
741 497 0
937 270 0
1154 615 0
1466 564 0
1126 384 0
881 192 0
728 6 0
843 197 0
1267 830 0
1320 1034 0
1126 170 0
1230 1039 0
969 295 0
1463 896 0
1082 207 0
1419 140 0
261 181 0
771 660 0
1195 860 0
1346 910 0
1314 140 0
573 379 0
1282 1133 0
690 301 0
1074 598 0
841 669 0
645 438 0
906 508 0
1306 358 0
1276 1050 0
873 547 0
47 1 0
505 213 0
1447 286 0
1467 105 0
1234 37 0
786 148 0
655 222 0
1494 38 0
1491 118 0
1473 1331 0
1116 1057 0
1218 1017 0
926 840 0
1066 286 0
635 104 0
787 367 0
1097 654 0
998 975 0
1431 173 0
874 701 0
686 590 0
352 80 0
396 394 0
973 237 0
1130 462 0
930 195 0
1167 428 0
1448 578 0
564 182 0
860 210 0
779 726 0
566 91 0
997 191 0
670 462 0
468 451 0
513 346 0
1032 815 0
805 178 0
493 88 0
1018 458 0
753 502 0
1220 585 0
519 27 0
1194 49 0
610 587 0
819 519 0
1429 1037 0
1255 756 0
1291 718 0
1356 406 0
297 4 0
1462 445 0
1400 1339 0
495 98 0
912 531 0
993 845 0
1053 304 0
1481 161 0
912 543 0
1194 474 0
825 213 0
1199 1031 0
1321 336 0
1293 976 0
1374 25 0
1401 840 0
1391 762 0
837 564 0
599 594 0
1475 1387 0
1318 55 0
962 686 0
1189 813 0
1416 167 0
314 144 0
1336 1116 0
651 304 0
1463 873 0
1054 58 0
1446 34 0
1314 1208 0
1094 809 0
1405 1317 0
1199 761 0
1201 40 0
746 100 0
416 183 0
546 259 0
705 371 0
1002 637 0
1312 1238 0
1085 127 0
437 286 0
1103 184 0
773 426 0
1441 919 0
963 688 0
530 462 0
726 130 0
1134 754 0
455 234 0
103 51 0
1487 606 0
1273 558 0
1419 1095 0
242 3 0
1075 285 0
432 295 0
1483 329 0
114 35 0
158 16 0
1294 992 0
1100 587 0
1414 878 0
928 810 0
632 575 0
552 184 0
1017 499 0
835 454 0
895 329 0
1427 1183 0
410 333 0
1406 268 0
1493 40 0
1176 865 0
568 171 0
1433 702 0
244 104 0
777 41 0
574 17 0
1160 457 0
900 145 0
583 30 0
1142 1098 0
422 317 0
320 131 0
1168 21 0
1154 1066 0
537 429 0
1145 334 0
1160 504 0
560 103 0
857 450 0
551 506 0
248 161 0
1263 709 0
839 91 0
605 137 0
615 349 0
1183 662 0
1080 173 0
405 352 0
1252 506 0
944 187 0
375 347 0
836 778 0
1101 536 0
1481 914 0
871 455 0
1347 501 0
521 374 0
1450 883 0
610 417 0
781 589 0
1076 180 0
742 99 0
844 334 0
518 455 0
1372 284 0
1000 555 0
1256 1041 0
988 424 0
1146 184 0
248 6 0
1131 615 0
1172 623 0
1287 500 0
1408 135 0
1318 1261 0
1426 674 0
1063 561 0
808 432 0
1482 1097 0
668 273 0
1242 568 0
295 143 0
1070 509 0
710 41 0
172 102 0
1379 1049 0
257 132 0
549 65 0
1324 1295 0
662 190 0
954 706 0
813 48 0
994 39 0
1273 1204 0
963 914 0
786 330 0
609 171 0
505 397 0
1262 610 0
1297 604 0
562 449 0
788 309 0
897 518 0
1404 751 0
593 12 0
540 446 0
1324 1101 0
1217 154 0
972 150 0
1304 461 0
1388 26 0
485 272 0
1337 133 0
905 489 0
859 498 0
1348 18 0
686 283 0
896 850 0
1455 161 0
1491 1024 0
1114 415 0
881 156 0
796 134 0
1492 976 0
382 200 0
1249 759 0
770 635 0
718 600 0
1347 837 0
1478 926 0
1482 1088 0
1459 1405 0
745 274 0
867 79 0
1360 1150 0
951 834 0
1021 392 0
1163 1131 0
366 150 0
1409 588 0
896 409 0
1435 305 0
1490 464 0
582 47 0
792 101 0
841 179 0
1467 1222 0
1047 572 0
1229 112 0
1421 174 0
1034 523 0
706 685 0
737 257 0
1304 998 0
689 411 0
830 109 0
1005 788 0
1033 675 0
1097 549 0
758 299 0
1001 229 0
1072 774 0
674 18 0
1247 744 0
1378 984 0
230 89 0
457 394 0
831 527 0
1186 315 0
585 484 0
652 277 0
1486 426 0
387 320 0
628 10 0
543 376 0
881 393 0
1049 206 0
444 292 0
1368 560 0
598 543 0
1488 999 0
830 698 0
925 841 0
712 349 0
373 327 0
1153 1023 0
1093 384 0
1072 636 0
383 22 0
383 35 0
1313 8 0
1071 603 0
1138 739 0
1475 563 0
672 280 0
972 126 0
1493 64 0
812 722 0
1278 884 0
1176 635 0
1001 397 0
1434 1409 0
1158 70 0
1073 471 0
448 209 0
1278 1046 0
1388 466 0
1140 614 0
1353 680 0
1244 165 0
1287 858 0
1340 172 0
1495 701 0
512 284 0
224 170 0
352 85 0
1262 114 0
1115 1029 0
1128 617 0
1318 731 0
1179 520 0
863 231 0
796 421 0
659 351 0
818 340 0
1041 831 0
1174 173 0
804 213 0
1320 1013 0
872 457 0
1424 785 0
703 314 0
753 617 0
1057 532 0
1282 999 0
876 495 0
707 687 0
1149 353 0
1437 1216 0
283 98 0
785 60 0
1213 1026 0
1369 634 0
775 20 0
1317 164 0
1387 770 0
850 691 0
1037 119 0
958 311 0
1412 992 0
749 402 0
237 15 0
699 83 0
1093 144 0
700 282 0
1075 813 0
163 93 0
1366 795 0
1342 722 0
1330 885 0
613 372 0
1256 1091 0
110 73 0
971 349 0
667 342 0
1287 524 0
1307 1000 0
972 371 0
852 55 0
1235 202 0
1012 472 0
1157 1153 0
864 122 0
805 109 0
1392 1136 0
478 260 0
566 419 0
641 361 0
1141 780 0
1112 903 0
393 196 0
1365 187 0
1137 567 0
801 540 0
897 862 0
1335 309 0
1340 1320 0
912 451 0
1182 653 0
1161 393 0
592 241 0
1331 939 0
822 217 0
602 244 0
681 484 0
1058 523 0
1420 1223 0
1474 356 0
1436 995 0
701 689 0
1202 1126 0
914 854 0
1353 748 0
1480 802 0
1218 173 0
1232 1136 0
411 14 0
1343 8 0
1389 432 0
1212 1195 0
888 656 0
1443 883 0
1040 663 0
1442 1299 0
688 664 0
1373 1184 0
1269 1255 0
140 110 0
684 67 0
871 229 0
1169 765 0
904 269 0
529 164 0
1429 211 0
1086 8 0
862 374 0
954 376 0
972 727 0
815 494 0
850 199 0
1198 1187 0
1452 1111 0
1248 472 0
1008 805 0
1431 1423 0
888 806 0
534 47 0
1489 701 0
584 256 0
1487 1457 0
1199 184 0
1063 130 0
1430 643 0
517 505 0
979 883 0
518 197 0
1467 1197 0
566 157 0
536 439 0
608 419 0
1038 591 0
1286 560 0
1089 534 0
1165 171 0
1202 365 0
336 302 0
1448 1438 0
321 257 0
1029 39 0
716 105 0
908 594 0
493 426 0
609 244 0
362 182 0
1122 771 0
412 4 0
959 509 0
1242 906 0
369 95 0
1122 1069 0
1227 553 0
1254 394 0
372 25 0
1140 697 0
1356 798 0
1047 766 0
1252 463 0
1320 280 0
1190 507 0
1362 124 0
1453 418 0
493 63 0
1121 885 0
1023 344 0
1264 883 0
672 47 0
1076 1040 0
1203 15 0
744 457 0
1488 1336 0
1399 633 0
1174 207 0
457 23 0
278 70 0
1228 583 0
1211 828 0
496 291 0
421 25 0
872 57 0
618 145 0
1198 1012 0
118 7 0
1397 1204 0
1254 1078 0
1146 625 0
1242 21 0
648 151 0
794 234 0
1016 752 0
1354 1215 0
483 343 0
945 464 0
1441 616 0
1221 168 0
1392 845 0
1193 1100 0
1393 410 0
920 466 0
787 610 0
493 286 0
901 289 0
571 492 0
1273 252 0
1010 85 0
635 287 0
937 151 0
485 384 0
805 672 0
1026 968 0
997 706 0
1015 76 0
489 132 0
1004 506 0
855 736 0
1346 544 0
265 248 0
148 99 0
1493 1224 0
837 180 0
1027 349 0
1347 574 0
966 345 0
1395 769 0
1281 306 0
415 145 0
1278 978 0
902 753 0
1453 738 0
479 433 0
1197 724 0
322 315 0
1020 619 0
1326 797 0
1313 230 0
1435 395 0
1470 649 0
592 100 0
209 53 0
748 191 0
1184 1035 0
1019 137 0
1260 545 0
1281 557 0
1430 443 0
261 220 0
1096 1006 0
1454 835 0
300 168 0
1087 750 0
751 509 0
1070 16 0
864 145 0
1223 822 0
916 832 0
368 263 0
1291 1059 0
472 465 0
974 747 0
1236 1092 0
673 135 0
363 56 0
1278 18 0
1222 31 0
1375 81 0
1051 768 0
1140 1073 0
1342 195 0
1206 505 0
1159 837 0
330 23 0
779 288 0
361 339 0
1302 753 0
1499 391 0
1475 88 0
1328 479 0
1095 213 0
1428 406 0
1361 873 0
360 174 0
594 212 0
864 371 0
935 811 0
1359 1143 0
1259 650 0
1005 452 0
1125 404 0
1344 1286 0
1399 1043 0
737 597 0
96 58 0
1445 1103 0
1475 203 0
1225 866 0
1315 104 0
1015 192 0
743 60 0
1131 64 0
483 247 0
1376 1037 0
1177 1024 0
916 538 0
1423 283 0
912 306 0
914 493 0
1396 474 0
587 212 0
1426 263 0
1318 549 0
1482 646 0
1470 1054 0
1445 1039 0
832 562 0
887 274 0
1299 177 0
164 53 0
1340 472 0
838 91 0
1354 1035 0
1226 649 0
1115 1107 0
1358 140 0
1158 1069 0
1081 699 0
1046 580 0
906 10 0
1482 1153 0
1282 1157 0
1448 805 0
425 120 0
1135 800 0
1110 1049 0
1009 962 0
1031 424 0
1436 1324 0
1361 1157 0
872 760 0
397 162 0
1279 673 0
498 90 0
322 129 0
1244 603 0
293 273 0
892 406 0
289 77 0
1331 868 0
907 190 0
1370 1248 0
473 34 0
637 449 0
1064 95 0
1211 771 0
1499 1294 0
472 191 0
621 212 0
1045 721 0
1021 265 0
577 135 0
698 154 0
943 252 0
716 278 0
1332 733 0
1456 1078 0
1237 758 0
766 527 0
1391 267 0
1065 327 0
1161 205 0
1446 707 0
721 239 0
1263 44 0
1481 1016 0
1437 1227 0
1296 612 0
860 445 0
1466 574 0
1096 779 0
1249 980 0
1333 703 0
1193 1090 0
1402 767 0
811 624 0
801 78 0
1401 1273 0
938 622 0
1013 220 0
898 443 0
1386 637 0
1165 650 0
1137 340 0
748 486 0
1367 702 0
904 186 0
656 390 0
1072 608 0
1184 1062 0
338 157 0
180 71 0
707 343 0
1485 360 0
743 154 0
1447 174 0
1466 429 0
606 507 0
1234 469 0
799 371 0
516 401 0
689 10 0
1483 50 0
1429 1005 0
1377 1207 0
1383 1270 0
672 13 0
537 136 0
1276 546 0
1153 954 0
1146 349 0
429 281 0
1001 92 0
648 409 0
1215 363 0
1249 561 0
196 82 0
205 9 0
1410 1296 0
1090 151 0
1202 301 0
1450 940 0
1104 818 0
1394 539 0
1434 1331 0
1330 1132 0
1336 1140 0
1399 278 0
1462 281 0
1029 369 0
587 415 0
391 351 0
1238 75 0
541 380 0
1482 127 0
1086 320 0
1485 1043 0
630 4 0
1211 452 0
1259 136 0
1314 50 0
727 625 0
1329 1302 0
690 631 0
974 292 0
997 229 0
1427 267 0
993 629 0
1017 839 0
1332 1051 0
1474 568 0
478 461 0
1276 659 0
1069 142 0
1473 1376 0
1198 1064 0
814 80 0
1307 106 0
1069 535 0
741 197 0
718 500 0
1219 964 0
837 789 0
1430 1374 0
1334 212 0
804 541 0
988 153 0
1317 799 0
1021 379 0
438 26 0
1034 549 0
720 3 0
848 788 0
766 433 0
997 235 0
1291 815 0
1257 240 0
883 174 0
635 424 0
604 9 0
552 50 0
571 285 0
770 192 0
1390 416 0
1211 906 0
717 238 0
1057 911 0
1459 337 0
1490 644 0
100 72 0
653 602 0
697 493 0
1223 987 0
1062 317 0
532 6 0
1013 154 0
1332 35 0
1121 822 0
714 673 0
752 297 0
1203 935 0
1256 1136 0
1040 816 0
1472 607 0
1471 964 0
1440 1110 0
1259 71 0
1222 969 0
777 474 0
1409 1255 0
1363 422 0
953 66 0
250 99 0
447 247 0
768 73 0
1237 58 0
844 758 0
1306 877 0
1186 977 0
827 108 0
1310 571 0
1354 645 0
1081 528 0
981 702 0
843 573 0
1204 888 0
1410 145 0
484 137 0
676 593 0
498 75 0
894 161 0
1380 625 0
1351 741 0
1371 692 0
1350 36 0
1319 807 0
1306 64 0
1075 554 0
992 698 0
241 189 0
945 170 0
769 715 0
982 909 0
977 441 0
889 883 0
1246 1025 0
483 349 0
1226 693 0
1005 418 0
1281 161 0
1478 1182 0
690 337 0
1106 822 0
1051 433 0
1199 736 0
1391 29 0
552 253 0
1084 683 0
1472 733 0
873 54 0
1193 72 0
846 540 0
645 302 0
999 480 0
588 379 0
1495 1316 0
699 231 0
1432 102 0
1069 330 0
1213 842 0
1452 164 0
1426 740 0
1436 1031 0
907 539 0
859 700 0
777 730 0
355 219 0
986 13 0
1451 1266 0
1066 37 0
601 434 0
1429 884 0
1269 649 0
1259 216 0
947 713 0
894 153 0
1126 814 0
1096 517 0
1405 76 0
1089 428 0
1400 1358 0
1070 846 0
1379 116 0
357 221 0
1464 188 0
1498 1475 0
338 167 0
617 507 0
1430 976 0
1121 242 0
1361 457 0
1380 88 0
1020 352 0
1290 1181 0
690 544 0
1333 892 0
139 102 0
776 315 0
706 647 0
1458 624 0
1318 220 0
927 640 0
1385 851 0
1048 11 0
441 29 0
753 32 0
1376 1367 0
1209 617 0
1329 711 0
1272 712 0
631 71 0
1216 450 0
717 346 0
220 26 0
1267 599 0
638 201 0
210 204 0
1311 715 0
887 600 0
1445 1354 0
852 133 0
624 340 0
1320 1005 0
1328 989 0
1433 763 0
1489 1454 0
1137 336 0
1440 282 0
756 233 0
1338 646 0
1396 743 0
240 101 0
633 163 0
1272 707 0
1074 977 0
771 88 0
1478 170 0
894 637 0
1433 1158 0
1304 629 0
410 138 0
450 252 0
964 488 0
825 793 0
500 470 0
534 116 0
1043 294 0
543 42 0
1415 993 0
1369 248 0
366 275 0
692 308 0
113 25 0
1370 524 0
1497 1213 0
1437 1253 0
1359 148 0
1134 73 0
1375 109 0
409 282 0
909 194 0
1261 121 0
474 224 0
1107 475 0
979 220 0
1174 561 0
1348 1119 0
944 874 0
1475 1234 0
1274 661 0
585 575 0
309 39 0
1351 532 0
1127 1124 0
881 405 0
1440 1189 0
1247 726 0
1365 214 0
346 45 0
1144 607 0
1219 814 0
503 337 0
1337 118 0
1224 954 0
1459 832 0
1334 472 0
1147 602 0
1314 88 0
903 138 0
978 157 0
1376 115 0
1280 1174 0
543 512 0
1455 254 0
784 737 0
1119 689 0
1116 378 0
429 76 0
1464 639 0
1083 344 0
1344 561 0
486 451 0
1126 228 0
1176 47 0
1228 136 0
1429 734 0
1099 257 0
902 98 0
1287 59 0
1152 61 0
1456 994 0
945 99 0
1256 1059 0
1288 63 0
376 193 0
1208 36 0
1090 395 0
1207 364 0
967 113 0
1415 284 0
403 226 0
760 213 0
1180 262 0
676 487 0
666 624 0
1416 1139 0
1307 821 0
1299 1020 0
1480 20 0
1266 533 0
782 289 0
1321 1106 0
1356 486 0
1370 916 0
937 779 0
1047 542 0
1292 1167 0
1444 435 0
1381 1084 0
1038 3 0
1078 250 0
1334 522 0
1403 213 0
700 618 0
1090 474 0
1452 665 0
1396 56 0
355 156 0
1147 499 0
795 730 0
1458 1200 0
1215 1114 0
1100 90 0
1127 180 0
1390 1356 0
1285 1112 0
1013 496 0
1180 880 0
1045 135 0
983 348 0
864 319 0
1304 1156 0
680 480 0
579 333 0
1153 749 0
1158 268 0
1196 714 0
867 6 0
1084 917 0
1044 307 0
1351 1099 0
296 89 0
787 471 0
1243 325 0
760 333 0
1344 671 0
1185 284 0
525 335 0
1390 498 0
685 587 0
953 232 0
1345 838 0
1395 600 0
1454 1428 0
911 277 0
1277 390 0
1232 1046 0
1362 418 0
880 249 0
600 569 0
756 287 0
1233 118 0
1436 166 0
1016 976 0
1361 1346 0
1069 19 0
352 145 0
1017 998 0
1375 1074 0
1140 287 0
1457 1028 0
1212 381 0
1177 920 0
703 229 0
874 381 0
1401 476 0
225 148 0
1472 415 0
1496 379 0
1408 427 0
622 295 0
947 92 0
1242 507 0
289 24 0
873 633 0
350 114 0
1309 376 0
177 135 0
1406 397 0
488 12 0
626 202 0
546 450 0
1325 893 0
451 261 0
1154 125 0
1167 69 0
1160 12 0
1206 405 0
383 115 0
993 882 0
710 231 0
144 34 0
454 96 0
1374 1105 0
717 489 0
984 840 0
1266 329 0
751 690 0
941 793 0
1261 819 0
545 479 0
1128 434 0
487 277 0
1356 734 0
1164 577 0
1000 22 0
1400 999 0
905 321 0
1015 471 0
1299 918 0
1027 1023 0
1192 605 0
1409 824 0
750 496 0
1274 878 0
1033 701 0
1387 35 0
848 343 0
522 85 0
1438 961 0
1306 158 0
880 848 0
1445 1065 0
1382 609 0
644 407 0
595 331 0
794 37 0
1420 505 0
958 558 0
1231 353 0
1165 813 0
1102 640 0
733 638 0
1263 85 0
897 355 0
1375 1164 0
586 575 0
718 645 0
679 509 0
1172 405 0
1484 1079 0
1231 978 0
738 534 0
1393 286 0
1441 1340 0
1472 1048 0
871 178 0
1323 1151 0
798 766 0
1015 167 0
1253 1039 0
305 59 0
1343 644 0
1188 303 0
1415 584 0
1489 931 0
1328 796 0
619 128 0
1409 402 0
658 253 0
1377 927 0
1046 248 0
1283 758 0
431 1 0
662 490 0
449 210 0
1441 551 0
884 571 0
847 207 0
537 380 0
1468 79 0
819 586 0
1343 716 0
671 168 0
601 598 0
1278 342 0
607 317 0
1058 411 0
1065 1051 0
1003 97 0
1465 1300 0
676 392 0
1048 141 0
1305 241 0
1366 1068 0
922 746 0
1293 196 0
1176 46 0
1110 809 0
1186 766 0
1347 281 0
938 720 0
501 385 0
1101 74 0
1032 536 0
830 515 0
1188 967 0
945 145 0
1212 1066 0
1459 327 0
1086 939 0
1173 48 0
742 219 0
857 736 0
1350 1257 0
955 96 0
344 266 0
1480 1127 0
1424 1385 0
1119 1068 0
973 964 0
1388 1313 0
1307 1115 0
1430 233 0
1175 951 0
1152 652 0
804 123 0
896 764 0
678 574 0
1370 890 0
1486 1223 0
156 99 0
713 609 0
460 301 0
1111 1042 0
1254 790 0
949 257 0
631 408 0
465 186 0
347 334 0
527 114 0
1181 989 0
1223 212 0
909 782 0
1459 1103 0
1034 907 0
1318 619 0
1499 919 0
1006 698 0
1232 494 0
1119 428 0
1400 139 0
1094 490 0
844 385 0
1324 1267 0
574 56 0
1428 279 0
389 49 0
1064 324 0
500 88 0
1424 632 0
1045 623 0
523 384 0
536 479 0
1142 102 0
1228 721 0
1364 259 0
1484 668 0
1380 1259 0
1440 1426 0
272 235 0
1477 1024 0
1105 1023 0
1252 1147 0
872 468 0
1050 668 0
624 412 0
499 55 0
1050 42 0
1184 204 0
1329 189 0
323 53 0
1054 750 0
845 56 0
903 660 0
785 679 0
1021 67 0
778 502 0
876 353 0
1474 350 0
924 802 0
739 405 0
1008 248 0
1062 354 0
913 250 0
264 2 0
622 264 0
666 607 0
151 77 0
208 76 0
520 256 0
311 173 0
1492 140 0
1221 937 0
1290 940 0
858 744 0
588 104 0
1433 610 0
992 810 0
1202 1177 0
1098 668 0
708 375 0
1245 348 0
261 7 0
1102 203 0
341 149 0
827 545 0
75 31 0
849 609 0
1204 1014 0
1476 107 0
1255 407 0
1413 174 0
972 278 0
673 534 0
762 111 0
1007 154 0
916 577 0
1012 118 0
1018 289 0
939 665 0
1137 671 0
1064 530 0
927 45 0
732 310 0
740 618 0
1263 168 0
938 681 0
594 270 0
575 53 0
278 32 0
1248 695 0
911 824 0
1275 817 0
1275 340 0
1429 1251 0
1320 259 0
245 184 0
1431 1123 0
463 56 0
1229 440 0
1406 1008 0
1337 768 0
1121 827 0
821 47 0
1497 277 0
1355 737 0
1298 1021 0
912 63 0
782 106 0
688 75 0
1308 1196 0
1379 1250 0
1266 1167 0
567 427 0
436 49 0
1467 104 0
1384 502 0
1034 634 0
505 310 0
1498 899 0
1070 1054 0
1346 770 0
909 612 0
723 650 0
1090 780 0
788 550 0
125 109 0
1117 854 0
649 408 0
479 284 0
714 319 0
387 368 0
1420 742 0
1329 416 0
1500 458 0
1417 838 0
1163 1096 0
510 42 0
769 49 0
1401 988 0
855 775 0
232 33 0
1272 543 0
294 229 0
612 564 0
1344 908 0
1496 155 0
203 104 0
792 607 0
494 63 0
193 52 0
1331 1118 0
1433 1329 0
929 635 0
216 205 0
997 964 0
1218 679 0
250 71 0
1497 1198 0
1380 485 0
540 233 0
709 687 0
1433 682 0
243 236 0
141 136 0
792 713 0
1438 269 0
1172 447 0
942 205 0
640 157 0
1043 784 0
1272 391 0
680 412 0
676 656 0
1305 910 0
915 237 0
124 47 0
1301 394 0
937 293 0
802 193 0
1391 724 0
956 729 0
408 268 0
1320 144 0
1333 555 0
462 64 0
698 695 0
1006 498 0
525 10 0
694 300 0
817 467 0
752 625 0
992 466 0
688 30 0
790 773 0
1002 377 0
1049 204 0
666 292 0
358 179 0
1409 730 0
923 456 0
1103 194 0
1164 466 0
1146 687 0
1293 935 0
900 359 0
1466 697 0
1299 718 0
503 427 0
882 707 0
286 32 0
1479 729 0
1301 247 0
498 134 0
1296 1146 0
1105 191 0
678 667 0
1472 1062 0
1494 233 0
857 556 0
633 348 0
807 2 0
1140 679 0
1176 1020 0
1059 940 0
1387 571 0
373 15 0
1490 1050 0
344 221 0
516 394 0
1399 1038 0
985 270 0
1217 847 0
1032 184 0
185 99 0
952 190 0
1369 94 0
1477 1428 0
587 425 0
1458 602 0
845 23 0
653 106 0
1437 623 0
396 4 0
820 719 0
1224 166 0
1173 643 0
1064 728 0
1190 840 0
1166 261 0
1366 722 0
1348 273 0
1417 851 0
958 409 0
976 167 0
939 748 0
770 381 0
1044 632 0
925 85 0
843 477 0
1164 1068 0
751 636 0
1296 552 0
767 759 0
1276 434 0
1309 567 0
1222 855 0
1119 817 0
1284 378 0
1356 125 0
1063 577 0
336 96 0
121 120 0
973 457 0
518 477 0
829 566 0
442 218 0
1282 821 0
1349 208 0
1269 1022 0
869 124 0
1199 235 0
1086 534 0
717 603 0
325 238 0
1459 1413 0
1181 1165 0
836 28 0
986 445 0
40 19 0
1187 78 0
281 237 0
752 638 0
916 521 0
817 514 0
1481 395 0
552 4 0
1470 426 0
1094 791 0
1397 568 0
1323 428 0
280 225 0
1436 1433 0
1328 1069 0
1012 805 0
290 88 0
451 323 0
1104 843 0
1314 995 0
1422 502 0
763 436 0
483 350 0
1100 818 0
1327 461 0
864 862 0
1147 644 0
1282 171 0
1464 110 0
1419 267 0
605 496 0
1464 868 0
1083 405 0
667 454 0
679 620 0
1418 628 0
1055 4 0
637 552 0
258 42 0
1012 555 0
1266 525 0
1420 1116 0
725 524 0
1296 1129 0
1354 398 0
204 156 0
676 424 0
1384 1075 0
495 232 0
1294 1153 0
1181 1011 0
135 35 0
94 91 0
1276 682 0
1108 929 0
1330 826 0
357 43 0
544 177 0
1079 370 0
145 31 0
245 153 0
1237 215 0
1471 897 0
1110 621 0
1405 398 0
615 100 0
997 899 0
915 541 0
885 447 0
1030 451 0
1364 653 0
371 42 0
911 474 0
372 38 0
1348 746 0
644 275 0
424 76 0
161 29 0
287 201 0
651 413 0
1304 895 0
1216 44 0
665 168 0
1308 44 0
926 609 0
1292 621 0
1110 27 0
992 654 0
1401 1341 0
383 49 0
1003 24 0
1423 104 0
1294 953 0
960 335 0
1004 509 0
1183 1174 0
1139 1036 0
1415 391 0
1496 134 0
1442 1185 0
902 851 0
1360 564 0
1489 680 0
1282 523 0
1410 57 0
1337 77 0
1434 990 0
1472 142 0
1346 763 0
1462 1446 0
585 27 0
1125 260 0
1170 421 0
885 217 0
852 800 0
1492 251 0
451 418 0
1399 349 0
981 143 0
1472 880 0
1450 607 0
1402 635 0
1394 567 0
1237 295 0
799 644 0
839 11 0
826 350 0
1391 1240 0
676 258 0
819 598 0
1330 433 0
1127 660 0
522 243 0
1318 909 0
816 287 0
104 63 0
1130 266 0
689 323 0
1475 1014 0
917 161 0
605 120 0
520 91 0
1451 58 0
1317 7 0
1026 235 0
763 757 0
1308 475 0
1120 951 0
540 201 0
651 532 0
1084 255 0
382 103 0
376 290 0
933 21 0
1294 706 0
883 527 0
1254 202 0
329 274 0
684 408 0
1424 532 0
883 114 0
1495 911 0
1025 197 0
1025 589 0
1313 1301 0
1309 1145 0
1030 781 0
868 569 0
1479 1058 0
995 404 0
1262 777 0
553 379 0
1122 681 0
1204 444 0
1428 265 0
250 226 0
1425 947 0
1225 872 0
1148 320 0
273 147 0
1387 962 0
494 66 0
469 211 0
1437 854 0
1055 292 0
1376 830 0
773 315 0
660 658 0
1415 357 0
1032 272 0
464 458 0
730 335 0
1026 275 0
1125 241 0
1258 616 0
728 168 0
855 718 0
629 488 0
1132 1049 0
820 218 0
1177 379 0
792 488 0
989 68 0
629 498 0
1441 273 0
876 657 0
677 331 0
1363 1313 0
143 58 0
1332 843 0
1390 1180 0
1394 1278 0
1420 1231 0
1467 794 0
1327 1193 0
939 754 0
1341 643 0
334 37 0
1148 446 0
1246 444 0
1084 625 0
1238 600 0
1444 112 0
1492 755 0
741 693 0
1191 793 0
713 230 0
1132 74 0
1347 384 0
1338 224 0
1397 529 0
975 708 0
411 168 0
825 527 0
1160 879 0
1498 588 0
1203 848 0
1343 547 0
1362 723 0
1212 67 0
1153 1106 0
1241 903 0
1079 753 0
1049 491 0
1202 845 0
824 385 0
1408 159 0
998 448 0
889 120 0
1025 929 0
548 184 0
1401 1142 0
580 158 0
369 226 0
1394 191 0
941 259 0
1247 326 0
450 236 0
1471 926 0
1059 148 0
1411 786 0
1367 324 0
1439 622 0
1469 1378 0
549 116 0
1081 846 0
1468 921 0
1322 730 0
851 769 0
1328 370 0
984 424 0
1433 1049 0
1028 193 0
1460 679 0
952 786 0
503 468 0
750 577 0
800 746 0
1117 995 0
1163 131 0
1300 1160 0
1244 748 0
1033 892 0
1423 1358 0
1297 1231 0
873 582 0
815 169 0
995 620 0
982 473 0
762 284 0
1452 1424 0
841 678 0
448 184 0
1390 1014 0
787 481 0
708 295 0
924 751 0
726 543 0
23 9 0
1256 962 0
206 48 0
984 651 0
1177 398 0
1048 405 0
923 778 0
209 58 0
1162 813 0
1189 994 0
827 393 0
593 179 0
720 385 0
356 303 0
1378 362 0
1259 684 0
1467 966 0
1155 670 0
316 46 0
754 552 0
276 207 0
1031 731 0
1072 173 0
1478 1217 0
1330 1218 0
1161 802 0
1368 361 0
376 371 0
1360 72 0
691 416 0
818 136 0
1360 309 0
1433 1326 0
843 362 0
755 312 0
1092 445 0
1344 1210 0
1192 917 0
1112 18 0
954 740 0
767 420 0
1385 678 0
1123 608 0
1052 153 0
1430 537 0
955 452 0
666 306 0
1396 1152 0
1498 1194 0
737 90 0
521 64 0
272 90 0
1267 441 0
1191 688 0
108 66 0
1062 401 0
721 133 0
1372 603 0
1126 978 0
346 305 0
335 87 0
1391 1310 0
1403 585 0
1472 414 0
632 199 0
539 299 0
1054 618 0
1485 925 0
1308 787 0
314 108 0
932 610 0
227 134 0
1420 541 0
1459 830 0
1076 187 0
1347 124 0
891 259 0
1265 289 0
1231 822 0
889 827 0
1463 1076 0
1336 1183 0
930 272 0
1224 871 0
978 867 0
936 419 0
615 516 0
1215 315 0
715 146 0
1283 756 0
1263 536 0
789 292 0
1156 2 0
1147 728 0
736 98 0
1317 81 0
1267 790 0
1285 603 0
1301 186 0
1034 686 0
1323 23 0
560 6 0
1059 104 0
1232 661 0
441 245 0
172 40 0
1041 671 0
994 160 0
1276 875 0
593 531 0
1333 875 0
1234 480 0
1462 554 0
628 328 0
880 119 0
920 793 0
1127 274 0
1073 661 0
273 258 0
1334 500 0
742 315 0
1292 606 0
392 334 0
1373 372 0
859 349 0
833 706 0
1171 314 0
309 185 0
313 102 0
903 251 0
1079 643 0
1359 398 0
1062 260 0
192 141 0
1057 425 0
1149 1028 0
257 219 0
1483 928 0
246 114 0
1302 227 0
552 225 0
1355 1319 0
985 186 0
441 165 0
1494 96 0
1320 570 0
1020 697 0
1119 1043 0
804 434 0
1056 489 0
886 464 0
1094 158 0
733 155 0
969 199 0
913 310 0
1129 90 0
1277 1164 0
1484 968 0
1170 475 0
1315 571 0
878 293 0
534 451 0
1153 19 0
1377 979 0
568 52 0
445 29 0
985 691 0
623 239 0
387 358 0
1015 738 0
1443 268 0
674 291 0
788 278 0
897 28 0
805 329 0
777 687 0
546 526 0
1299 710 0
1362 1309 0
972 267 0
745 496 0
628 171 0
1463 112 0
1045 160 0
1154 510 0
852 116 0
342 279 0
846 610 0
825 549 0
1219 241 0
445 64 0
1204 1056 0
1330 1127 0
1235 611 0
1049 394 0
1446 813 0
1312 1014 0
1439 100 0
482 21 0
1368 726 0
924 96 0
257 24 0
280 20 0
1214 99 0
932 727 0
852 241 0
1441 462 0
1080 845 0
407 172 0
1298 850 0
1453 166 0
849 136 0
1442 205 0
1415 674 0
1345 1330 0
1078 935 0
693 415 0
1388 885 0
1370 1139 0
1077 773 0
1079 977 0
1440 1302 0
603 257 0
829 678 0
1163 796 0
1209 1121 0
729 542 0
910 361 0
1134 179 0
873 852 0
673 11 0
1462 497 0
910 585 0
728 349 0
1167 1023 0
1302 1247 0
1120 662 0
1092 162 0
785 404 0
1191 1110 0
794 48 0
692 568 0
1462 1282 0
679 332 0
484 239 0
1305 95 0
1274 508 0
845 358 0
1176 63 0
1120 205 0
1369 167 0
547 483 0
1040 460 0
1495 1081 0
993 789 0
432 356 0
1205 325 0
1232 416 0
1007 557 0
700 61 0
181 36 0
1211 76 0
616 263 0
928 203 0
1412 978 0
1319 1311 0
557 76 0
1001 464 0
828 474 0
962 416 0
417 234 0
1147 36 0
1185 310 0
256 30 0
1332 778 0
1279 1253 0
1329 907 0
1073 71 0
322 89 0
950 59 0
396 62 0
1406 298 0
1096 195 0
1112 948 0
1402 312 0
1478 1419 0
1193 733 0
1081 967 0
1207 385 0
436 293 0
1288 50 0
1220 771 0
1286 1199 0
1427 614 0
319 222 0
1184 850 0
1237 729 0
641 512 0
396 211 0
1488 1138 0
1156 237 0
575 134 0
1133 37 0
702 33 0
629 118 0
900 495 0
1459 460 0
1470 768 0
1400 336 0
1494 277 0
903 633 0
1454 1241 0
1400 847 0
1420 36 0
1051 1048 0
1295 1286 0
1398 530 0
531 216 0
775 429 0
1079 251 0
687 144 0
104 24 0
637 45 0
1458 545 0
1431 153 0
712 194 0
1132 339 0
1153 999 0
958 113 0
1199 365 0
1139 1103 0
69 50 0
1329 783 0
578 144 0
705 251 0
1470 662 0
1069 693 0
615 234 0
1440 1389 0
925 389 0
602 280 0
802 743 0
851 214 0
275 59 0
642 279 0
1352 850 0
1324 779 0
345 160 0
1452 1205 0
327 45 0
1132 878 0
578 240 0
342 328 0
1299 68 0
461 205 0
1471 452 0
1480 1426 0
1222 289 0
1117 114 0
928 907 0
826 677 0
546 206 0
931 450 0
450 75 0
794 720 0
1167 949 0
341 68 0
1332 57 0
1319 607 0
1480 715 0
618 141 0
1450 27 0
767 12 0
1051 504 0
1475 949 0
999 893 0
828 586 0
1297 830 0
1057 520 0
741 49 0
1337 1219 0
390 108 0
939 420 0
1380 1178 0
1356 40 0
1046 184 0
1350 393 0
1335 823 0
582 422 0
907 100 0
631 113 0
1010 955 0
1058 431 0
1124 686 0
1106 188 0
1323 49 0
616 177 0
1157 246 0
1129 1006 0
1455 1148 0
1132 696 0
1287 513 0
1404 1235 0
1367 388 0
717 212 0
1379 718 0
787 764 0
1095 452 0
1157 86 0
1318 187 0
1321 1210 0
938 344 0
1374 482 0
617 441 0
734 89 0
1216 448 0
1214 420 0
336 245 0
1007 577 0
1346 530 0
967 156 0
1188 446 0
765 598 0
1433 136 0
654 332 0
1344 1011 0
1247 554 0
898 290 0
948 279 0
764 310 0
823 399 0
1476 804 0
1496 1006 0
635 142 0
1342 292 0
711 483 0
240 46 0
416 370 0
1305 883 0
1181 532 0
1382 154 0
1097 398 0
164 22 0
1245 480 0
1258 884 0
751 701 0
884 377 0
900 334 0
823 326 0
1340 54 0
612 258 0
1269 717 0
979 666 0
979 917 0
1190 716 0
1177 714 0
721 240 0
851 555 0
1480 757 0
1190 1018 0
1143 910 0
788 536 0
1162 20 0
1140 330 0
1012 74 0
950 572 0
1343 732 0
1039 922 0
1037 565 0
1123 395 0
477 426 0
859 296 0
466 71 0
504 442 0
200 145 0
1341 1068 0
905 98 0
906 561 0
602 177 0
1222 1213 0
607 436 0
858 264 0
926 918 0
1152 330 0
1302 56 0
165 142 0
682 476 0
1487 1427 0
867 330 0
640 175 0
1176 610 0
1434 1228 0
1015 249 0
697 123 0
1054 85 0
1432 1253 0
1178 292 0
817 246 0
941 472 0
464 350 0
1388 812 0
1055 363 0
976 432 0
1464 506 0
1169 449 0
996 587 0
1302 785 0
1478 177 0
1346 854 0
1434 879 0
1196 1105 0
1476 1365 0
739 336 0
206 170 0
1123 14 0
1496 1217 0
264 130 0
1313 834 0
1485 664 0
906 388 0
1460 1255 0
1158 938 0
795 187 0
957 510 0
1351 1038 0
1319 1011 0
849 584 0
983 620 0
401 224 0
1267 765 0
1087 438 0
1445 163 0
687 161 0
1460 1208 0
1408 1132 0
1355 1049 0
937 648 0
1197 434 0
1332 417 0
666 488 0
1115 333 0
979 631 0
614 442 0
1337 734 0
1000 958 0
1279 855 0
1334 1033 0
1034 1025 0
1056 95 0
1319 267 0
1375 211 0
1000 752 0
913 768 0
524 319 0
1384 570 0
643 397 0
1419 1070 0
624 553 0
1174 1051 0
1475 152 0
1412 1021 0
560 375 0
1420 13 0
468 435 0
447 255 0
1324 174 0
1434 223 0
1038 571 0
969 49 0
1258 756 0
1233 666 0
1476 1235 0
543 281 0
1377 954 0
1312 468 0
1138 533 0
1134 917 0
1120 868 0
344 67 0
392 351 0
865 93 0
1417 325 0
1074 714 0
1257 949 0
187 154 0
907 446 0
1412 461 0
1431 1314 0
1101 274 0
1061 755 0
1406 849 0
980 132 0
1200 148 0
1321 1070 0
1086 41 0
1280 532 0
1119 315 0
994 203 0
685 341 0
1479 1251 0
569 236 0
1410 900 0
1457 199 0
786 426 0
1280 895 0
1264 54 0
1383 180 0
824 486 0
778 293 0
1424 1407 0
912 831 0
1163 156 0
1338 575 0
1409 610 0
828 602 0
1351 476 0
749 592 0
658 299 0
1276 328 0
1331 854 0
1248 886 0
1166 70 0
697 77 0
866 823 0
926 755 0
1289 1164 0
377 235 0
1452 814 0
635 491 0
782 53 0
1432 772 0
852 711 0
594 376 0
1388 590 0
1159 654 0
1411 700 0
1130 472 0
1004 907 0
651 324 0
1371 1198 0
890 258 0
1120 1063 0
993 537 0
579 367 0
997 630 0
1293 219 0
1469 1371 0
1247 456 0
1450 916 0
1241 907 0
1039 1002 0
1189 1129 0
808 371 0
1251 464 0
1471 972 0
1229 324 0
990 968 0
245 237 0
1171 1066 0
1176 956 0
819 353 0
1085 317 0
1452 1075 0
1011 871 0
926 161 0
1098 895 0
876 515 0
1460 1094 0
1488 581 0
1091 635 0
1329 971 0
871 837 0
446 357 0
712 252 0
1046 504 0
1092 683 0
1475 1235 0
1004 69 0
708 257 0
1426 666 0
549 234 0
1257 832 0
1096 978 0
976 876 0
948 601 0
1058 992 0
465 441 0
1371 269 0
1086 887 0
1260 832 0
1008 664 0
1360 672 0
720 401 0
938 168 0
791 670 0
1172 997 0
1444 303 0
1180 804 0
1123 325 0
1432 1419 0
580 505 0
884 363 0
752 321 0
732 162 0
1135 22 0
1288 351 0
1314 870 0
1103 1095 0
647 635 0
1492 1230 0
1002 991 0
848 773 0
1250 109 0
1485 1008 0
1293 750 0
463 29 0
1039 786 0
1374 719 0
1446 1244 0
114 76 0
1109 588 0
929 82 0
1365 252 0
1322 469 0
1319 966 0
492 380 0
936 218 0
1256 1206 0
1278 1134 0
1461 970 0
1177 307 0
1404 174 0
819 178 0
1396 800 0
509 415 0
1399 219 0
1167 363 0
1409 842 0
963 743 0
1334 696 0
1402 1204 0
1390 477 0
503 340 0
1132 931 0
1375 1100 0
1387 1001 0
1223 420 0
852 159 0
1252 57 0
1158 769 0
859 588 0
742 148 0
1484 796 0
595 491 0
226 1 0
1303 155 0
772 436 0
962 776 0
1015 174 0
1493 829 0
903 262 0
410 42 0
1398 221 0
1218 1025 0
1455 247 0
1487 1167 0
1093 554 0
1110 300 0
1397 722 0
1456 1403 0
875 189 0
1293 906 0
1344 1016 0
1009 265 0
842 158 0
1205 891 0
834 608 0
1484 904 0
1475 1319 0
125 8 0
1139 930 0
818 401 0
752 319 0
1120 612 0
1011 811 0
785 203 0
840 246 0
1272 515 0
1241 998 0
1317 239 0
1265 1062 0
331 95 0
1379 249 0
1144 557 0
1262 874 0
1331 347 0
1129 667 0
736 369 0
870 241 0
990 734 0
646 193 0
1233 796 0
638 219 0
1491 722 0
540 472 0
1056 189 0
1196 299 0
994 72 0
1035 502 0
1167 24 0
1001 739 0
350 268 0
1424 1170 0
1252 289 0
1173 900 0
898 8 0
1477 745 0
1442 1353 0
421 90 0
1215 792 0
1252 1117 0
1333 876 0
1259 787 0
1106 661 0
917 61 0
966 228 0
865 528 0
1454 510 0
1214 394 0
1226 1049 0
921 557 0
1375 66 0
882 784 0
1120 569 0
1366 1012 0
1034 891 0
350 119 0
1025 511 0
1434 436 0
1092 785 0
406 275 0
901 772 0
1147 287 0
1481 526 0
365 55 0
667 638 0
868 78 0
262 109 0
529 432 0
964 373 0
1243 421 0
1359 1120 0
679 55 0
940 765 0
908 893 0
1140 592 0
1347 1304 0
1254 728 0
1081 40 0
1021 928 0
911 890 0
1419 1305 0
829 167 0
1268 899 0
1012 141 0
554 522 0
657 634 0
1070 694 0
1165 551 0
492 283 0
303 98 0
1233 1187 0
1027 89 0
1186 372 0
1212 473 0
1089 694 0
1360 1163 0
1490 783 0
1120 541 0
1459 1337 0
951 67 0
744 133 0
1316 703 0
1168 31 0
1198 1138 0
558 279 0
646 25 0
1003 599 0
1372 1070 0
1258 968 0
1431 929 0
684 490 0
1163 482 0
699 674 0
1441 192 0
360 104 0
892 548 0
512 120 0
1129 264 0
1467 586 0
710 17 0
1168 1071 0
1195 382 0
1247 1228 0
725 256 0
806 767 0
705 125 0
360 333 0
791 3 0
1323 390 0
117 93 0
1236 494 0
238 119 0
1321 861 0
803 346 0
1222 190 0
1434 501 0
1030 370 0
503 40 0
1301 1079 0
631 188 0
234 136 0
1470 566 0
1323 96 0
737 588 0
1411 422 0
1370 1256 0
1157 531 0
77 72 0
952 520 0
1116 199 0
714 91 0
158 127 0
653 327 0
1437 422 0
742 169 0
1037 808 0
561 529 0
824 666 0
1304 297 0
1437 284 0
832 821 0
991 223 0
1456 905 0
439 134 0
1275 407 0
1169 894 0
48 13 0
663 523 0
1272 1096 0
1302 849 0
915 368 0
1294 54 0
1269 766 0
583 573 0
1489 72 0
1164 876 0
1489 942 0
1144 612 0
1167 303 0
937 671 0
555 49 0
1367 1073 0
950 801 0
856 661 0
1299 1099 0
1205 755 0
1345 144 0
1415 905 0
1460 256 0
1123 1102 0
1350 22 0
760 658 0
1497 1464 0
1302 1032 0
878 19 0
1274 153 0
904 598 0
879 235 0
1436 178 0
436 409 0
471 307 0
808 231 0
1365 550 0
1353 1258 0
996 583 0
1354 637 0
970 876 0
982 433 0
947 310 0
238 160 0
1357 659 0
1097 470 0
1388 274 0
706 616 0
1391 893 0
1170 429 0
1396 1367 0
1224 438 0
1061 533 0
1355 336 0
717 469 0
837 788 0
410 8 0
715 392 0
389 225 0
968 534 0
1460 1076 0
984 507 0
1307 648 0
1396 221 0
1076 693 0
1389 758 0
596 99 0
881 92 0
1231 849 0
1160 843 0
603 36 0
460 243 0
253 185 0
1122 475 0
518 91 0
1380 1005 0
465 117 0
1481 453 0
398 112 0
1466 1383 0
1147 766 0
1452 412 0
1184 1114 0
442 414 0
1303 558 0
1384 1011 0
947 264 0
1366 27 0
426 319 0
1023 838 0
746 239 0
261 251 0
1419 1020 0
135 115 0
1420 354 0
963 221 0
1396 17 0
353 305 0
1304 1042 0
1104 111 0
1213 94 0
1436 1341 0
1195 989 0
1239 47 0
1038 143 0
1302 998 0
1093 44 0
1137 152 0
1282 555 0
1162 1069 0
1094 640 0
845 318 0
1102 113 0
595 377 0
953 829 0
816 295 0
156 70 0
1343 909 0
534 37 0
454 38 0
778 661 0
917 110 0
523 353 0
612 319 0
926 855 0
209 90 0
1140 1037 0
749 20 0
410 252 0
870 114 0
1333 765 0
1280 328 0
758 211 0
980 560 0
962 946 0
1284 1215 0
641 339 0
1456 132 0
834 768 0
1433 579 0
1107 168 0
1376 59 0
722 586 0
439 29 0
13 1 0
1196 228 0
926 374 0
156 137 0
994 713 0
1068 837 0
480 5 0
1262 925 0
1407 973 0
709 545 0
1402 1303 0
770 504 0
739 471 0
1011 475 0
1074 79 0
845 354 0
1333 804 0
827 571 0
325 290 0
325 203 0
1282 723 0
1016 236 0
1325 289 0
1433 762 0
951 856 0
453 416 0
1364 1229 0
1459 671 0
1448 824 0
371 227 0
275 78 0
1448 889 0
1252 222 0
966 58 0
1456 1349 0
556 516 0
1440 62 0
325 215 0
1379 827 0
1344 1140 0
780 311 0
1274 868 0
394 4 0
1074 641 0
633 45 0
1143 717 0
1366 915 0
1475 1072 0
1411 140 0
1404 947 0
191 188 0
1178 930 0
871 192 0
1338 1115 0
1094 513 0
1289 995 0
1413 408 0
902 179 0
1243 914 0
1359 1097 0
975 279 0
1273 683 0
1304 237 0
521 224 0
554 552 0
1255 929 0
762 220 0
367 15 0
1296 1223 0
487 72 0
1393 945 0
208 79 0
1364 192 0
1447 1379 0
1094 373 0
1500 856 0
1076 14 0
904 669 0
1480 456 0
949 839 0
738 127 0
1492 782 0
209 133 0
1141 336 0
1331 971 0
1114 104 0
848 42 0
1234 787 0
1432 1365 0
134 93 0
1061 525 0
870 479 0
1280 605 0
762 59 0
1014 227 0
1395 132 0
1468 475 0
1268 170 0
1442 349 0
1261 675 0
1358 47 0
1332 786 0
1278 509 0
1207 871 0
1275 94 0
764 648 0
1213 419 0
732 447 0
1184 137 0
1190 433 0
1198 1165 0
1394 1065 0
1182 460 0
1216 1120 0
1000 642 0
961 672 0
689 204 0
1311 46 0
449 162 0
530 383 0
1317 1035 0
1152 242 0
1019 27 0
1062 901 0
1380 1151 0
1437 108 0
910 576 0
1347 859 0
1194 609 0
814 42 0
1077 575 0
1012 177 0
437 219 0
740 464 0
485 319 0
1347 831 0
1064 63 0
1306 577 0
324 307 0
535 476 0
936 493 0
1241 1066 0
1493 1073 0
165 33 0
881 100 0
992 975 0
975 521 0
1118 113 0
676 531 0
1073 616 0
1237 185 0
1480 1307 0
482 296 0
567 212 0
1037 429 0
1462 462 0
374 184 0
1379 1029 0
1306 1195 0
1251 535 0
565 191 0
788 721 0
586 109 0
714 183 0
1081 516 0
760 456 0
281 7 0
232 140 0
194 84 0
428 416 0
583 415 0
956 210 0
1313 555 0
570 280 0
970 140 0
504 269 0
1144 742 0
1375 235 0
1226 189 0
1329 210 0
892 695 0
887 275 0
1308 1203 0
1014 364 0
1052 690 0
736 543 0
959 565 0
1116 967 0
446 336 0
618 71 0
752 599 0
719 682 0
1001 609 0
953 469 0
1013 515 0
1473 585 0
1219 112 0
1051 422 0
1491 632 0
1234 336 0
1135 96 0
564 303 0
436 288 0
875 637 0
801 766 0
1063 431 0
1010 138 0
1397 5 0
880 476 0
526 74 0
1213 309 0
1253 425 0
1031 48 0
968 874 0
594 54 0
1472 1195 0
1216 716 0
1128 49 0
1081 835 0
1295 745 0
1285 927 0
1317 402 0
1481 931 0
639 628 0
630 439 0
987 964 0
577 560 0
1372 29 0
1442 153 0
558 338 0
1076 874 0
1059 129 0
793 441 0
1161 611 0
1373 888 0
1127 688 0
482 290 0
812 718 0
988 288 0
1003 589 0
967 703 0
449 18 0
575 307 0
1413 560 0
1067 434 0
826 416 0
1385 1185 0
610 265 0
1397 1113 0
918 839 0
1431 948 0
1166 566 0
577 50 0
1413 1026 0
1329 1243 0
854 186 0
853 360 0
1449 910 0
604 371 0
749 314 0
408 240 0
1234 460 0
1296 1063 0
892 31 0
791 274 0
1149 1109 0
1437 229 0
926 302 0
1407 908 0
892 74 0
1365 149 0
819 425 0
998 223 0
1481 5 0
650 195 0
1460 1158 0
793 710 0
310 250 0
510 41 0
581 28 0
969 622 0
251 43 0
1302 822 0
1127 930 0
1435 869 0
1104 293 0
1414 257 0
736 663 0
1036 646 0
344 241 0
1050 437 0
1113 876 0
1281 289 0
733 649 0
1426 489 0
142 94 0
1363 794 0
1361 683 0
937 21 0
1262 1008 0
634 555 0
703 459 0
137 28 0
1182 509 0
665 34 0
664 224 0
1133 1091 0
1035 40 0
732 680 0
1242 1113 0
1186 495 0
1214 1060 0
1267 944 0
926 313 0
708 41 0
1192 582 0
1440 1036 0
504 379 0
1401 292 0
950 763 0
610 393 0
905 730 0
1463 1152 0
1418 1105 0
1165 230 0
1389 841 0
1425 1127 0
985 282 0
1240 495 0
815 231 0
564 352 0
1392 1247 0
1076 362 0
580 437 0
1045 67 0
1264 789 0
881 644 0
361 296 0
651 126 0
1145 1122 0
1294 138 0
1352 1078 0
736 496 0
1017 730 0
664 467 0
1021 158 0
459 109 0
520 374 0
1138 656 0
1474 210 0
1083 561 0
1291 545 0
864 502 0
1034 720 0
1197 935 0
1450 443 0
869 81 0
1105 227 0
909 877 0
216 35 0
1372 1039 0
1070 378 0
1409 467 0
892 532 0
1217 255 0
912 228 0
386 100 0
107 60 0
980 928 0
756 411 0
1150 997 0
624 576 0
394 274 0
1365 1162 0
1193 820 0
772 364 0
813 545 0
1278 662 0
930 927 0
1398 1130 0
1249 844 0
1427 1300 0
1174 100 0
249 81 0
929 183 0
752 621 0
1471 475 0
1271 853 0
1336 829 0
864 161 0
1289 868 0
1193 910 0
1375 57 0
1184 834 0
1489 1426 0
1061 288 0
1494 920 0
350 334 0
1066 600 0
974 748 0
833 396 0
463 456 0
1157 362 0
921 656 0
1442 138 0
719 460 0
1201 1200 0
704 21 0
1466 850 0
253 247 0
453 359 0
1211 52 0
1450 100 0
1258 327 0
1236 193 0
848 493 0
1465 1049 0
1202 1064 0
300 203 0
1299 774 0
1480 778 0
1323 1228 0
931 573 0
1355 368 0
954 72 0
917 531 0
846 604 0
947 700 0
981 957 0
1361 221 0
1358 1236 0
1287 486 0
1437 964 0
969 511 0
510 180 0
1378 868 0
1206 983 0
1305 461 0
387 25 0
1166 900 0
1329 749 0
595 497 0
762 524 0
1274 738 0
1391 953 0
1451 1346 0
312 287 0
1356 243 0
1144 212 0
433 134 0
1132 453 0
1120 420 0
1392 881 0
1465 1083 0
919 698 0
776 741 0
862 696 0
1249 665 0
1224 1092 0
1306 705 0
1080 913 0
1049 351 0
1057 640 0
994 574 0
1428 17 0
1173 928 0
802 268 0
1117 1046 0
914 151 0
890 277 0
603 551 0
597 414 0
1070 779 0
972 216 0
1407 341 0
915 24 0
898 493 0
1441 473 0
656 31 0
1454 305 0
136 104 0
1308 142 0
1060 270 0
1399 245 0
1270 419 0
1402 1342 0
561 275 0
333 328 0
1133 83 0
1346 1256 0
1348 288 0
453 126 0
818 90 0
830 646 0
1092 553 0
680 104 0
1437 626 0
1354 1157 0
1307 1267 0
809 783 0
618 155 0
1440 250 0
1006 29 0
1235 1016 0
879 408 0
864 9 0
343 116 0
1256 879 0
760 228 0
739 669 0
1203 536 0
772 204 0
107 62 0
571 18 0
555 4 0
1274 941 0
218 188 0
788 675 0
1317 557 0
1153 848 0
436 69 0
1143 578 0
1239 155 0
926 535 0
1412 1150 0
694 628 0
1148 938 0
1347 1065 0
268 78 0
885 695 0
475 394 0
673 317 0
782 692 0
1112 421 0
1406 1186 0
1176 986 0
1407 1235 0
1447 1195 0
847 426 0
560 319 0
630 476 0
1471 462 0
953 637 0
639 408 0
495 21 0
1102 952 0
1425 972 0
540 415 0
1355 448 0
1233 1130 0
1273 830 0
1423 563 0
764 206 0
954 845 0
799 215 0
578 83 0
1180 441 0
1398 1237 0
1466 110 0
1210 211 0
704 53 0
360 168 0
1384 525 0
1052 313 0
1168 1078 0
1284 713 0
495 432 0
1050 163 0
1225 19 0
981 358 0
1189 1028 0
1377 447 0
939 213 0
280 77 0
244 118 0
1061 203 0
1137 659 0
1446 354 0
1190 604 0
940 811 0
1169 1007 0
890 772 0
815 657 0
1396 1095 0
1305 383 0
1141 559 0
197 39 0
922 603 0
1007 72 0
1479 99 0
262 238 0
1228 220 0
268 9 0
1408 1185 0
607 593 0
1198 1122 0
1178 850 0
783 723 0
542 139 0
802 458 0
1255 505 0
1307 93 0
543 178 0
460 183 0
1336 659 0
595 186 0
1156 312 0
913 500 0
447 184 0
712 676 0
1310 1008 0
1252 38 0
1140 482 0
370 265 0
1128 335 0
870 833 0
1199 919 0
1145 183 0
1268 229 0
455 153 0
1119 662 0
1294 1114 0
1309 532 0
1150 1047 0
1189 1153 0
1443 257 0
718 295 0
747 735 0
672 53 0
899 408 0
1096 530 0
1423 601 0
521 11 0
1223 236 0
1495 959 0
1434 7 0
1359 1138 0
1152 661 0
803 274 0
1431 219 0
1354 888 0
342 136 0
1170 714 0
943 385 0
504 15 0
630 230 0
1283 449 0
1300 1091 0
1306 794 0
1004 844 0
1377 1130 0
845 484 0
663 490 0
1169 471 0
1427 744 0
1361 1327 0
1097 678 0
555 116 0
410 183 0
1286 556 0
1499 802 0
1170 405 0
1198 207 0
1177 513 0
787 369 0
1194 742 0
1094 210 0
472 280 0
713 663 0
1356 1098 0
159 65 0
314 13 0
1399 28 0
1181 243 0
993 890 0
1486 931 0
1338 423 0
623 423 0
1287 238 0
1119 390 0
1182 98 0
1144 549 0
1402 292 0
1355 135 0
656 550 0
1326 163 0
1202 551 0
1278 686 0
1437 286 0
1270 208 0
1021 842 0
967 541 0
858 601 0
483 160 0
275 205 0
1164 594 0
1288 262 0
1128 70 0
1256 341 0
1472 380 0
931 571 0
1266 207 0
142 125 0
761 249 0
867 551 0
1003 908 0
737 565 0
545 544 0
1181 349 0
1483 97 0
1244 1088 0
739 446 0
1124 302 0
1127 222 0
370 211 0
1301 634 0
885 190 0
1257 1085 0
1040 792 0
776 765 0
974 701 0
1457 1261 0
1240 372 0
1298 504 0
1499 532 0
1270 356 0
892 341 0
1331 173 0
800 254 0
358 132 0
1301 776 0
1227 693 0
1315 685 0
1309 335 0
1443 1313 0
487 216 0
690 147 0
619 292 0
731 221 0
1367 765 0
581 155 0
1443 312 0
414 10 0
1265 105 0
1052 713 0
555 20 0
1024 205 0
1374 1062 0
1374 517 0
1459 772 0
498 17 0
770 311 0
1417 1207 0
1336 96 0
181 96 0
1456 1440 0
1073 1051 0
910 346 0
1284 416 0
1338 1010 0
977 921 0
1048 38 0
1026 605 0
664 253 0
752 732 0
945 188 0
823 316 0
1020 847 0
1129 606 0
1100 715 0
816 493 0
1269 984 0
1024 224 0
915 49 0
983 574 0
1468 94 0
1069 717 0
1419 492 0
1341 846 0
887 458 0
1378 342 0
1430 936 0
1174 766 0
1290 280 0
1259 804 0
1188 454 0
1241 1101 0
703 177 0
1496 589 0
972 835 0
201 121 0
974 858 0
1429 457 0
1045 967 0
1179 181 0
603 484 0
1409 117 0
1437 830 0
1185 545 0
1008 36 0
1016 292 0
1438 1294 0
618 461 0
1442 302 0
813 762 0
1161 509 0
1410 941 0
1343 672 0
1057 517 0
1242 1137 0
589 147 0
878 800 0
1160 448 0
1313 787 0
437 199 0
829 248 0
944 682 0
1316 310 0
1086 787 0
941 538 0
658 270 0
1105 22 0
1354 948 0
480 308 0
262 24 0
990 146 0
771 96 0
1432 1407 0
895 374 0
1413 830 0
907 866 0
1353 1135 0
1350 520 0
1098 179 0
1291 522 0
490 201 0
556 5 0
1188 660 0
1429 1099 0
1194 244 0
843 731 0
382 40 0
1482 234 0
1434 230 0
1367 928 0
378 62 0
706 483 0
719 402 0
1369 165 0
1295 874 0
1184 516 0
249 66 0
809 10 0
996 456 0
540 481 0
850 3 0
1404 135 0
941 289 0
728 397 0
726 503 0
799 345 0
1163 599 0
339 147 0
465 431 0
560 214 0
1334 1223 0
675 573 0
788 610 0
974 414 0
505 326 0
1430 821 0
1288 530 0
633 121 0
1413 874 0
1213 234 0
159 84 0
1462 1458 0
1403 592 0
736 529 0
1330 456 0
1184 774 0
1394 365 0
1353 328 0
1433 1339 0
831 584 0
1456 1295 0
730 351 0
646 355 0
873 703 0
1031 80 0
972 39 0
1183 860 0
413 202 0
1029 214 0
1271 835 0
695 584 0
772 15 0
1439 802 0
1051 231 0
1242 705 0
287 122 0
952 117 0
979 232 0
694 612 0
812 198 0
430 32 0
712 464 0
745 19 0
1467 674 0
1024 387 0
281 72 0
1145 436 0
864 839 0
1381 1203 0
1059 801 0
1199 426 0
1336 1111 0
1286 652 0
1361 1308 0
552 323 0
687 472 0
744 560 0
1305 1067 0
801 674 0
1498 583 0
1037 985 0
1061 63 0
1485 723 0
951 115 0
1492 1436 0
1227 117 0
993 224 0
943 667 0
468 12 0
1211 691 0
1244 623 0
635 4 0
1405 49 0
1449 1307 0
558 135 0
882 250 0
1476 979 0
1273 809 0
1234 1167 0
1358 524 0
707 76 0
847 481 0
1177 1087 0
1467 691 0
572 453 0
1300 743 0
617 376 0
938 866 0
1073 228 0
1011 525 0
498 230 0
1492 545 0
1465 442 0
458 211 0
941 732 0
1459 1255 0
1309 626 0
1368 135 0
881 359 0
1390 262 0
1046 299 0
282 163 0
1498 936 0
907 596 0
1476 1326 0
633 332 0
1265 238 0
1454 1409 0
1421 1369 0
938 472 0
1310 608 0
526 109 0
1263 1216 0
927 252 0
430 229 0
1387 277 0
553 119 0
752 190 0
748 705 0
1206 1041 0
1259 1200 0
899 50 0
1199 637 0
1220 704 0
1008 708 0
282 229 0
1173 139 0
697 654 0
1396 1016 0
1466 1067 0
417 278 0
894 689 0
1493 651 0
514 19 0
1273 1169 0
1472 14 0
815 160 0
989 290 0
1427 1322 0
664 357 0
1362 1353 0
1229 573 0
847 4 0
1100 297 0
354 235 0
949 607 0
943 380 0
656 379 0
1210 1065 0
1203 1130 0
1373 454 0
899 269 0
107 68 0
1039 311 0
229 117 0
1014 275 0
1076 789 0
1195 92 0
1230 732 0
930 217 0
1155 364 0
1299 159 0
1290 118 0
1149 97 0
1396 934 0
1021 7 0
1114 743 0
608 320 0
1421 24 0
1018 191 0
900 360 0
1277 809 0
550 238 0
1235 700 0
773 205 0
654 159 0
427 336 0
1219 250 0
926 211 0
1283 998 0
831 189 0
706 297 0
459 435 0
837 828 0
1256 24 0
513 266 0
1315 28 0
701 250 0
1300 289 0
999 450 0
1164 474 0
883 378 0
664 359 0
880 434 0
1448 1171 0
383 213 0
1347 789 0
1047 329 0
718 535 0
1261 264 0
1460 22 0
1151 561 0
989 72 0
435 285 0
779 365 0
1254 1062 0
785 328 0
888 519 0
903 422 0
1213 964 0
438 283 0
1227 87 0
1403 1135 0
634 613 0
1485 473 0
1141 904 0
815 809 0
1300 430 0
1339 524 0
333 67 0
666 638 0
951 334 0
943 702 0
940 800 0
1295 837 0
863 121 0
1015 599 0
1118 100 0
1356 701 0
1243 715 0
771 706 0
1314 287 0
792 120 0
1254 18 0
1384 221 0
1110 810 0
949 943 0
536 287 0
1421 1139 0
1310 484 0
1326 755 0
1487 826 0
988 985 0
1219 4 0
609 290 0
969 372 0
738 33 0
1017 903 0
620 613 0
305 172 0
1070 684 0
910 582 0
998 818 0
1426 808 0
1308 966 0
656 556 0
731 560 0
706 481 0
1296 198 0
361 56 0
1429 1096 0
173 155 0
1362 797 0
653 352 0
1265 1015 0
1236 171 0
1288 173 0
509 292 0
1347 88 0
1198 566 0
1405 708 0
1153 252 0
1185 218 0
841 826 0
755 485 0
1332 204 0
1283 469 0
1055 696 0
752 239 0
1425 280 0
1098 687 0
1307 1182 0
784 613 0
1484 223 0
1225 325 0
288 206 0
624 144 0
1426 814 0
762 676 0
1438 173 0
1471 379 0
617 457 0
1448 612 0
1332 1272 0
898 556 0
1206 659 0
1029 750 0
470 433 0
1309 323 0
793 681 0
1287 254 0
1202 187 0
1399 600 0
903 736 0
1467 135 0
533 295 0
588 491 0
1246 1224 0
1182 354 0
954 704 0
1158 393 0
599 506 0
614 174 0
1398 759 0
563 533 0
1370 110 0
1427 1079 0
840 503 0
1291 564 0
613 88 0
728 144 0
1260 210 0
869 615 0
619 243 0
1058 512 0
1249 1181 0
1355 932 0
1476 100 0
1335 358 0
1143 614 0
751 299 0
1093 400 0
712 560 0
527 279 0
1417 1317 0
644 605 0
749 506 0
335 101 0
1403 475 0
1399 477 0
1011 498 0
1032 852 0
270 50 0
1182 992 0
882 91 0
624 512 0
1015 779 0
756 297 0
1046 833 0
674 308 0
973 69 0
1274 695 0
1428 1064 0
1304 595 0
1416 793 0
957 721 0
1009 753 0
1265 3 0
922 807 0
746 707 0
814 342 0
1189 576 0
1323 698 0
1081 726 0
1300 919 0
1232 83 0
1258 956 0
90 69 0
1276 668 0
1144 412 0
1402 238 0
638 439 0
361 331 0
1427 1000 0
1343 915 0
953 11 0
429 40 0
769 689 0
1216 119 0
1130 963 0
1022 941 0
425 32 0
811 498 0
918 278 0
1371 775 0
648 506 0
1326 296 0
810 103 0
1421 176 0
604 570 0
1101 354 0
662 124 0
1333 1223 0
848 519 0
1267 842 0
1107 754 0
1495 661 0
973 176 0
1111 306 0
1273 553 0
104 10 0
978 94 0
1424 143 0
376 88 0
866 344 0
1260 867 0
1024 153 0
966 319 0
1476 914 0
531 460 0
1486 1260 0
991 225 0
680 181 0
790 571 0
1350 786 0
314 218 0
1022 219 0
1157 65 0
868 557 0
905 573 0
1305 130 0
1402 34 0
1121 346 0
1112 956 0
664 288 0
787 211 0
469 231 0
658 332 0
1251 156 0
1205 1077 0
1433 100 0
1255 411 0
407 94 0
1355 778 0
1310 152 0
956 799 0
1087 584 0
721 489 0
1359 351 0
1057 863 0
895 774 0
1346 1210 0
1449 17 0
1124 313 0
441 118 0
1295 1264 0
1167 159 0
1112 1003 0
879 660 0
1454 419 0
1434 272 0
482 126 0
1355 232 0
1034 467 0
1212 450 0
181 52 0
1299 410 0
1299 825 0
682 440 0
1004 657 0
948 132 0
524 361 0
583 334 0
1031 461 0
1453 181 0
1433 1023 0
1406 362 0
1024 812 0
576 147 0
1257 509 0
1472 223 0
1064 675 0
1072 952 0
1422 333 0
390 156 0
1159 729 0
1207 705 0
1230 339 0
581 517 0
1493 684 0
1176 739 0
388 250 0
467 426 0
988 304 0
1104 659 0
1299 72 0
1004 549 0
814 709 0
1064 215 0
1213 1154 0
1292 1222 0
1424 937 0
1321 1300 0
1418 73 0
921 560 0
1270 1143 0
1349 1282 0
763 272 0
648 509 0
1467 490 0
1470 601 0
586 307 0
1021 20 0
1034 12 0
349 232 0
1092 727 0
411 19 0
1256 1009 0
680 326 0
711 600 0
1251 479 0
1358 861 0
810 378 0
1335 742 0
760 401 0
1369 565 0
1107 914 0
1259 439 0
543 47 0
338 255 0
902 901 0
1401 1251 0
1464 91 0
564 278 0
1316 163 0
865 290 0
1390 177 0
1144 939 0
1153 363 0
329 282 0
1104 429 0
1117 280 0
672 253 0
128 127 0
268 217 0
757 236 0
1500 269 0
490 274 0
1466 1126 0
1292 1197 0
863 764 0
1213 1036 0
1500 1039 0
1183 1120 0
1006 535 0
1360 381 0
1016 362 0
1496 212 0
1091 1040 0
1151 942 0
330 196 0
1416 464 0
1023 738 0
90 61 0
283 51 0
732 65 0
869 792 0
1418 543 0
1358 371 0
1443 1425 0
1455 1364 0
905 734 0
1043 785 0
572 301 0
914 693 0
1077 506 0
948 725 0
1430 112 0
1183 465 0
898 588 0
1213 787 0
1464 820 0
189 76 0
708 494 0
1141 446 0
1023 964 0
328 214 0
301 84 0
1021 285 0
1139 1100 0
1190 261 0
1073 65 0
1030 345 0
469 6 0
1076 821 0
1068 194 0
868 728 0
1383 871 0
953 325 0
596 193 0
1325 9 0
885 713 0
1083 979 0
775 154 0
1054 183 0
1417 961 0
1326 958 0
1417 845 0
1345 1041 0
957 395 0
757 87 0
1019 892 0
904 223 0
780 100 0
1241 389 0
1455 788 0
1286 811 0
1283 950 0
1486 175 0
673 654 0
838 587 0
1175 368 0
1266 699 0
1327 1178 0
1264 1222 0
720 506 0
812 459 0
332 77 0
435 154 0
1252 25 0
682 62 0
1394 405 0
327 311 0
1280 66 0
548 293 0
1103 676 0
1185 185 0
1435 255 0
991 797 0
985 788 0
855 740 0
1247 177 0
1417 1094 0
1244 548 0
1470 688 0
1143 376 0
1193 120 0
1254 712 0
843 250 0
1178 290 0
1423 842 0
1188 897 0
724 634 0
1177 862 0
965 654 0
1457 544 0
1380 218 0
1261 551 0
1494 696 0
1446 1173 0
956 483 0
674 350 0
1339 321 0
1010 774 0
1446 503 0
1446 1114 0
1495 1320 0
1119 310 0
1381 1003 0
988 752 0
1490 1279 0
630 407 0
537 176 0
1410 465 0
1394 800 0
455 51 0
1025 931 0
1060 488 0
1334 161 0
1327 501 0
518 56 0
1250 160 0
965 11 0
890 335 0
840 147 0
1364 769 0
820 274 0
605 361 0
1099 887 0
814 47 0
464 381 0
1456 1338 0
1056 624 0
1417 266 0
948 920 0
982 114 0
1363 68 0
945 754 0
1488 633 0
1234 330 0
1367 872 0
1481 522 0
1385 711 0
1468 1411 0
1392 1070 0
1273 153 0
348 25 0
865 127 0
708 81 0
1378 607 0
516 31 0
876 687 0
1104 228 0
1093 876 0
1248 1234 0
1386 1223 0
902 504 0
1498 1213 0
213 207 0
1422 145 0
806 331 0
511 107 0
1378 1248 0
1328 701 0
159 43 0
747 50 0
696 627 0
1372 192 0
1204 781 0
676 239 0
1078 237 0
1038 263 0
638 578 0
915 611 0
996 70 0
322 61 0
463 341 0
1054 771 0
922 694 0
845 705 0
876 692 0
1056 772 0
1217 815 0
1409 480 0
261 91 0
893 717 0
1290 1010 0
939 248 0
886 755 0
1308 215 0
812 783 0
1198 86 0
1404 76 0
564 147 0
978 107 0
1412 1265 0
935 558 0
1200 455 0
1278 1109 0
286 75 0
1377 328 0
744 329 0
1076 669 0
246 91 0
1179 585 0
1498 796 0
404 385 0
1266 1164 0
1009 99 0
1007 231 0
275 225 0
1336 218 0
1459 303 0
1248 235 0
1236 205 0
1482 263 0
335 135 0
974 961 0
914 95 0
947 692 0
646 365 0
1222 861 0
298 115 0
381 127 0
1346 149 0
1022 235 0
1463 154 0
666 34 0
491 286 0
1238 36 0
724 340 0
1461 1326 0
1444 69 0
1297 73 0
1482 420 0
1110 449 0
1260 332 0
1499 597 0
770 692 0
602 100 0
1063 647 0
818 262 0
1465 139 0
1008 486 0
1491 1397 0
1196 381 0
985 103 0
308 39 0
370 264 0
1343 318 0
996 158 0
744 544 0
1027 539 0
1039 552 0
836 131 0
790 14 0
1457 395 0
772 177 0
1032 737 0
348 255 0
1458 796 0
1260 1086 0
121 79 0
1403 390 0
1014 233 0
1487 203 0
979 130 0
610 473 0
292 239 0
1245 705 0
857 40 0
1102 901 0
1489 1121 0
798 382 0
1493 1130 0
1483 1280 0
1437 1025 0
978 948 0
230 189 0
1484 608 0
720 313 0
1022 250 0
717 330 0
1254 370 0
1457 409 0
1101 180 0
1481 1162 0
1415 849 0
1344 448 0
1009 367 0
1457 892 0
1300 611 0
603 567 0
1462 821 0
1190 505 0
1179 1013 0
1451 955 0
362 242 0
1328 21 0
1480 918 0
1296 1178 0
504 179 0
1079 443 0
1287 820 0
943 800 0
1073 886 0
1271 548 0
845 199 0
1452 652 0
1291 1237 0
821 258 0
620 401 0
685 629 0
1089 1019 0
1398 1276 0
592 108 0
395 133 0
1381 1102 0
332 282 0
1400 1232 0
827 380 0
1494 1223 0
1187 741 0
1023 863 0
1459 799 0
764 86 0
442 419 0
1412 267 0
845 258 0
1399 737 0
1394 9 0
390 220 0
1487 318 0
930 38 0
1345 237 0
927 37 0
1419 1345 0
1087 595 0
1253 1130 0
1372 112 0
779 767 0
45 9 0
153 87 0
1038 74 0
1090 870 0
1407 201 0
1194 644 0
1159 943 0
1283 45 0
1239 848 0
1031 694 0
294 164 0
1236 185 0
480 195 0
1064 1057 0
1189 702 0
901 899 0
1152 1117 0
1079 952 0
1235 704 0
1022 128 0
930 566 0
1295 561 0
1006 632 0
1315 51 0
1115 615 0
1367 1131 0
1225 900 0
427 412 0
1095 497 0
1068 578 0
889 107 0
1096 357 0
1079 348 0
1366 207 0
384 91 0
949 544 0
1024 734 0
1221 473 0
551 289 0
585 454 0
558 485 0
624 449 0
1367 535 0
736 256 0
1234 147 0
1020 625 0
1163 925 0
780 245 0
1485 312 0
798 370 0
1285 384 0
910 317 0
267 167 0
649 281 0
560 443 0
1146 1005 0
220 150 0
1347 551 0
1223 837 0
1117 197 0
844 802 0
208 190 0
453 421 0
1370 130 0
1381 1112 0
594 68 0
731 574 0
846 192 0
1357 921 0
915 665 0
1028 639 0
1467 1099 0
1107 1049 0
827 272 0
673 214 0
712 77 0
1500 804 0
1343 1255 0
1055 824 0
1298 1190 0
447 147 0
723 249 0
521 450 0
520 369 0
971 450 0
765 315 0
1259 38 0
995 912 0
397 37 0
916 116 0
1495 1485 0
933 101 0
939 318 0
448 160 0
710 230 0
740 433 0
743 517 0
1019 215 0
1123 1042 0
390 307 0
1369 709 0
277 165 0
252 70 0
927 292 0
872 208 0
718 412 0
1168 690 0
491 302 0
280 127 0
486 144 0
1388 539 0
527 206 0
870 867 0
1482 1177 0
740 375 0
1304 156 0
735 652 0
1460 125 0
670 170 0
835 534 0
853 226 0
666 332 0
1251 1217 0
1268 515 0
802 528 0
1438 1273 0
1468 332 0
1093 685 0
930 589 0
1084 418 0
1160 1081 0
706 1 0
1119 27 0
1187 872 0
1164 1026 0
1418 254 0
1387 825 0
692 130 0
95 16 0
1415 532 0
845 257 0
1391 733 0
194 75 0
1213 175 0
1375 721 0
765 186 0
964 21 0
436 28 0
688 536 0
1173 628 0
942 46 0
1095 1063 0
1349 14 0
459 291 0
752 602 0
469 358 0
195 43 0
692 271 0
1189 911 0
950 576 0
1285 1243 0
721 53 0
1183 585 0
814 58 0
1388 1223 0
717 84 0
656 264 0
1269 564 0
996 35 0
663 42 0
1171 326 0
1305 972 0
364 10 0
1187 80 0
966 244 0
1422 745 0
1411 1056 0
1364 367 0
1487 727 0
473 245 0
997 702 0
925 789 0
1193 479 0
756 280 0
1033 188 0
1410 566 0
889 710 0
1051 215 0
474 370 0
1485 116 0
1416 888 0
1370 506 0
694 456 0
1079 181 0
545 189 0
410 18 0
1295 117 0
852 622 0
1333 818 0
652 516 0
1079 637 0
952 562 0
1459 443 0
1138 1037 0
269 117 0
905 648 0
1038 182 0
1436 1380 0
662 105 0
1023 523 0
213 169 0
1196 1011 0
1379 679 0
1212 167 0
1415 317 0
852 757 0
1102 630 0
742 556 0
1353 59 0
1199 1160 0
717 105 0
1262 1059 0
1036 836 0
997 771 0
718 340 0
1170 1105 0
1078 320 0
1480 707 0
1447 1344 0
835 494 0
612 296 0
1009 551 0
1266 649 0
511 300 0
268 262 0
1294 729 0
1039 713 0
1072 105 0
1223 1131 0
1232 40 0
1481 827 0
1242 259 0
840 834 0
1362 102 0
877 99 0
683 362 0
582 440 0
1408 366 0
1008 773 0
1472 1055 0
1086 476 0
1237 112 0
1233 325 0
104 71 0
531 320 0
1426 1014 0
1175 557 0
1201 824 0
1408 1056 0
1111 576 0
1463 76 0
341 107 0
101 67 0
1225 622 0
614 257 0
287 34 0
966 871 0
1207 91 0
1109 582 0
435 89 0
855 452 0
1087 880 0
1315 1049 0
1199 75 0
892 10 0
507 221 0
1379 869 0
1064 995 0
1496 694 0
823 387 0
1029 725 0
1084 1014 0
1485 758 0
581 203 0
1089 909 0
496 315 0
361 17 0
571 71 0
1299 1000 0
1453 1373 0
1249 134 0
1259 1085 0
1493 246 0
1253 152 0
919 847 0
603 397 0
1285 369 0
1333 1278 0
1349 78 0
800 29 0
1402 1076 0
555 428 0
1349 949 0
1206 1026 0
1321 88 0
611 565 0
1308 914 0
1185 886 0
1227 800 0
1307 605 0
1443 60 0
569 214 0
802 226 0
1430 776 0
813 69 0
1352 905 0
223 104 0
889 134 0
1467 1223 0
1318 764 0
813 445 0
1213 432 0
1040 852 0
805 379 0
894 229 0
1388 609 0
1005 985 0
456 250 0
1210 276 0
767 407 0
920 538 0
1090 837 0
947 21 0
652 604 0
634 610 0
631 487 0
894 168 0
1454 127 0
1342 1314 0
251 22 0
1257 614 0
1281 1215 0
621 495 0
1491 74 0
1203 50 0
1022 1018 0
1345 681 0
1223 447 0
1354 1028 0
1312 503 0
996 311 0
504 128 0
975 642 0
1440 226 0
949 686 0
1322 1115 0
1326 484 0
1382 1132 0
1399 12 0
990 580 0
508 167 0
749 509 0
1472 1173 0
1074 312 0
993 513 0
574 127 0
1245 883 0
1336 26 0
448 316 0
1054 971 0
1359 213 0
1334 939 0
716 367 0
1494 219 0
1327 611 0
1399 917 0
1018 96 0
1153 335 0
1101 476 0
793 148 0
899 765 0
1484 807 0
939 300 0
1326 836 0
1426 970 0
1335 178 0
1125 906 0
1245 1092 0
1205 148 0
991 1 0
538 493 0
1307 591 0
1242 9 0
465 367 0
787 716 0
535 195 0
738 566 0
1473 576 0
1438 1201 0
863 673 0
1020 442 0
1294 329 0
533 290 0
1246 303 0
1290 511 0
1430 296 0
1126 926 0
677 261 0
1064 510 0
489 281 0
1042 479 0
1393 316 0
448 166 0
1402 805 0
1207 900 0
1495 129 0
1227 946 0
695 111 0
1243 23 0
846 655 0
1209 1085 0
1354 445 0
428 125 0
873 815 0
1431 1117 0
896 213 0
1024 349 0
594 188 0
855 330 0
936 446 0
1047 960 0
1330 1176 0
556 45 0
1175 465 0
1040 197 0
1404 872 0
1088 440 0
329 8 0
434 334 0
272 110 0
589 166 0
1129 11 0
1419 459 0
739 629 0
999 707 0
1109 444 0
735 38 0
513 332 0
1308 772 0
1443 745 0
989 818 0
966 313 0
1294 578 0
1078 53 0
1302 348 0
1217 1100 0
1401 425 0
708 627 0
1354 869 0
672 638 0
1173 1081 0
831 34 0
1490 1218 0
1298 570 0
1438 1288 0
1030 662 0
1190 268 0
1006 322 0
1081 531 0
1266 891 0
1042 216 0
1231 74 0
797 683 0
926 373 0
1435 1004 0
1278 553 0
1444 1008 0
599 138 0
1377 419 0
1247 1136 0
447 209 0
796 311 0
498 84 0
1369 252 0
1339 904 0
1393 1177 0
1056 247 0
1231 393 0
450 60 0
841 448 0
1402 910 0
1256 996 0
1182 129 0
1395 836 0
1011 511 0
1107 28 0
876 54 0
443 229 0
1495 609 0
1391 233 0
1341 895 0
1039 346 0
1099 397 0
440 146 0
1391 871 0
1013 679 0
1351 962 0
1334 978 0
1176 1152 0
1217 398 0
1047 175 0
1258 899 0
1454 145 0
1159 134 0
1103 92 0
1291 122 0
1021 807 0
298 139 0
969 882 0
1116 72 0
892 407 0
815 776 0
763 199 0
1480 808 0
609 70 0
1266 690 0
1084 137 0
1066 452 0
1341 712 0
1081 408 0
911 167 0
1165 209 0
75 36 0
1427 345 0
1245 183 0
1393 801 0
906 717 0
1065 541 0
1217 173 0
1485 237 0
611 584 0
578 573 0
1244 183 0
496 250 0
1295 156 0
722 439 0
1382 1130 0
692 21 0
781 266 0
781 308 0
1312 767 0
1185 656 0
1129 173 0
249 207 0
1164 265 0
1282 516 0
1290 854 0
536 317 0
734 300 0
1106 81 0
1206 794 0
1169 819 0
581 366 0
1208 1119 0
1078 487 0
1373 1066 0
1077 732 0
1408 528 0
883 288 0
632 388 0
1395 540 0
1074 22 0
856 786 0
1119 377 0
1182 867 0
410 382 0
1500 966 0
1033 896 0
804 203 0
375 289 0
1295 391 0
356 75 0
1243 336 0
842 743 0
434 210 0
811 507 0
334 269 0
1361 565 0
972 380 0
806 498 0
913 521 0
398 120 0
1420 342 0
1082 480 0
1272 544 0
968 489 0
903 643 0
733 388 0
824 170 0
1263 118 0
968 10 0
619 485 0
711 502 0
1292 228 0
1278 1138 0
1379 1045 0
1355 761 0
1080 285 0
854 523 0
