1500 7000 
1 142 
2 10 
3 135 
4 30 
5 87 
6 24 
7 25 
8 79 
9 144 
10 10 
11 35 
12 140 
13 107 
14 149 
15 12 
16 119 
17 110 
18 79 
19 91 
20 100 
21 46 
22 141 
23 68 
24 121 
25 119 
26 19 
27 133 
28 91 
29 47 
30 149 
31 92 
32 40 
33 10 
34 78 
35 60 
36 88 
37 93 
38 75 
39 17 
40 87 
41 76 
42 43 
43 78 
44 33 
45 42 
46 81 
47 143 
48 142 
49 11 
50 85 
51 93 
52 47 
53 77 
54 11 
55 19 
56 47 
57 21 
58 142 
59 129 
60 59 
61 142 
62 71 
63 89 
64 142 
65 139 
66 140 
67 81 
68 83 
69 65 
70 88 
71 20 
72 131 
73 121 
74 89 
75 15 
76 14 
77 20 
78 149 
79 147 
80 21 
81 85 
82 90 
83 59 
84 13 
85 92 
86 68 
87 50 
88 104 
89 61 
90 29 
91 13 
92 53 
93 91 
94 92 
95 46 
96 81 
97 83 
98 117 
99 14 
100 138 
101 56 
102 25 
103 120 
104 28 
105 104 
106 126 
107 32 
108 115 
109 126 
110 30 
111 126 
112 61 
113 110 
114 36 
115 64 
116 53 
117 94 
118 104 
119 147 
120 145 
121 124 
122 11 
123 49 
124 66 
125 93 
126 85 
127 137 
128 26 
129 53 
130 141 
131 15 
132 99 
133 17 
134 126 
135 118 
136 112 
137 102 
138 140 
139 77 
140 78 
141 20 
142 54 
143 130 
144 121 
145 80 
146 44 
147 25 
148 24 
149 139 
150 22 
151 20 
152 114 
153 24 
154 60 
155 30 
156 107 
157 136 
158 17 
159 124 
160 39 
161 149 
162 130 
163 129 
164 17 
165 107 
166 97 
167 119 
168 60 
169 88 
170 46 
171 128 
172 99 
173 90 
174 109 
175 70 
176 20 
177 143 
178 86 
179 35 
180 133 
181 98 
182 45 
183 97 
184 112 
185 95 
186 118 
187 70 
188 81 
189 126 
190 45 
191 111 
192 125 
193 26 
194 91 
195 132 
196 123 
197 39 
198 102 
199 33 
200 117 
201 138 
202 12 
203 66 
204 78 
205 111 
206 127 
207 89 
208 105 
209 63 
210 114 
211 89 
212 12 
213 10 
214 37 
215 115 
216 95 
217 145 
218 36 
219 27 
220 121 
221 71 
222 129 
223 97 
224 88 
225 70 
226 80 
227 62 
228 99 
229 32 
230 85 
231 67 
232 21 
233 88 
234 123 
235 90 
236 50 
237 100 
238 29 
239 145 
240 14 
241 133 
242 84 
243 16 
244 133 
245 112 
246 121 
247 79 
248 107 
249 147 
250 97 
251 79 
252 69 
253 76 
254 27 
255 147 
256 137 
257 98 
258 60 
259 87 
260 121 
261 136 
262 145 
263 132 
264 74 
265 118 
266 72 
267 114 
268 69 
269 91 
270 110 
271 74 
272 75 
273 45 
274 80 
275 58 
276 147 
277 51 
278 128 
279 105 
280 49 
281 75 
282 34 
283 108 
284 142 
285 52 
286 106 
287 130 
288 140 
289 17 
290 68 
291 111 
292 143 
293 63 
294 93 
295 67 
296 32 
297 16 
298 32 
299 92 
300 97 
301 132 
302 16 
303 22 
304 27 
305 86 
306 71 
307 25 
308 128 
309 50 
310 120 
311 27 
312 115 
313 145 
314 126 
315 108 
316 47 
317 83 
318 88 
319 38 
320 91 
321 147 
322 140 
323 84 
324 60 
325 84 
326 141 
327 82 
328 90 
329 23 
330 24 
331 38 
332 146 
333 30 
334 51 
335 24 
336 107 
337 113 
338 39 
339 85 
340 13 
341 149 
342 103 
343 119 
344 145 
345 80 
346 77 
347 43 
348 14 
349 16 
350 71 
351 95 
352 13 
353 62 
354 29 
355 63 
356 136 
357 21 
358 136 
359 76 
360 35 
361 10 
362 105 
363 31 
364 31 
365 146 
366 46 
367 128 
368 109 
369 75 
370 64 
371 112 
372 75 
373 18 
374 81 
375 70 
376 89 
377 149 
378 104 
379 94 
380 16 
381 26 
382 39 
383 19 
384 78 
385 59 
386 73 
387 64 
388 71 
389 60 
390 130 
391 96 
392 60 
393 85 
394 118 
395 82 
396 82 
397 14 
398 61 
399 41 
400 79 
401 115 
402 144 
403 145 
404 124 
405 76 
406 66 
407 63 
408 76 
409 20 
410 147 
411 82 
412 36 
413 37 
414 92 
415 104 
416 87 
417 15 
418 18 
419 148 
420 65 
421 139 
422 94 
423 116 
424 75 
425 63 
426 48 
427 148 
428 67 
429 100 
430 39 
431 137 
432 66 
433 34 
434 133 
435 40 
436 101 
437 49 
438 94 
439 27 
440 59 
441 92 
442 99 
443 86 
444 119 
445 41 
446 40 
447 56 
448 47 
449 49 
450 55 
451 102 
452 39 
453 139 
454 69 
455 104 
456 53 
457 108 
458 102 
459 110 
460 58 
461 132 
462 98 
463 114 
464 17 
465 81 
466 145 
467 108 
468 120 
469 89 
470 125 
471 30 
472 32 
473 74 
474 106 
475 141 
476 106 
477 137 
478 48 
479 143 
480 36 
481 94 
482 96 
483 65 
484 83 
485 15 
486 20 
487 126 
488 114 
489 113 
490 87 
491 22 
492 96 
493 36 
494 127 
495 103 
496 107 
497 122 
498 62 
499 78 
500 62 
501 37 
502 99 
503 84 
504 102 
505 55 
506 76 
507 58 
508 42 
509 115 
510 51 
511 69 
512 59 
513 138 
514 125 
515 133 
516 144 
517 136 
518 110 
519 108 
520 99 
521 47 
522 121 
523 46 
524 74 
525 99 
526 139 
527 31 
528 72 
529 52 
530 100 
531 124 
532 79 
533 49 
534 59 
535 31 
536 95 
537 125 
538 80 
539 128 
540 90 
541 122 
542 47 
543 140 
544 110 
545 23 
546 123 
547 105 
548 149 
549 83 
550 63 
551 99 
552 121 
553 35 
554 135 
555 45 
556 124 
557 125 
558 67 
559 46 
560 27 
561 17 
562 21 
563 97 
564 57 
565 70 
566 119 
567 142 
568 46 
569 49 
570 120 
571 127 
572 21 
573 18 
574 117 
575 122 
576 31 
577 90 
578 77 
579 31 
580 24 
581 131 
582 120 
583 135 
584 17 
585 106 
586 31 
587 131 
588 82 
589 88 
590 28 
591 99 
592 96 
593 40 
594 46 
595 143 
596 100 
597 15 
598 136 
599 136 
600 55 
601 107 
602 113 
603 67 
604 116 
605 81 
606 39 
607 138 
608 21 
609 107 
610 19 
611 35 
612 89 
613 130 
614 21 
615 96 
616 86 
617 42 
618 78 
619 18 
620 121 
621 96 
622 108 
623 67 
624 126 
625 145 
626 61 
627 77 
628 11 
629 47 
630 64 
631 56 
632 145 
633 28 
634 114 
635 111 
636 99 
637 144 
638 99 
639 111 
640 101 
641 109 
642 137 
643 40 
644 89 
645 148 
646 127 
647 26 
648 41 
649 55 
650 35 
651 12 
652 141 
653 133 
654 69 
655 118 
656 129 
657 121 
658 46 
659 130 
660 19 
661 100 
662 37 
663 14 
664 119 
665 141 
666 116 
667 68 
668 135 
669 66 
670 29 
671 87 
672 25 
673 17 
674 118 
675 105 
676 16 
677 95 
678 122 
679 47 
680 140 
681 147 
682 50 
683 132 
684 131 
685 110 
686 100 
687 110 
688 81 
689 137 
690 90 
691 90 
692 87 
693 118 
694 95 
695 56 
696 109 
697 61 
698 115 
699 95 
700 118 
701 135 
702 32 
703 133 
704 142 
705 140 
706 89 
707 148 
708 85 
709 61 
710 45 
711 75 
712 59 
713 86 
714 57 
715 40 
716 46 
717 148 
718 140 
719 117 
720 135 
721 81 
722 57 
723 73 
724 49 
725 142 
726 120 
727 148 
728 54 
729 86 
730 93 
731 22 
732 71 
733 116 
734 146 
735 63 
736 106 
737 86 
738 62 
739 42 
740 138 
741 98 
742 107 
743 47 
744 34 
745 15 
746 77 
747 70 
748 14 
749 67 
750 37 
751 140 
752 138 
753 85 
754 64 
755 38 
756 78 
757 35 
758 36 
759 122 
760 111 
761 120 
762 135 
763 32 
764 87 
765 131 
766 86 
767 43 
768 68 
769 138 
770 75 
771 56 
772 86 
773 33 
774 93 
775 110 
776 39 
777 20 
778 30 
779 44 
780 78 
781 58 
782 35 
783 67 
784 133 
785 89 
786 95 
787 61 
788 114 
789 122 
790 34 
791 75 
792 93 
793 19 
794 97 
795 30 
796 141 
797 33 
798 64 
799 59 
800 22 
801 129 
802 105 
803 98 
804 13 
805 48 
806 59 
807 43 
808 59 
809 79 
810 77 
811 128 
812 128 
813 102 
814 45 
815 111 
816 42 
817 131 
818 23 
819 146 
820 103 
821 47 
822 71 
823 47 
824 57 
825 19 
826 67 
827 48 
828 43 
829 121 
830 98 
831 56 
832 101 
833 53 
834 144 
835 104 
836 92 
837 53 
838 138 
839 142 
840 123 
841 65 
842 120 
843 101 
844 18 
845 16 
846 63 
847 50 
848 137 
849 76 
850 46 
851 91 
852 114 
853 108 
854 128 
855 21 
856 118 
857 45 
858 60 
859 12 
860 17 
861 148 
862 58 
863 108 
864 52 
865 53 
866 63 
867 134 
868 97 
869 51 
870 126 
871 71 
872 107 
873 97 
874 23 
875 115 
876 103 
877 76 
878 16 
879 90 
880 143 
881 53 
882 31 
883 107 
884 12 
885 10 
886 119 
887 120 
888 45 
889 29 
890 123 
891 52 
892 27 
893 31 
894 11 
895 69 
896 74 
897 64 
898 54 
899 22 
900 106 
901 30 
902 83 
903 63 
904 118 
905 96 
906 29 
907 71 
908 22 
909 36 
910 12 
911 15 
912 79 
913 33 
914 113 
915 81 
916 33 
917 82 
918 52 
919 69 
920 101 
921 25 
922 112 
923 119 
924 46 
925 114 
926 38 
927 111 
928 28 
929 82 
930 123 
931 125 
932 103 
933 56 
934 39 
935 72 
936 142 
937 59 
938 133 
939 15 
940 85 
941 135 
942 21 
943 14 
944 19 
945 124 
946 85 
947 43 
948 57 
949 127 
950 103 
951 148 
952 143 
953 65 
954 117 
955 39 
956 29 
957 146 
958 141 
959 48 
960 79 
961 115 
962 24 
963 33 
964 22 
965 53 
966 95 
967 14 
968 102 
969 78 
970 20 
971 37 
972 64 
973 31 
974 41 
975 73 
976 146 
977 117 
978 107 
979 53 
980 95 
981 60 
982 52 
983 88 
984 116 
985 20 
986 118 
987 135 
988 17 
989 110 
990 34 
991 86 
992 75 
993 48 
994 110 
995 87 
996 92 
997 55 
998 92 
999 44 
1000 124 
1001 103 
1002 72 
1003 39 
1004 124 
1005 103 
1006 102 
1007 121 
1008 71 
1009 60 
1010 24 
1011 17 
1012 110 
1013 67 
1014 96 
1015 76 
1016 77 
1017 65 
1018 62 
1019 85 
1020 25 
1021 86 
1022 21 
1023 91 
1024 125 
1025 122 
1026 29 
1027 67 
1028 27 
1029 112 
1030 101 
1031 142 
1032 65 
1033 23 
1034 31 
1035 40 
1036 117 
1037 124 
1038 11 
1039 39 
1040 34 
1041 26 
1042 47 
1043 134 
1044 83 
1045 133 
1046 61 
1047 11 
1048 48 
1049 113 
1050 86 
1051 64 
1052 50 
1053 98 
1054 146 
1055 26 
1056 70 
1057 25 
1058 83 
1059 88 
1060 127 
1061 35 
1062 81 
1063 43 
1064 49 
1065 102 
1066 73 
1067 17 
1068 76 
1069 74 
1070 47 
1071 101 
1072 90 
1073 84 
1074 86 
1075 24 
1076 67 
1077 137 
1078 25 
1079 106 
1080 101 
1081 102 
1082 21 
1083 142 
1084 51 
1085 17 
1086 18 
1087 112 
1088 32 
1089 92 
1090 51 
1091 10 
1092 117 
1093 122 
1094 43 
1095 17 
1096 74 
1097 106 
1098 24 
1099 141 
1100 31 
1101 62 
1102 92 
1103 111 
1104 136 
1105 28 
1106 126 
1107 54 
1108 15 
1109 142 
1110 10 
1111 107 
1112 94 
1113 22 
1114 99 
1115 136 
1116 29 
1117 108 
1118 99 
1119 52 
1120 50 
1121 140 
1122 53 
1123 17 
1124 112 
1125 86 
1126 25 
1127 36 
1128 43 
1129 40 
1130 27 
1131 64 
1132 92 
1133 110 
1134 26 
1135 78 
1136 128 
1137 142 
1138 122 
1139 134 
1140 134 
1141 123 
1142 91 
1143 79 
1144 136 
1145 41 
1146 66 
1147 15 
1148 139 
1149 15 
1150 57 
1151 39 
1152 145 
1153 101 
1154 47 
1155 107 
1156 37 
1157 62 
1158 134 
1159 71 
1160 92 
1161 12 
1162 126 
1163 34 
1164 112 
1165 142 
1166 103 
1167 91 
1168 135 
1169 76 
1170 75 
1171 120 
1172 50 
1173 17 
1174 50 
1175 36 
1176 48 
1177 106 
1178 42 
1179 38 
1180 112 
1181 90 
1182 67 
1183 107 
1184 41 
1185 105 
1186 65 
1187 68 
1188 18 
1189 50 
1190 130 
1191 101 
1192 53 
1193 106 
1194 126 
1195 16 
1196 99 
1197 79 
1198 97 
1199 84 
1200 146 
1201 23 
1202 55 
1203 46 
1204 30 
1205 95 
1206 73 
1207 69 
1208 52 
1209 105 
1210 97 
1211 14 
1212 45 
1213 15 
1214 111 
1215 76 
1216 111 
1217 27 
1218 135 
1219 119 
1220 67 
1221 116 
1222 70 
1223 110 
1224 72 
1225 46 
1226 117 
1227 21 
1228 116 
1229 64 
1230 96 
1231 113 
1232 77 
1233 142 
1234 149 
1235 98 
1236 87 
1237 73 
1238 18 
1239 129 
1240 28 
1241 105 
1242 134 
1243 64 
1244 111 
1245 96 
1246 131 
1247 73 
1248 113 
1249 117 
1250 43 
1251 31 
1252 83 
1253 103 
1254 132 
1255 145 
1256 140 
1257 99 
1258 17 
1259 107 
1260 13 
1261 104 
1262 70 
1263 81 
1264 96 
1265 70 
1266 29 
1267 34 
1268 133 
1269 38 
1270 14 
1271 12 
1272 133 
1273 138 
1274 66 
1275 95 
1276 84 
1277 48 
1278 19 
1279 48 
1280 15 
1281 52 
1282 69 
1283 88 
1284 146 
1285 51 
1286 84 
1287 136 
1288 141 
1289 92 
1290 94 
1291 144 
1292 47 
1293 15 
1294 76 
1295 134 
1296 75 
1297 96 
1298 18 
1299 59 
1300 124 
1301 22 
1302 61 
1303 108 
1304 10 
1305 118 
1306 54 
1307 85 
1308 17 
1309 63 
1310 123 
1311 22 
1312 105 
1313 42 
1314 101 
1315 101 
1316 84 
1317 35 
1318 88 
1319 75 
1320 118 
1321 33 
1322 70 
1323 15 
1324 38 
1325 137 
1326 139 
1327 104 
1328 83 
1329 147 
1330 13 
1331 57 
1332 20 
1333 65 
1334 16 
1335 21 
1336 34 
1337 60 
1338 96 
1339 41 
1340 113 
1341 70 
1342 53 
1343 69 
1344 102 
1345 144 
1346 20 
1347 37 
1348 30 
1349 99 
1350 103 
1351 138 
1352 122 
1353 23 
1354 144 
1355 10 
1356 10 
1357 133 
1358 104 
1359 84 
1360 131 
1361 107 
1362 132 
1363 142 
1364 23 
1365 138 
1366 13 
1367 47 
1368 49 
1369 100 
1370 78 
1371 13 
1372 20 
1373 122 
1374 72 
1375 113 
1376 117 
1377 83 
1378 141 
1379 137 
1380 32 
1381 94 
1382 126 
1383 144 
1384 108 
1385 120 
1386 144 
1387 108 
1388 104 
1389 99 
1390 43 
1391 85 
1392 57 
1393 25 
1394 78 
1395 70 
1396 13 
1397 81 
1398 107 
1399 53 
1400 32 
1401 36 
1402 56 
1403 43 
1404 148 
1405 118 
1406 146 
1407 116 
1408 51 
1409 137 
1410 103 
1411 74 
1412 82 
1413 79 
1414 68 
1415 40 
1416 50 
1417 63 
1418 138 
1419 144 
1420 13 
1421 32 
1422 80 
1423 60 
1424 47 
1425 148 
1426 120 
1427 51 
1428 80 
1429 78 
1430 94 
1431 102 
1432 105 
1433 140 
1434 135 
1435 104 
1436 109 
1437 132 
1438 70 
1439 11 
1440 120 
1441 24 
1442 75 
1443 52 
1444 93 
1445 134 
1446 83 
1447 134 
1448 48 
1449 72 
1450 128 
1451 51 
1452 94 
1453 58 
1454 101 
1455 131 
1456 57 
1457 72 
1458 32 
1459 127 
1460 141 
1461 116 
1462 80 
1463 96 
1464 107 
1465 66 
1466 50 
1467 67 
1468 49 
1469 111 
1470 68 
1471 19 
1472 125 
1473 134 
1474 62 
1475 69 
1476 119 
1477 135 
1478 53 
1479 17 
1480 57 
1481 32 
1482 58 
1483 141 
1484 81 
1485 10 
1486 123 
1487 128 
1488 72 
1489 145 
1490 106 
1491 64 
1492 112 
1493 37 
1494 10 
1495 70 
1496 93 
1497 51 
1498 127 
1499 132 
1500 12 
1 1423 0
1 222 0
1 401 0
222 337 0
222 1464 0
222 1099 0
1423 759 0
1423 494 0
222 134 0
759 427 0
759 248 0
1 1444 0
222 669 0
759 694 0
337 664 0
759 812 0
1099 491 0
248 1069 0
427 918 0
491 260 0
248 756 0
918 1369 0
1 227 0
1464 495 0
1464 55 0
664 28 0
1464 942 0
28 548 0
222 820 0
495 555 0
1 477 0
548 585 0
260 904 0
401 370 0
494 94 0
694 1222 0
260 493 0
548 867 0
1069 26 0
1222 1067 0
222 799 0
555 372 0
759 1075 0
28 1498 0
1444 676 0
820 433 0
1222 834 0
585 644 0
134 1181 0
370 617 0
1075 176 0
669 654 0
227 29 0
222 1368 0
1423 1403 0
493 129 0
548 614 0
918 1016 0
134 1396 0
614 657 0
55 906 0
676 319 0
1444 643 0
799 564 0
812 514 0
29 198 0
477 111 0
26 1339 0
1099 1468 0
657 189 0
372 796 0
664 171 0
189 802 0
657 205 0
26 1142 0
1498 1371 0
585 500 0
694 900 0
319 1203 0
1423 83 0
812 1195 0
664 967 0
1142 1109 0
176 21 0
370 703 0
1444 22 0
337 516 0
248 49 0
1195 1350 0
664 1438 0
1339 1092 0
867 265 0
248 847 0
1371 1296 0
372 1188 0
265 915 0
514 244 0
585 849 0
847 1330 0
906 517 0
1498 1070 0
867 697 0
669 723 0
1368 77 0
1181 988 0
29 323 0
176 1293 0
1498 845 0
614 333 0
614 1358 0
134 705 0
1468 1400 0
1371 1333 0
372 881 0
723 1378 0
1 1484 0
49 535 0
1330 1227 0
323 531 0
1400 521 0
427 624 0
802 791 0
433 38 0
1369 1250 0
585 974 0
1358 480 0
942 704 0
664 1228 0
657 679 0
1339 524 0
643 730 0
915 341 0
624 805 0
1069 1124 0
524 106 0
28 87 0
796 1101 0
516 1237 0
1378 1112 0
1333 136 0
802 953 0
643 1005 0
555 770 0
1438 930 0
494 224 0
134 746 0
1070 1087 0
535 1454 0
614 1262 0
514 490 0
1423 862 0
564 728 0
111 84 0
1339 378 0
106 355 0
1016 542 0
490 1110 0
1369 238 0
319 1042 0
87 609 0
490 1243 0
1 854 0
1227 1073 0
799 163 0
521 925 0
1203 997 0
1368 1211 0
834 1035 0
854 976 0
134 1128 0
976 579 0
372 1274 0
1498 1381 0
227 1463 0
820 1321 0
1069 146 0
854 148 0
341 1327 0
854 2 0
1237 857 0
1250 343 0
796 32 0
555 897 0
746 182 0
1371 1126 0
32 538 0
1368 309 0
1339 724 0
535 660 0
867 1041 0
1296 409 0
1274 1471 0
1195 850 0
664 438 0
480 1116 0
409 448 0
1369 1493 0
171 367 0
248 218 0
1109 615 0
337 1425 0
148 407 0
1228 324 0
1321 342 0
84 90 0
248 325 0
900 1340 0
1112 1037 0
480 971 0
548 1497 0
704 156 0
704 928 0
988 1248 0
1 717 0
820 540 0
1099 204 0
148 1169 0
697 589 0
370 430 0
238 1167 0
49 1335 0
94 1001 0
163 1461 0
524 1305 0
730 920 0
1101 247 0
660 274 0
1340 432 0
799 1162 0
90 1299 0
1371 1174 0
1358 1435 0
850 1201 0
770 1260 0
198 426 0
928 1323 0
942 1365 0
1358 1079 0
717 68 0
644 1451 0
1126 1028 0
163 773 0
759 748 0
1174 269 0
1250 1064 0
524 1057 0
660 13 0
1057 762 0
1365 766 0
490 300 0
1323 637 0
1435 80 0
224 1385 0
1435 598 0
1400 154 0
1057 273 0
1451 809 0
1248 1422 0
643 973 0
433 935 0
163 884 0
355 501 0
660 735 0
222 841 0
1368 760 0
748 190 0
585 1311 0
614 863 0
643 166 0
644 838 0
1468 183 0
748 241 0
1169 1318 0
1498 54 0
953 423 0
430 180 0
664 481 0
728 954 0
54 686 0
1228 235 0
1181 463 0
915 365 0
319 683 0
365 558 0
1493 1302 0
26 1156 0
847 48 0
372 151 0
1335 376 0
644 345 0
660 1165 0
974 860 0
723 1182 0
770 413 0
238 1146 0
1110 861 0
244 1056 0
401 1486 0
524 16 0
401 161 0
614 181 0
55 619 0
129 278 0
850 1145 0
163 964 0
802 234 0
426 801 0
954 1213 0
615 474 0
930 1478 0
1293 1189 0
463 806 0
1318 1090 0
796 375 0
1165 285 0
953 143 0
791 632 0
1425 1218 0
748 326 0
1128 362 0
28 1405 0
609 1003 0
770 1375 0
285 115 0
935 522 0
265 1200 0
930 225 0
183 1212 0
94 71 0
971 46 0
849 100 0
654 1447 0
342 926 0
49 446 0
1369 933 0
1299 1450 0
850 219 0
1 27 0
615 1135 0
1067 464 0
1005 469 0
309 999 0
324 443 0
319 813 0
862 946 0
154 856 0
806 1036 0
1262 599 0
1451 1194 0
375 874 0
1381 675 0
326 1421 0
241 1044 0
585 1226 0
1090 243 0
241 352 0
430 1219 0
657 1229 0
300 402 0
225 162 0
906 745 0
1218 1149 0
218 1346 0
717 1198 0
222 1217 0
1423 571 0
548 1034 0
1497 965 0
619 755 0
1195 1428 0
115 1306 0
1464 1136 0
1333 210 0
501 9 0
615 695 0
1403 795 0
1070 35 0
1182 923 0
679 415 0
495 391 0
1200 78 0
1375 1049 0
9 475 0
619 1373 0
370 14 0
1493 1080 0
14 1283 0
1327 1479 0
180 186 0
624 1137 0
964 510 0
210 61 0
409 814 0
813 919 0
1067 1040 0
189 1256 0
401 33 0
1219 1091 0
857 1253 0
143 1153 0
235 336 0
90 1391 0
446 1389 0
222 1364 0
129 349 0
1003 1012 0
285 822 0
1091 292 0
367 932 0
26 1411 0
522 301 0
274 875 0
974 1304 0
225 1094 0
1396 1377 0
1250 1107 0
1428 880 0
432 784 0
1212 600 0
1333 1002 0
571 72 0
1229 700 0
813 894 0
1283 328 0
376 1130 0
415 1436 0
624 479 0
521 633 0
1373 82 0
1454 1214 0
558 692 0
475 591 0
1493 1160 0
531 262 0
1214 583 0
205 1276 0
1311 1462 0
1305 458 0
210 456 0
1003 569 0
850 1294 0
1099 769 0
477 314 0
136 1025 0
163 1263 0
1464 1367 0
1101 952 0
884 808 0
84 1440 0
1464 1197 0
897 194 0
1350 23 0
847 747 0
342 64 0
643 1050 0
183 607 0
755 1086 0
136 1065 0
1094 650 0
1137 289 0
730 899 0
1005 618 0
243 927 0
1211 116 0
874 387 0
325 170 0
973 666 0
703 788 0
997 656 0
14 513 0
14 1273 0
1222 649 0
669 396 0
773 960 0
401 1187 0
517 302 0
333 534 0
894 1020 0
367 257 0
176 175 0
16 1437 0
609 184 0
1296 527 0
1050 562 0
802 778 0
495 986 0
1350 131 0
1182 1216 0
300 118 0
802 1018 0
426 1303 0
1253 715 0
262 709 0
599 1255 0
513 819 0
1435 580 0
32 1284 0
795 565 0
238 701 0
614 472 0
1435 167 0
1001 1029 0
1087 47 0
262 803 0
1195 15 0
163 638 0
1041 141 0
148 259 0
633 57 0
558 790 0
1025 1448 0
409 236 0
328 130 0
1411 1324 0
1436 1432 0
326 291 0
372 63 0
1216 371 0
129 794 0
1296 266 0
479 499 0
1187 196 0
27 1022 0
1451 482 0
997 19 0
862 1362 0
227 646 0
920 851 0
600 223 0
1444 606 0
500 1380 0
131 1499 0
695 835 0
1003 1033 0
1229 1236 0
676 478 0
238 961 0
1136 908 0
1112 987 0
426 1309 0
265 1399 0
1094 209 0
1497 187 0
1181 1210 0
1162 1434 0
456 1345 0
1304 691 0
583 442 0
1405 382 0
728 1490 0
697 346 0
1377 1063 0
367 425 0
426 587 0
926 815 0
333 1370 0
1200 910 0
1490 921 0
49 1397 0
1350 547 0
333 963 0
1109 1078 0
1479 885 0
1260 1278 0
438 1342 0
278 498 0
585 1245 0
759 390 0
1002 410 0
260 318 0
579 1013 0
564 825 0
1400 96 0
819 331 0
77 25 0
908 351 0
318 79 0
1041 629 0
812 689 0
815 344 0
154 949 0
19 1043 0
650 842 0
835 485 0
1037 871 0
259 603 0
845 898 0
1405 350 0
617 377 0
262 245 0
1422 1489 0
1049 1121 0
808 887 0
514 713 0
1214 65 0
1296 1193 0
27 59 0
1040 1395 0
898 1176 0
606 306 0
632 680 0
1176 642 0
1025 489 0
1016 740 0
629 1048 0
129 354 0
1213 661 0
472 239 0
583 1353 0
585 394 0
401 191 0
1428 1344 0
976 1143 0
318 231 0
266 1398 0
965 334 0
1421 1011 0
129 275 0
22 1232 0
1109 88 0
669 202 0
234 466 0
642 280 0
580 601 0
1110 1140 0
1203 1191 0
26 641 0
499 298 0
222 1060 0
35 741 0
1198 174 0
930 132 0
1029 1111 0
1165 811 0
1405 1401 0
756 457 0
482 1062 0
493 685 0
908 737 0
964 85 0
194 1328 0
274 939 0
1169 1141 0
796 295 0
191 608 0
974 451 0
898 1452 0
458 877 0
1437 119 0
1377 213 0
534 572 0
15 476 0
524 708 0
1174 39 0
194 1374 0
265 1100 0
48 420 0
333 1032 0
1440 1420 0
1203 532 0
572 981 0
988 752 0
1216 1081 0
1091 403 0
1452 1084 0
778 593 0
239 1147 0
857 1289 0
432 520 0
988 990 0
234 250 0
151 743 0
1236 1496 0
747 397 0
898 1441 0
1142 848 0
205 1270 0
1448 699 0
205 293 0
1305 1172 0
349 50 0
1399 418 0
1080 56 0
1130 742 0
396 995 0
608 123 0
1403 303 0
477 907 0
1084 1469 0
1057 1500 0
352 381 0
184 507 0
130 1010 0
71 687 0
963 1159 0
213 327 0
642 1114 0
1062 348 0
910 1030 0
1079 891 0
1461 228 0
1440 321 0
650 549 0
1116 496 0
48 506 0
115 734 0
802 127 0
186 671 0
591 1119 0
819 1392 0
1489 502 0
603 551 0
884 1066 0
847 1014 0
367 1459 0
656 470 0
1399 1482 0
470 903 0
734 1357 0
227 307 0
1100 386 0
432 996 0
1273 1150 0
601 206 0
877 437 0
580 1023 0
1005 395 0
1478 436 0
32 431 0
1380 408 0
1369 297 0
847 605 0
701 98 0
930 511 0
861 177 0
1075 1206 0
835 288 0
1064 764 0
857 905 0
396 107 0
963 951 0
939 725 0
1232 1356 0
14 66 0
1111 188 0
1086 1134 0
649 560 0
701 1343 0
119 651 0
511 1427 0
796 1319 0
1294 944 0
1090 922 0
1454 1088 0
1350 625 0
489 1449 0
38 497 0
174 817 0
436 263 0
564 602 0
607 518 0
851 173 0
1450 1257 0
784 229 0
1463 1166 0
1263 893 0
1276 126 0
1358 886 0
189 830 0
1284 155 0
1101 1004 0
111 732 0
49 793 0
735 818 0
928 1314 0
907 634 0
915 422 0
21 1310 0
177 1192 0
418 1125 0
930 330 0
1479 543 0
1018 461 0
344 1414 0
155 279 0
431 1394 0
1100 1076 0
1040 677 0
107 853 0
918 153 0
928 648 0
189 878 0
61 994 0
602 313 0
1270 804 0
1216 831 0
1435 81 0
1111 647 0
680 1347 0
1448 1287 0
107 399 0
903 533 0
1273 1008 0
1013 368 0
448 1031 0
1193 357 0
1022 576 0
605 102 0
756 1082 0
960 1155 0
390 140 0
1134 1233 0
154 492 0
1356 1071 0
90 810 0
1100 124 0
1070 1224 0
886 487 0
21 445 0
448 237 0
326 1132 0
734 1475 0
593 1209 0
728 567 0
1022 902 0
1121 800 0
368 772 0
54 195 0
1182 1000 0
1146 771 0
1084 110 0
708 1199 0
903 486 0
1499 645 0
143 1485 0
501 767 0
903 1095 0
848 444 0
648 826 0
1130 383 0
1141 150 0
155 1183 0
436 164 0
227 1325 0
880 253 0
348 673 0
618 1457 0
309 738 0
151 561 0
362 1068 0
298 450 0
1377 388 0
905 1046 0
432 525 0
762 1239 0
446 1386 0
1423 199 0
50 557 0
302 528 0
205 1104 0
1327 1265 0
861 977 0
64 1433 0
953 552 0
755 1334 0
141 761 0
407 1413 0
752 1052 0
1375 1415 0
878 419 0
321 192 0
641 509 0
1499 1295 0
245 105 0
861 1133 0
309 1297 0
887 913 0
841 1445 0
1358 290 0
643 943 0
1464 733 0
811 1312 0
877 1251 0
181 1352 0
1086 157 0
56 201 0
709 1108 0
531 104 0
494 797 0
1146 214 0
790 938 0
647 1246 0
1296 121 0
822 142 0
1121 320 0
549 405 0
1211 901 0
810 556 0
214 152 0
942 604 0
747 639 0
1427 37 0
190 578 0
90 1230 0
549 610 0
1489 1331 0
915 945 0
691 982 0
699 1097 0
1364 765 0
1033 138 0
796 864 0
1496 1359 0
457 428 0
1169 1266 0
1169 434 0
778 43 0
511 684 0
94 18 0
531 722 0
1309 455 0
355 1426 0
801 447 0
767 807 0
830 1285 0
747 242 0
1309 1208 0
857 185 0
1432 889 0
834 453 0
25 882 0
1284 86 0
933 630 0
982 1089 0
464 1418 0
1425 1315 0
110 782 0
1048 721 0
1087 311 0
558 1196 0
1068 663 0
14 1329 0
464 338 0
229 1308 0
788 1074 0
250 1338 0
770 137 0
766 284 0
1490 869 0
552 678 0
115 821 0
525 128 0
986 299 0
692 1144 0
847 1207 0
641 3 0
482 667 0
513 896 0
1141 165 0
994 92 0
238 985 0
838 1429 0
944 294 0
81 979 0
922 1267 0
1486 1261 0
1485 112 0
999 1301 0
395 1282 0
372 855 0
691 786 0
772 566 0
1134 1317 0
1369 233 0
1060 1247 0
1121 586 0
923 879 0
1250 1407 0
328 1241 0
499 114 0
1172 1307 0
446 1286 0
644 360 0
722 414 0
1255 505 0
85 36 0
250 993 0
148 940 0
767 627 0
290 843 0
29 254 0
181 824 0
475 220 0
354 416 0
1373 74 0
493 584 0
1286 890 0
737 1332 0
802 519 0
1485 1234 0
910 1404 0
1141 120 0
824 1410 0
1500 1244 0
28 287 0
1447 41 0
1142 1058 0
482 1443 0
198 757 0
1302 972 0
954 158 0
1309 623 0
734 1387 0
161 1173 0
1166 688 0
1421 711 0
741 1180 0
963 1326 0
772 117 0
1086 837 0
645 374 0
721 947 0
894 211 0
1346 230 0
485 304 0
667 1402 0
1286 1288 0
705 1017 0
403 568 0
569 1235 0
815 364 0
1206 76 0
153 563 0
831 271 0
482 103 0
1160 916 0
103 616 0
274 1279 0
357 840 0
889 1268 0
1167 1465 0
407 924 0
1189 139 0
1265 1131 0
905 1098 0
1149 113 0
555 1390 0
1130 1117 0
443 846 0
61 659 0
880 356 0
1035 179 0
87 539 0
1046 1059 0
1244 315 0
1311 1430 0
1278 1453 0
1044 369 0
313 1115 0
902 203 0
1462 992 0
1343 655 0
367 1472 0
637 226 0
1213 462 0
1136 1473 0
82 969 0
1350 696 0
869 780 0
788 363 0
1328 1495 0
1099 1015 0
1262 147 0
1279 380 0
961 931 0
9 1190 0
311 24 0
1049 1163 0
1327 729 0
88 1220 0
589 948 0
378 1103 0
513 833 0
1454 1361 0
524 240 0
2 435 0
376 1360 0
185 168 0
910 339 0
1003 7 0
88 264 0
757 1106 0
173 1009 0
382 1051 0
1207 1151 0
874 750 0
401 958 0
1134 1252 0
1449 329 0
1095 1298 0
591 1467 0
1043 829 0
845 917 0
171 1483 0
274 144 0
907 712 0
1099 217 0
773 277 0
18 283 0
741 883 0
104 950 0
1334 707 0
1137 449 0
166 17 0
474 545 0
137 258 0
840 662 0
965 1254 0
388 465 0
470 1027 0
1457 101 0
645 1376 0
138 674 0
482 575 0
830 779 0
1283 620 0
1465 998 0
522 613 0
420 1269 0
1219 1439 0
740 984 0
306 739 0
334 316 0
1078 588 0
345 51 0
1189 6 0
64 8 0
1312 1120 0
258 89 0
566 888 0
1218 866 0
1274 75 0
1034 1351 0
382 783 0
883 553 0
1133 1225 0
1483 512 0
545 1138 0
1327 955 0
1418 145 0
1159 406 0
1216 865 0
1250 550 0
766 970 0
236 1105 0
1295 1313 0
1478 312 0
147 441 0
336 929 0
825 109 0
68 816 0
1207 429 0
1141 653 0
677 1238 0
234 570 0
136 991 0
699 597 0
1326 1470 0
419 31 0
864 1047 0
538 1419 0
696 1355 0
794 276 0
260 385 0
1182 672 0
1250 149 0
610 1406 0
288 1366 0
388 99 0
26 460 0
1196 366 0
757 122 0
800 1455 0
1195 1045 0
1261 268 0
1319 781 0
1086 172 0
1020 1458 0
289 1148 0
511 754 0
283 758 0
1400 1152 0
1310 640 0
477 1349 0
820 20 0
262 636 0
273 1384 0
68 393 0
316 1072 0
1214 1379 0
953 1363 0
201 1102 0
119 1231 0
1253 909 0
1441 281 0
418 384 0
140 710 0
1323 1006 0
650 668 0
561 852 0
469 1417 0
54 536 0
946 1215 0
1284 67 0
164 508 0
710 232 0
1208 208 0
14 1264 0
1472 596 0
463 763 0
431 581 0
739 839 0
921 1055 0
431 1186 0
700 1139 0
1056 1158 0
952 914 0
862 178 0
329 483 0
833 160 0
1136 989 0
819 503 0
1343 193 0
747 559 0
747 467 0
1439 255 0
118 308 0
1165 310 0
20 775 0
1239 1007 0
1073 912 0
1238 267 0
701 1154 0
897 1474 0
107 1127 0
1483 1412 0
998 359 0
1102 1442 0
248 1205 0
1007 95 0
653 1157 0
479 261 0
1196 379 0
920 720 0
1324 611 0
370 133 0
1443 1221 0
644 1292 0
904 1171 0
132 1488 0
183 1466 0
420 30 0
1386 1281 0
1347 1337 0
76 962 0
1195 957 0
1270 1354 0
1188 1446 0
1442 60 0
222 541 0
238 785 0
754 212 0
962 1456 0
976 941 0
325 966 0
1132 1061 0
477 544 0
1401 1161 0
110 1291 0
472 373 0
1282 1491 0
481 652 0
712 1038 0
951 1019 0
228 468 0
1189 776 0
461 40 0
155 389 0
218 731 0
576 1240 0
396 58 0
405 1077 0
885 1477 0
791 1129 0
880 286 0
1357 582 0
581 698 0
184 681 0
1195 504 0
738 296 0
907 844 0
1198 454 0
244 870 0
1282 1481 0
831 73 0
1014 471 0
1095 577 0
527 1202 0
1245 523 0
540 1336 0
1127 554 0
958 169 0
608 246 0
43 221 0
1037 1093 0
540 798 0
522 249 0
264 749 0
328 895 0
436 546 0
1127 207 0
1231 1026 0
1197 827 0
1297 439 0
36 836 0
496 983 0
437 1164 0
543 876 0
126 934 0
677 216 0
450 1242 0
498 361 0
190 44 0
954 488 0
917 1277 0
661 968 0
955 529 0
960 34 0
1334 4 0
471 937 0
1439 726 0
531 400 0
672 635 0
79 1272 0
296 5 0
154 251 0
659 1409 0
1147 1431 0
1355 358 0
699 200 0
298 1185 0
174 1494 0
458 1021 0
1066 317 0
51 682 0
709 322 0
694 975 0
517 1393 0
1327 1487 0
618 1382 0
1482 631 0
1429 1175 0
367 473 0
814 858 0
308 108 0
1317 719 0
230 1168 0
1144 11 0
222 332 0
643 670 0
1332 1383 0
903 1341 0
1045 978 0
528 398 0
1112 1223 0
679 459 0
418 1424 0
1240 125 0
1464 590 0
1331 787 0
227 45 0
510 91 0
602 1177 0
1238 530 0
48 1300 0
1434 1054 0
1304 404 0
782 353 0
1459 868 0
1169 69 0
1306 270 0
999 959 0
171 622 0
1278 411 0
318 1039 0
1431 980 0
740 892 0
838 777 0
1375 1290 0
1427 1122 0
1477 93 0
1362 792 0
1458 305 0
908 515 0
819 52 0
459 412 0
950 1184 0
987 702 0
351 537 0
962 272 0
1363 1170 0
946 736 0
1243 1408 0
391 621 0
250 956 0
883 1024 0
924 1118 0
943 628 0
161 1322 0
635 197 0
1314 335 0
501 789 0
1169 753 0
598 1085 0
57 872 0
187 594 0
400 1178 0
734 693 0
847 1476 0
96 574 0
810 714 0
635 744 0
580 1204 0
966 626 0
140 484 0
146 256 0
750 417 0
295 440 0
1171 1280 0
907 1348 0
1173 135 0
685 612 0
891 665 0
623 526 0
1387 716 0
730 1460 0
784 1096 0
767 1320 0
1239 1492 0
463 706 0
769 690 0
186 1416 0
1331 53 0
574 424 0
472 1123 0
969 1275 0
513 282 0
158 252 0
1211 832 0
19 347 0
395 1053 0
524 392 0
496 340 0
1232 421 0
218 452 0
933 215 0
332 42 0
560 1480 0
285 873 0
22 751 0
412 1249 0
121 573 0
1178 1271 0
524 592 0
1017 12 0
1242 768 0
876 1258 0
53 10 0
233 828 0
743 1179 0
1222 70 0
874 62 0
166 859 0
126 727 0
243 97 0
1322 823 0
442 1316 0
671 1113 0
40 718 0
174 1388 0
260 658 0
739 774 0
960 1083 0
1294 1372 0
1305 936 0
1313 1259 0
119 911 0
615 159 0
739 595 0
169 95 0
1497 542 0
716 283 0
1476 1388 0
657 447 0
1159 256 0
1094 701 0
1226 884 0
1451 455 0
945 931 0
724 326 0
899 592 0
1470 733 0
745 298 0
1242 882 0
1273 46 0
601 265 0
90 40 0
1021 62 0
1014 177 0
1487 75 0
1175 392 0
683 59 0
1304 603 0
1332 762 0
1201 1181 0
1313 116 0
1441 446 0
761 504 0
1083 690 0
1136 947 0
780 18 0
1078 647 0
1343 197 0
732 449 0
1262 922 0
945 851 0
1316 764 0
919 799 0
864 737 0
612 144 0
1170 314 0
1247 361 0
533 3 0
1386 1270 0
920 247 0
1379 870 0
177 49 0
924 517 0
832 288 0
1029 316 0
901 669 0
1439 840 0
1234 925 0
511 46 0
1263 26 0
846 227 0
1408 820 0
1191 571 0
1137 1041 0
951 496 0
677 149 0
1378 1371 0
1437 956 0
92 1 0
429 426 0
1186 917 0
950 202 0
1384 859 0
1500 1349 0
1284 266 0
195 100 0
1170 216 0
975 626 0
567 169 0
1019 759 0
1340 692 0
1491 351 0
1034 834 0
631 161 0
814 548 0
1458 1305 0
1100 149 0
695 3 0
1183 293 0
1212 681 0
1441 68 0
1454 161 0
1096 129 0
1115 69 0
1075 382 0
1450 1238 0
1304 24 0
897 188 0
1385 395 0
1307 205 0
994 438 0
1036 611 0
598 296 0
808 67 0
1036 530 0
1416 431 0
831 85 0
435 373 0
839 456 0
1005 681 0
1108 561 0
498 195 0
991 119 0
213 35 0
803 559 0
1282 415 0
1474 252 0
1361 1094 0
1458 14 0
1149 122 0
1035 344 0
1396 386 0
1087 217 0
138 9 0
969 553 0
290 171 0
1457 374 0
622 177 0
942 662 0
1337 1113 0
1447 291 0
1369 810 0
781 638 0
446 316 0
524 482 0
1297 877 0
1484 1031 0
982 411 0
1368 711 0
810 125 0
1405 308 0
921 248 0
950 599 0
839 63 0
945 298 0
1244 248 0
307 196 0
902 183 0
1072 250 0
1489 1219 0
1460 465 0
1489 1260 0
1384 478 0
1030 437 0
1496 146 0
776 651 0
1070 282 0
1452 427 0
994 743 0
1425 820 0
1283 61 0
911 587 0
1286 763 0
56 41 0
1014 710 0
1389 128 0
1298 1081 0
990 547 0
801 88 0
1143 308 0
1279 30 0
602 486 0
1467 911 0
535 30 0
1032 582 0
891 445 0
1353 1177 0
1077 55 0
1267 896 0
854 232 0
1061 586 0
1219 475 0
834 569 0
889 69 0
543 246 0
826 14 0
1180 9 0
1199 954 0
733 657 0
358 57 0
1104 130 0
1477 808 0
979 28 0
788 225 0
1478 856 0
1409 469 0
545 442 0
1272 1260 0
845 298 0
968 774 0
821 302 0
311 79 0
1140 515 0
758 604 0
618 280 0
336 111 0
1170 80 0
1487 1382 0
1127 1075 0
850 381 0
831 255 0
381 205 0
1486 53 0
1177 444 0
967 22 0
500 483 0
1437 884 0
271 150 0
1299 911 0
593 444 0
448 383 0
809 464 0
531 507 0
1076 547 0
1129 369 0
465 89 0
944 634 0
1253 1002 0
1354 1203 0
1267 38 0
507 117 0
507 107 0
1304 496 0
1247 835 0
912 130 0
1443 89 0
1291 1109 0
1482 1414 0
1429 861 0
829 560 0
818 345 0
694 226 0
912 658 0
790 692 0
1366 386 0
1329 87 0
935 598 0
1296 640 0
1356 343 0
558 76 0
1425 693 0
1428 285 0
982 730 0
248 177 0
972 636 0
1496 589 0
527 4 0
1355 310 0
1248 584 0
1453 456 0
1090 644 0
1347 146 0
341 130 0
798 593 0
1057 755 0
973 483 0
683 621 0
731 198 0
945 633 0
508 301 0
1105 355 0
1249 1246 0
860 77 0
1432 1146 0
1478 878 0
594 347 0
1251 924 0
899 466 0
1425 1170 0
1074 99 0
1058 37 0
1346 402 0
969 965 0
1443 528 0
1368 1140 0
1372 1363 0
1438 1080 0
1466 498 0
1212 151 0
1173 123 0
1417 929 0
636 573 0
968 636 0
1457 1281 0
1020 1003 0
1433 824 0
905 777 0
1228 343 0
580 419 0
1308 1136 0
1328 1245 0
1248 63 0
1011 473 0
502 401 0
1165 419 0
978 181 0
778 55 0
819 709 0
1328 316 0
621 26 0
1350 820 0
794 250 0
1482 187 0
715 518 0
679 305 0
1348 436 0
379 328 0
528 94 0
1309 1099 0
1269 1091 0
1286 31 0
1213 827 0
1420 139 0
582 228 0
1160 195 0
898 99 0
376 70 0
1471 434 0
248 82 0
691 252 0
1274 1186 0
1351 917 0
1426 248 0
628 622 0
1441 1050 0
1067 567 0
1162 413 0
656 549 0
1345 539 0
928 785 0
903 311 0
1175 597 0
1221 651 0
871 839 0
1375 942 0
1397 306 0
570 274 0
1426 1160 0
1493 417 0
1428 263 0
1181 606 0
1277 333 0
1122 739 0
1077 169 0
1403 387 0
594 283 0
1401 1126 0
1452 712 0
515 200 0
1423 553 0
578 561 0
1374 954 0
1265 265 0
341 50 0
179 46 0
1194 667 0
1120 360 0
1175 1027 0
1362 940 0
901 462 0
1497 1258 0
648 191 0
1480 1133 0
1217 1141 0
1085 1017 0
1353 1123 0
1087 817 0
1226 180 0
1271 458 0
1077 427 0
1136 157 0
871 591 0
734 372 0
546 53 0
1385 46 0
505 494 0
806 502 0
1277 174 0
336 101 0
956 627 0
1185 297 0
669 8 0
743 163 0
867 693 0
750 341 0
764 182 0
1475 1288 0
1347 1128 0
1500 1146 0
1335 323 0
613 476 0
1398 957 0
1483 1172 0
563 41 0
1089 725 0
1062 412 0
1465 1144 0
342 175 0
615 540 0
1229 1095 0
1130 154 0
1291 995 0
137 15 0
1347 354 0
1401 1377 0
1391 892 0
1438 1013 0
603 29 0
1146 1088 0
1477 279 0
1130 315 0
683 573 0
614 198 0
1352 203 0
1104 257 0
969 235 0
399 160 0
1070 197 0
709 428 0
1457 335 0
822 22 0
937 583 0
1351 1223 0
790 498 0
1093 137 0
873 270 0
1323 890 0
1044 644 0
937 597 0
1459 638 0
592 301 0
1467 1190 0
1243 712 0
607 526 0
1310 655 0
1122 461 0
230 151 0
1239 2 0
1273 784 0
1169 733 0
1210 464 0
804 386 0
1354 400 0
1356 1124 0
471 454 0
895 55 0
726 434 0
617 433 0
1394 687 0
1015 8 0
502 355 0
606 315 0
1381 199 0
1441 1290 0
995 883 0
922 78 0
767 595 0
700 698 0
1392 979 0
1211 293 0
607 306 0
194 56 0
1170 264 0
1383 695 0
637 498 0
913 493 0
960 39 0
677 546 0
341 151 0
539 270 0
1351 349 0
1257 327 0
968 51 0
1186 643 0
1081 469 0
1076 495 0
1485 962 0
1302 346 0
1240 676 0
1378 407 0
688 168 0
1338 83 0
120 24 0
358 169 0
1271 978 0
1002 931 0
988 857 0
1484 1460 0
1223 31 0
815 491 0
1191 870 0
1365 96 0
838 110 0
732 684 0
1235 104 0
1052 622 0
1170 690 0
440 319 0
1251 451 0
1219 20 0
696 21 0
1067 585 0
902 417 0
1191 802 0
543 11 0
1407 1231 0
571 91 0
499 450 0
1194 168 0
1365 270 0
1465 1043 0
1377 989 0
1184 137 0
1470 750 0
1423 351 0
875 842 0
957 197 0
866 719 0
848 675 0
398 348 0
1189 666 0
1462 700 0
1421 1095 0
1454 803 0
651 82 0
1137 1049 0
985 721 0
1338 1247 0
1219 1041 0
533 417 0
1013 242 0
1403 1244 0
1193 30 0
1356 289 0
1067 240 0
1310 389 0
1252 982 0
1209 1109 0
1401 1366 0
862 106 0
1037 125 0
1364 690 0
623 443 0
474 164 0
1331 375 0
402 341 0
995 615 0
660 304 0
955 359 0
1307 870 0
771 14 0
273 81 0
1263 866 0
603 52 0
1479 1091 0
1421 40 0
1287 405 0
953 575 0
1249 87 0
945 57 0
1092 294 0
578 118 0
782 188 0
603 137 0
1473 1241 0
1322 771 0
1441 1407 0
1220 689 0
980 360 0
1339 8 0
1493 1055 0
1426 672 0
1184 515 0
606 527 0
84 11 0
960 793 0
727 609 0
999 31 0
1165 377 0
1200 495 0
675 65 0
1396 979 0
1230 1035 0
1432 211 0
248 207 0
1205 338 0
1348 718 0
1310 1143 0
330 134 0
1061 522 0
599 180 0
1140 879 0
1208 261 0
984 831 0
1289 1169 0
1174 920 0
683 206 0
1221 239 0
785 738 0
1194 443 0
1016 24 0
772 516 0
1099 841 0
427 79 0
981 899 0
1102 960 0
1051 23 0
1221 783 0
1487 631 0
458 109 0
825 337 0
645 165 0
1469 811 0
1481 534 0
463 441 0
1490 359 0
1181 278 0
1425 978 0
1299 4 0
1226 288 0
952 603 0
1430 125 0
743 379 0
338 120 0
873 528 0
1488 421 0
1222 213 0
1108 519 0
1206 43 0
1452 690 0
634 483 0
484 18 0
674 271 0
1269 306 0
644 636 0
1190 702 0
758 307 0
1232 704 0
811 62 0
731 717 0
1314 735 0
1156 654 0
975 187 0
1279 21 0
1131 576 0
1079 452 0
1266 1096 0
650 439 0
972 585 0
1020 60 0
1387 866 0
1360 1025 0
913 139 0
475 255 0
1401 1214 0
1263 105 0
435 44 0
1098 773 0
756 229 0
1281 880 0
1032 32 0
986 777 0
1369 833 0
1232 315 0
576 322 0
198 2 0
827 24 0
952 86 0
1248 176 0
1157 835 0
1200 393 0
1016 928 0
652 328 0
373 1 0
646 252 0
1305 776 0
1141 727 0
1421 980 0
1458 344 0
1499 168 0
899 886 0
1341 993 0
1359 217 0
1281 584 0
1423 133 0
1249 436 0
992 827 0
1487 1131 0
718 221 0
1247 579 0
1266 877 0
1256 994 0
526 461 0
1108 476 0
919 780 0
780 326 0
1125 832 0
1236 397 0
1230 538 0
757 40 0
785 302 0
838 305 0
1267 187 0
1020 481 0
917 112 0
1421 1350 0
702 559 0
1463 1088 0
1338 665 0
607 64 0
1462 404 0
591 99 0
1472 296 0
1316 1044 0
1410 1031 0
1393 265 0
1021 334 0
850 831 0
1379 590 0
1248 29 0
165 73 0
1120 636 0
940 855 0
551 477 0
481 277 0
1315 231 0
955 237 0
1223 1158 0
1003 235 0
417 57 0
1438 816 0
1273 585 0
935 843 0
1193 151 0
641 63 0
1309 899 0
1092 719 0
950 640 0
1267 486 0
856 500 0
1127 458 0
1221 1055 0
1040 191 0
1089 451 0
987 529 0
905 729 0
936 34 0
1420 8 0
1242 234 0
726 23 0
1149 1119 0
1252 1220 0
1334 824 0
1485 301 0
1368 863 0
1418 588 0
1297 889 0
730 460 0
1121 879 0
662 135 0
840 683 0
1037 474 0
1434 1137 0
1257 590 0
497 309 0
466 351 0
1022 206 0
1200 170 0
1058 588 0
631 487 0
1473 1255 0
372 362 0
1374 1360 0
1001 363 0
1151 97 0
783 494 0
1349 815 0
1482 1454 0
615 277 0
1054 988 0
689 81 0
1303 973 0
656 264 0
56 33 0
1286 160 0
227 67 0
1419 660 0
1042 393 0
764 608 0
1010 848 0
1234 437 0
1135 1100 0
1447 1194 0
1153 688 0
787 247 0
303 97 0
1243 1238 0
1289 800 0
1237 678 0
645 51 0
1435 773 0
1205 140 0
744 437 0
1303 1057 0
450 140 0
1370 440 0
248 38 0
1422 465 0
1351 191 0
663 97 0
940 429 0
219 65 0
1462 258 0
1146 319 0
226 38 0
1241 300 0
1168 379 0
1437 208 0
612 364 0
1395 1103 0
914 165 0
1377 656 0
993 577 0
824 723 0
988 300 0
1267 89 0
878 405 0
521 373 0
1008 518 0
224 212 0
829 46 0
909 68 0
1225 826 0
1113 792 0
523 419 0
1305 449 0
930 861 0
579 72 0
1214 904 0
663 437 0
879 727 0
328 46 0
698 401 0
812 629 0
1191 1122 0
733 647 0
1483 93 0
730 532 0
593 378 0
568 374 0
480 15 0
1089 457 0
1489 1130 0
1102 1045 0
1365 1157 0
972 19 0
755 117 0
620 568 0
1102 703 0
1259 356 0
659 655 0
1378 1260 0
400 18 0
1391 719 0
943 537 0
658 329 0
1178 612 0
1324 1101 0
876 293 0
782 671 0
1481 361 0
1241 179 0
848 345 0
656 212 0
1482 1464 0
1462 622 0
983 943 0
1465 615 0
649 46 0
1148 687 0
468 178 0
806 576 0
504 48 0
432 399 0
1365 1166 0
1455 667 0
1063 607 0
428 406 0
502 227 0
307 180 0
1329 1215 0
828 747 0
1412 691 0
1388 578 0
609 451 0
796 212 0
330 280 0
1326 491 0
370 158 0
936 257 0
346 205 0
282 169 0
406 45 0
916 12 0
714 84 0
335 289 0
852 282 0
1215 203 0
91 67 0
1070 771 0
737 547 0
477 7 0
1339 1314 0
892 853 0
643 372 0
1187 448 0
815 95 0
1242 698 0
1262 86 0
956 937 0
1279 956 0
1053 698 0
1265 506 0
1175 519 0
886 782 0
1404 178 0
1419 206 0
946 150 0
1216 499 0
1466 554 0
1330 573 0
1264 592 0
1493 148 0
1390 921 0
431 116 0
698 479 0
1430 470 0
954 682 0
1401 186 0
1433 244 0
1433 1262 0
505 455 0
172 71 0
1265 104 0
1025 776 0
665 627 0
871 145 0
1309 716 0
1409 286 0
315 188 0
615 444 0
1171 604 0
1099 585 0
1406 1010 0
708 651 0
1411 1390 0
1303 745 0
514 452 0
798 415 0
963 171 0
404 391 0
394 304 0
524 119 0
377 24 0
1445 353 0
678 158 0
793 322 0
1372 554 0
1170 563 0
584 89 0
1298 780 0
1083 1006 0
772 125 0
1309 1067 0
723 562 0
1283 351 0
1468 1268 0
1131 1102 0
1053 865 0
1375 860 0
1174 936 0
1219 1163 0
1006 803 0
580 523 0
1102 808 0
1230 908 0
281 257 0
814 697 0
1333 827 0
846 355 0
1260 1231 0
1393 530 0
933 443 0
1365 182 0
1443 226 0
841 833 0
267 227 0
678 673 0
583 532 0
1200 514 0
895 82 0
1423 473 0
603 364 0
1181 575 0
1220 1046 0
941 799 0
889 584 0
1181 1109 0
1471 1346 0
1378 676 0
1018 949 0
1138 314 0
1066 528 0
1431 1090 0
1277 522 0
318 101 0
1146 164 0
1307 1119 0
874 337 0
917 66 0
418 233 0
320 112 0
728 634 0
1022 543 0
1401 1257 0
602 178 0
1323 1233 0
1426 1421 0
907 28 0
1446 718 0
1107 456 0
1273 842 0
1366 663 0
1260 869 0
875 667 0
1052 11 0
474 21 0
1247 902 0
502 10 0
374 105 0
1098 197 0
1135 409 0
1197 983 0
302 72 0
1043 77 0
903 1 0
438 146 0
386 364 0
523 421 0
977 587 0
994 891 0
669 606 0
1028 363 0
1232 874 0
1221 1021 0
878 439 0
1371 638 0
997 314 0
746 223 0
672 398 0
914 298 0
1334 1079 0
1439 1139 0
672 214 0
1058 346 0
767 317 0
1247 1124 0
1159 186 0
1464 358 0
1344 848 0
1217 860 0
1048 406 0
919 740 0
816 271 0
1090 786 0
1390 57 0
1216 792 0
1175 67 0
1442 786 0
1324 179 0
290 173 0
905 394 0
1483 630 0
1068 273 0
295 200 0
1201 81 0
1382 617 0
1402 945 0
430 288 0
465 282 0
410 228 0
1010 183 0
1413 361 0
1496 1222 0
1212 1040 0
930 772 0
760 492 0
881 527 0
1485 1475 0
686 528 0
577 497 0
1200 73 0
1252 878 0
1085 728 0
1450 1135 0
712 382 0
927 317 0
1155 75 0
1373 874 0
830 532 0
914 564 0
1403 1057 0
1228 103 0
886 618 0
927 739 0
1262 1092 0
1492 418 0
721 504 0
1145 235 0
401 389 0
858 276 0
1216 187 0
1086 814 0
694 669 0
1211 1090 0
633 25 0
1161 22 0
1430 344 0
1084 780 0
1142 598 0
515 488 0
1228 634 0
703 43 0
1354 420 0
660 546 0
590 1 0
300 162 0
1138 110 0
1296 633 0
1405 1154 0
1408 492 0
515 414 0
1302 449 0
1113 1041 0
1025 257 0
552 461 0
764 438 0
1013 555 0
908 474 0
1376 511 0
1089 970 0
1249 242 0
1059 562 0
342 91 0
1428 1330 0
583 42 0
719 81 0
1067 287 0
366 231 0
1300 1090 0
439 62 0
632 226 0
974 963 0
828 324 0
1494 238 0
1177 265 0
1016 435 0
268 144 0
655 445 0
680 250 0
1430 1379 0
402 297 0
853 171 0
1221 1129 0
1184 80 0
1333 224 0
1340 894 0
1408 1223 0
744 36 0
609 402 0
1276 226 0
1319 63 0
1389 690 0
707 161 0
1362 544 0
1312 270 0
916 2 0
349 65 0
781 19 0
986 205 0
1346 724 0
895 444 0
1170 1099 0
716 61 0
1219 304 0
1163 192 0
1377 459 0
518 18 0
1193 550 0
274 250 0
854 467 0
1105 169 0
487 21 0
1206 1085 0
680 483 0
1279 1091 0
991 564 0
94 8 0
1171 523 0
1239 88 0
616 405 0
866 62 0
1012 155 0
244 10 0
1117 580 0
793 434 0
1334 594 0
1444 448 0
866 449 0
373 155 0
898 781 0
559 228 0
969 750 0
1475 783 0
908 88 0
418 410 0
1131 206 0
686 89 0
665 442 0
672 646 0
738 511 0
1082 632 0
1293 431 0
884 229 0
614 244 0
1460 1452 0
410 227 0
1165 1047 0
1463 1352 0
1240 1105 0
802 270 0
522 85 0
195 15 0
1290 1219 0
575 515 0
1134 196 0
211 45 0
1452 1337 0
1059 156 0
891 510 0
1499 1222 0
1388 711 0
1051 1012 0
969 222 0
1361 1146 0
1389 65 0
1055 456 0
939 912 0
386 72 0
1247 298 0
1155 489 0
833 45 0
690 282 0
870 49 0
1214 254 0
923 549 0
800 445 0
1281 428 0
1486 1120 0
730 224 0
964 848 0
776 753 0
897 183 0
984 137 0
135 107 0
1065 582 0
51 17 0
250 130 0
997 921 0
1060 324 0
925 693 0
997 403 0
895 283 0
1400 895 0
1390 130 0
636 424 0
1280 1184 0
892 23 0
1134 784 0
1337 677 0
315 299 0
609 312 0
481 253 0
758 589 0
1061 749 0
1305 962 0
1194 802 0
1329 106 0
1047 20 0
1177 953 0
219 206 0
1423 198 0
1410 563 0
923 421 0
862 149 0
1416 1104 0
1409 514 0
863 528 0
1438 757 0
855 303 0
1366 1170 0
822 95 0
1313 370 0
647 262 0
622 26 0
1186 15 0
907 367 0
1423 626 0
1483 591 0
1452 366 0
1250 1119 0
223 1 0
479 249 0
1339 1245 0
790 399 0
1164 553 0
1118 4 0
1431 1322 0
933 724 0
307 212 0
1089 663 0
959 32 0
1455 1070 0
962 304 0
1330 921 0
782 255 0
826 267 0
1227 584 0
1164 732 0
708 183 0
1495 719 0
987 26 0
1084 530 0
1307 1291 0
1179 946 0
1249 836 0
931 109 0
1487 1134 0
1156 579 0
903 830 0
1439 703 0
807 169 0
930 667 0
226 75 0
442 328 0
1220 594 0
1185 1182 0
1202 24 0
1135 707 0
163 116 0
1240 570 0
475 83 0
972 652 0
1186 478 0
1072 764 0
682 505 0
1420 734 0
1353 598 0
1404 1 0
1060 162 0
286 271 0
1399 93 0
1447 1209 0
1121 527 0
1190 908 0
1112 666 0
754 94 0
182 64 0
1095 993 0
1380 79 0
921 794 0
1011 357 0
552 385 0
1309 416 0
1036 84 0
707 401 0
976 472 0
478 267 0
1394 324 0
1497 90 0
505 203 0
1110 109 0
465 268 0
1095 644 0
623 476 0
1168 1061 0
1290 420 0
395 126 0
973 540 0
1177 282 0
1131 30 0
1014 605 0
1045 485 0
1060 785 0
188 67 0
509 445 0
334 104 0
776 758 0
541 59 0
1145 445 0
507 259 0
1068 384 0
288 218 0
749 553 0
777 732 0
1075 219 0
1030 295 0
1247 1057 0
1176 482 0
868 798 0
1244 293 0
1279 1159 0
1409 117 0
1328 72 0
766 603 0
352 8 0
937 896 0
34 1 0
528 392 0
1351 284 0
1177 791 0
1248 4 0
777 502 0
478 241 0
657 190 0
799 665 0
698 442 0
736 668 0
1114 514 0
883 74 0
1361 500 0
1224 109 0
1385 605 0
1391 523 0
1434 1224 0
523 279 0
917 427 0
932 746 0
1352 996 0
1491 350 0
1274 193 0
1061 1034 0
1269 729 0
1165 794 0
800 559 0
1482 877 0
1217 381 0
1232 743 0
1482 1402 0
1326 918 0
1046 371 0
1155 959 0
1033 165 0
1303 76 0
1250 635 0
1223 1152 0
294 121 0
1431 1237 0
1428 110 0
1152 401 0
761 360 0
1281 840 0
758 627 0
498 359 0
1152 670 0
619 590 0
722 315 0
1472 760 0
1119 475 0
317 231 0
1463 814 0
791 246 0
1108 127 0
1226 343 0
1408 402 0
1366 696 0
1204 1070 0
1102 307 0
1066 74 0
1183 663 0
851 332 0
1493 180 0
697 230 0
1338 144 0
1295 156 0
1431 316 0
1019 31 0
1327 1153 0
1359 872 0
909 711 0
917 33 0
421 300 0
468 281 0
1189 769 0
652 338 0
1243 917 0
1340 1285 0
972 873 0
1210 518 0
895 36 0
1023 79 0
1164 1097 0
1194 52 0
151 150 0
781 267 0
1076 589 0
1374 1055 0
1435 646 0
350 224 0
881 96 0
1100 663 0
920 279 0
869 295 0
1302 427 0
622 89 0
427 9 0
1222 602 0
1193 413 0
1394 615 0
1045 507 0
1499 1445 0
731 419 0
1126 989 0
468 264 0
1396 5 0
1301 783 0
1328 827 0
1223 655 0
624 449 0
990 108 0
216 134 0
1198 172 0
293 235 0
1213 348 0
1207 692 0
834 282 0
616 542 0
1047 989 0
711 497 0
709 22 0
1368 664 0
1310 85 0
1161 150 0
614 605 0
1078 121 0
1316 995 0
748 92 0
637 299 0
952 787 0
503 410 0
1223 1135 0
952 772 0
887 625 0
719 283 0
1061 300 0
697 426 0
1486 922 0
800 692 0
1407 1209 0
591 555 0
1272 1040 0
1424 309 0
1335 1157 0
1305 1287 0
1118 317 0
996 384 0
388 258 0
1276 758 0
1445 515 0
810 312 0
1459 1059 0
1308 534 0
349 244 0
1108 739 0
1445 330 0
1133 13 0
844 286 0
631 103 0
1299 616 0
1272 566 0
806 799 0
967 782 0
525 438 0
1199 49 0
1205 327 0
1183 1038 0
1386 898 0
1188 758 0
1428 1013 0
1286 613 0
1327 475 0
1188 48 0
1197 383 0
1138 752 0
931 156 0
658 425 0
195 55 0
1008 572 0
1435 1355 0
1458 420 0
1293 212 0
1393 1239 0
1260 567 0
1339 364 0
960 294 0
1194 968 0
909 567 0
1278 67 0
1350 1002 0
515 204 0
1001 314 0
474 356 0
1095 1017 0
1130 505 0
1289 191 0
635 103 0
655 81 0
1155 423 0
1347 203 0
469 164 0
860 149 0
1151 1044 0
1276 1196 0
1473 946 0
610 496 0
497 100 0
596 190 0
640 570 0
1123 1051 0
409 73 0
536 64 0
827 788 0
1452 483 0
1369 325 0
478 161 0
884 101 0
1025 976 0
1027 198 0
405 243 0
791 689 0
1148 829 0
1079 938 0
922 691 0
519 412 0
439 362 0
512 430 0
820 124 0
788 396 0
1263 730 0
486 485 0
917 83 0
292 259 0
1250 183 0
470 141 0
84 55 0
1390 1208 0
683 543 0
602 56 0
308 32 0
1315 18 0
727 292 0
617 493 0
405 161 0
623 204 0
74 43 0
626 265 0
1081 151 0
1028 553 0
1202 658 0
1154 337 0
1297 555 0
718 29 0
498 51 0
533 230 0
885 762 0
663 591 0
739 250 0
1206 692 0
1030 169 0
1463 601 0
1300 897 0
1378 804 0
1492 252 0
1002 448 0
1456 278 0
1494 724 0
830 341 0
581 355 0
588 324 0
885 274 0
1437 564 0
935 92 0
1078 1024 0
1499 1498 0
1123 237 0
1081 455 0
610 53 0
424 96 0
1491 1167 0
1347 1232 0
1229 430 0
1288 96 0
286 121 0
1325 1272 0
1393 961 0
930 579 0
1482 529 0
488 425 0
266 177 0
1004 511 0
361 195 0
1327 607 0
812 177 0
328 19 0
719 78 0
728 239 0
302 128 0
1097 946 0
931 445 0
661 129 0
1409 986 0
827 65 0
1144 729 0
949 584 0
814 638 0
567 49 0
1438 753 0
1017 289 0
707 441 0
1430 153 0
775 638 0
1417 1238 0
1206 181 0
826 494 0
1232 601 0
1071 257 0
1244 81 0
1211 163 0
1177 33 0
1272 46 0
474 447 0
1230 1152 0
1063 319 0
940 330 0
1273 712 0
1283 48 0
1188 945 0
1308 873 0
775 521 0
173 30 0
1465 1021 0
582 186 0
844 619 0
1099 558 0
1113 406 0
1172 1167 0
1236 757 0
1029 272 0
400 185 0
1424 267 0
924 621 0
872 502 0
1337 828 0
243 26 0
1201 341 0
1028 939 0
1098 189 0
860 729 0
524 384 0
584 126 0
329 231 0
707 108 0
1362 24 0
1112 953 0
1175 1106 0
1107 1039 0
796 625 0
739 52 0
830 770 0
1111 408 0
758 606 0
767 421 0
1254 197 0
1134 975 0
1340 406 0
750 80 0
643 210 0
1037 359 0
1272 1238 0
757 178 0
924 555 0
474 331 0
1154 807 0
627 558 0
532 453 0
725 473 0
1204 945 0
1220 130 0
1125 292 0
1313 802 0
1352 338 0
1172 238 0
1491 469 0
1197 710 0
602 57 0
1165 122 0
641 480 0
998 105 0
1379 233 0
1049 302 0
1493 167 0
477 244 0
1299 564 0
1246 201 0
1230 932 0
1111 591 0
1453 1343 0
1388 299 0
246 218 0
1218 734 0
500 382 0
956 630 0
1307 455 0
1258 152 0
1143 820 0
1411 423 0
1451 1202 0
714 5 0
1109 572 0
1060 518 0
1494 842 0
900 41 0
498 303 0
1486 97 0
1497 703 0
781 115 0
1147 471 0
636 231 0
1266 1021 0
984 472 0
1226 740 0
1258 1146 0
1093 716 0
971 392 0
942 452 0
679 16 0
1475 780 0
867 534 0
371 321 0
1495 1219 0
1495 420 0
623 93 0
950 438 0
1302 260 0
1403 630 0
1486 664 0
1199 291 0
1352 137 0
685 405 0
647 400 0
838 542 0
674 83 0
1108 238 0
975 125 0
643 17 0
1105 125 0
1248 989 0
1314 971 0
1274 865 0
956 461 0
669 248 0
938 38 0
499 367 0
1281 844 0
1349 966 0
1066 239 0
1449 1274 0
1322 984 0
1373 1356 0
1496 723 0
1318 369 0
1369 141 0
615 170 0
625 463 0
1149 351 0
313 203 0
593 57 0
713 523 0
1387 959 0
905 836 0
963 146 0
615 612 0
1128 685 0
1467 897 0
1152 922 0
1298 489 0
1061 96 0
799 243 0
1079 391 0
707 624 0
1245 1061 0
1269 627 0
1174 633 0
1341 1180 0
1002 473 0
975 675 0
829 416 0
926 175 0
672 215 0
571 119 0
920 848 0
1479 421 0
1483 6 0
1106 1053 0
574 560 0
1127 443 0
1150 212 0
825 375 0
1333 985 0
999 665 0
1224 1156 0
675 674 0
1173 740 0
724 238 0
601 165 0
675 552 0
1486 288 0
1219 72 0
1046 105 0
1060 530 0
1409 150 0
629 571 0
697 449 0
1056 402 0
1481 1269 0
1220 886 0
1437 517 0
796 597 0
312 229 0
518 164 0
979 762 0
972 167 0
455 319 0
953 947 0
1472 870 0
733 46 0
1476 308 0
1114 661 0
1103 381 0
1307 345 0
1496 831 0
684 213 0
1471 257 0
1169 723 0
995 843 0
526 17 0
1350 356 0
975 376 0
1327 276 0
817 366 0
1440 260 0
1223 1127 0
1031 398 0
558 93 0
603 324 0
1005 268 0
1341 1030 0
425 108 0
1282 109 0
1377 601 0
669 567 0
595 33 0
770 103 0
809 479 0
1123 876 0
715 628 0
1091 586 0
1092 260 0
1324 118 0
398 214 0
807 679 0
1320 719 0
791 280 0
753 402 0
928 739 0
1271 447 0
918 373 0
660 422 0
563 558 0
596 102 0
1050 435 0
377 334 0
1360 1183 0
1471 678 0
673 323 0
1488 324 0
962 642 0
59 23 0
382 327 0
566 256 0
1378 874 0
770 768 0
820 791 0
494 121 0
1117 391 0
1391 114 0
869 304 0
435 418 0
937 520 0
509 159 0
590 45 0
1236 1164 0
1414 1264 0
986 544 0
1447 1176 0
784 395 0
583 82 0
831 8 0
1025 15 0
810 527 0
1022 154 0
1467 4 0
893 822 0
804 564 0
1438 226 0
1118 684 0
783 119 0
863 609 0
1120 123 0
871 213 0
1032 315 0
951 897 0
1162 886 0
1318 407 0
1072 77 0
592 242 0
1193 410 0
1379 852 0
734 698 0
230 4 0
1470 289 0
941 879 0
1257 1112 0
1383 903 0
1363 466 0
1195 723 0
529 397 0
1482 516 0
1455 623 0
1153 313 0
778 151 0
956 93 0
1110 543 0
1184 653 0
1249 29 0
1025 958 0
636 268 0
1473 966 0
1340 590 0
1287 927 0
825 594 0
783 90 0
561 126 0
1425 700 0
318 169 0
1209 662 0
365 238 0
1234 970 0
1057 65 0
820 327 0
1255 978 0
1014 877 0
1500 1245 0
954 53 0
833 747 0
1080 1009 0
299 166 0
987 363 0
1056 889 0
1485 961 0
234 16 0
1311 1077 0
934 36 0
1134 681 0
935 417 0
427 236 0
299 240 0
1130 921 0
324 213 0
1373 353 0
829 318 0
886 714 0
499 409 0
1000 840 0
754 460 0
592 74 0
463 342 0
838 48 0
1368 1225 0
1153 955 0
1172 138 0
1096 373 0
333 262 0
826 589 0
1452 995 0
897 685 0
1360 274 0
1482 1449 0
1333 1106 0
847 342 0
1468 1282 0
1353 1321 0
435 117 0
883 752 0
933 587 0
1031 263 0
981 333 0
980 203 0
303 255 0
1033 258 0
773 24 0
882 763 0
1360 1323 0
919 902 0
1333 1238 0
415 57 0
1093 521 0
1411 1167 0
934 689 0
905 822 0
1037 209 0
1498 829 0
1421 765 0
1089 208 0
824 717 0
1371 1359 0
1410 1196 0
530 214 0
1353 1112 0
1233 295 0
999 134 0
1319 956 0
1051 352 0
1089 377 0
523 29 0
1405 544 0
1499 609 0
1111 533 0
828 733 0
303 33 0
230 43 0
1132 878 0
933 37 0
1380 86 0
1458 950 0
633 45 0
1440 1116 0
1036 681 0
380 229 0
837 113 0
1376 86 0
1104 437 0
835 268 0
1290 767 0
395 189 0
1173 353 0
1139 971 0
1464 1283 0
1287 163 0
939 783 0
1190 967 0
637 21 0
613 20 0
523 232 0
1261 473 0
805 202 0
1499 390 0
1261 248 0
1371 1228 0
828 313 0
1296 1032 0
1390 1173 0
1402 999 0
550 275 0
1261 117 0
1358 1235 0
838 289 0
1190 711 0
820 25 0
920 202 0
1454 1201 0
562 540 0
1436 1252 0
752 21 0
1407 756 0
1489 1441 0
1393 36 0
1015 765 0
1455 110 0
1161 322 0
1383 268 0
1134 353 0
1323 1299 0
198 180 0
1248 956 0
1046 594 0
829 118 0
1248 544 0
660 624 0
566 90 0
1497 984 0
1454 1427 0
72 36 0
1400 1000 0
413 307 0
1263 93 0
1249 27 0
934 354 0
874 104 0
1493 821 0
1310 1011 0
794 733 0
546 482 0
1238 764 0
1093 713 0
175 107 0
1227 42 0
942 290 0
1030 600 0
1172 336 0
1494 1270 0
852 344 0
641 483 0
1318 920 0
875 7 0
1403 663 0
765 102 0
1204 962 0
1131 299 0
1010 476 0
1330 913 0
1128 908 0
943 91 0
1332 771 0
993 775 0
1029 398 0
1059 516 0
546 192 0
1389 773 0
1372 1225 0
529 405 0
1183 479 0
517 256 0
760 589 0
828 127 0
1209 484 0
780 381 0
1479 1086 0
317 277 0
1292 184 0
1146 1042 0
295 32 0
383 120 0
1313 906 0
1351 18 0
954 775 0
1202 1108 0
401 379 0
337 68 0
691 192 0
1087 12 0
1372 565 0
1323 86 0
1438 649 0
1187 903 0
699 339 0
938 219 0
533 46 0
886 863 0
749 709 0
1472 434 0
1032 589 0
1400 601 0
432 119 0
1281 1213 0
631 75 0
1283 1157 0
51 1 0
582 337 0
1322 466 0
1293 95 0
1285 1095 0
1354 801 0
1348 446 0
1063 359 0
1188 177 0
693 327 0
573 176 0
1253 1130 0
770 464 0
897 427 0
710 476 0
477 443 0
554 58 0
570 328 0
1279 1083 0
891 679 0
1097 573 0
1385 1327 0
1257 136 0
1328 901 0
1356 694 0
630 359 0
1215 985 0
1423 472 0
1428 150 0
1369 441 0
1194 132 0
1428 1374 0
1487 933 0
962 296 0
1210 758 0
1272 55 0
715 510 0
1017 433 0
707 91 0
1386 671 0
1230 841 0
909 677 0
1116 368 0
1451 649 0
1277 341 0
1322 995 0
293 284 0
1391 1108 0
1440 127 0
1312 1128 0
695 358 0
1014 934 0
1181 671 0
1436 161 0
739 325 0
993 880 0
459 374 0
1422 594 0
874 691 0
39 37 0
1284 683 0
1479 931 0
1429 657 0
1270 920 0
931 132 0
1122 886 0
992 174 0
1173 933 0
214 191 0
1217 934 0
1025 569 0
1249 69 0
247 45 0
219 182 0
1191 15 0
1300 900 0
1340 885 0
1226 549 0
1174 1154 0
1273 1205 0
989 627 0
1364 1137 0
635 508 0
355 93 0
1294 1240 0
974 594 0
1055 40 0
1373 1050 0
851 281 0
1369 1218 0
1374 415 0
354 159 0
1348 265 0
1297 797 0
1318 1139 0
660 217 0
834 214 0
689 243 0
1346 301 0
861 149 0
1398 1067 0
784 457 0
228 166 0
1420 276 0
814 382 0
1212 623 0
1208 644 0
460 142 0
851 842 0
769 600 0
1354 167 0
1305 252 0
454 223 0
1495 685 0
1352 460 0
1371 1345 0
968 529 0
832 651 0
1233 523 0
1288 1095 0
566 561 0
1077 904 0
1336 475 0
1462 131 0
772 527 0
1130 59 0
570 269 0
1136 536 0
1323 175 0
1461 911 0
1425 367 0
1207 1093 0
709 496 0
1443 405 0
1108 66 0
1079 711 0
1142 456 0
663 61 0
1173 266 0
1424 679 0
1015 398 0
980 729 0
1218 507 0
1111 1097 0
974 713 0
1032 42 0
933 36 0
1373 608 0
1325 650 0
377 341 0
1139 987 0
1441 275 0
1141 861 0
914 724 0
1402 501 0
1378 52 0
1453 387 0
207 163 0
970 720 0
1270 823 0
1476 161 0
851 631 0
908 412 0
659 66 0
748 372 0
1432 289 0
1264 464 0
1365 224 0
492 234 0
852 424 0
1282 597 0
1128 2 0
1298 1039 0
938 580 0
509 501 0
623 147 0
1394 515 0
1062 810 0
160 31 0
1205 537 0
1127 609 0
1150 994 0
1132 304 0
571 101 0
1469 747 0
1000 250 0
1491 357 0
1422 624 0
1021 342 0
958 163 0
1178 1069 0
986 874 0
1281 452 0
1487 1027 0
1186 165 0
1483 576 0
1419 1405 0
870 192 0
1347 833 0
100 17 0
1217 682 0
1101 254 0
1132 335 0
959 739 0
1446 453 0
1241 446 0
1143 893 0
1337 251 0
649 358 0
1154 865 0
996 518 0
1300 888 0
639 531 0
160 3 0
1420 114 0
566 171 0
1012 746 0
1411 754 0
309 20 0
1437 940 0
813 705 0
1218 502 0
890 314 0
234 191 0
1204 67 0
1482 725 0
84 77 0
1103 756 0
840 741 0
1350 246 0
1108 94 0
1479 120 0
887 400 0
511 64 0
927 768 0
794 422 0
1341 1322 0
1472 205 0
413 73 0
1490 610 0
1119 259 0
1078 327 0
1290 529 0
1288 840 0
1089 990 0
1197 517 0
1407 154 0
1487 220 0
1085 525 0
1440 527 0
1424 1367 0
1356 117 0
1145 107 0
758 299 0
1376 55 0
715 699 0
724 391 0
1378 780 0
1314 1284 0
1109 379 0
1214 850 0
841 804 0
1081 906 0
116 106 0
984 392 0
1424 801 0
802 706 0
722 209 0
1395 1324 0
902 406 0
703 451 0
976 413 0
1405 653 0
1469 342 0
604 388 0
956 681 0
1159 656 0
311 180 0
937 517 0
523 394 0
1473 570 0
813 263 0
1453 375 0
1110 1062 0
1111 468 0
1325 967 0
1321 120 0
1326 181 0
1187 565 0
1107 543 0
860 817 0
798 306 0
1390 779 0
1381 1342 0
806 565 0
809 86 0
1300 687 0
1137 580 0
1083 1050 0
1179 1069 0
1451 543 0
1291 948 0
310 280 0
1354 339 0
1256 930 0
679 267 0
707 647 0
822 105 0
746 699 0
1174 197 0
974 217 0
1499 682 0
1427 1035 0
901 680 0
1309 44 0
1012 838 0
567 458 0
1100 497 0
732 243 0
1315 959 0
434 251 0
1129 738 0
346 131 0
1456 719 0
968 523 0
877 397 0
726 531 0
617 238 0
1435 1385 0
1304 574 0
1331 168 0
1385 1250 0
1059 410 0
1366 890 0
1227 706 0
673 270 0
284 66 0
1416 698 0
1062 90 0
798 608 0
1066 493 0
1440 813 0
1057 182 0
963 291 0
800 270 0
763 474 0
1397 151 0
980 711 0
1338 1108 0
489 486 0
666 618 0
1407 288 0
1230 1068 0
750 746 0
1361 776 0
452 130 0
1154 369 0
365 213 0
764 566 0
1070 897 0
1354 464 0
328 309 0
905 269 0
841 688 0
1405 498 0
278 197 0
1077 421 0
1433 769 0
1443 548 0
199 71 0
667 159 0
986 395 0
1454 131 0
1249 677 0
1378 110 0
712 98 0
1463 1199 0
1266 281 0
1211 462 0
1299 77 0
1357 379 0
1382 400 0
1191 800 0
1053 339 0
476 5 0
1013 17 0
1145 980 0
1248 186 0
1076 583 0
1377 18 0
675 419 0
863 293 0
1415 617 0
1128 1122 0
1205 203 0
1315 814 0
1162 661 0
604 90 0
1240 332 0
1089 656 0
635 513 0
1407 1130 0
1469 176 0
520 199 0
1138 284 0
1345 370 0
881 374 0
1091 216 0
1079 568 0
1497 724 0
793 755 0
871 580 0
1380 590 0
1431 470 0
1366 778 0
1459 1143 0
909 486 0
965 786 0
1200 614 0
1408 941 0
762 215 0
1377 17 0
694 128 0
580 130 0
960 749 0
1390 313 0
1437 558 0
160 21 0
222 40 0
1164 922 0
1101 112 0
673 78 0
1044 551 0
1059 819 0
850 191 0
371 223 0
827 588 0
1224 9 0
1152 379 0
1359 938 0
1221 1122 0
1398 1055 0
600 296 0
1072 915 0
1325 1031 0
1492 290 0
1017 61 0
580 255 0
954 902 0
476 369 0
270 91 0
1221 309 0
1456 1152 0
744 378 0
1351 768 0
893 156 0
488 454 0
1282 885 0
907 164 0
536 319 0
868 449 0
1426 26 0
860 192 0
1357 1067 0
953 449 0
1208 1005 0
1407 525 0
1261 1223 0
843 526 0
1030 58 0
1092 640 0
1484 338 0
877 385 0
1246 249 0
1051 937 0
528 383 0
1237 1000 0
1462 754 0
784 418 0
442 216 0
344 117 0
829 345 0
1298 652 0
1496 913 0
1113 1032 0
1124 975 0
888 819 0
1216 37 0
814 148 0
1269 562 0
1328 882 0
1189 971 0
1182 208 0
507 136 0
1005 844 0
240 186 0
1310 613 0
863 30 0
1284 602 0
425 123 0
1343 219 0
771 707 0
369 48 0
571 26 0
1465 459 0
1114 399 0
777 477 0
1196 725 0
1064 594 0
1103 1094 0
1275 476 0
1118 534 0
1380 297 0
1032 81 0
1115 105 0
947 748 0
286 77 0
1425 567 0
358 245 0
862 546 0
1181 539 0
1375 1206 0
1469 1 0
738 480 0
1465 1437 0
960 331 0
776 413 0
1272 526 0
1290 641 0
63 5 0
1341 282 0
1105 508 0
774 283 0
1390 1023 0
1243 889 0
706 435 0
963 562 0
1466 323 0
1389 124 0
1435 325 0
1058 926 0
1144 14 0
1031 268 0
882 387 0
354 133 0
241 113 0
1294 420 0
454 426 0
1445 678 0
1342 1021 0
974 708 0
1112 670 0
1203 734 0
927 662 0
1334 1172 0
1162 85 0
1334 793 0
369 351 0
849 551 0
1095 55 0
375 24 0
522 201 0
415 368 0
859 797 0
1485 238 0
1310 1299 0
1112 420 0
941 706 0
1273 325 0
958 890 0
836 236 0
703 250 0
1492 142 0
1327 101 0
1127 927 0
323 147 0
1348 842 0
836 427 0
557 355 0
1288 971 0
504 451 0
1122 441 0
806 795 0
1304 954 0
1455 756 0
430 143 0
897 351 0
1285 595 0
566 511 0
1235 190 0
777 130 0
679 125 0
1340 806 0
880 832 0
1095 175 0
1325 17 0
496 436 0
434 148 0
628 249 0
1366 428 0
1052 225 0
1045 471 0
337 25 0
1042 252 0
778 643 0
1176 860 0
1090 977 0
421 131 0
1443 201 0
1224 785 0
1355 634 0
299 279 0
715 324 0
490 346 0
1338 607 0
618 562 0
652 52 0
590 508 0
1426 236 0
863 396 0
1368 933 0
624 593 0
1097 1028 0
1193 14 0
1079 527 0
395 354 0
965 210 0
1187 1022 0
587 59 0
1151 181 0
1015 171 0
1204 441 0
412 150 0
1069 284 0
537 289 0
880 659 0
529 175 0
1215 753 0
975 822 0
339 182 0
854 378 0
736 187 0
452 190 0
1113 886 0
884 220 0
1412 607 0
1273 822 0
1098 72 0
310 159 0
1186 1185 0
1396 354 0
1403 213 0
1340 1245 0
952 744 0
1070 26 0
846 180 0
1031 313 0
1440 545 0
1457 1210 0
1186 176 0
1073 686 0
953 244 0
781 18 0
1149 780 0
1431 1181 0
947 522 0
1447 906 0
287 189 0
357 29 0
894 742 0
444 171 0
925 539 0
1158 191 0
633 356 0
1447 772 0
1456 727 0
385 290 0
1212 753 0
1039 267 0
494 302 0
794 790 0
884 459 0
1487 520 0
427 31 0
1299 521 0
1053 653 0
947 346 0
710 253 0
968 338 0
880 619 0
1382 17 0
1445 236 0
1297 201 0
522 6 0
1078 541 0
1218 1090 0
1081 288 0
1005 849 0
1252 93 0
1138 356 0
1345 823 0
1328 234 0
1466 713 0
951 236 0
1471 66 0
1413 1154 0
882 621 0
255 241 0
1105 632 0
1362 1193 0
556 224 0
1361 156 0
626 275 0
524 73 0
1426 224 0
1441 1435 0
1176 303 0
827 199 0
580 187 0
270 107 0
1207 765 0
1498 639 0
1469 1438 0
945 416 0
520 220 0
1037 825 0
362 278 0
1199 570 0
1444 846 0
1303 243 0
697 638 0
1284 937 0
1102 463 0
624 595 0
554 474 0
1064 98 0
376 312 0
1042 27 0
1094 141 0
1167 712 0
834 266 0
1226 1179 0
984 323 0
1042 740 0
1333 988 0
869 302 0
958 918 0
956 733 0
1199 461 0
1120 346 0
993 883 0
806 17 0
1119 642 0
949 538 0
1241 924 0
1234 154 0
1405 1402 0
1293 363 0
845 302 0
1347 1165 0
1060 144 0
1095 652 0
1104 745 0
301 285 0
1260 949 0
1235 830 0
1105 824 0
1315 651 0
604 208 0
414 301 0
920 200 0
1029 623 0
1294 953 0
1346 1093 0
1464 1057 0
1099 231 0
567 420 0
904 434 0
1456 913 0
1326 602 0
1439 293 0
928 744 0
401 393 0
1038 209 0
1327 824 0
1304 1012 0
594 315 0
1221 854 0
1062 121 0
1032 919 0
1030 717 0
58 17 0
137 35 0
185 78 0
307 80 0
1268 40 0
1249 361 0
1147 334 0
1044 785 0
1387 383 0
1219 646 0
1391 797 0
858 741 0
957 387 0
1226 238 0
797 453 0
1457 65 0
1350 1010 0
1205 317 0
1413 668 0
1156 407 0
1130 113 0
783 257 0
1223 1010 0
327 92 0
358 225 0
976 345 0
678 93 0
1272 1102 0
1442 37 0
1235 17 0
659 499 0
1443 206 0
1242 571 0
684 677 0
1475 319 0
951 131 0
1424 262 0
1116 148 0
1412 270 0
1306 217 0
696 679 0
1297 893 0
443 1 0
1183 716 0
969 847 0
911 747 0
1130 109 0
719 552 0
189 125 0
1014 10 0
1361 644 0
1145 768 0
1280 906 0
1050 1013 0
1191 166 0
1329 825 0
1433 1189 0
1370 128 0
1068 321 0
1374 367 0
1074 1056 0
1255 47 0
1313 279 0
672 261 0
1429 339 0
1286 134 0
1164 215 0
1350 918 0
807 784 0
1050 178 0
1132 1113 0
1066 451 0
734 506 0
1216 87 0
539 155 0
1216 126 0
249 178 0
1251 825 0
1412 797 0
312 310 0
589 338 0
1265 1022 0
1187 351 0
1409 543 0
677 675 0
762 406 0
1227 1031 0
518 140 0
459 350 0
633 487 0
1468 431 0
1168 816 0
1405 618 0
1278 228 0
1347 1017 0
1330 1215 0
1020 322 0
961 746 0
1161 525 0
1300 1096 0
1423 516 0
620 514 0
763 166 0
564 388 0
1364 1138 0
933 878 0
1340 400 0
1387 347 0
437 234 0
1243 36 0
1421 1161 0
733 439 0
948 946 0
1088 428 0
526 457 0
1165 807 0
1328 430 0
1335 817 0
1275 290 0
1405 325 0
1477 1251 0
1239 175 0
1045 931 0
1383 9 0
960 428 0
814 447 0
1198 1101 0
1400 815 0
1259 895 0
734 314 0
1186 309 0
1168 999 0
961 76 0
1409 1379 0
1297 780 0
734 392 0
783 220 0
1110 718 0
465 359 0
896 610 0
729 111 0
1495 1149 0
1157 1055 0
1196 171 0
1084 164 0
1271 823 0
736 474 0
832 416 0
1074 414 0
1472 199 0
648 491 0
1044 922 0
1206 827 0
1230 226 0
870 433 0
361 359 0
1474 1187 0
1480 1454 0
1446 383 0
1231 20 0
697 176 0
1119 102 0
796 578 0
1186 876 0
996 900 0
266 133 0
1395 127 0
1267 232 0
1141 974 0
1470 588 0
403 28 0
1354 290 0
1467 404 0
1225 789 0
1008 1003 0
1040 89 0
934 133 0
1248 845 0
1331 778 0
1423 52 0
1216 605 0
1480 1045 0
932 830 0
830 148 0
1208 45 0
1275 373 0
905 181 0
1178 107 0
1254 348 0
815 128 0
810 211 0
1434 695 0
1383 1210 0
1135 814 0
1104 413 0
813 649 0
1166 303 0
958 801 0
142 27 0
645 499 0
913 680 0
426 420 0
56 6 0
860 854 0
1297 600 0
1010 464 0
1349 761 0
555 509 0
577 127 0
1161 26 0
295 45 0
1345 1309 0
1137 631 0
978 85 0
503 445 0
711 506 0
579 387 0
1035 461 0
1375 1107 0
1381 329 0
1317 228 0
550 28 0
1311 219 0
1184 877 0
1261 482 0
831 803 0
1436 1010 0
839 343 0
1268 1023 0
1443 841 0
1058 483 0
444 258 0
138 99 0
1059 912 0
968 470 0
1304 894 0
1463 1020 0
715 667 0
1417 996 0
478 295 0
1363 579 0
1500 119 0
1428 145 0
952 89 0
898 21 0
215 97 0
1188 95 0
1068 296 0
1057 359 0
1028 574 0
895 750 0
778 489 0
1165 992 0
524 91 0
1417 129 0
838 729 0
982 740 0
1351 381 0
1186 77 0
573 209 0
1289 1018 0
529 124 0
724 681 0
1297 97 0
1184 139 0
1209 157 0
1066 929 0
1139 446 0
1404 860 0
949 565 0
1235 460 0
1259 244 0
866 799 0
1148 697 0
495 14 0
1247 683 0
1168 449 0
1286 785 0
671 303 0
485 407 0
683 56 0
1118 1031 0
917 202 0
1350 874 0
1235 144 0
776 402 0
530 146 0
494 134 0
426 279 0
1298 914 0
756 297 0
1358 162 0
1401 1308 0
1047 90 0
1131 713 0
1058 942 0
558 61 0
414 125 0
415 38 0
193 57 0
1035 577 0
1302 1073 0
1273 912 0
1349 1188 0
877 541 0
1366 117 0
1064 66 0
1460 938 0
1129 317 0
1257 784 0
350 276 0
1319 290 0
766 133 0
981 559 0
1148 217 0
1452 1253 0
1250 1191 0
1264 281 0
329 179 0
1321 396 0
1019 109 0
824 499 0
1159 397 0
870 373 0
1332 207 0
614 453 0
1370 113 0
1443 1255 0
740 548 0
1431 292 0
1456 831 0
1272 765 0
1224 683 0
1223 1026 0
1093 392 0
148 131 0
1057 224 0
283 125 0
1468 77 0
381 335 0
1288 1101 0
177 173 0
1373 21 0
20 13 0
997 320 0
978 383 0
1452 1408 0
559 134 0
555 348 0
1489 859 0
1434 406 0
1160 203 0
807 710 0
1074 805 0
1449 1110 0
424 355 0
1237 729 0
1316 472 0
135 109 0
1441 1093 0
1238 1194 0
1462 1075 0
1205 16 0
887 725 0
1179 593 0
633 83 0
899 887 0
511 495 0
693 149 0
847 783 0
638 75 0
1462 1313 0
866 113 0
212 202 0
1463 33 0
1320 344 0
1001 2 0
1416 190 0
1433 487 0
1144 367 0
1406 682 0
1365 1176 0
639 264 0
620 65 0
880 22 0
514 88 0
751 76 0
242 117 0
1412 1054 0
763 31 0
1461 1122 0
1133 552 0
689 469 0
1158 891 0
1439 219 0
1365 1043 0
1319 1199 0
796 678 0
1458 198 0
1490 502 0
1162 1099 0
535 476 0
1454 507 0
1449 602 0
576 119 0
1417 805 0
1264 85 0
1154 494 0
1330 20 0
1185 1023 0
628 604 0
1225 246 0
1012 795 0
896 271 0
1372 902 0
1341 74 0
1032 784 0
449 103 0
1362 761 0
903 458 0
884 818 0
1321 1138 0
1448 1272 0
1121 351 0
918 599 0
1387 329 0
936 218 0
582 422 0
559 285 0
869 725 0
560 527 0
1290 25 0
1021 93 0
428 170 0
1232 577 0
1171 1045 0
1480 761 0
933 96 0
677 638 0
1309 707 0
172 1 0
924 149 0
984 834 0
1027 56 0
1286 972 0
779 515 0
779 85 0
689 629 0
899 264 0
465 425 0
1136 196 0
1261 22 0
1401 200 0
1069 697 0
775 305 0
748 730 0
906 833 0
1214 1209 0
948 361 0
1065 49 0
1493 954 0
1101 317 0
743 67 0
1013 759 0
1181 273 0
1438 811 0
392 249 0
1158 172 0
833 131 0
782 693 0
900 55 0
850 396 0
1210 670 0
1333 688 0
1332 1078 0
935 449 0
373 202 0
369 309 0
1161 865 0
973 320 0
594 157 0
627 495 0
539 247 0
264 47 0
1239 873 0
944 4 0
793 620 0
335 146 0
347 37 0
1236 126 0
1116 258 0
324 273 0
703 138 0
1340 482 0
1064 131 0
1374 170 0
1272 1093 0
1133 940 0
991 749 0
259 167 0
1377 347 0
1338 838 0
888 742 0
1056 601 0
1150 907 0
565 418 0
1410 747 0
1209 609 0
675 231 0
1045 681 0
404 164 0
898 875 0
1219 83 0
673 412 0
936 591 0
881 389 0
1159 89 0
1227 144 0
942 636 0
1209 687 0
887 478 0
1460 550 0
1252 121 0
1131 817 0
1297 624 0
673 464 0
960 744 0
1028 479 0
1318 382 0
1380 220 0
1060 433 0
1178 595 0
1204 665 0
1383 10 0
508 332 0
727 265 0
1493 1166 0
37 28 0
1410 1101 0
664 412 0
1046 280 0
1467 372 0
1117 409 0
578 165 0
600 353 0
1457 520 0
1053 651 0
1304 1172 0
1176 473 0
1413 152 0
959 132 0
1473 37 0
1372 733 0
491 61 0
1097 714 0
1149 667 0
833 104 0
1458 134 0
364 21 0
430 321 0
1336 118 0
1120 835 0
1254 418 0
995 114 0
960 671 0
1353 105 0
1231 1224 0
953 197 0
1353 760 0
1123 614 0
1161 496 0
825 136 0
1081 436 0
592 326 0
1007 39 0
1236 561 0
478 304 0
1456 1187 0
992 852 0
1269 738 0
1368 1042 0
1379 1121 0
1239 414 0
1229 610 0
1464 284 0
703 240 0
766 191 0
769 422 0
612 172 0
847 731 0
881 343 0
1469 291 0
1404 961 0
321 239 0
950 304 0
806 313 0
1390 674 0
417 247 0
1247 1125 0
1232 1050 0
1198 243 0
812 442 0
1482 1336 0
599 54 0
1005 74 0
983 606 0
1373 586 0
1112 800 0
918 690 0
791 255 0
777 143 0
686 532 0
532 502 0
1462 385 0
1407 1023 0
1498 1105 0
622 155 0
568 157 0
879 345 0
872 320 0
1020 107 0
1244 506 0
820 744 0
876 319 0
1284 1279 0
1255 170 0
1190 316 0
1157 187 0
1322 501 0
853 276 0
782 738 0
968 830 0
1177 763 0
752 434 0
1138 620 0
387 370 0
1237 1076 0
967 903 0
1177 1163 0
360 158 0
1249 749 0
1410 939 0
775 66 0
1358 25 0
1372 136 0
580 88 0
1423 107 0
152 93 0
811 405 0
743 354 0
885 334 0
1302 1128 0
1449 10 0
1206 881 0
468 126 0
1226 1114 0
886 407 0
1278 779 0
773 457 0
537 25 0
341 147 0
1100 32 0
1107 199 0
1225 956 0
1332 303 0
525 145 0
1285 417 0
1030 320 0
1100 787 0
891 69 0
1091 130 0
726 38 0
733 486 0
1337 1046 0
353 282 0
418 54 0
1457 1000 0
1466 111 0
444 308 0
733 251 0
675 480 0
990 265 0
1494 775 0
557 135 0
436 199 0
455 191 0
1347 16 0
987 567 0
1356 1173 0
408 160 0
1123 674 0
1398 1173 0
1172 1113 0
492 15 0
1101 790 0
951 328 0
1500 335 0
787 347 0
1401 966 0
1314 262 0
1188 606 0
953 781 0
86 55 0
1396 196 0
673 338 0
363 334 0
1457 68 0
576 533 0
189 114 0
273 226 0
932 460 0
701 325 0
1027 75 0
926 110 0
895 235 0
1115 553 0
1031 550 0
608 208 0
1489 276 0
812 76 0
732 99 0
1111 223 0
608 429 0
1382 152 0
1214 951 0
1258 175 0
754 555 0
1411 135 0
1483 973 0
537 130 0
1213 778 0
1169 929 0
1094 154 0
1216 760 0
1035 478 0
1284 311 0
1269 658 0
974 539 0
1407 538 0
1283 508 0
1011 948 0
777 494 0
1462 52 0
1441 249 0
1208 805 0
832 708 0
1037 280 0
528 64 0
1030 792 0
1023 861 0
968 141 0
1263 906 0
190 86 0
1143 26 0
1123 334 0
1229 489 0
802 274 0
1352 950 0
1121 293 0
774 268 0
1455 42 0
695 677 0
1402 361 0
1033 916 0
1401 70 0
890 490 0
687 251 0
1152 1087 0
1319 656 0
455 207 0
854 767 0
720 520 0
900 596 0
789 227 0
592 223 0
159 42 0
1146 924 0
1193 1117 0
551 136 0
362 155 0
477 77 0
1113 568 0
1314 379 0
513 173 0
548 77 0
862 317 0
1331 1037 0
971 120 0
572 274 0
886 217 0
1241 521 0
446 200 0
1126 262 0
1123 500 0
1125 764 0
992 972 0
1432 1364 0
1318 478 0
262 91 0
1244 837 0
1394 577 0
893 767 0
1437 1019 0
714 154 0
1191 976 0
415 79 0
731 339 0
699 663 0
1263 826 0
915 309 0
787 546 0
1350 410 0
1440 1131 0
318 301 0
1444 215 0
361 218 0
919 27 0
1270 545 0
1035 844 0
1082 181 0
391 246 0
606 506 0
1170 222 0
1191 1143 0
1276 403 0
625 71 0
400 339 0
1198 965 0
1458 786 0
478 240 0
860 658 0
1351 672 0
1013 348 0
750 36 0
301 45 0
448 298 0
856 674 0
790 456 0
830 702 0
291 2 0
1208 1025 0
1144 294 0
1381 19 0
1136 745 0
1187 620 0
1321 1271 0
1192 478 0
89 86 0
1056 603 0
498 429 0
1085 828 0
1126 440 0
784 756 0
549 528 0
666 179 0
1497 1191 0
831 824 0
777 10 0
1198 103 0
757 618 0
911 900 0
1474 908 0
393 293 0
1362 871 0
701 258 0
495 61 0
1434 293 0
1106 681 0
932 255 0
708 366 0
1143 1042 0
290 63 0
1345 346 0
985 146 0
1172 915 0
987 288 0
687 325 0
742 595 0
991 247 0
1259 1183 0
894 192 0
1469 792 0
781 414 0
1189 276 0
465 272 0
1026 392 0
1188 620 0
952 824 0
1286 900 0
776 208 0
1216 1032 0
491 252 0
729 247 0
1278 736 0
1448 205 0
1011 246 0
1370 896 0
1381 938 0
17 9 0
708 605 0
406 302 0
1144 12 0
765 391 0
1405 24 0
181 27 0
1399 1267 0
838 699 0
710 427 0
515 453 0
1297 1149 0
1445 1361 0
1031 819 0
1264 663 0
675 389 0
482 380 0
1347 114 0
1228 203 0
1282 475 0
690 574 0
958 530 0
21 10 0
1398 973 0
1076 747 0
729 440 0
1160 242 0
1005 668 0
1246 448 0
989 781 0
821 575 0
1246 575 0
1216 1007 0
916 329 0
785 432 0
1437 2 0
754 28 0
805 711 0
1334 98 0
1127 329 0
1073 858 0
1429 1276 0
842 566 0
999 397 0
929 571 0
251 14 0
1205 859 0
1046 1028 0
1370 27 0
846 600 0
703 541 0
329 164 0
1278 386 0
704 39 0
1436 949 0
740 214 0
1013 301 0
1079 438 0
1248 172 0
578 282 0
1463 1258 0
1493 1085 0
1373 890 0
1174 169 0
908 790 0
508 285 0
1094 896 0
1180 356 0
952 348 0
856 272 0
646 585 0
1434 896 0
729 661 0
1061 773 0
901 91 0
1181 349 0
1090 764 0
139 30 0
495 489 0
906 353 0
857 728 0
860 356 0
964 10 0
352 134 0
1111 143 0
865 50 0
819 323 0
122 36 0
1382 874 0
1492 683 0
590 577 0
1345 323 0
1487 1306 0
1494 1331 0
971 245 0
891 545 0
498 249 0
1462 1295 0
1478 865 0
1074 431 0
792 558 0
599 499 0
983 664 0
1076 1017 0
1218 1103 0
1333 472 0
556 338 0
655 502 0
1340 609 0
744 675 0
1118 146 0
536 51 0
1137 500 0
1475 987 0
640 608 0
531 455 0
825 231 0
1039 720 0
545 235 0
589 307 0
1031 308 0
803 484 0
1468 376 0
1016 144 0
797 222 0
924 243 0
1351 276 0
939 700 0
865 606 0
1329 462 0
1426 1048 0
1173 194 0
1457 1351 0
870 708 0
539 93 0
1168 1125 0
539 167 0
774 235 0
1339 1055 0
1444 579 0
1073 885 0
894 536 0
358 215 0
448 280 0
856 188 0
733 663 0
695 133 0
1188 640 0
1272 21 0
883 24 0
1326 256 0
660 400 0
1193 352 0
1292 267 0
1211 490 0
1434 756 0
527 506 0
1023 947 0
834 312 0
1013 424 0
755 249 0
697 507 0
397 35 0
671 496 0
1115 262 0
669 13 0
1347 879 0
1238 342 0
1022 699 0
1168 1110 0
1172 644 0
1482 356 0
1471 533 0
1225 971 0
391 323 0
808 199 0
1428 172 0
797 377 0
1436 1008 0
1188 756 0
1189 221 0
1256 353 0
1359 441 0
770 95 0
1001 618 0
1034 672 0
637 160 0
1131 799 0
1454 1442 0
1049 295 0
248 176 0
665 267 0
1259 616 0
467 461 0
944 850 0
764 674 0
815 721 0
681 113 0
1454 1266 0
1307 804 0
1352 485 0
1116 708 0
1289 362 0
1322 716 0
710 130 0
1347 185 0
396 105 0
546 439 0
453 164 0
1489 1482 0
1307 1129 0
1272 291 0
1246 597 0
1146 150 0
1486 876 0
558 175 0
372 64 0
609 271 0
1261 510 0
101 19 0
1212 1045 0
1285 552 0
672 557 0
901 365 0
1367 745 0
1159 410 0
1181 656 0
539 160 0
1344 108 0
1126 115 0
1413 1375 0
1179 374 0
519 160 0
1190 440 0
946 141 0
879 186 0
993 516 0
1025 330 0
1034 828 0
1091 627 0
1013 307 0
732 283 0
751 590 0
579 44 0
1359 752 0
728 271 0
803 627 0
1409 317 0
949 114 0
1495 189 0
1412 1048 0
355 154 0
1281 1116 0
451 113 0
968 490 0
1126 454 0
1243 784 0
297 105 0
1248 426 0
1052 916 0
1164 409 0
1145 1051 0
504 34 0
1274 543 0
696 360 0
1071 530 0
389 249 0
1212 892 0
1482 556 0
1105 319 0
645 616 0
989 805 0
1325 423 0
990 573 0
1146 230 0
1166 377 0
1228 1145 0
1399 447 0
1049 641 0
407 42 0
1396 95 0
923 508 0
539 452 0
1160 1045 0
1027 405 0
1108 250 0
609 279 0
597 338 0
1147 109 0
1388 891 0
1210 87 0
653 77 0
998 449 0
1310 511 0
1431 697 0
1216 954 0
787 555 0
1483 352 0
840 486 0
757 187 0
1084 1068 0
1059 522 0
1245 785 0
830 52 0
1449 1129 0
787 604 0
1430 1302 0
1169 555 0
577 488 0
951 160 0
1237 1117 0
194 7 0
1325 140 0
1349 1346 0
1176 901 0
752 601 0
897 742 0
1324 917 0
960 538 0
1456 52 0
1199 546 0
376 106 0
549 331 0
436 126 0
1362 1327 0
326 42 0
1292 259 0
483 3 0
248 132 0
362 43 0
897 556 0
1112 879 0
1119 284 0
334 193 0
1387 895 0
1053 679 0
855 363 0
1314 1049 0
482 184 0
1031 740 0
623 234 0
1328 142 0
1049 586 0
1463 1311 0
1158 500 0
491 76 0
682 84 0
1464 1457 0
1412 519 0
1177 582 0
1421 1306 0
1090 495 0
1235 962 0
281 51 0
1174 60 0
1067 963 0
429 421 0
896 420 0
1171 665 0
496 59 0
966 391 0
1475 403 0
1217 1075 0
1478 118 0
209 55 0
1079 71 0
1024 1002 0
880 293 0
805 239 0
1132 358 0
1355 811 0
1017 791 0
895 246 0
833 416 0
966 686 0
1463 621 0
966 878 0
1182 609 0
1429 728 0
827 657 0
734 700 0
1349 651 0
1368 587 0
1437 331 0
1378 271 0
1003 314 0
980 680 0
1443 478 0
1344 1094 0
298 63 0
290 289 0
705 415 0
143 131 0
1251 1057 0
661 658 0
253 102 0
697 505 0
1219 708 0
915 657 0
1064 943 0
724 332 0
656 603 0
1472 573 0
1151 62 0
1060 678 0
926 356 0
1105 621 0
1434 797 0
103 70 0
1010 694 0
706 195 0
742 16 0
773 276 0
355 254 0
609 463 0
502 406 0
1064 74 0
1154 245 0
302 85 0
834 397 0
1191 933 0
418 403 0
1092 178 0
1200 332 0
1319 893 0
1276 715 0
1226 568 0
1492 349 0
934 132 0
312 82 0
1056 723 0
1500 1152 0
726 626 0
1019 971 0
690 89 0
1285 255 0
1377 278 0
1302 888 0
1210 706 0
1380 1361 0
688 292 0
1400 1369 0
461 279 0
1034 780 0
1445 158 0
764 146 0
1149 1080 0
988 137 0
1383 918 0
1188 794 0
1292 902 0
1044 365 0
1259 1179 0
787 47 0
535 148 0
1041 535 0
58 18 0
1337 906 0
1033 144 0
935 801 0
1373 475 0
1477 246 0
162 5 0
411 405 0
989 46 0
708 413 0
1349 290 0
794 36 0
1482 553 0
1020 650 0
541 215 0
653 406 0
871 772 0
710 616 0
1223 393 0
777 278 0
1043 89 0
757 669 0
1256 789 0
870 692 0
1409 178 0
1002 986 0
1359 150 0
1152 934 0
1274 380 0
1460 385 0
410 321 0
1275 717 0
1295 325 0
1111 391 0
508 54 0
1148 873 0
1083 65 0
532 505 0
1219 1202 0
1466 87 0
886 41 0
1031 814 0
731 674 0
859 274 0
1450 934 0
909 743 0
1079 36 0
787 524 0
1153 1120 0
645 125 0
1106 43 0
418 10 0
994 712 0
746 741 0
965 427 0
854 809 0
1249 1217 0
731 266 0
1434 848 0
970 608 0
650 310 0
1491 1341 0
569 403 0
1448 1275 0
1103 136 0
762 582 0
1083 983 0
380 267 0
929 862 0
647 57 0
223 78 0
1283 1026 0
1217 402 0
764 670 0
376 184 0
1158 634 0
1187 1155 0
1142 474 0
1400 479 0
706 48 0
1311 597 0
969 642 0
820 2 0
681 629 0
1223 502 0
1266 35 0
1092 1046 0
902 689 0
1461 777 0
1004 309 0
1324 1181 0
561 207 0
995 207 0
1441 1026 0
412 195 0
1485 68 0
645 115 0
1159 345 0
326 8 0
1131 244 0
1327 145 0
394 240 0
826 662 0
999 535 0
860 150 0
908 6 0
310 86 0
1466 95 0
1458 964 0
1433 1427 0
635 319 0
1266 471 0
867 455 0
1036 852 0
1437 1079 0
61 29 0
658 238 0
1008 856 0
904 674 0
570 280 0
1422 1200 0
574 13 0
799 606 0
878 42 0
404 298 0
899 320 0
855 698 0
761 48 0
1466 898 0
915 347 0
1362 1076 0
1291 802 0
996 348 0
544 278 0
650 269 0
1315 826 0
1058 190 0
720 103 0
1279 252 0
1001 770 0
575 123 0
1427 1189 0
602 209 0
1040 322 0
932 596 0
431 12 0
1042 41 0
1140 1136 0
1096 640 0
1379 490 0
1275 191 0
991 524 0
1493 833 0
143 24 0
1323 1009 0
388 87 0
910 418 0
490 122 0
853 737 0
857 771 0
1037 889 0
584 482 0
399 227 0
1438 51 0
798 363 0
762 604 0
1247 16 0
1324 1313 0
1048 429 0
973 361 0
717 457 0
1195 344 0
861 467 0
936 315 0
516 117 0
1269 16 0
1030 301 0
1162 427 0
817 361 0
136 108 0
1004 915 0
221 220 0
1000 714 0
998 395 0
263 160 0
713 637 0
1070 830 0
947 460 0
865 395 0
1368 1230 0
1277 652 0
1350 950 0
1488 181 0
1338 215 0
1283 1252 0
779 729 0
357 311 0
979 665 0
345 173 0
1107 430 0
1380 489 0
795 772 0
640 587 0
635 163 0
1228 376 0
822 310 0
1418 841 0
570 497 0
1423 333 0
660 553 0
586 426 0
889 669 0
696 517 0
1159 533 0
1336 895 0
744 373 0
1361 46 0
830 218 0
1204 445 0
597 452 0
564 494 0
915 722 0
1476 840 0
538 210 0
620 408 0
1259 53 0
947 127 0
715 640 0
548 177 0
1007 766 0
1318 55 0
1484 1186 0
1283 720 0
1465 153 0
603 444 0
955 212 0
760 741 0
364 149 0
1112 269 0
600 382 0
754 87 0
1256 1228 0
1072 984 0
1026 108 0
1500 668 0
833 43 0
1267 169 0
537 175 0
1175 572 0
901 247 0
803 127 0
1303 855 0
1284 309 0
762 488 0
1409 1386 0
1425 1185 0
1471 621 0
800 667 0
549 133 0
471 72 0
1286 738 0
1427 588 0
427 293 0
1029 126 0
1392 1380 0
739 217 0
1403 631 0
524 486 0
823 617 0
981 370 0
797 70 0
1116 194 0
546 372 0
1335 1304 0
232 14 0
989 4 0
484 196 0
1287 1217 0
1124 1110 0
1270 1162 0
476 138 0
1381 900 0
1034 964 0
1369 376 0
496 279 0
903 25 0
1290 124 0
409 312 0
1206 409 0
1401 934 0
623 512 0
931 25 0
1499 403 0
755 585 0
1387 150 0
1206 533 0
1056 660 0
1284 770 0
1315 274 0
1339 193 0
607 391 0
347 195 0
891 785 0
816 624 0
1380 146 0
921 237 0
1282 19 0
1462 337 0
513 94 0
815 576 0
1228 929 0
699 381 0
574 471 0
580 207 0
346 182 0
758 752 0
1072 917 0
1335 633 0
862 30 0
601 494 0
1226 793 0
1063 495 0
1108 17 0
1009 808 0
1304 73 0
952 929 0
480 271 0
757 88 0
560 349 0
1399 1138 0
349 254 0
826 135 0
1442 1 0
957 528 0
1161 109 0
1319 408 0
1328 132 0
864 762 0
1278 974 0
1423 492 0
1188 253 0
949 432 0
521 66 0
1319 578 0
1112 233 0
625 158 0
269 139 0
378 364 0
1474 118 0
902 716 0
710 465 0
1197 657 0
1394 474 0
1315 961 0
457 369 0
1183 908 0
628 532 0
663 83 0
1404 826 0
841 729 0
394 25 0
1447 227 0
1178 1022 0
1494 780 0
876 160 0
702 619 0
1315 778 0
536 156 0
1113 949 0
1059 526 0
263 190 0
639 139 0
1422 9 0
583 310 0
1465 889 0
1007 829 0
854 557 0
1489 1387 0
1076 301 0
812 269 0
889 633 0
1289 175 0
1446 658 0
701 364 0
1072 195 0
240 209 0
1375 611 0
1242 538 0
705 75 0
1273 410 0
86 50 0
807 182 0
1213 440 0
1181 1087 0
801 122 0
1496 29 0
1374 774 0
358 163 0
531 209 0
941 575 0
1118 89 0
592 423 0
1137 554 0
1014 320 0
831 138 0
1094 833 0
1429 294 0
1191 605 0
1084 7 0
978 599 0
1441 671 0
1401 1026 0
612 584 0
1388 108 0
461 373 0
1234 579 0
1408 823 0
1450 703 0
907 696 0
487 233 0
1217 443 0
911 684 0
942 423 0
843 10 0
1492 128 0
1236 393 0
839 766 0
1368 516 0
1286 1119 0
993 323 0
717 716 0
813 810 0
1156 179 0
1344 732 0
1299 1173 0
1423 398 0
873 374 0
1220 369 0
1096 466 0
1391 642 0
450 116 0
1018 182 0
1287 698 0
759 740 0
848 459 0
1367 597 0
1449 76 0
678 475 0
1315 662 0
824 755 0
835 45 0
984 457 0
1228 1097 0
1258 659 0
1295 550 0
1221 1212 0
932 169 0
373 213 0
1059 465 0
530 132 0
1060 848 0
1279 281 0
970 872 0
466 408 0
1095 945 0
623 285 0
1497 751 0
1499 765 0
1369 1091 0
1096 136 0
1286 587 0
1441 725 0
1495 599 0
1034 147 0
641 637 0
844 378 0
834 198 0
518 96 0
1082 817 0
427 137 0
973 582 0
1366 994 0
1072 769 0
462 323 0
1099 394 0
765 70 0
1306 271 0
1440 1036 0
850 799 0
764 713 0
336 213 0
1359 380 0
1489 1335 0
1027 184 0
1436 1168 0
1085 177 0
1201 4 0
1436 852 0
946 722 0
1037 78 0
1011 13 0
554 349 0
954 76 0
1007 597 0
1172 1089 0
1149 432 0
1314 12 0
1438 1040 0
1260 366 0
809 569 0
93 15 0
540 447 0
529 79 0
1076 659 0
711 103 0
1219 687 0
1320 224 0
1486 1025 0
1148 991 0
472 216 0
743 110 0
1196 954 0
1438 892 0
727 215 0
493 272 0
1375 193 0
1305 975 0
1297 1279 0
1308 430 0
598 79 0
718 664 0
700 214 0
815 86 0
1193 1181 0
1226 548 0
1427 1025 0
709 255 0
993 777 0
1365 1023 0
1445 926 0
1281 310 0
1368 1122 0
372 312 0
1385 1030 0
888 521 0
802 347 0
1079 126 0
537 240 0
781 550 0
490 235 0
714 700 0
1077 1033 0
1292 1205 0
581 8 0
1299 1002 0
1383 690 0
1492 537 0
1072 1052 0
1164 440 0
1302 324 0
1227 1100 0
1367 1176 0
1478 97 0
1473 308 0
1026 459 0
1202 517 0
1402 63 0
1247 136 0
435 189 0
1260 204 0
1184 134 0
1352 1078 0
1103 1008 0
1241 61 0
1227 908 0
1416 653 0
1477 399 0
654 326 0
227 36 0
741 651 0
817 255 0
749 607 0
1307 1274 0
309 145 0
947 939 0
1075 772 0
1417 526 0
939 568 0
253 133 0
1059 133 0
578 568 0
1253 640 0
865 722 0
526 96 0
1224 250 0
1342 271 0
1312 28 0
1105 190 0
1055 364 0
1382 1 0
752 299 0
521 406 0
1499 1452 0
1335 439 0
1345 1056 0
872 413 0
1243 755 0
1323 104 0
1090 69 0
1263 1183 0
238 204 0
1361 1106 0
1469 63 0
1329 465 0
1396 332 0
902 112 0
825 302 0
1309 1029 0
1301 1177 0
863 51 0
770 597 0
1424 504 0
268 168 0
1158 658 0
249 102 0
1253 35 0
949 87 0
1335 335 0
740 303 0
1418 954 0
1204 147 0
1054 1046 0
203 79 0
838 782 0
808 62 0
1360 1152 0
1209 878 0
1482 708 0
1165 1160 0
638 633 0
1245 1205 0
1189 1121 0
137 72 0
1211 558 0
969 609 0
1402 1171 0
193 36 0
1272 877 0
1200 321 0
1315 1242 0
347 235 0
1425 1201 0
1231 1161 0
438 329 0
1064 184 0
1256 843 0
1327 253 0
1425 365 0
1057 974 0
256 193 0
1342 126 0
570 384 0
1085 494 0
1357 286 0
1014 43 0
1352 812 0
1204 743 0
498 89 0
1335 1120 0
753 234 0
809 526 0
1045 994 0
1407 1058 0
821 24 0
564 72 0
824 22 0
631 390 0
595 525 0
234 42 0
1355 1037 0
1444 104 0
418 250 0
1276 98 0
1166 337 0
605 486 0
719 368 0
834 433 0
1458 604 0
553 115 0
1346 1083 0
1480 898 0
1451 230 0
1462 367 0
1061 980 0
1305 1053 0
961 91 0
845 123 0
955 673 0
1081 1078 0
505 202 0
1216 334 0
1350 1040 0
1161 154 0
1103 854 0
505 201 0
1290 519 0
1376 1114 0
808 271 0
1420 1190 0
1396 486 0
498 131 0
1364 473 0
1457 556 0
1369 610 0
989 384 0
498 50 0
387 5 0
1293 880 0
363 162 0
674 382 0
1115 767 0
285 97 0
563 522 0
1067 858 0
1099 265 0
1421 1241 0
1435 1395 0
1385 1311 0
832 50 0
995 16 0
1474 1170 0
1473 47 0
756 58 0
1131 712 0
1500 1347 0
908 800 0
1499 792 0
893 396 0
1215 837 0
691 634 0
710 510 0
1313 485 0
311 32 0
621 319 0
1165 200 0
1036 778 0
795 697 0
1227 465 0
710 674 0
874 412 0
1399 1362 0
1322 468 0
919 424 0
185 145 0
803 576 0
1432 617 0
1433 1100 0
682 32 0
1315 436 0
710 579 0
1205 867 0
1289 486 0
657 359 0
1422 817 0
836 672 0
1255 680 0
779 104 0
1183 1008 0
362 37 0
1498 106 0
1370 903 0
797 101 0
1251 288 0
1405 312 0
1010 192 0
824 688 0
898 208 0
1285 529 0
1478 246 0
1144 1056 0
416 289 0
1379 358 0
903 651 0
1008 997 0
1391 735 0
1208 926 0
909 501 0
1322 903 0
1387 487 0
560 342 0
104 62 0
1065 826 0
1405 680 0
665 391 0
957 582 0
657 586 0
1420 690 0
1233 1107 0
1353 1103 0
1465 883 0
1167 624 0
1212 11 0
735 285 0
828 165 0
1095 1000 0
1248 1120 0
1168 256 0
1416 476 0
984 563 0
1143 375 0
1036 505 0
1068 692 0
983 322 0
1374 679 0
1469 96 0
812 608 0
1052 531 0
861 788 0
408 188 0
888 660 0
1027 630 0
421 128 0
1387 88 0
888 107 0
787 123 0
773 359 0
1104 710 0
628 157 0
1455 993 0
900 203 0
547 429 0
1113 453 0
188 112 0
916 369 0
1387 35 0
1111 874 0
395 80 0
1022 783 0
999 784 0
1060 491 0
331 79 0
1439 619 0
150 82 0
1499 848 0
1311 12 0
1476 874 0
1317 92 0
764 34 0
825 73 0
1499 1298 0
1171 441 0
1317 276 0
1441 208 0
1026 445 0
529 497 0
673 519 0
1284 774 0
1224 814 0
920 571 0
1235 782 0
258 42 0
1070 744 0
723 452 0
319 41 0
1408 934 0
452 133 0
1156 363 0
1462 1036 0
1117 918 0
305 49 0
1010 801 0
1165 579 0
1471 200 0
1021 756 0
436 422 0
1280 1098 0
990 886 0
1387 359 0
1490 1278 0
1288 1008 0
1258 11 0
1162 1088 0
1074 42 0
1190 491 0
403 153 0
1197 173 0
1367 413 0
1346 66 0
830 712 0
688 532 0
1046 1040 0
869 581 0
1272 643 0
1272 156 0
925 883 0
1166 838 0
1349 968 0
1480 1073 0
1121 877 0
910 347 0
207 149 0
190 141 0
1478 398 0
1485 767 0
1039 137 0
365 285 0
1266 1144 0
1435 264 0
1434 453 0
1259 156 0
1215 1096 0
1182 199 0
833 682 0
623 506 0
756 201 0
925 710 0
1349 511 0
445 289 0
652 546 0
518 19 0
819 665 0
1233 336 0
1011 710 0
218 187 0
946 944 0
1370 1117 0
1186 958 0
689 596 0
1352 744 0
651 168 0
1141 698 0
1368 273 0
678 184 0
1116 407 0
1355 217 0
1240 385 0
1174 432 0
1095 75 0
1164 466 0
1092 825 0
736 114 0
769 139 0
590 355 0
1111 730 0
989 740 0
958 931 0
1446 16 0
746 669 0
1056 1021 0
524 76 0
908 366 0
1337 3 0
1339 722 0
1359 33 0
1354 781 0
669 509 0
1218 158 0
1000 547 0
960 855 0
1034 877 0
1193 279 0
1491 776 0
836 791 0
1371 1347 0
1108 524 0
542 246 0
1085 587 0
604 130 0
1221 657 0
539 440 0
1248 165 0
1425 895 0
939 113 0
1380 427 0
1012 918 0
1363 978 0
763 137 0
935 232 0
418 63 0
1303 95 0
1071 592 0
999 531 0
1500 1410 0
836 659 0
776 691 0
914 264 0
1071 207 0
1444 259 0
1354 950 0
1438 510 0
956 224 0
1008 370 0
1432 359 0
1270 146 0
810 324 0
1018 787 0
1380 867 0
1354 72 0
1183 1070 0
1075 220 0
1457 340 0
846 682 0
972 765 0
873 582 0
616 188 0
1403 1005 0
616 526 0
980 352 0
776 314 0
744 477 0
645 251 0
1322 850 0
1245 999 0
1287 1022 0
454 366 0
1467 888 0
501 303 0
1163 311 0
1413 414 0
1444 200 0
1086 265 0
818 216 0
927 437 0
994 560 0
198 123 0
1231 8 0
1423 102 0
1394 869 0
1051 1031 0
1088 466 0
926 700 0
994 22 0
1378 569 0
1342 1218 0
1322 976 0
192 14 0
1237 796 0
1459 2 0
998 724 0
1460 622 0
664 76 0
1188 612 0
1280 892 0
1411 285 0
910 334 0
1358 872 0
1379 842 0
1038 897 0
978 251 0
1287 1157 0
960 544 0
1461 235 0
291 286 0
