1500 7000 
1 52 
2 107 
3 66 
4 108 
5 115 
6 148 
7 66 
8 99 
9 137 
10 65 
11 121 
12 138 
13 67 
14 108 
15 43 
16 126 
17 21 
18 96 
19 99 
20 127 
21 22 
22 28 
23 108 
24 148 
25 39 
26 14 
27 24 
28 116 
29 46 
30 21 
31 69 
32 88 
33 118 
34 126 
35 47 
36 84 
37 124 
38 104 
39 33 
40 111 
41 19 
42 144 
43 99 
44 76 
45 103 
46 132 
47 53 
48 114 
49 79 
50 142 
51 92 
52 91 
53 20 
54 51 
55 90 
56 50 
57 55 
58 105 
59 16 
60 91 
61 116 
62 75 
63 30 
64 85 
65 52 
66 67 
67 19 
68 26 
69 21 
70 42 
71 128 
72 31 
73 37 
74 77 
75 97 
76 131 
77 60 
78 140 
79 95 
80 129 
81 132 
82 38 
83 71 
84 143 
85 79 
86 12 
87 44 
88 125 
89 107 
90 50 
91 66 
92 74 
93 116 
94 87 
95 10 
96 18 
97 144 
98 19 
99 35 
100 16 
101 52 
102 13 
103 38 
104 80 
105 81 
106 125 
107 61 
108 131 
109 116 
110 147 
111 111 
112 99 
113 35 
114 33 
115 93 
116 105 
117 36 
118 127 
119 80 
120 134 
121 28 
122 137 
123 58 
124 134 
125 74 
126 58 
127 143 
128 69 
129 68 
130 28 
131 76 
132 111 
133 31 
134 104 
135 41 
136 102 
137 79 
138 92 
139 84 
140 46 
141 89 
142 46 
143 135 
144 115 
145 70 
146 79 
147 70 
148 96 
149 56 
150 140 
151 80 
152 74 
153 127 
154 129 
155 59 
156 51 
157 38 
158 52 
159 110 
160 96 
161 71 
162 36 
163 57 
164 92 
165 131 
166 88 
167 45 
168 60 
169 31 
170 120 
171 97 
172 110 
173 16 
174 83 
175 75 
176 76 
177 12 
178 135 
179 23 
180 58 
181 126 
182 93 
183 123 
184 103 
185 72 
186 33 
187 145 
188 101 
189 76 
190 106 
191 47 
192 137 
193 133 
194 95 
195 80 
196 114 
197 34 
198 115 
199 25 
200 55 
201 85 
202 112 
203 16 
204 92 
205 45 
206 81 
207 18 
208 47 
209 67 
210 32 
211 96 
212 43 
213 115 
214 70 
215 137 
216 38 
217 94 
218 132 
219 129 
220 20 
221 88 
222 27 
223 147 
224 71 
225 112 
226 77 
227 36 
228 137 
229 43 
230 51 
231 42 
232 119 
233 14 
234 49 
235 61 
236 49 
237 120 
238 70 
239 87 
240 38 
241 92 
242 34 
243 72 
244 58 
245 95 
246 59 
247 86 
248 39 
249 42 
250 65 
251 49 
252 121 
253 82 
254 47 
255 43 
256 45 
257 115 
258 69 
259 32 
260 148 
261 111 
262 65 
263 117 
264 115 
265 104 
266 29 
267 15 
268 75 
269 89 
270 93 
271 104 
272 32 
273 117 
274 26 
275 80 
276 63 
277 76 
278 17 
279 92 
280 109 
281 72 
282 132 
283 80 
284 145 
285 29 
286 114 
287 41 
288 134 
289 33 
290 64 
291 133 
292 134 
293 119 
294 101 
295 100 
296 74 
297 120 
298 105 
299 139 
300 60 
301 48 
302 94 
303 82 
304 16 
305 111 
306 13 
307 69 
308 37 
309 20 
310 12 
311 137 
312 83 
313 135 
314 68 
315 79 
316 15 
317 32 
318 110 
319 140 
320 55 
321 24 
322 123 
323 40 
324 134 
325 74 
326 131 
327 58 
328 45 
329 86 
330 48 
331 95 
332 125 
333 132 
334 28 
335 131 
336 93 
337 32 
338 51 
339 121 
340 42 
341 54 
342 109 
343 116 
344 39 
345 27 
346 45 
347 44 
348 49 
349 146 
350 34 
351 95 
352 20 
353 148 
354 126 
355 144 
356 73 
357 107 
358 53 
359 108 
360 44 
361 92 
362 54 
363 19 
364 74 
365 73 
366 141 
367 18 
368 95 
369 42 
370 130 
371 128 
372 86 
373 89 
374 94 
375 116 
376 106 
377 130 
378 10 
379 146 
380 126 
381 35 
382 91 
383 137 
384 33 
385 67 
386 132 
387 96 
388 25 
389 35 
390 55 
391 59 
392 117 
393 99 
394 68 
395 42 
396 23 
397 60 
398 51 
399 108 
400 92 
401 32 
402 87 
403 29 
404 111 
405 31 
406 135 
407 68 
408 12 
409 136 
410 64 
411 128 
412 21 
413 146 
414 115 
415 45 
416 63 
417 97 
418 131 
419 78 
420 123 
421 37 
422 128 
423 91 
424 127 
425 47 
426 124 
427 140 
428 97 
429 25 
430 99 
431 40 
432 48 
433 36 
434 60 
435 149 
436 58 
437 45 
438 68 
439 60 
440 32 
441 123 
442 39 
443 43 
444 119 
445 145 
446 78 
447 33 
448 92 
449 60 
450 102 
451 66 
452 88 
453 80 
454 147 
455 65 
456 117 
457 121 
458 56 
459 64 
460 137 
461 145 
462 94 
463 35 
464 32 
465 145 
466 35 
467 80 
468 40 
469 94 
470 131 
471 63 
472 67 
473 20 
474 96 
475 37 
476 15 
477 25 
478 61 
479 98 
480 76 
481 13 
482 14 
483 14 
484 83 
485 12 
486 70 
487 51 
488 124 
489 116 
490 105 
491 112 
492 111 
493 50 
494 137 
495 134 
496 45 
497 23 
498 64 
499 76 
500 107 
501 45 
502 129 
503 25 
504 56 
505 76 
506 53 
507 62 
508 92 
509 104 
510 10 
511 18 
512 108 
513 15 
514 22 
515 42 
516 18 
517 83 
518 83 
519 132 
520 49 
521 39 
522 95 
523 11 
524 80 
525 82 
526 135 
527 115 
528 96 
529 50 
530 42 
531 53 
532 85 
533 22 
534 69 
535 132 
536 88 
537 113 
538 44 
539 31 
540 68 
541 44 
542 39 
543 26 
544 50 
545 52 
546 58 
547 58 
548 125 
549 131 
550 41 
551 24 
552 21 
553 126 
554 25 
555 91 
556 59 
557 11 
558 57 
559 145 
560 51 
561 90 
562 49 
563 127 
564 102 
565 109 
566 109 
567 41 
568 72 
569 143 
570 62 
571 130 
572 38 
573 91 
574 146 
575 79 
576 134 
577 55 
578 127 
579 109 
580 37 
581 19 
582 123 
583 48 
584 135 
585 139 
586 129 
587 45 
588 141 
589 36 
590 40 
591 42 
592 117 
593 79 
594 19 
595 69 
596 39 
597 119 
598 101 
599 101 
600 113 
601 13 
602 81 
603 141 
604 95 
605 78 
606 70 
607 79 
608 123 
609 48 
610 38 
611 11 
612 57 
613 12 
614 49 
615 43 
616 142 
617 29 
618 78 
619 133 
620 56 
621 109 
622 25 
623 23 
624 39 
625 35 
626 82 
627 68 
628 145 
629 33 
630 19 
631 108 
632 37 
633 91 
634 100 
635 122 
636 20 
637 21 
638 52 
639 134 
640 60 
641 80 
642 135 
643 108 
644 82 
645 34 
646 141 
647 75 
648 54 
649 70 
650 58 
651 100 
652 29 
653 74 
654 113 
655 58 
656 100 
657 46 
658 117 
659 95 
660 70 
661 126 
662 54 
663 97 
664 68 
665 145 
666 70 
667 78 
668 16 
669 112 
670 62 
671 66 
672 43 
673 48 
674 25 
675 115 
676 73 
677 16 
678 41 
679 117 
680 77 
681 89 
682 67 
683 96 
684 13 
685 31 
686 145 
687 103 
688 67 
689 112 
690 49 
691 128 
692 89 
693 93 
694 75 
695 148 
696 88 
697 136 
698 77 
699 95 
700 98 
701 130 
702 12 
703 131 
704 28 
705 27 
706 97 
707 91 
708 34 
709 128 
710 58 
711 101 
712 68 
713 116 
714 48 
715 71 
716 137 
717 43 
718 25 
719 55 
720 146 
721 65 
722 33 
723 86 
724 149 
725 99 
726 85 
727 87 
728 85 
729 12 
730 33 
731 34 
732 132 
733 35 
734 16 
735 11 
736 53 
737 103 
738 92 
739 77 
740 82 
741 141 
742 29 
743 140 
744 108 
745 67 
746 62 
747 96 
748 101 
749 78 
750 141 
751 98 
752 133 
753 25 
754 34 
755 132 
756 115 
757 109 
758 70 
759 51 
760 112 
761 94 
762 75 
763 94 
764 120 
765 81 
766 96 
767 23 
768 35 
769 39 
770 91 
771 108 
772 30 
773 110 
774 99 
775 129 
776 27 
777 11 
778 75 
779 119 
780 80 
781 66 
782 67 
783 63 
784 82 
785 91 
786 46 
787 47 
788 51 
789 106 
790 88 
791 13 
792 50 
793 14 
794 98 
795 21 
796 85 
797 45 
798 34 
799 111 
800 74 
801 116 
802 69 
803 95 
804 76 
805 19 
806 74 
807 94 
808 20 
809 139 
810 63 
811 90 
812 56 
813 121 
814 144 
815 128 
816 62 
817 40 
818 25 
819 104 
820 137 
821 104 
822 108 
823 38 
824 108 
825 57 
826 49 
827 44 
828 92 
829 74 
830 145 
831 16 
832 40 
833 65 
834 101 
835 107 
836 74 
837 25 
838 51 
839 85 
840 14 
841 105 
842 26 
843 60 
844 76 
845 21 
846 39 
847 129 
848 51 
849 55 
850 84 
851 39 
852 149 
853 42 
854 68 
855 107 
856 90 
857 108 
858 141 
859 32 
860 32 
861 137 
862 38 
863 63 
864 52 
865 130 
866 20 
867 117 
868 146 
869 62 
870 53 
871 11 
872 18 
873 69 
874 62 
875 84 
876 80 
877 91 
878 64 
879 122 
880 136 
881 138 
882 12 
883 135 
884 31 
885 70 
886 93 
887 112 
888 29 
889 84 
890 134 
891 52 
892 71 
893 23 
894 105 
895 114 
896 144 
897 116 
898 82 
899 140 
900 28 
901 125 
902 141 
903 36 
904 44 
905 53 
906 111 
907 115 
908 134 
909 26 
910 87 
911 121 
912 15 
913 89 
914 107 
915 37 
916 10 
917 50 
918 139 
919 29 
920 124 
921 123 
922 71 
923 46 
924 137 
925 27 
926 11 
927 131 
928 133 
929 83 
930 121 
931 12 
932 58 
933 112 
934 39 
935 92 
936 16 
937 141 
938 58 
939 141 
940 17 
941 135 
942 112 
943 22 
944 75 
945 69 
946 49 
947 75 
948 109 
949 39 
950 95 
951 84 
952 12 
953 17 
954 120 
955 139 
956 35 
957 122 
958 121 
959 18 
960 55 
961 92 
962 21 
963 103 
964 55 
965 50 
966 46 
967 61 
968 41 
969 94 
970 52 
971 49 
972 80 
973 15 
974 62 
975 145 
976 75 
977 101 
978 71 
979 34 
980 131 
981 17 
982 109 
983 133 
984 24 
985 80 
986 123 
987 49 
988 52 
989 94 
990 58 
991 97 
992 37 
993 70 
994 51 
995 82 
996 110 
997 88 
998 134 
999 142 
1000 33 
1001 37 
1002 41 
1003 103 
1004 42 
1005 93 
1006 99 
1007 107 
1008 45 
1009 20 
1010 132 
1011 26 
1012 28 
1013 91 
1014 10 
1015 43 
1016 22 
1017 124 
1018 83 
1019 64 
1020 69 
1021 131 
1022 12 
1023 96 
1024 51 
1025 54 
1026 29 
1027 12 
1028 132 
1029 13 
1030 145 
1031 15 
1032 40 
1033 36 
1034 109 
1035 73 
1036 120 
1037 58 
1038 31 
1039 16 
1040 69 
1041 13 
1042 33 
1043 88 
1044 95 
1045 34 
1046 121 
1047 108 
1048 148 
1049 54 
1050 22 
1051 67 
1052 36 
1053 25 
1054 14 
1055 78 
1056 69 
1057 33 
1058 80 
1059 52 
1060 37 
1061 76 
1062 57 
1063 68 
1064 103 
1065 17 
1066 131 
1067 73 
1068 66 
1069 13 
1070 80 
1071 125 
1072 17 
1073 104 
1074 63 
1075 102 
1076 128 
1077 35 
1078 60 
1079 127 
1080 79 
1081 73 
1082 45 
1083 105 
1084 89 
1085 49 
1086 33 
1087 148 
1088 73 
1089 104 
1090 50 
1091 101 
1092 30 
1093 98 
1094 19 
1095 123 
1096 106 
1097 141 
1098 47 
1099 22 
1100 144 
1101 118 
1102 138 
1103 11 
1104 72 
1105 51 
1106 104 
1107 51 
1108 76 
1109 15 
1110 28 
1111 146 
1112 79 
1113 63 
1114 102 
1115 18 
1116 103 
1117 126 
1118 17 
1119 27 
1120 80 
1121 58 
1122 118 
1123 101 
1124 147 
1125 128 
1126 75 
1127 103 
1128 120 
1129 113 
1130 115 
1131 114 
1132 81 
1133 103 
1134 116 
1135 144 
1136 145 
1137 71 
1138 45 
1139 72 
1140 77 
1141 63 
1142 68 
1143 146 
1144 117 
1145 21 
1146 15 
1147 70 
1148 137 
1149 22 
1150 87 
1151 68 
1152 70 
1153 56 
1154 20 
1155 68 
1156 34 
1157 85 
1158 21 
1159 144 
1160 49 
1161 126 
1162 109 
1163 121 
1164 80 
1165 76 
1166 115 
1167 76 
1168 138 
1169 11 
1170 138 
1171 65 
1172 64 
1173 57 
1174 62 
1175 32 
1176 68 
1177 68 
1178 92 
1179 56 
1180 81 
1181 30 
1182 114 
1183 142 
1184 76 
1185 124 
1186 60 
1187 101 
1188 60 
1189 71 
1190 96 
1191 99 
1192 48 
1193 56 
1194 70 
1195 119 
1196 122 
1197 36 
1198 45 
1199 111 
1200 37 
1201 34 
1202 27 
1203 92 
1204 82 
1205 80 
1206 114 
1207 141 
1208 138 
1209 57 
1210 47 
1211 70 
1212 77 
1213 11 
1214 62 
1215 144 
1216 126 
1217 112 
1218 96 
1219 36 
1220 34 
1221 42 
1222 126 
1223 72 
1224 88 
1225 47 
1226 41 
1227 61 
1228 73 
1229 77 
1230 23 
1231 101 
1232 101 
1233 40 
1234 43 
1235 33 
1236 110 
1237 148 
1238 24 
1239 99 
1240 55 
1241 61 
1242 19 
1243 123 
1244 63 
1245 71 
1246 118 
1247 39 
1248 34 
1249 64 
1250 66 
1251 58 
1252 97 
1253 42 
1254 121 
1255 36 
1256 79 
1257 12 
1258 88 
1259 143 
1260 80 
1261 101 
1262 94 
1263 31 
1264 131 
1265 127 
1266 54 
1267 92 
1268 125 
1269 69 
1270 41 
1271 31 
1272 121 
1273 50 
1274 144 
1275 34 
1276 111 
1277 113 
1278 64 
1279 135 
1280 28 
1281 120 
1282 44 
1283 115 
1284 13 
1285 15 
1286 142 
1287 82 
1288 18 
1289 80 
1290 76 
1291 88 
1292 32 
1293 20 
1294 109 
1295 14 
1296 137 
1297 14 
1298 96 
1299 113 
1300 73 
1301 127 
1302 134 
1303 44 
1304 27 
1305 129 
1306 69 
1307 129 
1308 92 
1309 123 
1310 115 
1311 111 
1312 94 
1313 149 
1314 77 
1315 98 
1316 14 
1317 69 
1318 31 
1319 22 
1320 140 
1321 97 
1322 100 
1323 23 
1324 107 
1325 60 
1326 27 
1327 94 
1328 64 
1329 113 
1330 58 
1331 128 
1332 90 
1333 43 
1334 23 
1335 108 
1336 22 
1337 82 
1338 87 
1339 105 
1340 56 
1341 53 
1342 66 
1343 141 
1344 52 
1345 134 
1346 89 
1347 57 
1348 53 
1349 111 
1350 69 
1351 44 
1352 58 
1353 20 
1354 57 
1355 15 
1356 71 
1357 75 
1358 100 
1359 125 
1360 38 
1361 148 
1362 104 
1363 119 
1364 42 
1365 117 
1366 77 
1367 54 
1368 50 
1369 15 
1370 10 
1371 97 
1372 58 
1373 67 
1374 88 
1375 100 
1376 51 
1377 28 
1378 147 
1379 95 
1380 129 
1381 67 
1382 129 
1383 38 
1384 78 
1385 37 
1386 43 
1387 139 
1388 102 
1389 134 
1390 115 
1391 131 
1392 133 
1393 70 
1394 100 
1395 25 
1396 37 
1397 27 
1398 70 
1399 78 
1400 32 
1401 70 
1402 25 
1403 80 
1404 128 
1405 104 
1406 31 
1407 29 
1408 123 
1409 29 
1410 114 
1411 103 
1412 87 
1413 94 
1414 131 
1415 15 
1416 122 
1417 24 
1418 145 
1419 75 
1420 148 
1421 111 
1422 56 
1423 132 
1424 31 
1425 146 
1426 147 
1427 59 
1428 24 
1429 67 
1430 128 
1431 47 
1432 128 
1433 144 
1434 117 
1435 106 
1436 99 
1437 139 
1438 126 
1439 72 
1440 19 
1441 91 
1442 25 
1443 96 
1444 36 
1445 146 
1446 102 
1447 148 
1448 21 
1449 98 
1450 74 
1451 20 
1452 59 
1453 120 
1454 142 
1455 81 
1456 117 
1457 140 
1458 131 
1459 131 
1460 57 
1461 110 
1462 28 
1463 36 
1464 104 
1465 136 
1466 132 
1467 53 
1468 126 
1469 109 
1470 115 
1471 135 
1472 50 
1473 131 
1474 82 
1475 76 
1476 128 
1477 34 
1478 75 
1479 140 
1480 122 
1481 139 
1482 10 
1483 32 
1484 110 
1485 143 
1486 104 
1487 77 
1488 134 
1489 85 
1490 59 
1491 41 
1492 45 
1493 78 
1494 68 
1495 140 
1496 64 
1497 50 
1498 43 
1499 41 
1500 149 
1 181 0
1 1294 0
181 1139 0
1294 1211 0
1 956 0
1139 225 0
1139 1158 0
225 898 0
1139 518 0
1211 1477 0
225 1065 0
1294 276 0
181 266 0
1158 628 0
956 1188 0
225 613 0
628 1051 0
1211 822 0
898 1459 0
225 1029 0
276 1446 0
1051 399 0
613 1048 0
1029 298 0
181 529 0
1211 1112 0
181 649 0
529 299 0
1051 758 0
822 52 0
518 68 0
266 343 0
298 1060 0
529 326 0
298 221 0
343 485 0
1211 1114 0
399 1286 0
1051 689 0
1139 767 0
1060 398 0
1065 1313 0
758 317 0
1211 480 0
343 1058 0
613 67 0
221 1178 0
266 763 0
529 95 0
485 349 0
1477 962 0
758 495 0
399 248 0
1065 1292 0
326 435 0
399 678 0
343 1006 0
1446 411 0
495 681 0
485 928 0
1065 1406 0
1313 1396 0
763 1389 0
68 461 0
181 348 0
485 353 0
681 188 0
689 471 0
1029 1155 0
1188 1346 0
1158 914 0
758 971 0
298 1113 0
1346 356 0
822 1483 0
353 642 0
1313 828 0
343 486 0
1313 1301 0
495 823 0
276 315 0
353 89 0
299 583 0
343 923 0
822 866 0
349 459 0
1446 5 0
1 829 0
471 1364 0
356 49 0
763 1026 0
480 137 0
299 1273 0
767 1206 0
828 139 0
398 1371 0
52 367 0
1139 940 0
348 600 0
68 1244 0
1139 1278 0
1446 405 0
1273 302 0
49 974 0
822 991 0
642 1011 0
67 301 0
5 1040 0
276 360 0
348 1305 0
689 56 0
1278 937 0
1060 1322 0
1286 1347 0
317 922 0
940 580 0
188 101 0
89 683 0
1060 806 0
399 1474 0
221 1272 0
1048 1007 0
613 21 0
411 354 0
1060 112 0
298 864 0
1188 153 0
1286 578 0
898 889 0
349 607 0
767 345 0
937 1219 0
1313 778 0
962 836 0
1029 786 0
1477 1405 0
188 375 0
1048 865 0
689 888 0
21 1453 0
405 118 0
1112 1494 0
649 668 0
1286 352 0
1029 901 0
1278 1485 0
778 761 0
349 324 0
1459 983 0
864 381 0
1058 1256 0
360 1079 0
68 1213 0
353 664 0
866 438 0
898 384 0
461 1467 0
1446 815 0
922 550 0
375 1171 0
1065 760 0
495 1324 0
1029 895 0
1114 346 0
461 106 0
1364 933 0
181 355 0
583 285 0
649 1241 0
806 955 0
317 1010 0
1 887 0
1 186 0
1178 976 0
139 1328 0
1011 825 0
354 1236 0
1040 1104 0
301 1111 0
613 1319 0
106 835 0
864 1223 0
895 258 0
529 84 0
1048 1464 0
352 505 0
937 1481 0
518 798 0
186 427 0
461 617 0
829 1246 0
1051 1495 0
955 1386 0
181 639 0
991 130 0
1206 606 0
668 241 0
828 819 0
1483 693 0
375 659 0
1483 615 0
1104 1279 0
962 1220 0
1474 231 0
1292 1497 0
1219 945 0
1223 958 0
505 998 0
137 1170 0
1292 1400 0
1 963 0
139 947 0
241 1089 0
828 400 0
823 72 0
1328 973 0
1322 907 0
760 1004 0
1453 430 0
1400 1168 0
681 777 0
118 200 0
828 1302 0
945 1013 0
1244 240 0
825 576 0
963 305 0
1313 1101 0
1459 700 0
767 588 0
888 1259 0
349 169 0
760 1369 0
1089 437 0
1155 1106 0
928 717 0
1322 1134 0
1010 1047 0
974 820 0
324 1118 0
659 512 0
315 970 0
438 661 0
664 916 0
822 1018 0
67 852 0
241 515 0
659 627 0
137 909 0
1400 837 0
983 127 0
681 102 0
127 1194 0
588 546 0
664 663 0
89 553 0
820 1325 0
435 723 0
763 1056 0
823 1344 0
1010 621 0
1018 575 0
1047 932 0
1194 1357 0
864 999 0
102 97 0
512 233 0
1313 1261 0
1286 85 0
137 926 0
760 1421 0
495 660 0
49 504 0
343 638 0
914 526 0
72 1128 0
553 885 0
1011 1027 0
1219 1312 0
326 1164 0
317 1452 0
898 81 0
356 1234 0
638 499 0
1113 385 0
67 1041 0
1452 434 0
1322 1216 0
1168 1240 0
512 35 0
660 748 0
1128 1484 0
600 404 0
958 986 0
659 1005 0
305 1330 0
85 966 0
1261 211 0
1005 1052 0
976 1398 0
1006 1338 0
343 212 0
68 601 0
983 1215 0
1211 394 0
504 1140 0
1240 1205 0
102 1370 0
435 636 0
343 1321 0
1322 1043 0
907 330 0
963 718 0
118 797 0
381 44 0
35 795 0
852 37 0
1261 1046 0
285 402 0
1118 644 0
1089 769 0
1171 726 0
1171 1351 0
1484 1482 0
885 13 0
1328 263 0
1216 284 0
895 1387 0
885 1115 0
828 382 0
13 187 0
1115 899 0
1396 985 0
907 840 0
1406 476 0
829 993 0
1029 890 0
1467 1381 0
758 1214 0
823 1095 0
607 1356 0
678 313 0
225 773 0
1041 1000 0
947 1317 0
348 1380 0
1301 217 0
607 484 0
1477 34 0
763 247 0
1079 466 0
1048 571 0
681 614 0
1459 295 0
769 334 0
914 332 0
1048 421 0
693 99 0
276 450 0
1095 746 0
355 161 0
1273 791 0
683 722 0
398 406 0
512 288 0
998 114 0
1118 1138 0
1004 936 0
1396 736 0
52 1419 0
484 321 0
1405 11 0
970 1044 0
326 772 0
806 50 0
864 881 0
471 672 0
1319 573 0
5 1173 0
1387 1283 0
644 490 0
1173 562 0
299 1258 0
112 274 0
137 1415 0
354 204 0
233 768 0
1113 1345 0
1047 1458 0
1065 1038 0
153 409 0
1164 567 0
573 218 0
1158 220 0
1321 980 0
485 698 0
578 1143 0
495 439 0
926 508 0
553 1014 0
484 1061 0
398 1212 0
932 323 0
114 297 0
1369 1028 0
89 990 0
354 1008 0
285 1097 0
1178 1166 0
1246 1207 0
345 1355 0
1168 703 0
1261 728 0
1051 1392 0
248 745 0
974 3 0
926 1348 0
1106 331 0
926 514 0
1118 244 0
186 841 0
1292 776 0
1005 587 0
331 1125 0
745 1449 0
1205 325 0
518 278 0
297 1264 0
698 1100 0
181 63 0
35 273 0
529 350 0
932 667 0
504 275 0
1313 1466 0
1170 1247 0
1100 650 0
1278 730 0
188 237 0
777 144 0
1052 242 0
1495 744 0
400 1137 0
933 1267 0
106 401 0
1170 53 0
81 557 0
355 256 0
471 8 0
1013 265 0
139 1030 0
1000 209 0
233 1190 0
1014 782 0
940 408 0
1061 938 0
1452 333 0
638 108 0
769 1017 0
717 78 0
895 1024 0
678 1191 0
1134 1492 0
1011 690 0
437 757 0
325 743 0
187 704 0
278 314 0
795 827 0
1048 921 0
1364 960 0
11 830 0
683 1399 0
1100 977 0
1328 1480 0
276 1035 0
639 1374 0
1095 942 0
636 965 0
1452 156 0
1351 1254 0
331 1196 0
1364 800 0
899 876 0
499 752 0
288 789 0
263 554 0
499 935 0
108 500 0
278 1159 0
8 1252 0
613 329 0
298 753 0
1272 701 0
1356 838 0
514 368 0
355 721 0
1044 524 0
837 442 0
1246 92 0
49 1440 0
1466 853 0
773 453 0
1038 622 0
1374 1064 0
921 860 0
1312 959 0
139 598 0
161 433 0
1256 1242 0
375 146 0
218 1402 0
744 1020 0
353 363 0
701 506 0
717 142 0
476 1098 0
506 1189 0
297 1340 0
721 714 0
777 872 0
1370 1499 0
53 764 0
601 555 0
1322 857 0
433 475 0
276 1121 0
763 1375 0
375 216 0
786 1108 0
1458 1291 0
639 374 0
399 1237 0
1258 1185 0
1113 655 0
986 544 0
1215 138 0
748 1183 0
368 119 0
1185 136 0
1 1417 0
1214 27 0
1283 1462 0
368 1308 0
146 164 0
1278 645 0
1196 528 0
343 882 0
853 742 0
1207 1471 0
127 1174 0
1214 26 0
661 151 0
627 1337 0
438 417 0
1164 268 0
1302 126 0
887 100 0
1480 1199 0
1286 1141 0
1168 1304 0
575 262 0
782 1076 0
1347 679 0
186 1221 0
237 715 0
118 369 0
256 1181 0
718 224 0
68 1349 0
768 521 0
353 76 0
980 395 0
1011 1228 0
11 236 0
1495 41 0
404 952 0
84 294 0
1246 483 0
298 1271 0
526 755 0
437 665 0
112 179 0
512 1034 0
102 1282 0
466 103 0
613 656 0
937 657 0
923 1193 0
664 1397 0
11 1022 0
753 129 0
1134 141 0
1421 1310 0
1212 455 0
430 1157 0
1495 1105 0
1499 1423 0
952 1175 0
1223 359 0
408 1343 0
1140 708 0
50 631 0
1140 688 0
763 1037 0
1381 637 0
1302 968 0
1098 687 0
899 1074 0
1215 201 0
838 1359 0
588 121 0
567 1309 0
703 539 0
985 1363 0
1139 1295 0
1308 456 0
435 449 0
836 527 0
1241 902 0
305 733 0
956 646 0
1453 756 0
797 1445 0
301 1414 0
1445 995 0
645 1009 0
356 1142 0
220 896 0
642 150 0
876 1376 0
211 1109 0
990 489 0
1244 1086 0
1278 376 0
600 884 0
1241 145 0
933 426 0
1051 1229 0
955 172 0
753 229 0
580 1245 0
1355 259 0
405 1297 0
681 1468 0
1234 735 0
932 779 0
187 45 0
1205 572 0
1022 540 0
471 59 0
974 1475 0
1079 1160 0
679 222 0
21 113 0
1398 810 0
1344 542 0
698 33 0
902 1425 0
1279 31 0
299 1253 0
1022 380 0
1466 342 0
985 846 0
495 347 0
1242 155 0
769 774 0
1419 597 0
1106 351 0
222 873 0
1419 364 0
993 788 0
248 88 0
347 20 0
1034 245 0
1286 751 0
649 784 0
1018 1275 0
661 712 0
1221 1087 0
617 493 0
587 625 0
161 147 0
1387 911 0
1207 1412 0
35 944 0
1363 1016 0
914 793 0
1029 929 0
1016 1179 0
233 46 0
126 1367 0
1211 964 0
829 296 0
298 775 0
100 255 0
409 1469 0
435 812 0
841 883 0
493 1496 0
266 320 0
909 731 0
305 1404 0
995 282 0
1345 1169 0
1328 941 0
155 1339 0
1056 754 0
815 393 0
1013 206 0
1482 1235 0
1097 17 0
1458 516 0
823 120 0
1079 70 0
1194 184 0
484 1054 0
1011 634 0
1007 32 0
580 564 0
597 1130 0
1035 1438 0
993 23 0
455 537 0
1173 110 0
793 982 0
617 407 0
1 1303 0
607 1131 0
883 304 0
1485 243 0
333 954 0
822 594 0
722 948 0
1157 1315 0
20 869 0
962 1002 0
209 1110 0
557 1146 0
355 943 0
278 135 0
315 1200 0
714 1232 0
1254 666 0
933 460 0
1220 780 0
793 877 0
89 713 0
622 457 0
1011 366 0
693 845 0
1010 253 0
965 630 0
810 183 0
1400 75 0
1452 1227 0
958 821 0
1121 724 0
8 257 0
572 605 0
537 790 0
258 647 0
1446 261 0
1142 1388 0
594 711 0
901 168 0
1029 307 0
273 487 0
693 319 0
1469 1019 0
1207 205 0
394 1031 0
1193 69 0
688 260 0
1214 463 0
836 1333 0
1310 1394 0
998 1239 0
1157 1470 0
768 1003 0
67 1045 0
666 1071 0
89 371 0
103 939 0
460 1433 0
393 809 0
869 215 0
700 1217 0
636 54 0
480 591 0
262 801 0
825 340 0
1242 1436 0
973 292 0
1492 545 0
1305 1293 0
288 66 0
1271 397 0
752 336 0
135 792 0
301 1418 0
485 51 0
1011 1231 0
527 1401 0
382 1230 0
1041 87 0
67 1182 0
752 880 0
678 1391 0
1026 452 0
764 175 0
1118 74 0
1312 19 0
1308 1204 0
1166 410 0
514 1057 0
466 383 0
483 1084 0
594 328 0
914 210 0
102 1201 0
614 249 0
822 24 0
678 64 0
713 124 0
1295 816 0
99 1080 0
645 817 0
1006 223 0
968 1428 0
1019 166 0
976 1403 0
873 1090 0
307 469 0
899 7 0
898 470 0
672 1050 0
1406 1420 0
1143 1298 0
1035 254 0
1421 1049 0
54 1094 0
601 1441 0
209 283 0
939 178 0
181 561 0
1247 905 0
1223 1203 0
1305 90 0
1446 912 0
21 813 0
615 388 0
1028 891 0
1406 1300 0
1415 414 0
385 1422 0
383 176 0
938 1172 0
877 750 0
172 513 0
748 478 0
715 1490 0
816 824 0
1213 58 0
898 1306 0
1185 1354 0
1497 541 0
1475 691 0
118 930 0
952 1163 0
297 1487 0
1381 1209 0
437 1373 0
1245 1127 0
1306 1025 0
24 1498 0
693 969 0
1171 117 0
1392 1362 0
512 300 0
838 859 0
262 720 0
33 856 0
1190 893 0
617 111 0
1492 418 0
438 560 0
829 1070 0
943 511 0
714 503 0
1452 920 0
786 1145 0
56 1063 0
59 987 0
646 4 0
971 158 0
1231 1162 0
248 1493 0
940 651 0
721 197 0
245 47 0
956 1039 0
1145 65 0
476 491 0
813 570 0
1282 154 0
650 474 0
407 361 0
1272 1284 0
1481 1120 0
935 170 0
823 1053 0
1211 1424 0
1346 1088 0
33 370 0
323 1489 0
779 1265 0
406 1456 0
959 448 0
1374 1136 0
597 98 0
1367 122 0
511 610 0
183 759 0
1301 15 0
1172 358 0
434 1129 0
495 182 0
1256 1197 0
1014 927 0
206 497 0
382 269 0
966 428 0
384 494 0
554 389 0
313 908 0
397 1073 0
1100 1437 0
1376 1021 0
478 863 0
1452 473 0
450 341 0
175 826 0
1209 16 0
136 199 0
750 1447 0
973 818 0
1388 771 0
613 538 0
508 1491 0
1142 992 0
457 913 0
824 961 0
1046 318 0
524 808 0
1482 582 0
137 1379 0
728 520 0
1213 195 0
341 396 0
1412 482 0
353 1102 0
381 716 0
1399 94 0
328 868 0
793 1067 0
751 1224 0
1112 1353 0
23 193 0
835 1072 0
1310 280 0
829 675 0
512 277 0
45 972 0
176 1444 0
375 1395 0
216 616 0
857 697 0
583 1015 0
1300 1270 0
759 1274 0
237 762 0
866 1151 0
852 431 0
24 227 0
405 232 0
992 1384 0
384 931 0
393 423 0
539 306 0
960 603 0
1246 574 0
716 372 0
17 30 0
821 1473 0
232 1427 0
1328 847 0
217 133 0
1424 626 0
367 377 0
1286 1249 0
1279 1085 0
698 1500 0
973 577 0
1481 415 0
70 682 0
708 447 0
944 281 0
1245 1198 0
1376 492 0
133 303 0
991 82 0
1006 1149 0
667 1148 0
1292 589 0
869 842 0
1110 802 0
139 60 0
986 871 0
1118 230 0
983 906 0
1494 357 0
1209 392 0
769 235 0
240 765 0
1053 635 0
521 552 0
274 291 0
78 379 0
688 1062 0
890 148 0
1359 994 0
627 322 0
258 1448 0
148 532 0
1158 781 0
50 1366 0
122 1082 0
415 662 0
948 729 0
983 535 0
1392 468 0
456 1377 0
1115 1032 0
1175 1443 0
715 686 0
240 719 0
1085 207 0
478 62 0
532 934 0
41 1092 0
82 1361 0
983 1341 0
778 699 0
681 1329 0
44 652 0
938 310 0
913 12 0
368 740 0
471 1378 0
864 267 0
577 919 0
215 783 0
1049 737 0
398 709 0
1097 903 0
64 1461 0
1291 1431 0
947 271 0
649 673 0
329 565 0
935 706 0
298 595 0
1151 653 0
1295 946 0
236 1147 0
1376 608 0
68 140 0
3 1289 0
1102 180 0
779 623 0
266 157 0
88 214 0
330 1226 0
324 132 0
583 467 0
775 1066 0
1291 1117 0
1353 167 0
285 191 0
244 549 0
1010 1288 0
798 77 0
1115 228 0
1158 80 0
608 246 0
363 694 0
595 38 0
268 1478 0
1500 1318 0
172 1342 0
1357 445 0
41 290 0
1395 165 0
761 522 0
1353 1133 0
1182 696 0
1308 458 0
916 311 0
146 1479 0
80 174 0
15 1430 0
1159 592 0
201 1177 0
1364 918 0
1425 805 0
453 732 0
1384 373 0
1009 1122 0
350 629 0
570 811 0
820 424 0
985 440 0
838 196 0
1141 339 0
1420 747 0
409 1154 0
919 429 0
242 1476 0
166 1266 0
1147 579 0
381 851 0
835 1202 0
1264 1454 0
920 530 0
960 1429 0
343 875 0
1079 1450 0
490 862 0
482 502 0
1308 213 0
288 807 0
1495 462 0
320 1299 0
1490 900 0
221 251 0
1394 850 0
112 848 0
1170 861 0
259 436 0
35 559 0
45 1323 0
1469 770 0
883 1332 0
797 419 0
4 858 0
1178 1152 0
347 73 0
745 917 0
920 40 0
1414 272 0
538 967 0
811 525 0
353 831 0
800 208 0
786 1238 0
1367 1413 0
696 465 0
242 185 0
346 981 0
1158 680 0
827 1287 0
266 1350 0
1338 586 0
1386 10 0
715 1314 0
675 1385 0
132 1410 0
1261 510 0
696 705 0
1169 897 0
1138 633 0
930 1156 0
1191 1184 0
868 855 0
570 602 0
1291 1055 0
994 531 0
933 925 0
232 96 0
835 533 0
1065 1352 0
1131 287 0
448 1439 0
167 624 0
294 1119 0
1489 618 0
1298 1393 0
353 29 0
1110 584 0
713 115 0
1403 1368 0
222 316 0
426 643 0
223 107 0
287 496 0
452 2 0
306 547 0
1154 173 0
1256 1096 0
288 177 0
63 441 0
1159 18 0
1367 611 0
1319 55 0
1212 1107 0
929 1407 0
552 843 0
70 1435 0
1072 79 0
1162 725 0
352 1135 0
1102 738 0
561 479 0
45 997 0
964 1075 0
1499 252 0
290 519 0
1368 128 0
421 36 0
880 551 0
458 61 0
545 1180 0
703 454 0
324 432 0
896 1358 0
1454 670 0
263 609 0
320 250 0
1121 949 0
195 924 0
559 1033 0
1454 1059 0
1286 878 0
1419 83 0
529 796 0
10 234 0
200 149 0
166 1192 0
552 833 0
1401 293 0
1231 1260 0
1368 335 0
985 413 0
623 590 0
1045 543 0
176 1382 0
1092 1285 0
977 1442 0
1295 163 0
1047 123 0
292 1457 0
1308 192 0
1053 25 0
1028 1248 0
1122 226 0
174 676 0
155 844 0
1471 785 0
1191 1078 0
1309 477 0
855 39 0
625 1486 0
280 1210 0
452 596 0
845 1326 0
277 1126 0
479 1186 0
326 604 0
772 1255 0
1240 1069 0
1014 996 0
570 446 0
547 1263 0
1391 1455 0
1304 892 0
672 1432 0
746 1460 0
1111 509 0
195 710 0
490 71 0
1333 14 0
70 420 0
284 1372 0
1043 1251 0
1368 640 0
1073 425 0
135 563 0
974 104 0
943 143 0
1461 1331 0
706 219 0
1159 22 0
551 1012 0
1495 1081 0
1283 695 0
68 707 0
810 870 0
1022 1383 0
945 308 0
220 581 0
963 6 0
63 1307 0
1157 1290 0
13 189 0
1467 362 0
767 194 0
512 1416 0
461 1316 0
843 849 0
1289 523 0
561 451 0
1494 1068 0
1337 975 0
531 1334 0
993 1488 0
300 804 0
1330 171 0
241 702 0
374 1225 0
428 1167 0
449 1233 0
527 109 0
1481 86 0
532 443 0
771 444 0
772 481 0
665 677 0
1253 1434 0
1078 669 0
952 344 0
340 867 0
1428 904 0
101 787 0
1253 599 0
1168 674 0
1065 978 0
149 390 0
1044 264 0
1167 9 0
1111 105 0
1373 671 0
353 1077 0
1226 739 0
844 641 0
844 1426 0
420 803 0
1142 536 0
690 1262 0
1024 894 0
495 620 0
1286 950 0
1111 131 0
393 57 0
68 464 0
150 198 0
1452 159 0
1239 1296 0
1344 1093 0
228 190 0
933 472 0
712 1023 0
746 327 0
1070 558 0
812 1269 0
631 1327 0
20 1222 0
383 1250 0
755 799 0
1313 238 0
750 957 0
1428 1451 0
166 289 0
101 93 0
457 1335 0
1486 338 0
750 48 0
357 1365 0
1098 1124 0
751 1153 0
506 839 0
455 1280 0
645 692 0
788 1218 0
617 286 0
161 1408 0
898 632 0
249 378 0
1313 125 0
1199 766 0
1003 239 0
1387 619 0
379 1243 0
923 152 0
524 1116 0
1365 116 0
347 1144 0
124 386 0
456 654 0
520 685 0
1201 593 0
830 91 0
1476 1268 0
885 1463 0
1441 951 0
224 1103 0
640 387 0
921 391 0
1490 734 0
653 879 0
86 422 0
1015 648 0
588 501 0
1143 989 0
1252 1187 0
909 517 0
1069 403 0
1002 337 0
449 1132 0
75 1208 0
744 1165 0
932 874 0
74 834 0
413 1176 0
219 42 0
819 1336 0
27 202 0
50 160 0
324 915 0
615 28 0
32 814 0
1417 556 0
925 1099 0
865 134 0
1127 886 0
3 416 0
51 1083 0
231 1001 0
1165 684 0
63 794 0
473 203 0
180 534 0
562 412 0
64 162 0
292 1281 0
602 1411 0
1060 1277 0
735 988 0
1272 1091 0
664 569 0
820 1409 0
856 312 0
226 727 0
128 1320 0
918 585 0
1318 832 0
254 365 0
1297 566 0
1002 279 0
211 1161 0
62 612 0
865 1360 0
1370 1390 0
513 488 0
1347 1276 0
684 1036 0
354 1472 0
387 309 0
1252 984 0
533 498 0
1365 568 0
366 1150 0
1301 749 0
506 658 0
91 1465 0
1162 548 0
561 979 0
1105 910 0
571 741 0
1040 854 0
281 507 0
817 1123 0
520 1042 0
783 43 0
830 1257 0
974 953 0
937 1311 0
251 1195 0
1045 270 0
1242 340 0
1033 496 0
1223 996 0
807 510 0
560 464 0
727 120 0
1491 1270 0
1104 519 0
177 22 0
712 283 0
1090 297 0
442 339 0
1102 769 0
678 260 0
566 333 0
464 49 0
1474 747 0
1329 900 0
1173 637 0
1235 704 0
1308 623 0
1445 426 0
664 351 0
1367 515 0
640 44 0
782 93 0
957 107 0
1460 921 0
949 794 0
1446 18 0
369 182 0
437 370 0
951 783 0
1277 1260 0
918 128 0
1104 254 0
1469 1224 0
903 100 0
430 244 0
1480 445 0
1149 789 0
1171 896 0
366 149 0
533 12 0
1353 579 0
674 114 0
706 102 0
1324 5 0
1490 416 0
1369 73 0
1013 148 0
1296 236 0
1307 983 0
1211 86 0
1138 842 0
1455 693 0
1441 134 0
1486 1395 0
1413 1174 0
852 10 0
1431 629 0
1460 1431 0
957 396 0
837 695 0
1230 943 0
1325 1228 0
1385 706 0
1192 695 0
565 540 0
1450 697 0
1166 530 0
1280 1187 0
1106 372 0
1222 333 0
1386 1312 0
895 778 0
1395 471 0
410 376 0
549 377 0
1383 1152 0
1428 1427 0
1152 152 0
1158 564 0
1224 575 0
735 302 0
620 513 0
1168 295 0
603 435 0
586 29 0
1053 976 0
1043 681 0
373 31 0
996 116 0
1415 956 0
916 587 0
503 255 0
1228 650 0
711 614 0
1294 58 0
1352 192 0
597 594 0
884 290 0
1102 845 0
1257 105 0
147 89 0
941 598 0
359 148 0
1402 1347 0
1026 948 0
656 120 0
1276 1103 0
918 449 0
1325 469 0
848 133 0
298 166 0
208 131 0
1050 544 0
1205 548 0
638 225 0
1202 479 0
557 101 0
1222 1032 0
1258 724 0
1140 947 0
1116 565 0
413 77 0
1246 665 0
708 685 0
822 426 0
987 609 0
277 272 0
1016 361 0
1325 127 0
1136 1056 0
599 552 0
1333 184 0
1475 932 0
698 560 0
1221 923 0
989 570 0
957 927 0
932 712 0
1349 753 0
648 591 0
1260 167 0
1381 1240 0
681 166 0
662 30 0
1053 549 0
932 896 0
1372 104 0
1191 315 0
334 261 0
1101 766 0
683 459 0
1165 288 0
1176 244 0
1421 232 0
1363 575 0
1434 977 0
861 450 0
1391 286 0
915 608 0
494 374 0
987 509 0
1094 161 0
1421 769 0
948 607 0
1297 910 0
1122 896 0
1370 330 0
590 222 0
1459 135 0
1202 624 0
876 587 0
1210 26 0
1050 185 0
1109 729 0
1378 1063 0
1486 1337 0
1449 197 0
1237 326 0
1173 690 0
1487 17 0
701 26 0
1357 887 0
1147 354 0
1368 983 0
1268 1178 0
960 375 0
1295 982 0
314 124 0
777 590 0
514 17 0
585 365 0
1256 540 0
1208 455 0
332 166 0
474 273 0
944 93 0
1170 736 0
1449 962 0
1112 1055 0
1116 584 0
1137 1064 0
1416 234 0
676 349 0
379 295 0
992 20 0
324 188 0
319 280 0
911 721 0
1278 1003 0
1216 57 0
888 692 0
1457 1164 0
1034 24 0
1450 987 0
1321 452 0
652 605 0
879 760 0
1082 730 0
724 139 0
1173 884 0
1198 11 0
930 678 0
838 573 0
801 427 0
987 921 0
963 100 0
1237 1066 0
304 176 0
881 129 0
719 513 0
1156 1115 0
1438 870 0
520 86 0
1339 942 0
1487 827 0
1119 681 0
1378 210 0
249 230 0
1443 444 0
1132 251 0
1241 215 0
787 527 0
1074 517 0
597 103 0
687 123 0
804 567 0
884 191 0
1115 921 0
1348 522 0
1142 382 0
607 594 0
1000 314 0
1472 1308 0
1035 303 0
1281 311 0
944 865 0
1413 556 0
959 726 0
992 400 0
722 61 0
1199 63 0
264 54 0
581 326 0
1306 718 0
1365 313 0
546 176 0
841 257 0
1229 59 0
600 165 0
733 505 0
734 415 0
1378 294 0
1075 902 0
1300 1281 0
48 26 0
1276 5 0
294 154 0
885 406 0
787 533 0
1379 1208 0
1444 1033 0
994 426 0
807 367 0
1415 964 0
1434 1295 0
199 179 0
802 589 0
1343 251 0
980 72 0
1275 1057 0
268 195 0
380 279 0
1302 822 0
640 107 0
1360 708 0
1143 842 0
840 823 0
553 61 0
752 169 0
1032 688 0
918 188 0
1050 834 0
844 423 0
1413 1123 0
737 374 0
845 686 0
1172 471 0
793 544 0
1223 1126 0
1411 1203 0
530 123 0
1154 499 0
854 166 0
965 389 0
1041 331 0
732 102 0
985 605 0
1314 303 0
294 244 0
1389 504 0
1049 994 0
398 123 0
1440 331 0
739 169 0
753 291 0
1293 506 0
1361 362 0
1128 552 0
1406 329 0
407 140 0
293 290 0
753 510 0
1126 600 0
893 701 0
560 271 0
1345 1223 0
1229 1177 0
1298 1274 0
434 53 0
870 605 0
1195 113 0
684 455 0
1445 522 0
1468 564 0
1182 1149 0
959 650 0
663 96 0
342 295 0
628 504 0
725 187 0
1430 1018 0
1223 344 0
826 728 0
1367 92 0
1428 1048 0
1118 35 0
1135 531 0
1281 491 0
520 42 0
1007 129 0
1344 258 0
596 512 0
1257 419 0
907 353 0
1074 223 0
1376 179 0
618 105 0
643 223 0
1152 784 0
754 586 0
1082 15 0
710 46 0
1018 445 0
1003 706 0
638 443 0
428 174 0
1388 107 0
920 63 0
548 63 0
262 243 0
1170 1130 0
307 164 0
1250 1153 0
1432 1291 0
1400 1293 0
1163 591 0
1025 113 0
999 725 0
862 43 0
1148 1129 0
1418 662 0
545 109 0
1294 327 0
1157 975 0
1058 59 0
759 154 0
990 895 0
1224 1046 0
994 515 0
239 21 0
1438 241 0
1469 13 0
748 612 0
923 638 0
955 560 0
983 583 0
1017 738 0
766 336 0
1346 344 0
1155 483 0
809 710 0
964 912 0
1195 381 0
1489 927 0
855 480 0
1067 279 0
1149 158 0
1334 851 0
1461 1078 0
1435 1355 0
921 360 0
1377 202 0
326 148 0
520 452 0
992 348 0
1106 974 0
920 98 0
1401 1091 0
687 421 0
1354 376 0
1421 1118 0
537 169 0
1319 53 0
574 146 0
1068 80 0
632 503 0
1138 478 0
1474 1003 0
993 298 0
925 190 0
1121 437 0
1281 43 0
1336 331 0
658 339 0
1268 18 0
514 344 0
1253 630 0
822 111 0
1429 1391 0
1206 660 0
696 561 0
800 764 0
1048 856 0
768 762 0
954 807 0
1443 364 0
1347 284 0
1325 581 0
1340 117 0
186 20 0
1156 1130 0
1251 59 0
568 125 0
908 800 0
1376 99 0
1209 337 0
1106 1009 0
968 132 0
1176 978 0
1486 938 0
1338 738 0
624 216 0
1264 665 0
1151 125 0
906 729 0
977 24 0
1260 568 0
375 21 0
1276 401 0
1175 401 0
1263 143 0
1453 876 0
1421 1032 0
665 359 0
672 272 0
825 100 0
523 40 0
117 66 0
429 419 0
1438 127 0
219 131 0
1233 1058 0
1175 257 0
608 445 0
309 4 0
1011 170 0
1353 463 0
1148 1009 0
1399 438 0
981 921 0
1130 514 0
1223 975 0
1163 86 0
790 234 0
755 138 0
1474 295 0
1256 65 0
1468 1173 0
248 80 0
976 917 0
1134 392 0
1287 20 0
902 825 0
1027 591 0
1448 558 0
1125 236 0
1317 357 0
345 30 0
1131 213 0
1385 382 0
1478 876 0
1152 59 0
1090 593 0
1146 1020 0
1302 616 0
1133 145 0
291 48 0
1129 612 0
592 432 0
1428 1411 0
1496 113 0
1275 1150 0
1134 837 0
1157 174 0
1500 404 0
1362 675 0
1122 696 0
1255 743 0
1327 435 0
1149 536 0
527 325 0
892 324 0
851 610 0
1045 248 0
1360 503 0
755 570 0
325 10 0
1154 1009 0
830 285 0
1176 706 0
1000 303 0
789 589 0
677 430 0
1479 309 0
1391 1280 0
1467 980 0
1104 644 0
1421 1095 0
1085 378 0
1253 69 0
1345 1235 0
1079 23 0
972 576 0
920 288 0
500 328 0
972 19 0
671 448 0
1228 879 0
518 252 0
1487 85 0
760 564 0
739 82 0
869 303 0
1141 456 0
1279 730 0
595 13 0
1368 499 0
1319 1182 0
1298 825 0
556 224 0
935 72 0
659 251 0
965 458 0
1154 259 0
608 605 0
785 631 0
1111 28 0
1260 1018 0
621 574 0
399 208 0
952 690 0
1482 222 0
1150 193 0
1360 1203 0
889 786 0
1253 1182 0
738 33 0
1114 373 0
911 33 0
901 330 0
1095 1092 0
1186 376 0
1165 82 0
1398 457 0
676 428 0
861 618 0
238 93 0
278 167 0
481 442 0
1320 106 0
621 464 0
1051 484 0
1475 112 0
1147 910 0
430 133 0
543 3 0
1390 611 0
1191 3 0
1372 404 0
259 250 0
1255 1037 0
734 33 0
110 27 0
804 718 0
371 356 0
896 450 0
1489 689 0
825 784 0
1429 849 0
892 528 0
1221 1187 0
996 523 0
1484 10 0
773 461 0
834 428 0
638 635 0
1157 486 0
867 465 0
696 430 0
1253 368 0
492 404 0
933 94 0
651 138 0
408 174 0
1478 908 0
779 749 0
678 578 0
1366 960 0
1423 124 0
302 164 0
1390 1322 0
1162 116 0
793 374 0
1395 282 0
1413 63 0
875 730 0
705 662 0
1401 334 0
1203 319 0
538 318 0
712 651 0
830 63 0
1132 267 0
677 207 0
1134 72 0
1405 1347 0
930 495 0
611 72 0
690 655 0
1161 958 0
1393 1171 0
848 87 0
1489 792 0
338 165 0
940 771 0
1467 610 0
849 649 0
1159 689 0
1330 303 0
703 586 0
1198 98 0
1205 216 0
1358 89 0
1436 619 0
1071 117 0
1260 848 0
760 517 0
1282 312 0
1140 696 0
1422 1392 0
1390 427 0
1344 706 0
679 498 0
981 362 0
116 98 0
1321 822 0
829 365 0
937 621 0
1455 838 0
1078 1010 0
1492 577 0
1345 411 0
1371 1056 0
1481 459 0
1386 1272 0
717 456 0
1447 1070 0
627 294 0
1363 166 0
1270 440 0
942 281 0
1020 661 0
902 380 0
693 35 0
923 694 0
1399 1371 0
1438 94 0
1196 75 0
1162 1084 0
1057 72 0
1097 160 0
1016 676 0
820 410 0
1290 118 0
1412 619 0
828 493 0
1076 758 0
656 396 0
1250 898 0
1013 74 0
1262 586 0
1240 1156 0
764 290 0
1106 312 0
1217 766 0
505 389 0
1318 128 0
1151 1073 0
805 250 0
1159 264 0
829 813 0
1238 1167 0
364 276 0
1225 580 0
1419 110 0
992 707 0
1100 28 0
1352 1179 0
404 232 0
557 23 0
834 142 0
1168 1091 0
1158 855 0
1169 555 0
882 497 0
1042 123 0
1432 963 0
1391 824 0
1231 203 0
1168 529 0
843 241 0
926 161 0
808 235 0
1137 633 0
1442 265 0
1460 1321 0
1244 567 0
1251 365 0
1099 928 0
1481 1068 0
810 796 0
1377 393 0
1216 170 0
888 673 0
1071 21 0
1114 94 0
1331 1124 0
323 141 0
905 338 0
1391 780 0
643 377 0
1230 595 0
1025 301 0
1324 1244 0
793 536 0
1352 319 0
767 689 0
656 233 0
1230 314 0
1450 627 0
1339 859 0
1490 1403 0
842 541 0
442 284 0
1124 1067 0
733 535 0
279 258 0
749 669 0
1449 1419 0
1134 652 0
711 414 0
713 126 0
965 654 0
1408 657 0
1138 1051 0
1441 667 0
986 592 0
905 118 0
1477 21 0
1338 640 0
709 674 0
586 444 0
1026 670 0
1246 651 0
1448 799 0
1297 108 0
1063 427 0
660 424 0
1453 254 0
626 268 0
537 116 0
1286 560 0
603 127 0
998 745 0
1360 84 0
1275 1196 0
1238 887 0
1388 415 0
1479 643 0
1177 67 0
981 361 0
666 60 0
1375 963 0
1376 306 0
419 20 0
968 562 0
1311 848 0
1071 485 0
1325 126 0
1284 967 0
829 312 0
84 77 0
1411 1308 0
1319 282 0
1249 376 0
1356 878 0
1082 269 0
663 91 0
156 96 0
1015 663 0
911 538 0
559 124 0
659 205 0
1092 603 0
1144 142 0
179 25 0
754 738 0
769 193 0
1399 865 0
712 200 0
1405 779 0
818 691 0
974 563 0
1271 649 0
559 144 0
1060 427 0
550 276 0
1425 595 0
140 33 0
1434 593 0
1196 327 0
840 770 0
1436 1204 0
1083 163 0
442 74 0
1172 179 0
873 10 0
1168 734 0
1346 261 0
886 633 0
380 335 0
625 489 0
1047 819 0
760 653 0
1258 667 0
393 135 0
781 296 0
1467 80 0
863 386 0
563 441 0
638 605 0
685 196 0
993 575 0
1164 929 0
1443 1263 0
1139 727 0
478 354 0
369 58 0
1038 902 0
498 258 0
1480 1196 0
508 165 0
977 21 0
1416 516 0
1195 1193 0
1071 1026 0
1062 435 0
1480 194 0
512 355 0
830 267 0
851 811 0
638 53 0
1039 144 0
1349 1133 0
992 392 0
641 566 0
1405 870 0
1262 641 0
559 214 0
685 330 0
1382 272 0
848 506 0
968 629 0
803 722 0
1440 765 0
878 446 0
1394 88 0
229 99 0
952 436 0
878 200 0
548 157 0
921 254 0
1014 198 0
1119 924 0
776 655 0
455 24 0
388 243 0
1315 713 0
382 318 0
642 469 0
410 68 0
933 488 0
905 40 0
1116 788 0
664 561 0
1342 707 0
1287 643 0
407 247 0
1070 66 0
1403 425 0
796 748 0
896 644 0
661 534 0
1253 959 0
1203 867 0
511 301 0
302 217 0
1068 253 0
560 112 0
999 15 0
1382 415 0
783 195 0
1358 510 0
829 388 0
1365 1335 0
443 379 0
945 528 0
1419 1172 0
1387 1366 0
1019 686 0
421 139 0
1446 1364 0
1381 1189 0
997 814 0
1043 844 0
315 287 0
739 245 0
704 45 0
515 47 0
1300 60 0
461 452 0
948 317 0
492 258 0
806 409 0
468 240 0
1300 166 0
954 492 0
557 128 0
761 454 0
1106 258 0
1143 441 0
489 67 0
1354 1175 0
949 322 0
962 373 0
1204 397 0
1047 524 0
1348 787 0
1102 390 0
878 799 0
779 124 0
1179 826 0
784 165 0
514 474 0
367 357 0
1304 1282 0
603 321 0
825 267 0
1482 384 0
792 665 0
345 201 0
399 114 0
1235 624 0
601 51 0
899 374 0
1320 1233 0
1431 1221 0
1310 1204 0
1433 265 0
615 411 0
831 206 0
1053 751 0
785 562 0
524 287 0
1417 960 0
1241 998 0
1313 176 0
925 150 0
1053 415 0
829 492 0
1275 633 0
1309 850 0
1441 848 0
1496 1090 0
1406 1116 0
1487 730 0
1300 1102 0
302 286 0
801 614 0
1279 1237 0
848 259 0
872 534 0
1340 576 0
1498 162 0
1059 52 0
595 150 0
1318 559 0
959 503 0
1439 334 0
1241 587 0
1139 576 0
715 41 0
632 349 0
1383 775 0
886 196 0
398 72 0
1097 935 0
508 72 0
1006 742 0
250 153 0
972 272 0
623 454 0
1333 193 0
878 804 0
615 35 0
1226 1136 0
856 725 0
1438 590 0
1263 579 0
1172 1025 0
1206 987 0
253 7 0
1461 405 0
1001 32 0
239 146 0
1002 969 0
1164 136 0
1339 1018 0
1387 605 0
1084 281 0
1041 748 0
986 109 0
1298 317 0
1218 221 0
797 168 0
468 156 0
1281 268 0
1356 255 0
690 299 0
635 249 0
1378 1243 0
1191 1088 0
889 661 0
1194 1026 0
1480 489 0
1081 86 0
825 609 0
821 331 0
993 370 0
161 68 0
1431 442 0
437 322 0
299 177 0
1390 522 0
1092 99 0
383 9 0
829 418 0
544 211 0
1393 87 0
601 332 0
1212 886 0
880 191 0
1154 655 0
951 351 0
80 8 0
1402 684 0
1059 971 0
1283 777 0
1247 167 0
1264 490 0
1431 1076 0
1098 88 0
876 436 0
768 409 0
618 111 0
841 761 0
1325 1102 0
1030 938 0
1175 749 0
702 340 0
1043 278 0
1086 254 0
827 113 0
1085 88 0
928 436 0
1369 522 0
1150 322 0
1244 561 0
1473 241 0
1006 402 0
1381 1004 0
1179 71 0
1336 578 0
995 626 0
208 21 0
1338 996 0
841 13 0
1079 952 0
1090 454 0
102 31 0
716 507 0
994 13 0
1102 764 0
1131 703 0
1255 1108 0
1263 778 0
1409 1215 0
1041 246 0
638 630 0
1057 883 0
1255 598 0
1222 1031 0
216 130 0
90 69 0
649 169 0
953 92 0
1372 377 0
1320 433 0
453 216 0
1342 835 0
710 476 0
1453 1200 0
970 495 0
198 73 0
924 178 0
992 292 0
1353 194 0
1248 1229 0
1465 1366 0
876 849 0
1253 65 0
641 492 0
1324 1305 0
731 327 0
1300 507 0
1040 194 0
1459 706 0
1194 1177 0
1471 234 0
536 153 0
543 424 0
1220 735 0
1334 1055 0
584 512 0
1223 1064 0
1483 1192 0
1117 787 0
1063 125 0
1301 837 0
1205 897 0
825 635 0
1482 699 0
1147 574 0
1273 874 0
1495 751 0
1472 1160 0
596 295 0
1347 1244 0
1215 1109 0
503 489 0
578 420 0
893 109 0
815 316 0
1445 521 0
1153 953 0
323 39 0
959 346 0
1100 379 0
1237 676 0
913 222 0
1223 707 0
1351 378 0
268 209 0
1013 922 0
1471 1396 0
1252 918 0
989 466 0
1079 539 0
669 476 0
649 565 0
606 377 0
1062 660 0
607 471 0
1297 593 0
707 300 0
596 52 0
1265 842 0
924 673 0
1473 514 0
910 702 0
1052 675 0
505 13 0
1275 24 0
1330 1223 0
305 68 0
840 279 0
1369 367 0
1006 359 0
1383 1290 0
1075 70 0
1358 505 0
1077 920 0
854 789 0
1384 617 0
1479 242 0
804 259 0
1111 540 0
957 298 0
1345 816 0
1297 139 0
1156 568 0
1475 790 0
748 625 0
1305 1253 0
1268 1125 0
1029 557 0
1435 117 0
980 433 0
1383 368 0
1407 43 0
1337 823 0
877 812 0
1494 735 0
1079 16 0
539 286 0
275 265 0
1367 56 0
1471 381 0
1043 175 0
1238 430 0
1034 350 0
826 170 0
666 392 0
1341 441 0
590 177 0
617 513 0
441 284 0
1257 1245 0
1138 913 0
1415 1161 0
1007 160 0
619 107 0
1389 991 0
1254 583 0
1444 1132 0
1136 167 0
618 391 0
1377 159 0
1500 135 0
211 141 0
1275 17 0
1337 738 0
902 687 0
1268 452 0
838 179 0
1051 179 0
1297 975 0
566 94 0
1009 490 0
722 150 0
1361 200 0
1444 990 0
1096 823 0
213 178 0
1278 1277 0
1245 4 0
653 246 0
1352 953 0
939 104 0
1312 507 0
1258 668 0
1376 640 0
1450 875 0
1124 663 0
1103 609 0
1393 426 0
551 456 0
1264 742 0
1259 1104 0
551 395 0
1281 1217 0
980 977 0
1446 566 0
455 171 0
565 480 0
737 506 0
1145 104 0
1415 376 0
929 276 0
280 227 0
523 172 0
682 259 0
1471 665 0
1214 865 0
714 517 0
1245 319 0
880 259 0
967 716 0
1063 22 0
1286 758 0
638 534 0
680 355 0
1139 1099 0
511 343 0
1313 1195 0
516 48 0
1483 1251 0
1424 883 0
1365 522 0
1240 574 0
288 77 0
1121 302 0
500 88 0
1474 821 0
1209 920 0
754 455 0
684 153 0
723 666 0
567 148 0
1153 501 0
776 24 0
771 130 0
1339 840 0
719 36 0
1438 354 0
232 185 0
1437 552 0
770 96 0
995 32 0
972 453 0
1498 1348 0
1181 1073 0
1186 433 0
1138 455 0
1287 570 0
939 784 0
1249 559 0
1268 595 0
813 716 0
1083 1053 0
947 238 0
863 9 0
425 262 0
1070 744 0
817 654 0
1282 32 0
1309 409 0
1065 740 0
1471 1092 0
1426 628 0
463 365 0
719 510 0
615 377 0
1417 307 0
1016 743 0
443 368 0
1435 1407 0
921 609 0
888 272 0
895 393 0
1339 331 0
886 283 0
1482 300 0
974 969 0
1442 205 0
1266 732 0
1353 842 0
1179 318 0
981 228 0
493 473 0
561 58 0
1363 355 0
993 826 0
703 466 0
868 504 0
1286 597 0
1461 1304 0
466 377 0
734 693 0
1432 1176 0
37 18 0
868 415 0
566 96 0
616 407 0
715 577 0
1163 241 0
759 134 0
569 121 0
1483 715 0
1167 1086 0
1060 535 0
1320 872 0
1465 816 0
1035 85 0
666 336 0
1406 337 0
651 601 0
158 151 0
1057 346 0
1177 592 0
518 283 0
1196 556 0
997 322 0
1120 521 0
1387 690 0
1321 1250 0
812 317 0
1346 214 0
1401 750 0
1094 983 0
1270 1020 0
1401 1394 0
1396 1295 0
1390 1041 0
308 141 0
461 358 0
1018 330 0
818 804 0
732 270 0
993 753 0
1425 1247 0
1288 283 0
693 491 0
1389 784 0
693 84 0
961 363 0
1287 941 0
950 867 0
974 216 0
725 56 0
198 100 0
1103 126 0
1398 634 0
1016 636 0
470 283 0
1276 1251 0
728 331 0
938 287 0
1092 89 0
494 203 0
1441 484 0
746 318 0
1486 273 0
1333 961 0
490 369 0
231 169 0
1410 1394 0
1129 1027 0
850 664 0
526 102 0
112 95 0
711 599 0
1391 112 0
702 423 0
432 217 0
406 78 0
1190 215 0
1358 21 0
1033 589 0
338 211 0
345 90 0
1052 229 0
1153 621 0
1440 155 0
1462 699 0
1245 492 0
1206 64 0
647 390 0
425 40 0
629 531 0
814 126 0
85 49 0
976 43 0
788 308 0
1336 473 0
1091 1068 0
821 308 0
1235 721 0
467 141 0
1181 1169 0
1342 677 0
480 208 0
1379 328 0
1219 703 0
850 484 0
1445 94 0
1285 51 0
1462 404 0
1297 118 0
685 9 0
47 30 0
1341 1247 0
1254 1214 0
1154 517 0
1274 808 0
1209 1059 0
795 720 0
910 477 0
1371 1063 0
901 703 0
1106 640 0
542 254 0
905 629 0
1474 1338 0
956 382 0
596 269 0
1057 306 0
1260 143 0
1371 709 0
1155 549 0
857 155 0
1197 279 0
1250 1158 0
1500 906 0
818 674 0
192 167 0
474 76 0
266 83 0
1474 1090 0
1380 843 0
734 376 0
1475 678 0
1207 10 0
1453 802 0
1122 484 0
911 742 0
1151 951 0
1375 554 0
1288 10 0
978 951 0
674 251 0
795 624 0
1118 791 0
1128 691 0
747 343 0
1471 278 0
1276 13 0
1294 299 0
1225 899 0
1122 205 0
871 696 0
1495 194 0
665 50 0
271 264 0
610 130 0
1054 324 0
332 278 0
772 143 0
1087 105 0
188 52 0
502 24 0
1311 532 0
1487 348 0
1306 1039 0
1258 83 0
1105 428 0
537 218 0
811 777 0
929 264 0
1395 216 0
1271 361 0
1147 715 0
574 55 0
785 649 0
583 252 0
941 837 0
729 305 0
1402 818 0
558 247 0
1425 1114 0
988 215 0
1034 790 0
1420 1032 0
1190 730 0
1069 632 0
374 369 0
527 468 0
1119 901 0
857 778 0
1207 1179 0
1135 333 0
993 461 0
963 812 0
1118 527 0
666 481 0
511 108 0
471 247 0
855 619 0
958 879 0
1041 591 0
654 474 0
534 114 0
388 360 0
870 143 0
949 592 0
700 424 0
1281 920 0
1196 1010 0
455 429 0
1397 877 0
1102 527 0
1087 926 0
879 766 0
991 983 0
592 99 0
1384 535 0
1060 97 0
792 547 0
959 449 0
1363 197 0
1444 373 0
1485 1213 0
771 367 0
874 613 0
1099 557 0
1019 49 0
1012 603 0
1195 1065 0
1330 131 0
1393 1376 0
514 230 0
1481 1460 0
1492 594 0
644 202 0
838 766 0
937 696 0
951 199 0
309 251 0
246 236 0
1054 389 0
1431 349 0
1129 562 0
210 23 0
756 645 0
92 72 0
627 587 0
489 52 0
1064 13 0
1010 670 0
1076 480 0
860 378 0
926 47 0
1056 791 0
1155 63 0
1273 318 0
273 156 0
349 105 0
629 391 0
1226 585 0
1374 1173 0
298 251 0
1329 727 0
1355 419 0
258 132 0
1476 1360 0
539 22 0
972 357 0
914 528 0
621 115 0
1002 918 0
1395 217 0
429 151 0
175 18 0
1410 960 0
869 529 0
197 133 0
366 136 0
997 181 0
1081 1036 0
1074 655 0
1466 1059 0
1381 1091 0
1417 1372 0
1009 130 0
996 861 0
1175 772 0
1045 239 0
1055 960 0
1333 156 0
588 418 0
869 85 0
1365 1237 0
1453 811 0
584 560 0
1389 1248 0
1429 1263 0
794 659 0
792 142 0
794 455 0
1008 176 0
1277 577 0
572 350 0
1095 367 0
1289 282 0
260 45 0
1397 1356 0
1304 104 0
448 336 0
836 44 0
788 221 0
1164 89 0
775 10 0
529 467 0
1056 475 0
1271 1018 0
1128 480 0
497 492 0
678 180 0
371 95 0
1422 918 0
897 453 0
944 564 0
1280 821 0
817 627 0
1110 566 0
1149 1028 0
680 607 0
1365 100 0
1395 1090 0
1045 843 0
793 622 0
1153 552 0
1191 934 0
1352 190 0
861 749 0
1219 692 0
1238 196 0
439 290 0
1299 116 0
1493 613 0
902 45 0
890 430 0
762 406 0
1045 665 0
1381 107 0
1482 470 0
340 314 0
1467 1010 0
638 390 0
503 217 0
1388 1015 0
1100 1043 0
1069 926 0
1148 586 0
1370 1171 0
356 350 0
625 371 0
304 141 0
1410 889 0
299 29 0
1088 929 0
608 303 0
1191 346 0
596 361 0
1482 372 0
1469 1144 0
1357 236 0
1216 1020 0
322 118 0
1131 429 0
1208 1130 0
957 478 0
1439 261 0
1428 1101 0
1417 272 0
1314 1307 0
1410 574 0
1457 455 0
1278 290 0
383 264 0
357 51 0
1145 966 0
1165 552 0
1127 552 0
618 96 0
993 966 0
1182 332 0
878 741 0
1039 204 0
1066 913 0
927 870 0
121 10 0
1227 801 0
171 161 0
608 309 0
1206 182 0
1479 922 0
1486 1260 0
828 112 0
208 179 0
1114 194 0
1464 1158 0
979 705 0
1031 123 0
1391 1386 0
847 683 0
736 499 0
1295 241 0
770 99 0
1474 1118 0
1350 623 0
848 352 0
1112 992 0
965 651 0
1410 634 0
1272 645 0
1385 316 0
1066 692 0
376 93 0
865 517 0
158 94 0
1000 857 0
873 732 0
1237 819 0
1015 311 0
1064 298 0
858 427 0
985 274 0
1045 1021 0
1192 275 0
1006 908 0
291 195 0
1147 1041 0
1404 408 0
1071 240 0
1002 940 0
664 191 0
1299 651 0
658 366 0
1016 441 0
1270 706 0
82 80 0
1323 534 0
776 533 0
969 98 0
1221 284 0
1490 358 0
780 61 0
615 556 0
336 86 0
1164 748 0
635 433 0
1055 479 0
1455 606 0
1390 1176 0
1463 1304 0
1000 797 0
649 376 0
929 716 0
1447 32 0
1357 230 0
1369 1274 0
1475 1263 0
954 22 0
1264 869 0
1037 526 0
1383 856 0
1428 15 0
718 6 0
313 128 0
907 171 0
1458 1228 0
323 286 0
569 463 0
694 270 0
1021 406 0
1347 177 0
673 412 0
1284 797 0
1480 1111 0
752 273 0
870 139 0
589 280 0
1295 740 0
791 218 0
178 76 0
1253 1134 0
1275 294 0
673 202 0
432 123 0
1212 968 0
212 80 0
1436 158 0
1183 185 0
977 80 0
1188 651 0
475 372 0
787 162 0
1096 694 0
860 645 0
846 722 0
1422 915 0
787 251 0
906 210 0
314 180 0
1049 198 0
1364 1198 0
1383 78 0
1246 310 0
1124 268 0
1362 640 0
1455 271 0
1421 76 0
1484 73 0
1243 933 0
629 262 0
1494 854 0
932 596 0
1421 837 0
1500 541 0
1027 492 0
1114 806 0
694 464 0
932 131 0
626 474 0
1198 335 0
176 77 0
786 228 0
1433 212 0
1110 567 0
1165 267 0
722 288 0
1003 955 0
1405 994 0
1158 392 0
1051 766 0
909 621 0
977 415 0
877 259 0
361 210 0
1489 152 0
613 373 0
1499 154 0
1409 1233 0
574 148 0
1243 59 0
366 200 0
560 416 0
406 173 0
1467 1079 0
866 697 0
1104 541 0
1071 382 0
1110 250 0
1444 942 0
1240 825 0
647 164 0
1455 329 0
1468 405 0
472 348 0
1049 731 0
1124 581 0
862 637 0
1451 1281 0
995 665 0
1443 1038 0
982 333 0
1348 102 0
889 143 0
1316 627 0
1395 539 0
871 179 0
1451 1373 0
1394 1075 0
705 237 0
434 179 0
1114 231 0
794 292 0
708 516 0
1185 713 0
732 188 0
1119 83 0
613 118 0
1297 136 0
484 470 0
462 164 0
986 174 0
808 147 0
286 147 0
937 689 0
935 699 0
1087 807 0
1463 858 0
1272 220 0
1020 859 0
940 423 0
1205 868 0
1416 171 0
672 422 0
1497 793 0
1220 539 0
387 132 0
867 486 0
1161 366 0
1447 265 0
1117 577 0
1239 587 0
1042 525 0
1370 694 0
1427 359 0
492 371 0
406 74 0
1019 989 0
786 33 0
1358 1117 0
1128 1031 0
911 346 0
754 617 0
1387 1118 0
954 939 0
1203 238 0
743 215 0
1446 1240 0
1157 1086 0
1472 1236 0
941 530 0
1491 188 0
1172 275 0
801 626 0
653 296 0
1169 626 0
1459 972 0
759 48 0
1455 853 0
1109 234 0
649 137 0
1057 712 0
719 208 0
1227 691 0
864 657 0
552 265 0
1322 435 0
954 862 0
1159 542 0
341 236 0
713 353 0
607 464 0
972 879 0
1038 60 0
213 155 0
1362 940 0
525 61 0
773 42 0
1304 517 0
1270 1209 0
719 499 0
581 552 0
1260 1167 0
1374 1326 0
990 128 0
1419 953 0
1004 653 0
928 442 0
585 163 0
937 591 0
1445 1311 0
873 410 0
1412 1172 0
599 117 0
140 38 0
703 339 0
814 340 0
1329 783 0
1185 573 0
1416 458 0
1372 643 0
1383 110 0
355 30 0
762 261 0
861 69 0
413 375 0
434 187 0
1008 13 0
876 301 0
1374 594 0
618 122 0
1133 448 0
1492 133 0
1403 1125 0
962 341 0
978 720 0
1318 100 0
1390 847 0
1348 654 0
1441 992 0
750 727 0
1288 663 0
769 602 0
557 356 0
1420 765 0
782 174 0
897 67 0
657 300 0
360 278 0
1486 62 0
434 349 0
1418 1052 0
1368 534 0
560 425 0
587 213 0
604 14 0
696 263 0
729 718 0
1174 702 0
1118 841 0
415 205 0
1326 1094 0
535 299 0
387 210 0
1217 614 0
1100 891 0
1052 249 0
985 232 0
946 881 0
822 451 0
894 557 0
1207 1185 0
295 108 0
1179 751 0
1330 16 0
1450 898 0
1414 1191 0
569 381 0
536 206 0
1459 1148 0
533 7 0
689 598 0
1376 877 0
1468 97 0
888 368 0
1496 351 0
520 449 0
1128 261 0
723 115 0
1284 522 0
524 298 0
833 385 0
1077 723 0
749 24 0
918 596 0
628 61 0
1330 1210 0
1396 305 0
1167 1007 0
647 178 0
614 44 0
1470 793 0
1369 1291 0
680 621 0
1142 601 0
1181 1086 0
564 511 0
1028 802 0
1311 719 0
778 287 0
969 847 0
1415 371 0
1039 494 0
766 74 0
1381 1201 0
1366 1104 0
759 453 0
1476 488 0
944 562 0
1048 182 0
1257 306 0
1079 1038 0
1338 748 0
702 102 0
1313 945 0
621 523 0
941 431 0
1117 375 0
294 204 0
1499 700 0
1290 948 0
680 420 0
1470 699 0
1137 635 0
962 116 0
1104 131 0
664 511 0
1115 194 0
165 150 0
1469 1271 0
1359 511 0
983 714 0
1383 1110 0
824 310 0
1246 332 0
1255 412 0
546 325 0
1458 1382 0
1227 657 0
1090 878 0
989 232 0
915 726 0
326 162 0
722 94 0
1153 472 0
1353 475 0
952 326 0
1488 371 0
911 649 0
996 520 0
1488 303 0
498 58 0
1206 246 0
1499 747 0
1241 446 0
362 93 0
1048 383 0
1407 886 0
1172 171 0
1061 223 0
1376 20 0
986 454 0
1446 583 0
1248 1125 0
1284 1264 0
1181 998 0
941 693 0
1395 1327 0
1129 1049 0
379 371 0
943 315 0
72 38 0
991 32 0
997 830 0
725 444 0
250 197 0
760 430 0
1196 826 0
170 95 0
1186 857 0
419 158 0
1497 1157 0
1286 721 0
1276 777 0
1457 268 0
973 409 0
1326 895 0
986 868 0
824 673 0
940 845 0
1448 792 0
569 564 0
1362 864 0
1393 754 0
1372 461 0
1122 277 0
1044 106 0
722 103 0
979 528 0
342 253 0
815 379 0
1359 443 0
350 25 0
1282 1044 0
771 164 0
805 102 0
1306 1103 0
1082 608 0
1441 1055 0
1317 997 0
575 300 0
72 37 0
1315 1085 0
1408 1319 0
1278 727 0
1267 525 0
827 84 0
1070 692 0
575 373 0
1167 577 0
1424 1025 0
425 191 0
1298 915 0
1279 1164 0
1456 936 0
1149 626 0
805 441 0
981 578 0
1356 1340 0
1267 813 0
1039 332 0
507 259 0
1098 296 0
1096 328 0
1379 153 0
1341 572 0
1359 822 0
1166 893 0
850 120 0
1295 861 0
921 479 0
1026 65 0
1297 795 0
575 568 0
888 421 0
1034 449 0
1391 933 0
1213 340 0
1488 153 0
137 32 0
765 575 0
1412 1105 0
446 289 0
153 27 0
1177 217 0
269 118 0
1159 601 0
1425 1193 0
1017 565 0
968 173 0
1179 772 0
1453 1292 0
1092 685 0
590 394 0
1033 122 0
920 426 0
1465 322 0
816 714 0
1485 782 0
788 168 0
311 73 0
898 654 0
1293 355 0
1334 134 0
1066 989 0
461 262 0
775 336 0
909 144 0
1297 870 0
753 213 0
919 239 0
144 51 0
561 43 0
1021 554 0
209 191 0
1303 721 0
1056 170 0
1178 133 0
1218 217 0
1465 1408 0
275 188 0
791 621 0
1419 525 0
1126 610 0
987 243 0
912 898 0
1454 238 0
934 438 0
1224 618 0
1439 1208 0
1221 1119 0
1263 147 0
795 260 0
957 665 0
1061 603 0
1330 209 0
1062 691 0
1314 46 0
589 157 0
751 288 0
211 175 0
1091 402 0
764 672 0
599 173 0
1494 365 0
792 649 0
1434 305 0
1048 878 0
1419 649 0
1136 1088 0
1000 417 0
1445 1027 0
1384 1280 0
875 743 0
1054 36 0
802 541 0
1264 738 0
988 573 0
1231 352 0
922 31 0
895 566 0
872 151 0
443 250 0
1197 249 0
1294 945 0
1150 42 0
976 827 0
746 255 0
894 795 0
1140 323 0
1058 496 0
919 290 0
492 207 0
1305 421 0
1096 939 0
476 248 0
288 232 0
1005 899 0
1151 600 0
1448 356 0
234 223 0
278 182 0
1392 872 0
1404 658 0
918 652 0
895 517 0
606 587 0
440 398 0
1333 454 0
1372 355 0
1021 549 0
575 389 0
628 482 0
1113 244 0
1327 1229 0
1438 1165 0
559 325 0
684 659 0
615 366 0
1054 957 0
1329 861 0
1223 1115 0
1398 939 0
1417 662 0
976 473 0
954 512 0
1495 30 0
1017 961 0
1386 159 0
1145 1005 0
940 936 0
1405 923 0
1178 1142 0
759 249 0
1303 1240 0
1494 78 0
1173 675 0
1437 1156 0
422 237 0
952 231 0
1304 944 0
1105 26 0
1112 219 0
1447 1183 0
459 422 0
867 180 0
1385 60 0
723 537 0
1104 552 0
220 32 0
1278 907 0
859 843 0
1243 364 0
1159 4 0
707 352 0
500 332 0
69 40 0
698 203 0
1133 1018 0
1387 1068 0
1341 435 0
1472 1307 0
1285 1238 0
969 966 0
705 462 0
1051 638 0
961 779 0
1368 1135 0
961 756 0
1050 95 0
729 390 0
615 345 0
273 59 0
1329 725 0
476 141 0
534 220 0
520 427 0
1464 328 0
899 40 0
1220 781 0
1480 700 0
441 133 0
1492 849 0
1220 618 0
1239 900 0
693 66 0
1318 999 0
1241 744 0
983 234 0
881 236 0
1104 301 0
719 348 0
835 411 0
790 378 0
1207 142 0
1093 20 0
1314 1295 0
365 102 0
905 589 0
637 58 0
1111 431 0
1162 413 0
885 235 0
1144 191 0
933 45 0
1004 741 0
1262 416 0
1068 57 0
951 542 0
391 107 0
618 165 0
921 552 0
589 83 0
601 432 0
300 52 0
1372 138 0
917 208 0
1352 237 0
1084 588 0
1344 76 0
597 158 0
383 88 0
274 168 0
1026 453 0
877 843 0
1237 809 0
1498 1196 0
501 273 0
1290 97 0
904 773 0
810 170 0
807 23 0
1472 634 0
1199 555 0
1399 791 0
889 220 0
446 352 0
1142 75 0
1389 247 0
1050 803 0
1206 995 0
251 240 0
1397 81 0
1342 620 0
651 574 0
1428 934 0
1198 865 0
1124 801 0
1273 510 0
603 581 0
907 363 0
1406 42 0
714 519 0
947 651 0
884 529 0
1131 572 0
425 356 0
883 702 0
1237 257 0
1358 186 0
1264 338 0
1478 471 0
497 273 0
1232 391 0
1173 215 0
1484 1390 0
245 238 0
1254 1184 0
1123 224 0
1410 745 0
656 200 0
685 274 0
1432 871 0
366 101 0
151 124 0
478 386 0
1474 756 0
1208 134 0
1221 1127 0
1244 218 0
1350 234 0
260 32 0
1130 69 0
291 282 0
982 374 0
1434 737 0
1168 274 0
1070 277 0
768 622 0
804 472 0
861 323 0
1479 152 0
764 649 0
994 204 0
1207 876 0
1399 1266 0
972 468 0
1232 315 0
1134 420 0
1485 118 0
1122 673 0
1310 19 0
653 545 0
1031 912 0
1359 1233 0
670 633 0
1137 84 0
1332 801 0
1381 525 0
733 323 0
1037 282 0
1217 1154 0
777 609 0
322 285 0
1252 183 0
1252 524 0
1470 138 0
827 346 0
682 378 0
710 208 0
1153 596 0
1098 469 0
666 478 0
1383 672 0
1480 1377 0
1378 1377 0
1275 200 0
944 41 0
1082 795 0
815 312 0
921 363 0
429 4 0
364 26 0
1129 275 0
1117 53 0
1407 627 0
1312 1293 0
540 426 0
1228 510 0
1176 716 0
910 580 0
580 159 0
787 210 0
1197 3 0
663 355 0
1478 730 0
868 6 0
594 424 0
789 203 0
1103 702 0
925 718 0
1397 155 0
419 273 0
1140 335 0
1272 139 0
348 190 0
976 765 0
998 244 0
1005 907 0
1457 879 0
1288 446 0
1363 712 0
246 87 0
1338 610 0
941 557 0
1143 673 0
1234 968 0
602 29 0
1264 655 0
886 415 0
1321 232 0
424 109 0
1058 1017 0
341 319 0
1269 674 0
1249 134 0
234 150 0
341 223 0
1382 1341 0
823 17 0
1154 1072 0
722 304 0
617 362 0
1228 484 0
1349 415 0
1413 832 0
1276 681 0
725 639 0
864 271 0
627 137 0
635 291 0
398 98 0
61 23 0
681 70 0
1396 88 0
943 458 0
1330 671 0
1107 302 0
1118 743 0
1059 48 0
1417 1149 0
865 435 0
1140 462 0
940 157 0
930 149 0
815 91 0
442 292 0
958 939 0
883 323 0
1451 977 0
1263 181 0
1453 619 0
617 467 0
1405 754 0
1172 152 0
1483 723 0
1313 1141 0
869 244 0
692 630 0
474 265 0
1071 393 0
939 524 0
618 565 0
1073 45 0
1159 1032 0
289 180 0
1428 322 0
931 540 0
1144 212 0
1021 617 0
1409 1210 0
1035 277 0
1338 474 0
1020 130 0
1397 1196 0
639 123 0
1305 254 0
1465 1287 0
1151 1055 0
485 305 0
1417 427 0
821 312 0
317 2 0
377 179 0
634 263 0
1213 1074 0
309 75 0
1458 718 0
1492 664 0
758 223 0
323 192 0
1061 1048 0
1206 960 0
697 608 0
174 68 0
744 178 0
755 91 0
1438 925 0
1499 1217 0
1370 455 0
930 489 0
1077 312 0
837 690 0
639 482 0
1483 27 0
638 602 0
903 649 0
1286 839 0
556 190 0
1463 742 0
1374 1140 0
265 13 0
754 289 0
1410 849 0
460 291 0
985 72 0
1102 725 0
554 128 0
922 23 0
1093 608 0
938 613 0
976 740 0
274 54 0
298 135 0
1199 1055 0
324 134 0
801 315 0
1417 222 0
1474 676 0
1435 834 0
1280 166 0
890 231 0
986 901 0
304 18 0
1095 778 0
962 266 0
707 70 0
1419 1022 0
577 345 0
899 103 0
1382 105 0
1490 1119 0
937 9 0
481 51 0
1401 1014 0
1043 652 0
1095 864 0
966 27 0
1181 180 0
1431 699 0
1458 758 0
166 1 0
869 330 0
1483 1217 0
340 328 0
1481 194 0
244 1 0
870 391 0
1398 198 0
1494 403 0
755 556 0
1160 291 0
882 112 0
1242 563 0
1199 116 0
1406 110 0
470 415 0
1391 709 0
1321 163 0
744 458 0
705 92 0
1186 772 0
727 498 0
1172 129 0
1280 25 0
496 326 0
463 304 0
769 131 0
1085 780 0
1268 559 0
627 97 0
1028 984 0
1279 103 0
1071 434 0
1006 585 0
1323 570 0
1046 137 0
1035 450 0
511 126 0
895 361 0
1028 469 0
911 754 0
1464 1427 0
1354 476 0
356 164 0
1156 209 0
1250 770 0
589 576 0
1012 775 0
1030 564 0
949 395 0
1233 602 0
471 188 0
1195 747 0
804 683 0
1363 859 0
1294 284 0
928 281 0
451 3 0
778 493 0
472 38 0
771 681 0
1289 990 0
1362 1343 0
1319 1202 0
655 51 0
1167 18 0
767 379 0
1224 849 0
1273 780 0
1178 868 0
556 353 0
453 258 0
1135 70 0
1463 1171 0
576 154 0
614 219 0
1208 159 0
824 87 0
1183 1174 0
523 152 0
1256 756 0
822 80 0
703 485 0
872 381 0
1499 1224 0
326 269 0
433 424 0
1477 344 0
556 210 0
890 762 0
397 129 0
950 864 0
457 251 0
1419 484 0
631 346 0
798 365 0
1062 712 0
993 317 0
1461 589 0
709 579 0
357 317 0
445 124 0
841 662 0
1189 905 0
305 283 0
1019 585 0
1338 679 0
1245 1159 0
1310 523 0
972 672 0
1350 1222 0
1024 182 0
1272 1245 0
268 197 0
1344 1076 0
833 743 0
422 221 0
1412 989 0
794 16 0
698 18 0
736 209 0
887 327 0
1179 40 0
866 264 0
744 580 0
1337 1 0
1177 653 0
1297 116 0
725 643 0
1129 297 0
1478 97 0
808 642 0
1213 539 0
803 709 0
1438 70 0
1251 117 0
1297 1008 0
1269 1078 0
932 838 0
1074 370 0
557 429 0
669 163 0
1483 998 0
1389 470 0
720 534 0
1327 921 0
615 46 0
834 748 0
1229 486 0
1003 783 0
1087 714 0
1432 650 0
1339 254 0
570 299 0
745 130 0
316 251 0
1453 221 0
1392 1333 0
1334 1193 0
625 412 0
984 84 0
1311 451 0
1021 970 0
439 213 0
343 217 0
930 190 0
1325 830 0
1342 220 0
479 378 0
616 377 0
841 549 0
735 98 0
909 329 0
814 35 0
472 231 0
1159 890 0
421 291 0
775 6 0
1428 619 0
1299 376 0
1267 715 0
988 113 0
1221 1129 0
1073 879 0
1140 533 0
1430 942 0
1119 234 0
1079 559 0
1319 209 0
887 303 0
1247 218 0
679 138 0
509 215 0
593 361 0
808 329 0
613 563 0
1102 1022 0
403 400 0
1475 583 0
1202 363 0
736 433 0
798 724 0
1408 961 0
1169 790 0
1139 1114 0
1485 605 0
682 363 0
1215 66 0
748 333 0
508 502 0
957 769 0
1471 697 0
1110 1101 0
403 203 0
1035 98 0
536 86 0
1486 150 0
275 217 0
1204 971 0
1304 688 0
928 764 0
871 610 0
1470 329 0
1058 895 0
1054 83 0
753 594 0
1223 496 0
282 15 0
854 589 0
1194 511 0
1234 779 0
1127 792 0
1436 571 0
1123 322 0
626 310 0
1056 397 0
1105 163 0
925 771 0
587 143 0
1334 235 0
1056 20 0
1122 1075 0
1303 305 0
318 248 0
1192 996 0
722 700 0
623 132 0
1176 781 0
773 265 0
1355 1259 0
916 98 0
1208 37 0
592 370 0
868 274 0
577 90 0
1208 848 0
1149 304 0
1352 291 0
1240 1087 0
1431 922 0
1004 76 0
903 815 0
1036 589 0
908 24 0
1441 288 0
1210 763 0
1392 548 0
1025 484 0
273 241 0
189 153 0
764 414 0
1090 667 0
1138 729 0
187 41 0
1135 1006 0
687 99 0
746 352 0
1295 121 0
1362 72 0
1074 262 0
1126 540 0
668 592 0
605 5 0
1272 431 0
1095 530 0
835 453 0
912 540 0
522 513 0
528 307 0
353 211 0
275 117 0
1134 220 0
970 157 0
1072 217 0
1452 430 0
878 292 0
606 368 0
1342 129 0
1349 828 0
665 70 0
1355 352 0
398 131 0
1276 1087 0
941 429 0
439 283 0
820 600 0
1164 1135 0
865 657 0
321 143 0
982 567 0
1379 121 0
1171 100 0
1188 98 0
142 41 0
862 137 0
603 395 0
847 283 0
1254 1079 0
798 63 0
998 124 0
1303 499 0
843 730 0
186 50 0
626 540 0
1363 1155 0
1464 3 0
1078 554 0
1492 274 0
1303 28 0
858 779 0
649 576 0
1134 935 0
946 273 0
1432 290 0
1473 1317 0
1042 994 0
691 279 0
1132 735 0
1354 1183 0
761 741 0
1498 1259 0
1221 14 0
1396 813 0
1188 59 0
1229 140 0
668 343 0
1332 154 0
1492 437 0
1421 409 0
405 93 0
988 233 0
1213 422 0
935 570 0
1005 395 0
1365 270 0
698 672 0
952 582 0
883 220 0
684 352 0
598 332 0
1231 515 0
943 242 0
1282 616 0
405 242 0
833 174 0
1253 268 0
1118 670 0
1082 137 0
778 623 0
916 536 0
1322 1202 0
778 602 0
288 245 0
1205 921 0
1419 1372 0
1262 357 0
1378 222 0
1242 826 0
1254 613 0
1293 468 0
1306 889 0
550 380 0
947 711 0
579 263 0
1145 927 0
717 544 0
907 270 0
1489 703 0
1137 586 0
1135 1106 0
574 404 0
750 465 0
1475 1373 0
1404 1235 0
852 562 0
791 198 0
1139 153 0
1405 1294 0
1339 1287 0
1379 475 0
755 20 0
1139 811 0
512 5 0
807 770 0
711 195 0
176 107 0
1498 207 0
397 277 0
1254 1190 0
1253 838 0
1352 1001 0
1017 684 0
1368 1123 0
693 555 0
1170 652 0
969 460 0
997 634 0
1480 605 0
954 905 0
203 156 0
1111 642 0
1114 17 0
777 347 0
1080 557 0
983 900 0
1153 326 0
1338 892 0
133 83 0
1029 632 0
1157 1152 0
1385 898 0
1276 252 0
1498 1296 0
1476 1158 0
184 18 0
947 440 0
1487 219 0
178 87 0
1027 95 0
1240 1239 0
1266 132 0
798 658 0
573 222 0
1109 133 0
1057 491 0
1302 1222 0
1472 722 0
1453 245 0
1281 937 0
913 78 0
1467 279 0
794 642 0
1439 1143 0
714 417 0
1340 1028 0
891 380 0
1356 218 0
1158 1108 0
901 169 0
807 689 0
661 181 0
696 547 0
183 135 0
910 490 0
648 30 0
259 137 0
1313 631 0
620 378 0
314 130 0
730 274 0
1387 19 0
1304 303 0
1081 854 0
71 29 0
827 300 0
202 16 0
1304 1039 0
778 536 0
1466 1378 0
1048 276 0
1199 536 0
1434 934 0
1314 1229 0
1124 963 0
567 411 0
1131 539 0
1434 929 0
1469 1051 0
613 391 0
789 704 0
752 414 0
901 451 0
1052 745 0
774 279 0
1280 937 0
1235 770 0
816 236 0
1057 909 0
1382 301 0
874 275 0
1284 1169 0
1260 183 0
467 218 0
758 27 0
1262 109 0
949 711 0
784 141 0
1024 160 0
1227 706 0
721 328 0
1464 1307 0
836 65 0
576 205 0
1276 239 0
1400 1333 0
808 315 0
813 674 0
1332 192 0
753 106 0
1018 677 0
389 144 0
1064 104 0
1359 942 0
1121 1085 0
1315 588 0
1114 843 0
734 91 0
387 6 0
338 125 0
450 97 0
955 620 0
1328 517 0
1337 984 0
1063 408 0
303 188 0
1065 905 0
1425 214 0
840 384 0
1477 765 0
1136 599 0
1107 38 0
1443 250 0
1410 485 0
1247 716 0
1210 538 0
1305 1224 0
1486 17 0
1458 23 0
1110 818 0
727 372 0
957 691 0
1176 712 0
1288 552 0
720 560 0
629 423 0
1069 679 0
1326 1209 0
966 531 0
1137 74 0
1369 75 0
1065 848 0
1484 1061 0
1180 127 0
823 817 0
1043 563 0
1218 257 0
1346 839 0
934 679 0
1479 607 0
1322 1309 0
1470 1356 0
1080 820 0
1259 885 0
1380 1066 0
691 199 0
897 498 0
1168 776 0
663 175 0
827 636 0
593 567 0
983 829 0
1265 359 0
1317 677 0
617 364 0
1455 914 0
1459 1079 0
1234 704 0
1278 45 0
904 829 0
755 283 0
1123 169 0
1397 752 0
727 153 0
638 215 0
621 28 0
1271 434 0
1374 1093 0
1482 623 0
493 136 0
1353 999 0
1304 667 0
400 330 0
868 437 0
1020 969 0
1437 558 0
1109 492 0
1358 1089 0
1088 989 0
1292 53 0
533 473 0
1239 1047 0
625 100 0
1372 1150 0
1013 315 0
878 124 0
1325 920 0
954 684 0
219 62 0
1069 945 0
1314 1121 0
786 156 0
398 384 0
1198 297 0
1070 377 0
752 135 0
1349 154 0
718 2 0
457 211 0
1331 38 0
870 459 0
1428 752 0
1107 877 0
957 843 0
740 605 0
148 99 0
858 661 0
1333 639 0
1366 1018 0
1386 281 0
1096 80 0
1466 1268 0
1101 229 0
1261 361 0
1338 63 0
1495 1287 0
339 89 0
1140 1044 0
950 302 0
403 167 0
446 312 0
620 549 0
883 111 0
598 177 0
1349 42 0
1387 60 0
960 489 0
1180 755 0
439 112 0
1063 446 0
958 769 0
974 537 0
961 944 0
1464 707 0
1365 1220 0
1213 727 0
1471 1281 0
597 199 0
1002 402 0
1337 432 0
177 74 0
1484 1044 0
1301 773 0
1115 205 0
1244 849 0
1112 944 0
1111 476 0
1289 977 0
541 432 0
1461 1034 0
1351 2 0
701 413 0
525 197 0
598 587 0
921 406 0
1447 372 0
189 66 0
1330 593 0
1114 748 0
477 404 0
809 106 0
1469 1018 0
1084 985 0
1256 545 0
1434 1219 0
892 431 0
897 324 0
1406 1238 0
1073 419 0
1499 8 0
1233 740 0
1087 795 0
1329 352 0
984 773 0
424 152 0
1034 481 0
1485 592 0
1189 290 0
698 53 0
504 12 0
1142 401 0
256 107 0
863 231 0
1256 1118 0
651 65 0
1262 80 0
1195 203 0
677 484 0
1056 868 0
651 384 0
828 542 0
1330 555 0
581 507 0
1364 784 0
1050 68 0
388 312 0
642 133 0
1380 921 0
1459 358 0
1250 346 0
1211 1140 0
1185 547 0
707 129 0
994 828 0
358 115 0
824 137 0
1434 843 0
298 18 0
1446 458 0
547 50 0
584 577 0
1072 890 0
603 421 0
1042 256 0
696 35 0
887 258 0
657 576 0
1382 731 0
1115 1031 0
1244 360 0
299 39 0
1389 505 0
1035 535 0
653 486 0
1243 740 0
1474 190 0
760 46 0
1399 163 0
1354 101 0
679 76 0
1129 103 0
1027 826 0
1365 893 0
1331 961 0
1429 1145 0
1411 770 0
454 128 0
1362 781 0
1442 551 0
227 203 0
1467 1243 0
420 138 0
1096 515 0
522 353 0
1123 399 0
1298 239 0
1029 253 0
1301 357 0
1162 293 0
240 55 0
997 810 0
1199 960 0
1409 1023 0
1437 589 0
1365 1124 0
1134 1043 0
1411 1287 0
443 333 0
999 839 0
1257 591 0
810 528 0
165 116 0
625 401 0
525 186 0
1341 1076 0
435 228 0
147 126 0
1416 304 0
1430 119 0
1449 1134 0
1434 303 0
1397 1206 0
179 140 0
1006 698 0
1491 1408 0
1137 477 0
672 520 0
1019 611 0
860 738 0
1342 510 0
1047 230 0
1317 340 0
997 811 0
915 448 0
1247 296 0
784 262 0
1457 779 0
1141 729 0
900 553 0
937 212 0
799 84 0
1211 154 0
951 504 0
1014 295 0
1319 930 0
678 77 0
1103 423 0
1327 1074 0
468 220 0
1008 382 0
1272 638 0
173 84 0
851 407 0
1284 1219 0
1021 310 0
839 679 0
836 16 0
1222 516 0
1320 450 0
1199 482 0
1024 961 0
770 557 0
963 255 0
1429 1173 0
1196 162 0
487 22 0
643 166 0
1144 382 0
1240 885 0
1106 187 0
1478 801 0
1475 314 0
666 418 0
919 663 0
979 492 0
1477 1444 0
1142 128 0
1474 1190 0
1304 739 0
1234 13 0
972 754 0
1037 34 0
1245 1192 0
1292 260 0
693 159 0
591 43 0
358 274 0
1085 487 0
1357 435 0
1367 1173 0
608 488 0
804 290 0
467 451 0
1138 1105 0
667 375 0
1283 1239 0
1238 344 0
926 385 0
843 796 0
909 310 0
1442 365 0
807 743 0
870 349 0
527 513 0
1223 734 0
1309 1000 0
466 184 0
745 335 0
1282 730 0
1385 11 0
1441 176 0
587 353 0
864 731 0
1176 374 0
1419 57 0
1107 882 0
1315 1276 0
1463 530 0
398 316 0
1152 681 0
1329 365 0
727 163 0
1404 1318 0
1408 1165 0
1350 1041 0
416 252 0
1178 71 0
1054 700 0
1015 308 0
1448 814 0
1391 1329 0
930 224 0
710 706 0
670 255 0
1069 123 0
1414 868 0
1470 1201 0
1165 1106 0
557 417 0
1250 166 0
1015 920 0
376 371 0
1380 1188 0
1333 780 0
1234 1046 0
1294 257 0
871 659 0
1005 470 0
1253 454 0
958 146 0
304 281 0
1045 127 0
1202 351 0
1437 485 0
911 756 0
1012 169 0
1496 208 0
1489 166 0
1461 219 0
1011 869 0
1438 1261 0
1351 936 0
1373 1224 0
574 399 0
173 54 0
885 858 0
292 76 0
1480 1203 0
1463 1116 0
629 100 0
1228 1132 0
963 926 0
732 658 0
1082 396 0
679 435 0
1435 568 0
775 53 0
1104 872 0
908 690 0
1473 106 0
1461 1156 0
958 156 0
1008 375 0
1156 304 0
859 327 0
1358 1245 0
339 88 0
855 282 0
1348 820 0
63 12 0
1324 459 0
1282 94 0
1353 114 0
1181 628 0
1404 726 0
1363 1314 0
1476 299 0
1434 457 0
1344 764 0
1440 1412 0
455 228 0
1035 699 0
871 804 0
862 292 0
1497 618 0
1104 1021 0
747 252 0
773 75 0
441 414 0
1176 16 0
722 482 0
294 32 0
233 158 0
1240 2 0
1192 897 0
890 209 0
1067 176 0
1239 880 0
1233 1174 0
843 670 0
1241 308 0
1015 408 0
330 320 0
1061 201 0
425 164 0
1442 944 0
860 682 0
338 197 0
1375 1321 0
550 288 0
1479 1346 0
1448 1436 0
1172 449 0
839 598 0
773 172 0
1171 102 0
1387 280 0
1074 816 0
1402 958 0
1455 737 0
540 297 0
494 37 0
1484 972 0
588 240 0
1334 486 0
1175 499 0
1066 610 0
820 702 0
820 260 0
643 510 0
1176 717 0
1487 361 0
1201 876 0
1221 1130 0
1045 374 0
1274 486 0
1152 986 0
1353 759 0
1318 361 0
988 397 0
1460 1130 0
1297 266 0
911 642 0
1123 984 0
376 263 0
1194 1028 0
623 333 0
1437 105 0
580 293 0
332 141 0
1392 414 0
792 469 0
594 539 0
1377 689 0
986 535 0
1460 696 0
1016 760 0
1452 361 0
749 279 0
1305 1069 0
527 214 0
1394 568 0
1293 8 0
1311 1168 0
1091 956 0
720 355 0
1048 748 0
524 437 0
324 164 0
769 386 0
1118 659 0
1496 119 0
168 149 0
1442 668 0
1120 905 0
412 151 0
1123 1044 0
1282 52 0
1494 1034 0
1264 612 0
1324 166 0
1388 463 0
1491 1171 0
1451 195 0
1256 1115 0
976 506 0
1411 1378 0
606 336 0
904 93 0
556 346 0
1439 446 0
1046 172 0
89 38 0
1224 90 0
755 10 0
1095 440 0
1419 1161 0
1291 820 0
1214 189 0
1456 186 0
118 71 0
692 501 0
1453 1123 0
205 172 0
561 272 0
1060 479 0
460 163 0
1255 1082 0
722 719 0
448 113 0
964 754 0
172 98 0
1458 719 0
954 513 0
1461 271 0
1209 99 0
1364 1306 0
1372 647 0
1352 272 0
659 433 0
1480 867 0
1286 587 0
1236 255 0
1483 296 0
952 868 0
1447 1406 0
1074 647 0
823 691 0
1232 1033 0
619 101 0
744 170 0
1238 488 0
928 437 0
649 479 0
1255 205 0
1084 560 0
1243 126 0
1336 680 0
712 491 0
1437 723 0
1409 390 0
1198 1069 0
1447 957 0
1366 1146 0
320 62 0
1409 258 0
1041 655 0
1401 973 0
1274 662 0
817 329 0
392 377 0
1253 767 0
277 222 0
1296 992 0
1235 596 0
992 213 0
1238 280 0
660 64 0
1289 86 0
898 719 0
904 362 0
1487 1378 0
309 34 0
1295 726 0
625 249 0
1292 435 0
780 479 0
1391 51 0
1100 645 0
1056 443 0
1325 409 0
975 808 0
554 431 0
1267 938 0
758 346 0
640 6 0
1161 11 0
1287 1184 0
358 340 0
852 601 0
284 188 0
531 321 0
229 82 0
397 59 0
1401 50 0
1256 415 0
1068 329 0
1118 586 0
1418 944 0
746 573 0
1434 427 0
765 134 0
725 520 0
1466 1384 0
133 49 0
957 368 0
1255 1061 0
791 543 0
778 579 0
736 735 0
1319 738 0
342 103 0
1222 353 0
1430 1383 0
1312 1050 0
1437 1320 0
460 243 0
908 879 0
1217 181 0
583 164 0
1245 918 0
1249 864 0
788 453 0
1266 547 0
1310 1180 0
582 402 0
968 54 0
783 725 0
1260 855 0
839 405 0
1082 95 0
1183 1070 0
1135 316 0
1302 432 0
1143 1107 0
1142 1061 0
606 62 0
800 314 0
1389 1071 0
986 208 0
1087 461 0
1194 1067 0
1043 564 0
656 408 0
1109 321 0
753 112 0
503 330 0
1200 765 0
1179 1031 0
1316 1026 0
1334 449 0
835 802 0
1025 8 0
396 10 0
238 77 0
723 605 0
703 669 0
996 632 0
1066 417 0
1443 502 0
1302 635 0
249 50 0
1113 640 0
860 336 0
1325 923 0
550 397 0
1429 1404 0
1499 765 0
970 940 0
1315 1146 0
922 543 0
1457 313 0
956 168 0
1392 405 0
556 294 0
1463 1314 0
510 232 0
749 732 0
1157 550 0
1285 96 0
224 205 0
935 492 0
323 158 0
1049 115 0
1015 447 0
401 84 0
1273 1267 0
1235 14 0
1073 989 0
717 521 0
1167 926 0
777 484 0
759 255 0
598 438 0
1159 155 0
297 127 0
812 717 0
1069 441 0
1486 1398 0
1265 925 0
793 617 0
904 119 0
1216 1079 0
1242 165 0
714 593 0
1337 845 0
1200 581 0
877 682 0
325 320 0
731 730 0
420 61 0
395 188 0
1187 335 0
529 345 0
1120 815 0
441 408 0
663 561 0
796 229 0
1311 360 0
1261 1223 0
1071 442 0
915 505 0
1481 1108 0
1312 824 0
1093 439 0
1137 857 0
1345 818 0
1361 1201 0
438 409 0
1333 56 0
1100 1013 0
906 455 0
591 42 0
669 80 0
345 45 0
926 865 0
1495 179 0
1248 937 0
1276 6 0
311 153 0
1446 1332 0
1343 14 0
502 402 0
1121 958 0
1443 316 0
1227 1062 0
1205 378 0
527 516 0
1462 1300 0
963 5 0
1367 683 0
1021 432 0
1328 243 0
1349 606 0
722 28 0
845 344 0
933 95 0
294 60 0
569 322 0
1030 732 0
1364 1109 0
1239 9 0
1372 51 0
1486 1235 0
1407 865 0
1414 650 0
908 412 0
1404 480 0
1146 1050 0
456 157 0
1438 248 0
1079 73 0
1418 10 0
275 257 0
421 144 0
1359 1092 0
1258 231 0
1276 528 0
1458 376 0
1215 1132 0
558 91 0
1323 846 0
525 492 0
1440 305 0
1152 621 0
892 593 0
737 553 0
1482 452 0
939 478 0
931 394 0
1007 494 0
1499 480 0
396 281 0
807 742 0
683 84 0
1462 110 0
639 165 0
1136 64 0
1365 1042 0
1312 657 0
1223 1038 0
1299 852 0
801 303 0
1124 287 0
1328 473 0
904 774 0
931 755 0
1050 201 0
450 170 0
866 134 0
579 521 0
716 438 0
507 68 0
782 210 0
585 397 0
1258 881 0
1186 400 0
941 340 0
1239 965 0
210 143 0
1323 918 0
554 72 0
737 611 0
1381 675 0
979 106 0
1004 889 0
1342 366 0
1168 898 0
234 17 0
1192 794 0
918 609 0
1245 944 0
931 42 0
1218 602 0
755 506 0
621 434 0
240 181 0
1199 156 0
1219 1045 0
510 80 0
1478 948 0
1350 263 0
879 44 0
446 73 0
435 372 0
1055 788 0
1335 26 0
1263 548 0
1413 1227 0
1036 729 0
1280 834 0
1227 587 0
1174 1167 0
1477 651 0
1081 1062 0
306 107 0
973 745 0
853 42 0
1207 1086 0
1001 195 0
1465 1078 0
239 182 0
556 110 0
877 844 0
1241 720 0
937 653 0
1075 244 0
1264 572 0
267 223 0
631 547 0
1363 56 0
115 59 0
1490 321 0
621 133 0
460 251 0
407 348 0
1224 484 0
1411 1132 0
1327 316 0
1119 778 0
907 381 0
1075 760 0
718 66 0
1483 1467 0
1046 738 0
1298 11 0
227 28 0
1429 12 0
409 107 0
1228 994 0
894 387 0
266 228 0
1251 902 0
1052 772 0
917 216 0
929 355 0
1409 262 0
1412 988 0
466 224 0
1434 219 0
387 228 0
1500 1172 0
1438 978 0
355 278 0
464 155 0
192 87 0
540 328 0
1309 61 0
1424 930 0
1432 910 0
850 115 0
780 122 0
982 426 0
1112 253 0
752 510 0
1434 1323 0
822 793 0
785 657 0
1362 869 0
918 544 0
1458 25 0
642 22 0
956 210 0
1203 561 0
1232 617 0
1324 583 0
258 98 0
1122 812 0
1226 1223 0
532 386 0
1035 868 0
1286 477 0
336 247 0
947 797 0
1334 443 0
572 568 0
966 885 0
1439 314 0
1428 671 0
848 538 0
1370 1339 0
720 245 0
1152 167 0
774 609 0
1324 731 0
1375 899 0
644 72 0
432 117 0
515 50 0
162 74 0
1014 746 0
382 367 0
661 629 0
1393 959 0
1262 675 0
1398 668 0
1205 88 0
1288 555 0
985 831 0
844 442 0
1393 1065 0
1429 530 0
350 225 0
1433 794 0
834 825 0
1379 401 0
372 242 0
1276 1213 0
1315 191 0
1475 1365 0
325 69 0
1168 336 0
673 53 0
1196 965 0
1401 396 0
1485 321 0
1039 464 0
365 279 0
385 148 0
1159 667 0
399 306 0
1085 21 0
1220 953 0
772 566 0
935 531 0
916 410 0
555 159 0
286 263 0
505 97 0
1130 1068 0
891 463 0
1482 82 0
1038 235 0
957 536 0
1416 1194 0
1331 997 0
758 205 0
1464 1011 0
1076 1071 0
243 210 0
1442 95 0
1124 735 0
1193 216 0
536 501 0
672 512 0
1069 146 0
499 489 0
1237 738 0
1129 637 0
630 419 0
794 687 0
1197 969 0
1254 549 0
1456 244 0
1424 1230 0
451 365 0
846 233 0
306 191 0
534 353 0
985 38 0
1171 504 0
1039 5 0
960 544 0
453 54 0
1412 499 0
828 162 0
1406 428 0
570 239 0
766 166 0
945 180 0
619 559 0
649 614 0
1468 698 0
1344 103 0
842 363 0
604 42 0
1498 785 0
979 72 0
1376 896 0
1406 1346 0
1164 74 0
531 295 0
1081 796 0
827 185 0
398 137 0
977 841 0
942 36 0
934 777 0
1024 449 0
1082 718 0
1357 579 0
420 243 0
77 67 0
721 592 0
617 375 0
1414 568 0
1097 1094 0
338 150 0
285 61 0
1338 459 0
1003 538 0
681 597 0
1487 447 0
958 850 0
162 77 0
823 220 0
1132 856 0
855 102 0
1278 776 0
966 486 0
683 23 0
863 427 0
1102 563 0
1278 964 0
1195 244 0
1171 1001 0
589 29 0
266 77 0
39 8 0
1181 220 0
1114 671 0
1357 1265 0
1253 514 0
1117 247 0
346 316 0
1396 1127 0
1002 307 0
1151 133 0
1436 1305 0
1041 792 0
933 782 0
909 745 0
1244 635 0
916 547 0
1321 328 0
1254 1125 0
1231 559 0
885 711 0
247 13 0
1500 565 0
1310 565 0
725 665 0
1285 24 0
829 658 0
1469 1280 0
914 109 0
1435 426 0
513 178 0
951 730 0
1435 1133 0
1287 552 0
1465 88 0
1289 15 0
992 176 0
1072 754 0
1334 740 0
831 425 0
1467 698 0
928 397 0
715 431 0
997 410 0
1316 320 0
1156 1081 0
546 539 0
572 563 0
916 502 0
1368 619 0
1357 1003 0
1274 63 0
1390 456 0
711 485 0
1047 109 0
464 181 0
1468 563 0
1335 593 0
363 179 0
864 708 0
1264 950 0
628 262 0
1285 508 0
1190 556 0
1432 136 0
1246 1144 0
913 542 0
889 533 0
679 90 0
609 281 0
1217 132 0
608 545 0
1110 42 0
1411 479 0
1168 52 0
848 733 0
1042 357 0
1289 369 0
1023 599 0
1387 556 0
1136 250 0
804 345 0
1142 19 0
989 960 0
1073 501 0
394 368 0
1093 9 0
1031 837 0
1392 324 0
1151 545 0
1345 960 0
1137 629 0
1311 353 0
1104 243 0
683 269 0
1235 635 0
727 709 0
1140 379 0
270 102 0
994 941 0
1292 600 0
1246 592 0
1165 1103 0
811 433 0
1140 1067 0
692 340 0
1173 926 0
378 344 0
1462 1382 0
425 167 0
1437 1213 0
1089 767 0
909 397 0
1061 1059 0
1471 920 0
1406 437 0
1132 699 0
1056 748 0
893 495 0
988 547 0
444 431 0
604 217 0
161 138 0
1384 412 0
1258 329 0
701 695 0
1094 1058 0
1453 172 0
1338 711 0
1127 615 0
926 118 0
1103 847 0
762 168 0
1488 591 0
1369 575 0
1371 756 0
671 475 0
1004 596 0
1422 822 0
589 322 0
1090 543 0
1359 281 0
1238 532 0
1419 505 0
855 163 0
1206 631 0
1322 451 0
1418 879 0
572 444 0
550 191 0
863 580 0
724 524 0
816 636 0
878 412 0
444 94 0
72 17 0
1123 1030 0
1181 228 0
1454 1195 0
900 472 0
1497 1494 0
854 609 0
1423 1302 0
1001 91 0
837 823 0
1288 110 0
799 527 0
1073 411 0
651 272 0
647 360 0
1224 128 0
1269 874 0
148 76 0
887 736 0
1176 21 0
867 653 0
1497 571 0
942 187 0
722 203 0
571 309 0
1090 682 0
1125 324 0
922 327 0
1361 1340 0
1426 1400 0
1023 273 0
1363 1119 0
1027 528 0
444 391 0
1316 537 0
1365 944 0
787 26 0
468 130 0
1284 176 0
1272 1059 0
959 384 0
1031 748 0
121 25 0
1439 45 0
1219 738 0
658 359 0
1151 418 0
925 56 0
674 542 0
1453 465 0
1495 950 0
1098 730 0
1452 1211 0
938 648 0
1314 338 0
440 26 0
1438 495 0
865 744 0
1021 473 0
1296 336 0
736 296 0
1445 313 0
1138 802 0
1263 716 0
206 63 0
886 395 0
1103 728 0
813 230 0
1002 13 0
789 357 0
192 2 0
1386 918 0
1298 673 0
226 118 0
1322 1232 0
964 285 0
696 8 0
912 136 0
1335 905 0
968 778 0
837 16 0
1333 289 0
1464 273 0
753 359 0
644 7 0
1275 982 0
872 16 0
489 351 0
364 277 0
1342 619 0
1385 333 0
821 218 0
1283 633 0
985 847 0
162 61 0
1299 980 0
1325 268 0
1115 372 0
326 120 0
718 447 0
1365 1203 0
378 48 0
441 403 0
1143 891 0
440 100 0
1394 518 0
1495 621 0
1498 114 0
729 613 0
1332 1326 0
1270 724 0
1109 1015 0
1144 1022 0
1230 928 0
1340 1261 0
1313 82 0
948 1 0
560 536 0
1400 1381 0
1015 334 0
1454 681 0
1279 1167 0
1305 407 0
1232 799 0
605 103 0
1315 277 0
982 420 0
1456 490 0
854 373 0
1034 872 0
627 350 0
593 122 0
1101 376 0
766 721 0
1287 1212 0
1185 742 0
537 175 0
1285 221 0
1442 956 0
905 617 0
1088 648 0
1205 110 0
1431 1347 0
501 376 0
850 420 0
1266 1209 0
1405 303 0
1272 1268 0
1385 162 0
1301 690 0
638 288 0
1338 214 0
1043 409 0
1452 816 0
1032 782 0
1205 787 0
1263 589 0
1424 1122 0
1153 866 0
286 162 0
925 914 0
1312 1127 0
658 200 0
1438 404 0
259 234 0
1445 1291 0
1109 555 0
596 212 0
1224 398 0
1033 906 0
1083 917 0
663 332 0
526 265 0
990 821 0
831 216 0
999 706 0
585 437 0
649 421 0
613 203 0
131 86 0
1454 187 0
884 621 0
1344 626 0
979 681 0
805 614 0
794 88 0
411 214 0
26 25 0
645 556 0
1224 642 0
287 200 0
1128 463 0
989 721 0
717 687 0
1048 167 0
1022 987 0
602 107 0
292 16 0
1183 683 0
1363 1212 0
1073 1056 0
575 545 0
237 87 0
1195 710 0
1145 607 0
864 99 0
429 408 0
1286 117 0
1080 551 0
748 319 0
1292 873 0
1019 160 0
1158 254 0
1111 467 0
1413 102 0
1410 504 0
1365 535 0
1471 597 0
1410 825 0
193 16 0
1192 208 0
1439 501 0
1144 650 0
396 3 0
586 196 0
405 300 0
1096 543 0
839 734 0
499 157 0
599 292 0
567 240 0
1183 1046 0
830 599 0
614 374 0
766 346 0
1414 632 0
1059 878 0
878 234 0
1188 62 0
215 26 0
1153 363 0
915 905 0
1041 344 0
654 123 0
1439 910 0
915 284 0
416 201 0
1301 529 0
871 501 0
1470 583 0
1315 602 0
1476 279 0
1410 1283 0
892 690 0
304 122 0
301 88 0
980 160 0
1137 686 0
891 753 0
1099 570 0
1285 492 0
1056 541 0
605 400 0
313 174 0
1221 895 0
976 265 0
1448 683 0
610 50 0
1312 783 0
1125 388 0
646 323 0
899 740 0
1450 589 0
1225 166 0
1111 1025 0
1390 527 0
307 228 0
1186 1112 0
1176 338 0
923 815 0
1152 329 0
933 114 0
888 515 0
1036 966 0
1290 1067 0
938 815 0
1079 506 0
619 150 0
1474 571 0
1399 879 0
1261 455 0
1258 204 0
912 79 0
1398 1040 0
1296 429 0
283 186 0
816 246 0
1239 167 0
672 212 0
381 158 0
747 207 0
932 84 0
976 830 0
647 158 0
354 253 0
1479 668 0
329 78 0
468 460 0
1163 998 0
1221 164 0
1035 625 0
662 288 0
343 151 0
1363 1322 0
1229 1106 0
1335 536 0
706 82 0
659 62 0
1471 712 0
655 151 0
387 33 0
1230 195 0
1418 35 0
990 355 0
1107 604 0
1203 498 0
1029 866 0
1375 395 0
860 389 0
1229 380 0
1426 1203 0
1139 61 0
369 10 0
864 260 0
1309 752 0
511 122 0
832 285 0
1350 11 0
693 111 0
1430 377 0
1034 703 0
1245 738 0
491 72 0
1089 879 0
1081 144 0
1323 1184 0
853 61 0
1290 933 0
1478 535 0
806 174 0
1446 1435 0
303 244 0
1470 327 0
1364 571 0
1035 559 0
1070 192 0
1032 874 0
1459 1206 0
890 707 0
1343 952 0
1182 1115 0
765 539 0
927 263 0
1238 969 0
1154 114 0
575 399 0
1339 918 0
1422 496 0
1467 214 0
176 138 0
1351 300 0
990 13 0
1257 1098 0
1437 411 0
1471 1070 0
712 418 0
1255 261 0
806 576 0
1473 1194 0
1232 186 0
1139 1045 0
1422 481 0
1268 931 0
1103 723 0
1281 393 0
662 239 0
345 218 0
682 63 0
571 365 0
955 55 0
163 126 0
1313 418 0
1223 646 0
941 377 0
1008 134 0
765 255 0
1102 1032 0
753 454 0
604 432 0
1061 198 0
773 598 0
1479 1281 0
1450 962 0
1476 345 0
1418 1124 0
1423 1331 0
666 316 0
1160 16 0
659 542 0
611 26 0
787 631 0
1316 751 0
391 144 0
1492 1270 0
841 512 0
1339 490 0
651 367 0
909 324 0
123 9 0
866 141 0
1318 205 0
204 66 0
481 133 0
995 753 0
963 21 0
1116 708 0
1255 393 0
1463 853 0
1346 771 0
1392 1229 0
1499 1323 0
410 246 0
1373 1107 0
941 718 0
323 275 0
1287 558 0
819 402 0
740 352 0
871 710 0
1051 555 0
959 415 0
1174 519 0
771 750 0
1035 772 0
1168 458 0
1141 496 0
789 537 0
1337 342 0
1458 1144 0
799 6 0
543 215 0
1273 1136 0
824 322 0
725 205 0
609 124 0
1267 123 0
1330 1243 0
1394 1146 0
1226 895 0
1158 410 0
1281 949 0
535 333 0
1228 692 0
1134 709 0
1082 965 0
1270 249 0
837 642 0
1357 591 0
1469 1063 0
1208 595 0
839 728 0
915 318 0
772 353 0
1140 172 0
1381 909 0
1400 107 0
599 375 0
538 31 0
1227 87 0
494 346 0
962 667 0
1341 714 0
1366 187 0
1266 1079 0
286 215 0
1495 490 0
983 636 0
1361 237 0
1392 598 0
478 292 0
975 552 0
1157 162 0
717 498 0
466 284 0
619 7 0
1298 710 0
1352 1033 0
1041 57 0
1134 64 0
1321 1181 0
548 344 0
1410 852 0
584 557 0
946 821 0
1023 236 0
85 70 0
783 417 0
1185 537 0
544 346 0
1455 450 0
1284 95 0
1105 605 0
1294 274 0
1128 32 0
764 238 0
1325 425 0
1125 102 0
1245 128 0
1168 1160 0
980 747 0
1333 666 0
273 27 0
238 236 0
222 216 0
540 63 0
663 64 0
1317 413 0
1456 194 0
1233 899 0
882 307 0
1274 1010 0
1349 1006 0
724 691 0
1402 168 0
689 379 0
1253 540 0
1404 922 0
1043 144 0
856 387 0
162 12 0
981 519 0
372 314 0
1117 179 0
628 503 0
1187 768 0
1353 32 0
1466 586 0
658 161 0
1066 966 0
1128 960 0
1180 735 0
820 614 0
1161 131 0
1204 353 0
850 141 0
1280 122 0
1374 347 0
463 281 0
1231 525 0
1080 812 0
996 206 0
948 27 0
864 266 0
1231 600 0
788 507 0
1105 92 0
919 151 0
593 259 0
256 73 0
1255 934 0
614 525 0
1014 108 0
1309 745 0
1274 819 0
1192 814 0
939 506 0
1101 285 0
1153 438 0
1146 702 0
327 305 0
601 170 0
682 257 0
883 342 0
1307 58 0
1383 879 0
1225 542 0
1050 950 0
1249 239 0
1309 1022 0
614 404 0
696 590 0
682 1 0
1129 327 0
1109 714 0
1407 255 0
1376 1151 0
457 222 0
763 111 0
64 59 0
523 443 0
1468 1293 0
618 81 0
1140 1022 0
1276 966 0
1416 146 0
693 502 0
519 250 0
987 694 0
1345 512 0
1258 392 0
1040 354 0
1473 213 0
1430 1274 0
1364 278 0
1279 123 0
1311 369 0
1058 432 0
705 326 0
1018 508 0
770 40 0
935 50 0
1233 621 0
1028 32 0
1465 798 0
714 124 0
891 268 0
1342 67 0
847 478 0
1172 929 0
1343 736 0
995 819 0
1136 61 0
1478 620 0
222 220 0
823 359 0
1395 1337 0
728 218 0
973 37 0
825 539 0
311 283 0
535 494 0
1327 762 0
157 18 0
302 298 0
1175 214 0
1288 683 0
1345 694 0
508 75 0
1468 690 0
777 700 0
922 11 0
887 795 0
1457 1059 0
1380 455 0
832 779 0
626 349 0
676 70 0
502 2 0
1053 459 0
1353 230 0
1433 1176 0
1448 1434 0
937 594 0
1413 1339 0
1465 1231 0
1247 366 0
1305 1284 0
660 562 0
509 271 0
379 318 0
730 201 0
738 634 0
1380 649 0
746 524 0
798 89 0
1021 925 0
1488 1031 0
452 107 0
1140 883 0
1459 820 0
899 219 0
1466 272 0
822 328 0
831 348 0
1346 506 0
1169 1087 0
1040 502 0
162 129 0
1272 781 0
1480 23 0
1362 1015 0
1197 142 0
1431 7 0
702 444 0
1090 941 0
1397 1304 0
1431 45 0
808 68 0
384 370 0
254 97 0
892 361 0
824 807 0
781 11 0
677 607 0
1112 147 0
1116 83 0
1225 913 0
1100 398 0
1203 922 0
749 97 0
1048 272 0
118 73 0
684 368 0
1331 1037 0
839 534 0
195 25 0
948 606 0
1336 553 0
253 139 0
526 6 0
1316 1192 0
1385 1201 0
1307 136 0
1240 1068 0
414 116 0
809 754 0
1118 875 0
1489 613 0
1143 593 0
1182 897 0
201 194 0
1449 1335 0
1441 660 0
806 292 0
565 137 0
1035 599 0
1376 429 0
1349 409 0
199 77 0
1049 304 0
372 304 0
1066 851 0
1055 865 0
778 727 0
818 37 0
1348 514 0
802 546 0
1252 66 0
1166 1158 0
841 335 0
1357 817 0
923 882 0
621 232 0
1144 307 0
387 370 0
746 166 0
1401 466 0
1183 854 0
730 80 0
1014 453 0
1497 619 0
757 130 0
942 902 0
626 601 0
1105 591 0
1098 940 0
1210 20 0
934 882 0
886 371 0
1226 148 0
1404 1101 0
961 159 0
631 321 0
919 656 0
1236 715 0
1032 879 0
649 175 0
1473 1000 0
625 605 0
1334 1216 0
798 382 0
1494 675 0
627 46 0
1011 169 0
1140 536 0
736 595 0
1256 163 0
1011 27 0
1393 1021 0
1452 499 0
1431 880 0
507 284 0
663 445 0
834 489 0
806 31 0
1288 1145 0
1379 374 0
1453 470 0
541 54 0
667 454 0
1171 1106 0
152 71 0
1169 873 0
1330 985 0
932 38 0
809 285 0
771 428 0
1135 370 0
764 501 0
992 926 0
