400 760 
1 215 
2 182 
3 95 
4 37 
5 51 
6 194 
7 100 
8 191 
9 216 
10 223 
11 72 
12 185 
13 238 
14 169 
15 26 
16 199 
17 15 
18 52 
19 145 
20 231 
21 128 
22 108 
23 29 
24 159 
25 243 
26 99 
27 67 
28 48 
29 26 
30 65 
31 97 
32 13 
33 76 
34 59 
35 115 
36 171 
37 192 
38 97 
39 248 
40 156 
41 13 
42 196 
43 48 
44 75 
45 4 
46 163 
47 52 
48 1 
49 197 
50 165 
51 146 
52 125 
53 168 
54 233 
55 211 
56 111 
57 227 
58 202 
59 69 
60 13 
61 116 
62 40 
63 10 
64 26 
65 246 
66 131 
67 212 
68 205 
69 71 
70 185 
71 93 
72 226 
73 188 
74 177 
75 169 
76 233 
77 68 
78 245 
79 53 
80 48 
81 166 
82 174 
83 66 
84 157 
85 191 
86 155 
87 179 
88 25 
89 201 
90 170 
91 18 
92 160 
93 214 
94 178 
95 8 
96 131 
97 118 
98 98 
99 249 
100 156 
101 238 
102 222 
103 231 
104 157 
105 190 
106 216 
107 49 
108 37 
109 115 
110 225 
111 157 
112 166 
113 62 
114 208 
115 126 
116 96 
117 168 
118 167 
119 59 
120 173 
121 227 
122 170 
123 205 
124 112 
125 51 
126 77 
127 244 
128 238 
129 94 
130 70 
131 161 
132 245 
133 235 
134 135 
135 233 
136 105 
137 100 
138 41 
139 6 
140 212 
141 196 
142 219 
143 166 
144 153 
145 188 
146 237 
147 54 
148 76 
149 41 
150 101 
151 94 
152 31 
153 190 
154 159 
155 220 
156 105 
157 8 
158 159 
159 133 
160 75 
161 141 
162 238 
163 52 
164 178 
165 126 
166 171 
167 121 
168 219 
169 113 
170 199 
171 71 
172 116 
173 57 
174 159 
175 104 
176 134 
177 93 
178 116 
179 75 
180 205 
181 220 
182 233 
183 219 
184 209 
185 76 
186 211 
187 209 
188 155 
189 160 
190 105 
191 247 
192 47 
193 225 
194 71 
195 125 
196 81 
197 150 
198 7 
199 171 
200 237 
201 156 
202 133 
203 187 
204 60 
205 192 
206 150 
207 171 
208 109 
209 219 
210 180 
211 243 
212 56 
213 209 
214 199 
215 183 
216 127 
217 204 
218 172 
219 140 
220 250 
221 148 
222 58 
223 97 
224 16 
225 234 
226 177 
227 214 
228 217 
229 159 
230 96 
231 165 
232 29 
233 30 
234 105 
235 209 
236 234 
237 38 
238 231 
239 131 
240 229 
241 129 
242 34 
243 114 
244 38 
245 117 
246 161 
247 192 
248 41 
249 230 
250 184 
251 56 
252 214 
253 210 
254 151 
255 31 
256 44 
257 196 
258 162 
259 190 
260 14 
261 75 
262 149 
263 66 
264 123 
265 92 
266 39 
267 212 
268 72 
269 80 
270 74 
271 164 
272 221 
273 130 
274 250 
275 41 
276 123 
277 165 
278 223 
279 61 
280 202 
281 6 
282 249 
283 233 
284 61 
285 2 
286 94 
287 86 
288 242 
289 113 
290 132 
291 142 
292 175 
293 8 
294 185 
295 197 
296 172 
297 223 
298 68 
299 170 
300 61 
301 67 
302 169 
303 8 
304 69 
305 18 
306 47 
307 130 
308 85 
309 247 
310 17 
311 237 
312 164 
313 187 
314 195 
315 204 
316 235 
317 24 
318 27 
319 85 
320 66 
321 46 
322 121 
323 73 
324 210 
325 17 
326 244 
327 18 
328 121 
329 244 
330 41 
331 64 
332 62 
333 94 
334 121 
335 37 
336 133 
337 184 
338 71 
339 9 
340 235 
341 39 
342 162 
343 221 
344 48 
345 12 
346 94 
347 105 
348 208 
349 229 
350 209 
351 121 
352 89 
353 5 
354 191 
355 149 
356 76 
357 230 
358 186 
359 51 
360 220 
361 171 
362 21 
363 218 
364 85 
365 231 
366 136 
367 208 
368 150 
369 86 
370 192 
371 237 
372 35 
373 102 
374 156 
375 113 
376 233 
377 110 
378 142 
379 157 
380 5 
381 122 
382 152 
383 67 
384 77 
385 78 
386 10 
387 79 
388 152 
389 126 
390 229 
391 92 
392 122 
393 138 
394 124 
395 248 
396 142 
397 13 
398 137 
399 144 
400 134 
1 2 0
1 21 0
2 3 0
2 22 0
3 4 0
3 23 0
4 5 0
4 24 0
5 6 0
5 25 0
6 7 0
6 26 0
7 8 0
7 27 0
8 9 0
8 28 0
9 10 0
9 29 0
10 11 0
10 30 0
11 12 0
11 31 0
12 13 0
12 32 0
13 14 0
13 33 0
14 15 0
14 34 0
15 16 0
15 35 0
16 17 0
16 36 0
17 18 0
17 37 0
18 19 0
18 38 0
19 20 0
19 39 0
20 40 0
21 22 0
21 41 0
22 23 0
22 42 0
23 24 0
23 43 0
24 25 0
24 44 0
25 26 0
25 45 0
26 27 0
26 46 0
27 28 0
27 47 0
28 29 0
28 48 0
29 30 0
29 49 0
30 31 0
30 50 0
31 32 0
31 51 0
32 33 0
32 52 0
33 34 0
33 53 0
34 35 0
34 54 0
35 36 0
35 55 0
36 37 0
36 56 0
37 38 0
37 57 0
38 39 0
38 58 0
39 40 0
39 59 0
40 60 0
41 42 0
41 61 0
42 43 0
42 62 0
43 44 0
43 63 0
44 45 0
44 64 0
45 46 0
45 65 0
46 47 0
46 66 0
47 48 0
47 67 0
48 49 0
48 68 0
49 50 0
49 69 0
50 51 0
50 70 0
51 52 0
51 71 0
52 53 0
52 72 0
53 54 0
53 73 0
54 55 0
54 74 0
55 56 0
55 75 0
56 57 0
56 76 0
57 58 0
57 77 0
58 59 0
58 78 0
59 60 0
59 79 0
60 80 0
61 62 0
61 81 0
62 63 0
62 82 0
63 64 0
63 83 0
64 65 0
64 84 0
65 66 0
65 85 0
66 67 0
66 86 0
67 68 0
67 87 0
68 69 0
68 88 0
69 70 0
69 89 0
70 71 0
70 90 0
71 72 0
71 91 0
72 73 0
72 92 0
73 74 0
73 93 0
74 75 0
74 94 0
75 76 0
75 95 0
76 77 0
76 96 0
77 78 0
77 97 0
78 79 0
78 98 0
79 80 0
79 99 0
80 100 0
81 82 0
81 101 0
82 83 0
82 102 0
83 84 0
83 103 0
84 85 0
84 104 0
85 86 0
85 105 0
86 87 0
86 106 0
87 88 0
87 107 0
88 89 0
88 108 0
89 90 0
89 109 0
90 91 0
90 110 0
91 92 0
91 111 0
92 93 0
92 112 0
93 94 0
93 113 0
94 95 0
94 114 0
95 96 0
95 115 0
96 97 0
96 116 0
97 98 0
97 117 0
98 99 0
98 118 0
99 100 0
99 119 0
100 120 0
101 102 0
101 121 0
102 103 0
102 122 0
103 104 0
103 123 0
104 105 0
104 124 0
105 106 0
105 125 0
106 107 0
106 126 0
107 108 0
107 127 0
108 109 0
108 128 0
109 110 0
109 129 0
110 111 0
110 130 0
111 112 0
111 131 0
112 113 0
112 132 0
113 114 0
113 133 0
114 115 0
114 134 0
115 116 0
115 135 0
116 117 0
116 136 0
117 118 0
117 137 0
118 119 0
118 138 0
119 120 0
119 139 0
120 140 0
121 122 0
121 141 0
122 123 0
122 142 0
123 124 0
123 143 0
124 125 0
124 144 0
125 126 0
125 145 0
126 127 0
126 146 0
127 128 0
127 147 0
128 129 0
128 148 0
129 130 0
129 149 0
130 131 0
130 150 0
131 132 0
131 151 0
132 133 0
132 152 0
133 134 0
133 153 0
134 135 0
134 154 0
135 136 0
135 155 0
136 137 0
136 156 0
137 138 0
137 157 0
138 139 0
138 158 0
139 140 0
139 159 0
140 160 0
141 142 0
141 161 0
142 143 0
142 162 0
143 144 0
143 163 0
144 145 0
144 164 0
145 146 0
145 165 0
146 147 0
146 166 0
147 148 0
147 167 0
148 149 0
148 168 0
149 150 0
149 169 0
150 151 0
150 170 0
151 152 0
151 171 0
152 153 0
152 172 0
153 154 0
153 173 0
154 155 0
154 174 0
155 156 0
155 175 0
156 157 0
156 176 0
157 158 0
157 177 0
158 159 0
158 178 0
159 160 0
159 179 0
160 180 0
161 162 0
161 181 0
162 163 0
162 182 0
163 164 0
163 183 0
164 165 0
164 184 0
165 166 0
165 185 0
166 167 0
166 186 0
167 168 0
167 187 0
168 169 0
168 188 0
169 170 0
169 189 0
170 171 0
170 190 0
171 172 0
171 191 0
172 173 0
172 192 0
173 174 0
173 193 0
174 175 0
174 194 0
175 176 0
175 195 0
176 177 0
176 196 0
177 178 0
177 197 0
178 179 0
178 198 0
179 180 0
179 199 0
180 200 0
181 182 0
181 201 0
182 183 0
182 202 0
183 184 0
183 203 0
184 185 0
184 204 0
185 186 0
185 205 0
186 187 0
186 206 0
187 188 0
187 207 0
188 189 0
188 208 0
189 190 0
189 209 0
190 191 0
190 210 0
191 192 0
191 211 0
192 193 0
192 212 0
193 194 0
193 213 0
194 195 0
194 214 0
195 196 0
195 215 0
196 197 0
196 216 0
197 198 0
197 217 0
198 199 0
198 218 0
199 200 0
199 219 0
200 220 0
201 202 0
201 221 0
202 203 0
202 222 0
203 204 0
203 223 0
204 205 0
204 224 0
205 206 0
205 225 0
206 207 0
206 226 0
207 208 0
207 227 0
208 209 0
208 228 0
209 210 0
209 229 0
210 211 0
210 230 0
211 212 0
211 231 0
212 213 0
212 232 0
213 214 0
213 233 0
214 215 0
214 234 0
215 216 0
215 235 0
216 217 0
216 236 0
217 218 0
217 237 0
218 219 0
218 238 0
219 220 0
219 239 0
220 240 0
221 222 0
221 241 0
222 223 0
222 242 0
223 224 0
223 243 0
224 225 0
224 244 0
225 226 0
225 245 0
226 227 0
226 246 0
227 228 0
227 247 0
228 229 0
228 248 0
229 230 0
229 249 0
230 231 0
230 250 0
231 232 0
231 251 0
232 233 0
232 252 0
233 234 0
233 253 0
234 235 0
234 254 0
235 236 0
235 255 0
236 237 0
236 256 0
237 238 0
237 257 0
238 239 0
238 258 0
239 240 0
239 259 0
240 260 0
241 242 0
241 261 0
242 243 0
242 262 0
243 244 0
243 263 0
244 245 0
244 264 0
245 246 0
245 265 0
246 247 0
246 266 0
247 248 0
247 267 0
248 249 0
248 268 0
249 250 0
249 269 0
250 251 0
250 270 0
251 252 0
251 271 0
252 253 0
252 272 0
253 254 0
253 273 0
254 255 0
254 274 0
255 256 0
255 275 0
256 257 0
256 276 0
257 258 0
257 277 0
258 259 0
258 278 0
259 260 0
259 279 0
260 280 0
261 262 0
261 281 0
262 263 0
262 282 0
263 264 0
263 283 0
264 265 0
264 284 0
265 266 0
265 285 0
266 267 0
266 286 0
267 268 0
267 287 0
268 269 0
268 288 0
269 270 0
269 289 0
270 271 0
270 290 0
271 272 0
271 291 0
272 273 0
272 292 0
273 274 0
273 293 0
274 275 0
274 294 0
275 276 0
275 295 0
276 277 0
276 296 0
277 278 0
277 297 0
278 279 0
278 298 0
279 280 0
279 299 0
280 300 0
281 282 0
281 301 0
282 283 0
282 302 0
283 284 0
283 303 0
284 285 0
284 304 0
285 286 0
285 305 0
286 287 0
286 306 0
287 288 0
287 307 0
288 289 0
288 308 0
289 290 0
289 309 0
290 291 0
290 310 0
291 292 0
291 311 0
292 293 0
292 312 0
293 294 0
293 313 0
294 295 0
294 314 0
295 296 0
295 315 0
296 297 0
296 316 0
297 298 0
297 317 0
298 299 0
298 318 0
299 300 0
299 319 0
300 320 0
301 302 0
301 321 0
302 303 0
302 322 0
303 304 0
303 323 0
304 305 0
304 324 0
305 306 0
305 325 0
306 307 0
306 326 0
307 308 0
307 327 0
308 309 0
308 328 0
309 310 0
309 329 0
310 311 0
310 330 0
311 312 0
311 331 0
312 313 0
312 332 0
313 314 0
313 333 0
314 315 0
314 334 0
315 316 0
315 335 0
316 317 0
316 336 0
317 318 0
317 337 0
318 319 0
318 338 0
319 320 0
319 339 0
320 340 0
321 322 0
321 341 0
322 323 0
322 342 0
323 324 0
323 343 0
324 325 0
324 344 0
325 326 0
325 345 0
326 327 0
326 346 0
327 328 0
327 347 0
328 329 0
328 348 0
329 330 0
329 349 0
330 331 0
330 350 0
331 332 0
331 351 0
332 333 0
332 352 0
333 334 0
333 353 0
334 335 0
334 354 0
335 336 0
335 355 0
336 337 0
336 356 0
337 338 0
337 357 0
338 339 0
338 358 0
339 340 0
339 359 0
340 360 0
341 342 0
341 361 0
342 343 0
342 362 0
343 344 0
343 363 0
344 345 0
344 364 0
345 346 0
345 365 0
346 347 0
346 366 0
347 348 0
347 367 0
348 349 0
348 368 0
349 350 0
349 369 0
350 351 0
350 370 0
351 352 0
351 371 0
352 353 0
352 372 0
353 354 0
353 373 0
354 355 0
354 374 0
355 356 0
355 375 0
356 357 0
356 376 0
357 358 0
357 377 0
358 359 0
358 378 0
359 360 0
359 379 0
360 380 0
361 362 0
361 381 0
362 363 0
362 382 0
363 364 0
363 383 0
364 365 0
364 384 0
365 366 0
365 385 0
366 367 0
366 386 0
367 368 0
367 387 0
368 369 0
368 388 0
369 370 0
369 389 0
370 371 0
370 390 0
371 372 0
371 391 0
372 373 0
372 392 0
373 374 0
373 393 0
374 375 0
374 394 0
375 376 0
375 395 0
376 377 0
376 396 0
377 378 0
377 397 0
378 379 0
378 398 0
379 380 0
379 399 0
380 400 0
381 382 0
382 383 0
383 384 0
384 385 0
385 386 0
386 387 0
387 388 0
388 389 0
389 390 0
390 391 0
391 392 0
392 393 0
393 394 0
394 395 0
395 396 0
396 397 0
397 398 0
398 399 0
399 400 0
