400 760 
1 215 
2 248 
3 223 
4 16 
5 67 
6 53 
7 123 
8 30 
9 55 
10 190 
11 14 
12 194 
13 154 
14 186 
15 53 
16 214 
17 101 
18 56 
19 86 
20 15 
21 87 
22 202 
23 73 
24 125 
25 166 
26 113 
27 113 
28 125 
29 234 
30 165 
31 52 
32 144 
33 207 
34 82 
35 233 
36 85 
37 8 
38 226 
39 243 
40 88 
41 136 
42 187 
43 160 
44 202 
45 80 
46 200 
47 118 
48 194 
49 83 
50 133 
51 30 
52 114 
53 37 
54 120 
55 140 
56 194 
57 220 
58 151 
59 24 
60 43 
61 68 
62 43 
63 18 
64 185 
65 240 
66 128 
67 95 
68 250 
69 45 
70 222 
71 94 
72 168 
73 76 
74 134 
75 184 
76 215 
77 38 
78 20 
79 184 
80 183 
81 80 
82 237 
83 74 
84 2 
85 125 
86 220 
87 47 
88 138 
89 201 
90 114 
91 135 
92 63 
93 139 
94 184 
95 54 
96 54 
97 74 
98 19 
99 134 
100 114 
101 6 
102 206 
103 124 
104 246 
105 17 
106 2 
107 200 
108 53 
109 132 
110 224 
111 135 
112 40 
113 89 
114 153 
115 189 
116 17 
117 248 
118 24 
119 166 
120 238 
121 22 
122 57 
123 207 
124 69 
125 65 
126 182 
127 213 
128 108 
129 184 
130 229 
131 104 
132 71 
133 60 
134 225 
135 176 
136 48 
137 100 
138 115 
139 50 
140 135 
141 241 
142 197 
143 194 
144 227 
145 180 
146 191 
147 125 
148 109 
149 167 
150 96 
151 76 
152 12 
153 3 
154 9 
155 129 
156 169 
157 72 
158 235 
159 194 
160 227 
161 15 
162 226 
163 246 
164 30 
165 141 
166 121 
167 84 
168 40 
169 87 
170 154 
171 137 
172 59 
173 103 
174 240 
175 140 
176 67 
177 219 
178 184 
179 216 
180 183 
181 144 
182 210 
183 124 
184 175 
185 152 
186 69 
187 49 
188 110 
189 35 
190 36 
191 233 
192 50 
193 25 
194 229 
195 3 
196 62 
197 126 
198 73 
199 140 
200 149 
201 250 
202 234 
203 180 
204 37 
205 117 
206 45 
207 189 
208 117 
209 20 
210 137 
211 32 
212 244 
213 179 
214 64 
215 117 
216 235 
217 104 
218 25 
219 11 
220 9 
221 91 
222 71 
223 78 
224 49 
225 91 
226 171 
227 48 
228 58 
229 9 
230 55 
231 98 
232 224 
233 52 
234 175 
235 184 
236 229 
237 146 
238 204 
239 39 
240 236 
241 69 
242 3 
243 97 
244 191 
245 49 
246 16 
247 192 
248 117 
249 46 
250 242 
251 56 
252 215 
253 97 
254 15 
255 191 
256 3 
257 37 
258 3 
259 43 
260 183 
261 179 
262 63 
263 114 
264 163 
265 224 
266 104 
267 68 
268 178 
269 120 
270 18 
271 140 
272 195 
273 75 
274 135 
275 137 
276 15 
277 53 
278 115 
279 22 
280 93 
281 103 
282 4 
283 79 
284 52 
285 124 
286 4 
287 154 
288 191 
289 163 
290 220 
291 56 
292 4 
293 2 
294 64 
295 63 
296 222 
297 83 
298 135 
299 18 
300 208 
301 165 
302 46 
303 92 
304 136 
305 46 
306 96 
307 243 
308 245 
309 97 
310 75 
311 118 
312 177 
313 213 
314 239 
315 119 
316 86 
317 96 
318 108 
319 77 
320 246 
321 203 
322 150 
323 193 
324 118 
325 84 
326 8 
327 174 
328 165 
329 3 
330 7 
331 194 
332 248 
333 41 
334 94 
335 25 
336 76 
337 73 
338 110 
339 194 
340 112 
341 125 
342 250 
343 228 
344 162 
345 122 
346 66 
347 86 
348 178 
349 140 
350 189 
351 129 
352 170 
353 206 
354 244 
355 142 
356 151 
357 65 
358 108 
359 72 
360 232 
361 85 
362 29 
363 105 
364 157 
365 4 
366 95 
367 91 
368 135 
369 209 
370 114 
371 84 
372 12 
373 10 
374 167 
375 193 
376 87 
377 214 
378 110 
379 198 
380 131 
381 118 
382 250 
383 207 
384 204 
385 164 
386 12 
387 77 
388 192 
389 207 
390 181 
391 234 
392 245 
393 106 
394 127 
395 40 
396 151 
397 47 
398 159 
399 89 
400 242 
1 2 0
1 21 0
2 3 0
2 22 0
3 4 0
3 23 0
4 5 0
4 24 0
5 6 0
5 25 0
6 7 0
6 26 0
7 8 0
7 27 0
8 9 0
8 28 0
9 10 0
9 29 0
10 11 0
10 30 0
11 12 0
11 31 0
12 13 0
12 32 0
13 14 0
13 33 0
14 15 0
14 34 0
15 16 0
15 35 0
16 17 0
16 36 0
17 18 0
17 37 0
18 19 0
18 38 0
19 20 0
19 39 0
20 40 0
21 22 0
21 41 0
22 23 0
22 42 0
23 24 0
23 43 0
24 25 0
24 44 0
25 26 0
25 45 0
26 27 0
26 46 0
27 28 0
27 47 0
28 29 0
28 48 0
29 30 0
29 49 0
30 31 0
30 50 0
31 32 0
31 51 0
32 33 0
32 52 0
33 34 0
33 53 0
34 35 0
34 54 0
35 36 0
35 55 0
36 37 0
36 56 0
37 38 0
37 57 0
38 39 0
38 58 0
39 40 0
39 59 0
40 60 0
41 42 0
41 61 0
42 43 0
42 62 0
43 44 0
43 63 0
44 45 0
44 64 0
45 46 0
45 65 0
46 47 0
46 66 0
47 48 0
47 67 0
48 49 0
48 68 0
49 50 0
49 69 0
50 51 0
50 70 0
51 52 0
51 71 0
52 53 0
52 72 0
53 54 0
53 73 0
54 55 0
54 74 0
55 56 0
55 75 0
56 57 0
56 76 0
57 58 0
57 77 0
58 59 0
58 78 0
59 60 0
59 79 0
60 80 0
61 62 0
61 81 0
62 63 0
62 82 0
63 64 0
63 83 0
64 65 0
64 84 0
65 66 0
65 85 0
66 67 0
66 86 0
67 68 0
67 87 0
68 69 0
68 88 0
69 70 0
69 89 0
70 71 0
70 90 0
71 72 0
71 91 0
72 73 0
72 92 0
73 74 0
73 93 0
74 75 0
74 94 0
75 76 0
75 95 0
76 77 0
76 96 0
77 78 0
77 97 0
78 79 0
78 98 0
79 80 0
79 99 0
80 100 0
81 82 0
81 101 0
82 83 0
82 102 0
83 84 0
83 103 0
84 85 0
84 104 0
85 86 0
85 105 0
86 87 0
86 106 0
87 88 0
87 107 0
88 89 0
88 108 0
89 90 0
89 109 0
90 91 0
90 110 0
91 92 0
91 111 0
92 93 0
92 112 0
93 94 0
93 113 0
94 95 0
94 114 0
95 96 0
95 115 0
96 97 0
96 116 0
97 98 0
97 117 0
98 99 0
98 118 0
99 100 0
99 119 0
100 120 0
101 102 0
101 121 0
102 103 0
102 122 0
103 104 0
103 123 0
104 105 0
104 124 0
105 106 0
105 125 0
106 107 0
106 126 0
107 108 0
107 127 0
108 109 0
108 128 0
109 110 0
109 129 0
110 111 0
110 130 0
111 112 0
111 131 0
112 113 0
112 132 0
113 114 0
113 133 0
114 115 0
114 134 0
115 116 0
115 135 0
116 117 0
116 136 0
117 118 0
117 137 0
118 119 0
118 138 0
119 120 0
119 139 0
120 140 0
121 122 0
121 141 0
122 123 0
122 142 0
123 124 0
123 143 0
124 125 0
124 144 0
125 126 0
125 145 0
126 127 0
126 146 0
127 128 0
127 147 0
128 129 0
128 148 0
129 130 0
129 149 0
130 131 0
130 150 0
131 132 0
131 151 0
132 133 0
132 152 0
133 134 0
133 153 0
134 135 0
134 154 0
135 136 0
135 155 0
136 137 0
136 156 0
137 138 0
137 157 0
138 139 0
138 158 0
139 140 0
139 159 0
140 160 0
141 142 0
141 161 0
142 143 0
142 162 0
143 144 0
143 163 0
144 145 0
144 164 0
145 146 0
145 165 0
146 147 0
146 166 0
147 148 0
147 167 0
148 149 0
148 168 0
149 150 0
149 169 0
150 151 0
150 170 0
151 152 0
151 171 0
152 153 0
152 172 0
153 154 0
153 173 0
154 155 0
154 174 0
155 156 0
155 175 0
156 157 0
156 176 0
157 158 0
157 177 0
158 159 0
158 178 0
159 160 0
159 179 0
160 180 0
161 162 0
161 181 0
162 163 0
162 182 0
163 164 0
163 183 0
164 165 0
164 184 0
165 166 0
165 185 0
166 167 0
166 186 0
167 168 0
167 187 0
168 169 0
168 188 0
169 170 0
169 189 0
170 171 0
170 190 0
171 172 0
171 191 0
172 173 0
172 192 0
173 174 0
173 193 0
174 175 0
174 194 0
175 176 0
175 195 0
176 177 0
176 196 0
177 178 0
177 197 0
178 179 0
178 198 0
179 180 0
179 199 0
180 200 0
181 182 0
181 201 0
182 183 0
182 202 0
183 184 0
183 203 0
184 185 0
184 204 0
185 186 0
185 205 0
186 187 0
186 206 0
187 188 0
187 207 0
188 189 0
188 208 0
189 190 0
189 209 0
190 191 0
190 210 0
191 192 0
191 211 0
192 193 0
192 212 0
193 194 0
193 213 0
194 195 0
194 214 0
195 196 0
195 215 0
196 197 0
196 216 0
197 198 0
197 217 0
198 199 0
198 218 0
199 200 0
199 219 0
200 220 0
201 202 0
201 221 0
202 203 0
202 222 0
203 204 0
203 223 0
204 205 0
204 224 0
205 206 0
205 225 0
206 207 0
206 226 0
207 208 0
207 227 0
208 209 0
208 228 0
209 210 0
209 229 0
210 211 0
210 230 0
211 212 0
211 231 0
212 213 0
212 232 0
213 214 0
213 233 0
214 215 0
214 234 0
215 216 0
215 235 0
216 217 0
216 236 0
217 218 0
217 237 0
218 219 0
218 238 0
219 220 0
219 239 0
220 240 0
221 222 0
221 241 0
222 223 0
222 242 0
223 224 0
223 243 0
224 225 0
224 244 0
225 226 0
225 245 0
226 227 0
226 246 0
227 228 0
227 247 0
228 229 0
228 248 0
229 230 0
229 249 0
230 231 0
230 250 0
231 232 0
231 251 0
232 233 0
232 252 0
233 234 0
233 253 0
234 235 0
234 254 0
235 236 0
235 255 0
236 237 0
236 256 0
237 238 0
237 257 0
238 239 0
238 258 0
239 240 0
239 259 0
240 260 0
241 242 0
241 261 0
242 243 0
242 262 0
243 244 0
243 263 0
244 245 0
244 264 0
245 246 0
245 265 0
246 247 0
246 266 0
247 248 0
247 267 0
248 249 0
248 268 0
249 250 0
249 269 0
250 251 0
250 270 0
251 252 0
251 271 0
252 253 0
252 272 0
253 254 0
253 273 0
254 255 0
254 274 0
255 256 0
255 275 0
256 257 0
256 276 0
257 258 0
257 277 0
258 259 0
258 278 0
259 260 0
259 279 0
260 280 0
261 262 0
261 281 0
262 263 0
262 282 0
263 264 0
263 283 0
264 265 0
264 284 0
265 266 0
265 285 0
266 267 0
266 286 0
267 268 0
267 287 0
268 269 0
268 288 0
269 270 0
269 289 0
270 271 0
270 290 0
271 272 0
271 291 0
272 273 0
272 292 0
273 274 0
273 293 0
274 275 0
274 294 0
275 276 0
275 295 0
276 277 0
276 296 0
277 278 0
277 297 0
278 279 0
278 298 0
279 280 0
279 299 0
280 300 0
281 282 0
281 301 0
282 283 0
282 302 0
283 284 0
283 303 0
284 285 0
284 304 0
285 286 0
285 305 0
286 287 0
286 306 0
287 288 0
287 307 0
288 289 0
288 308 0
289 290 0
289 309 0
290 291 0
290 310 0
291 292 0
291 311 0
292 293 0
292 312 0
293 294 0
293 313 0
294 295 0
294 314 0
295 296 0
295 315 0
296 297 0
296 316 0
297 298 0
297 317 0
298 299 0
298 318 0
299 300 0
299 319 0
300 320 0
301 302 0
301 321 0
302 303 0
302 322 0
303 304 0
303 323 0
304 305 0
304 324 0
305 306 0
305 325 0
306 307 0
306 326 0
307 308 0
307 327 0
308 309 0
308 328 0
309 310 0
309 329 0
310 311 0
310 330 0
311 312 0
311 331 0
312 313 0
312 332 0
313 314 0
313 333 0
314 315 0
314 334 0
315 316 0
315 335 0
316 317 0
316 336 0
317 318 0
317 337 0
318 319 0
318 338 0
319 320 0
319 339 0
320 340 0
321 322 0
321 341 0
322 323 0
322 342 0
323 324 0
323 343 0
324 325 0
324 344 0
325 326 0
325 345 0
326 327 0
326 346 0
327 328 0
327 347 0
328 329 0
328 348 0
329 330 0
329 349 0
330 331 0
330 350 0
331 332 0
331 351 0
332 333 0
332 352 0
333 334 0
333 353 0
334 335 0
334 354 0
335 336 0
335 355 0
336 337 0
336 356 0
337 338 0
337 357 0
338 339 0
338 358 0
339 340 0
339 359 0
340 360 0
341 342 0
341 361 0
342 343 0
342 362 0
343 344 0
343 363 0
344 345 0
344 364 0
345 346 0
345 365 0
346 347 0
346 366 0
347 348 0
347 367 0
348 349 0
348 368 0
349 350 0
349 369 0
350 351 0
350 370 0
351 352 0
351 371 0
352 353 0
352 372 0
353 354 0
353 373 0
354 355 0
354 374 0
355 356 0
355 375 0
356 357 0
356 376 0
357 358 0
357 377 0
358 359 0
358 378 0
359 360 0
359 379 0
360 380 0
361 362 0
361 381 0
362 363 0
362 382 0
363 364 0
363 383 0
364 365 0
364 384 0
365 366 0
365 385 0
366 367 0
366 386 0
367 368 0
367 387 0
368 369 0
368 388 0
369 370 0
369 389 0
370 371 0
370 390 0
371 372 0
371 391 0
372 373 0
372 392 0
373 374 0
373 393 0
374 375 0
374 394 0
375 376 0
375 395 0
376 377 0
376 396 0
377 378 0
377 397 0
378 379 0
378 398 0
379 380 0
379 399 0
380 400 0
381 382 0
382 383 0
383 384 0
384 385 0
385 386 0
386 387 0
387 388 0
388 389 0
389 390 0
390 391 0
391 392 0
392 393 0
393 394 0
394 395 0
395 396 0
396 397 0
397 398 0
398 399 0
399 400 0
