900 1740 
1 344 
2 143 
3 197 
4 128 
5 343 
6 61 
7 135 
8 136 
9 179 
10 234 
11 383 
12 50 
13 229 
14 146 
15 69 
16 156 
17 194 
18 145 
19 98 
20 105 
21 344 
22 67 
23 357 
24 98 
25 358 
26 374 
27 43 
28 108 
29 169 
30 113 
31 237 
32 118 
33 221 
34 73 
35 72 
36 99 
37 168 
38 207 
39 324 
40 371 
41 397 
42 173 
43 258 
44 147 
45 18 
46 42 
47 336 
48 280 
49 96 
50 155 
51 366 
52 22 
53 170 
54 171 
55 11 
56 310 
57 254 
58 304 
59 184 
60 104 
61 222 
62 101 
63 146 
64 193 
65 287 
66 162 
67 68 
68 254 
69 96 
70 86 
71 154 
72 235 
73 117 
74 393 
75 108 
76 88 
77 36 
78 392 
79 177 
80 238 
81 88 
82 81 
83 232 
84 159 
85 51 
86 84 
87 176 
88 244 
89 318 
90 180 
91 294 
92 307 
93 350 
94 390 
95 342 
96 177 
97 286 
98 89 
99 153 
100 373 
101 279 
102 99 
103 266 
104 78 
105 333 
106 119 
107 98 
108 323 
109 59 
110 348 
111 294 
112 251 
113 136 
114 258 
115 400 
116 90 
117 347 
118 369 
119 211 
120 120 
121 291 
122 68 
123 352 
124 293 
125 297 
126 201 
127 293 
128 300 
129 397 
130 252 
131 153 
132 8 
133 379 
134 66 
135 259 
136 69 
137 157 
138 45 
139 307 
140 303 
141 235 
142 394 
143 315 
144 229 
145 168 
146 49 
147 21 
148 241 
149 82 
150 70 
151 263 
152 139 
153 112 
154 253 
155 105 
156 2 
157 227 
158 265 
159 386 
160 145 
161 209 
162 192 
163 397 
164 311 
165 29 
166 286 
167 6 
168 287 
169 160 
170 1 
171 363 
172 70 
173 28 
174 352 
175 335 
176 337 
177 173 
178 67 
179 384 
180 370 
181 347 
182 392 
183 22 
184 188 
185 135 
186 59 
187 171 
188 320 
189 257 
190 255 
191 165 
192 123 
193 363 
194 253 
195 246 
196 228 
197 251 
198 272 
199 187 
200 176 
201 160 
202 230 
203 195 
204 131 
205 317 
206 155 
207 172 
208 290 
209 377 
210 400 
211 203 
212 302 
213 255 
214 156 
215 46 
216 328 
217 331 
218 327 
219 158 
220 152 
221 124 
222 292 
223 261 
224 148 
225 81 
226 194 
227 84 
228 203 
229 251 
230 287 
231 390 
232 367 
233 399 
234 82 
235 337 
236 289 
237 185 
238 338 
239 335 
240 83 
241 57 
242 371 
243 322 
244 113 
245 308 
246 349 
247 300 
248 93 
249 212 
250 25 
251 94 
252 350 
253 123 
254 61 
255 203 
256 212 
257 173 
258 104 
259 346 
260 314 
261 191 
262 67 
263 62 
264 50 
265 259 
266 299 
267 49 
268 223 
269 375 
270 29 
271 280 
272 334 
273 127 
274 154 
275 3 
276 69 
277 78 
278 228 
279 277 
280 181 
281 360 
282 88 
283 307 
284 362 
285 355 
286 308 
287 28 
288 372 
289 188 
290 26 
291 54 
292 341 
293 316 
294 354 
295 183 
296 287 
297 112 
298 386 
299 240 
300 55 
301 77 
302 294 
303 168 
304 378 
305 80 
306 60 
307 24 
308 286 
309 394 
310 166 
311 80 
312 71 
313 329 
314 216 
315 163 
316 399 
317 383 
318 136 
319 18 
320 186 
321 180 
322 248 
323 29 
324 64 
325 309 
326 218 
327 115 
328 98 
329 134 
330 313 
331 173 
332 261 
333 95 
334 168 
335 266 
336 114 
337 128 
338 339 
339 173 
340 7 
341 237 
342 68 
343 65 
344 305 
345 184 
346 108 
347 254 
348 254 
349 139 
350 17 
351 330 
352 233 
353 22 
354 350 
355 130 
356 124 
357 129 
358 249 
359 15 
360 135 
361 107 
362 153 
363 142 
364 80 
365 339 
366 360 
367 65 
368 400 
369 110 
370 258 
371 332 
372 101 
373 299 
374 26 
375 266 
376 29 
377 238 
378 120 
379 111 
380 22 
381 128 
382 208 
383 343 
384 155 
385 295 
386 50 
387 92 
388 82 
389 306 
390 392 
391 11 
392 168 
393 112 
394 249 
395 275 
396 375 
397 155 
398 170 
399 148 
400 341 
401 22 
402 171 
403 63 
404 20 
405 344 
406 365 
407 137 
408 217 
409 122 
410 380 
411 206 
412 226 
413 334 
414 110 
415 278 
416 290 
417 137 
418 336 
419 243 
420 309 
421 31 
422 152 
423 179 
424 214 
425 148 
426 335 
427 140 
428 35 
429 211 
430 230 
431 104 
432 163 
433 280 
434 52 
435 69 
436 391 
437 239 
438 52 
439 137 
440 293 
441 19 
442 167 
443 133 
444 224 
445 341 
446 157 
447 123 
448 287 
449 63 
450 81 
451 268 
452 129 
453 350 
454 43 
455 4 
456 330 
457 53 
458 340 
459 211 
460 34 
461 328 
462 100 
463 37 
464 166 
465 245 
466 170 
467 223 
468 140 
469 250 
470 158 
471 145 
472 349 
473 88 
474 261 
475 240 
476 121 
477 19 
478 284 
479 382 
480 122 
481 335 
482 264 
483 93 
484 188 
485 94 
486 1 
487 332 
488 92 
489 182 
490 301 
491 78 
492 118 
493 210 
494 317 
495 327 
496 317 
497 276 
498 295 
499 52 
500 215 
501 342 
502 264 
503 83 
504 155 
505 181 
506 23 
507 251 
508 4 
509 74 
510 154 
511 194 
512 391 
513 96 
514 219 
515 125 
516 49 
517 360 
518 115 
519 175 
520 116 
521 8 
522 4 
523 36 
524 188 
525 243 
526 327 
527 102 
528 33 
529 16 
530 166 
531 386 
532 60 
533 106 
534 95 
535 262 
536 368 
537 110 
538 202 
539 306 
540 272 
541 232 
542 146 
543 370 
544 201 
545 289 
546 3 
547 155 
548 292 
549 188 
550 141 
551 3 
552 388 
553 270 
554 382 
555 90 
556 170 
557 228 
558 14 
559 314 
560 278 
561 288 
562 205 
563 60 
564 22 
565 59 
566 45 
567 128 
568 124 
569 51 
570 62 
571 14 
572 159 
573 229 
574 225 
575 24 
576 84 
577 224 
578 50 
579 339 
580 227 
581 219 
582 200 
583 1 
584 223 
585 168 
586 295 
587 371 
588 99 
589 127 
590 279 
591 251 
592 194 
593 285 
594 301 
595 138 
596 266 
597 345 
598 163 
599 184 
600 325 
601 312 
602 299 
603 166 
604 253 
605 193 
606 339 
607 1 
608 198 
609 64 
610 269 
611 3 
612 374 
613 390 
614 369 
615 373 
616 234 
617 234 
618 72 
619 81 
620 275 
621 221 
622 48 
623 161 
624 178 
625 84 
626 318 
627 127 
628 94 
629 50 
630 5 
631 358 
632 73 
633 195 
634 236 
635 23 
636 308 
637 165 
638 185 
639 328 
640 18 
641 275 
642 108 
643 33 
644 98 
645 270 
646 355 
647 176 
648 261 
649 152 
650 233 
651 303 
652 184 
653 267 
654 92 
655 375 
656 33 
657 399 
658 174 
659 274 
660 29 
661 316 
662 379 
663 215 
664 48 
665 73 
666 214 
667 364 
668 264 
669 32 
670 323 
671 17 
672 34 
673 316 
674 110 
675 358 
676 6 
677 92 
678 263 
679 285 
680 207 
681 221 
682 21 
683 218 
684 112 
685 367 
686 271 
687 51 
688 144 
689 379 
690 399 
691 321 
692 286 
693 375 
694 72 
695 216 
696 389 
697 1 
698 262 
699 374 
700 250 
701 188 
702 189 
703 221 
704 378 
705 138 
706 258 
707 309 
708 120 
709 236 
710 113 
711 34 
712 273 
713 367 
714 297 
715 349 
716 263 
717 175 
718 5 
719 165 
720 323 
721 351 
722 99 
723 235 
724 13 
725 172 
726 171 
727 224 
728 308 
729 353 
730 283 
731 216 
732 58 
733 292 
734 353 
735 359 
736 392 
737 28 
738 281 
739 286 
740 238 
741 253 
742 222 
743 249 
744 97 
745 249 
746 234 
747 5 
748 92 
749 61 
750 301 
751 133 
752 267 
753 180 
754 30 
755 52 
756 376 
757 352 
758 1 
759 137 
760 145 
761 162 
762 368 
763 289 
764 215 
765 137 
766 293 
767 176 
768 28 
769 263 
770 339 
771 202 
772 353 
773 182 
774 267 
775 195 
776 232 
777 224 
778 165 
779 9 
780 199 
781 277 
782 82 
783 187 
784 186 
785 282 
786 333 
787 330 
788 107 
789 210 
790 42 
791 230 
792 333 
793 124 
794 66 
795 385 
796 281 
797 395 
798 337 
799 158 
800 74 
801 257 
802 111 
803 169 
804 175 
805 8 
806 326 
807 352 
808 154 
809 201 
810 319 
811 266 
812 126 
813 237 
814 99 
815 10 
816 17 
817 230 
818 146 
819 370 
820 219 
821 31 
822 156 
823 2 
824 394 
825 134 
826 59 
827 254 
828 7 
829 32 
830 335 
831 399 
832 317 
833 273 
834 367 
835 300 
836 226 
837 361 
838 146 
839 30 
840 313 
841 243 
842 187 
843 139 
844 143 
845 190 
846 194 
847 26 
848 258 
849 289 
850 173 
851 135 
852 149 
853 48 
854 123 
855 300 
856 158 
857 300 
858 50 
859 82 
860 321 
861 49 
862 300 
863 197 
864 393 
865 318 
866 235 
867 301 
868 40 
869 19 
870 252 
871 354 
872 206 
873 244 
874 272 
875 16 
876 304 
877 374 
878 93 
879 32 
880 41 
881 391 
882 293 
883 312 
884 123 
885 74 
886 327 
887 76 
888 6 
889 113 
890 124 
891 202 
892 379 
893 251 
894 323 
895 184 
896 241 
897 205 
898 348 
899 273 
900 213 
1 2 0
1 31 0
2 3 0
2 32 0
3 4 0
3 33 0
4 5 0
4 34 0
5 6 0
5 35 0
6 7 0
6 36 0
7 8 0
7 37 0
8 9 0
8 38 0
9 10 0
9 39 0
10 11 0
10 40 0
11 12 0
11 41 0
12 13 0
12 42 0
13 14 0
13 43 0
14 15 0
14 44 0
15 16 0
15 45 0
16 17 0
16 46 0
17 18 0
17 47 0
18 19 0
18 48 0
19 20 0
19 49 0
20 21 0
20 50 0
21 22 0
21 51 0
22 23 0
22 52 0
23 24 0
23 53 0
24 25 0
24 54 0
25 26 0
25 55 0
26 27 0
26 56 0
27 28 0
27 57 0
28 29 0
28 58 0
29 30 0
29 59 0
30 60 0
31 32 0
31 61 0
32 33 0
32 62 0
33 34 0
33 63 0
34 35 0
34 64 0
35 36 0
35 65 0
36 37 0
36 66 0
37 38 0
37 67 0
38 39 0
38 68 0
39 40 0
39 69 0
40 41 0
40 70 0
41 42 0
41 71 0
42 43 0
42 72 0
43 44 0
43 73 0
44 45 0
44 74 0
45 46 0
45 75 0
46 47 0
46 76 0
47 48 0
47 77 0
48 49 0
48 78 0
49 50 0
49 79 0
50 51 0
50 80 0
51 52 0
51 81 0
52 53 0
52 82 0
53 54 0
53 83 0
54 55 0
54 84 0
55 56 0
55 85 0
56 57 0
56 86 0
57 58 0
57 87 0
58 59 0
58 88 0
59 60 0
59 89 0
60 90 0
61 62 0
61 91 0
62 63 0
62 92 0
63 64 0
63 93 0
64 65 0
64 94 0
65 66 0
65 95 0
66 67 0
66 96 0
67 68 0
67 97 0
68 69 0
68 98 0
69 70 0
69 99 0
70 71 0
70 100 0
71 72 0
71 101 0
72 73 0
72 102 0
73 74 0
73 103 0
74 75 0
74 104 0
75 76 0
75 105 0
76 77 0
76 106 0
77 78 0
77 107 0
78 79 0
78 108 0
79 80 0
79 109 0
80 81 0
80 110 0
81 82 0
81 111 0
82 83 0
82 112 0
83 84 0
83 113 0
84 85 0
84 114 0
85 86 0
85 115 0
86 87 0
86 116 0
87 88 0
87 117 0
88 89 0
88 118 0
89 90 0
89 119 0
90 120 0
91 92 0
91 121 0
92 93 0
92 122 0
93 94 0
93 123 0
94 95 0
94 124 0
95 96 0
95 125 0
96 97 0
96 126 0
97 98 0
97 127 0
98 99 0
98 128 0
99 100 0
99 129 0
100 101 0
100 130 0
101 102 0
101 131 0
102 103 0
102 132 0
103 104 0
103 133 0
104 105 0
104 134 0
105 106 0
105 135 0
106 107 0
106 136 0
107 108 0
107 137 0
108 109 0
108 138 0
109 110 0
109 139 0
110 111 0
110 140 0
111 112 0
111 141 0
112 113 0
112 142 0
113 114 0
113 143 0
114 115 0
114 144 0
115 116 0
115 145 0
116 117 0
116 146 0
117 118 0
117 147 0
118 119 0
118 148 0
119 120 0
119 149 0
120 150 0
121 122 0
121 151 0
122 123 0
122 152 0
123 124 0
123 153 0
124 125 0
124 154 0
125 126 0
125 155 0
126 127 0
126 156 0
127 128 0
127 157 0
128 129 0
128 158 0
129 130 0
129 159 0
130 131 0
130 160 0
131 132 0
131 161 0
132 133 0
132 162 0
133 134 0
133 163 0
134 135 0
134 164 0
135 136 0
135 165 0
136 137 0
136 166 0
137 138 0
137 167 0
138 139 0
138 168 0
139 140 0
139 169 0
140 141 0
140 170 0
141 142 0
141 171 0
142 143 0
142 172 0
143 144 0
143 173 0
144 145 0
144 174 0
145 146 0
145 175 0
146 147 0
146 176 0
147 148 0
147 177 0
148 149 0
148 178 0
149 150 0
149 179 0
150 180 0
151 152 0
151 181 0
152 153 0
152 182 0
153 154 0
153 183 0
154 155 0
154 184 0
155 156 0
155 185 0
156 157 0
156 186 0
157 158 0
157 187 0
158 159 0
158 188 0
159 160 0
159 189 0
160 161 0
160 190 0
161 162 0
161 191 0
162 163 0
162 192 0
163 164 0
163 193 0
164 165 0
164 194 0
165 166 0
165 195 0
166 167 0
166 196 0
167 168 0
167 197 0
168 169 0
168 198 0
169 170 0
169 199 0
170 171 0
170 200 0
171 172 0
171 201 0
172 173 0
172 202 0
173 174 0
173 203 0
174 175 0
174 204 0
175 176 0
175 205 0
176 177 0
176 206 0
177 178 0
177 207 0
178 179 0
178 208 0
179 180 0
179 209 0
180 210 0
181 182 0
181 211 0
182 183 0
182 212 0
183 184 0
183 213 0
184 185 0
184 214 0
185 186 0
185 215 0
186 187 0
186 216 0
187 188 0
187 217 0
188 189 0
188 218 0
189 190 0
189 219 0
190 191 0
190 220 0
191 192 0
191 221 0
192 193 0
192 222 0
193 194 0
193 223 0
194 195 0
194 224 0
195 196 0
195 225 0
196 197 0
196 226 0
197 198 0
197 227 0
198 199 0
198 228 0
199 200 0
199 229 0
200 201 0
200 230 0
201 202 0
201 231 0
202 203 0
202 232 0
203 204 0
203 233 0
204 205 0
204 234 0
205 206 0
205 235 0
206 207 0
206 236 0
207 208 0
207 237 0
208 209 0
208 238 0
209 210 0
209 239 0
210 240 0
211 212 0
211 241 0
212 213 0
212 242 0
213 214 0
213 243 0
214 215 0
214 244 0
215 216 0
215 245 0
216 217 0
216 246 0
217 218 0
217 247 0
218 219 0
218 248 0
219 220 0
219 249 0
220 221 0
220 250 0
221 222 0
221 251 0
222 223 0
222 252 0
223 224 0
223 253 0
224 225 0
224 254 0
225 226 0
225 255 0
226 227 0
226 256 0
227 228 0
227 257 0
228 229 0
228 258 0
229 230 0
229 259 0
230 231 0
230 260 0
231 232 0
231 261 0
232 233 0
232 262 0
233 234 0
233 263 0
234 235 0
234 264 0
235 236 0
235 265 0
236 237 0
236 266 0
237 238 0
237 267 0
238 239 0
238 268 0
239 240 0
239 269 0
240 270 0
241 242 0
241 271 0
242 243 0
242 272 0
243 244 0
243 273 0
244 245 0
244 274 0
245 246 0
245 275 0
246 247 0
246 276 0
247 248 0
247 277 0
248 249 0
248 278 0
249 250 0
249 279 0
250 251 0
250 280 0
251 252 0
251 281 0
252 253 0
252 282 0
253 254 0
253 283 0
254 255 0
254 284 0
255 256 0
255 285 0
256 257 0
256 286 0
257 258 0
257 287 0
258 259 0
258 288 0
259 260 0
259 289 0
260 261 0
260 290 0
261 262 0
261 291 0
262 263 0
262 292 0
263 264 0
263 293 0
264 265 0
264 294 0
265 266 0
265 295 0
266 267 0
266 296 0
267 268 0
267 297 0
268 269 0
268 298 0
269 270 0
269 299 0
270 300 0
271 272 0
271 301 0
272 273 0
272 302 0
273 274 0
273 303 0
274 275 0
274 304 0
275 276 0
275 305 0
276 277 0
276 306 0
277 278 0
277 307 0
278 279 0
278 308 0
279 280 0
279 309 0
280 281 0
280 310 0
281 282 0
281 311 0
282 283 0
282 312 0
283 284 0
283 313 0
284 285 0
284 314 0
285 286 0
285 315 0
286 287 0
286 316 0
287 288 0
287 317 0
288 289 0
288 318 0
289 290 0
289 319 0
290 291 0
290 320 0
291 292 0
291 321 0
292 293 0
292 322 0
293 294 0
293 323 0
294 295 0
294 324 0
295 296 0
295 325 0
296 297 0
296 326 0
297 298 0
297 327 0
298 299 0
298 328 0
299 300 0
299 329 0
300 330 0
301 302 0
301 331 0
302 303 0
302 332 0
303 304 0
303 333 0
304 305 0
304 334 0
305 306 0
305 335 0
306 307 0
306 336 0
307 308 0
307 337 0
308 309 0
308 338 0
309 310 0
309 339 0
310 311 0
310 340 0
311 312 0
311 341 0
312 313 0
312 342 0
313 314 0
313 343 0
314 315 0
314 344 0
315 316 0
315 345 0
316 317 0
316 346 0
317 318 0
317 347 0
318 319 0
318 348 0
319 320 0
319 349 0
320 321 0
320 350 0
321 322 0
321 351 0
322 323 0
322 352 0
323 324 0
323 353 0
324 325 0
324 354 0
325 326 0
325 355 0
326 327 0
326 356 0
327 328 0
327 357 0
328 329 0
328 358 0
329 330 0
329 359 0
330 360 0
331 332 0
331 361 0
332 333 0
332 362 0
333 334 0
333 363 0
334 335 0
334 364 0
335 336 0
335 365 0
336 337 0
336 366 0
337 338 0
337 367 0
338 339 0
338 368 0
339 340 0
339 369 0
340 341 0
340 370 0
341 342 0
341 371 0
342 343 0
342 372 0
343 344 0
343 373 0
344 345 0
344 374 0
345 346 0
345 375 0
346 347 0
346 376 0
347 348 0
347 377 0
348 349 0
348 378 0
349 350 0
349 379 0
350 351 0
350 380 0
351 352 0
351 381 0
352 353 0
352 382 0
353 354 0
353 383 0
354 355 0
354 384 0
355 356 0
355 385 0
356 357 0
356 386 0
357 358 0
357 387 0
358 359 0
358 388 0
359 360 0
359 389 0
360 390 0
361 362 0
361 391 0
362 363 0
362 392 0
363 364 0
363 393 0
364 365 0
364 394 0
365 366 0
365 395 0
366 367 0
366 396 0
367 368 0
367 397 0
368 369 0
368 398 0
369 370 0
369 399 0
370 371 0
370 400 0
371 372 0
371 401 0
372 373 0
372 402 0
373 374 0
373 403 0
374 375 0
374 404 0
375 376 0
375 405 0
376 377 0
376 406 0
377 378 0
377 407 0
378 379 0
378 408 0
379 380 0
379 409 0
380 381 0
380 410 0
381 382 0
381 411 0
382 383 0
382 412 0
383 384 0
383 413 0
384 385 0
384 414 0
385 386 0
385 415 0
386 387 0
386 416 0
387 388 0
387 417 0
388 389 0
388 418 0
389 390 0
389 419 0
390 420 0
391 392 0
391 421 0
392 393 0
392 422 0
393 394 0
393 423 0
394 395 0
394 424 0
395 396 0
395 425 0
396 397 0
396 426 0
397 398 0
397 427 0
398 399 0
398 428 0
399 400 0
399 429 0
400 401 0
400 430 0
401 402 0
401 431 0
402 403 0
402 432 0
403 404 0
403 433 0
404 405 0
404 434 0
405 406 0
405 435 0
406 407 0
406 436 0
407 408 0
407 437 0
408 409 0
408 438 0
409 410 0
409 439 0
410 411 0
410 440 0
411 412 0
411 441 0
412 413 0
412 442 0
413 414 0
413 443 0
414 415 0
414 444 0
415 416 0
415 445 0
416 417 0
416 446 0
417 418 0
417 447 0
418 419 0
418 448 0
419 420 0
419 449 0
420 450 0
421 422 0
421 451 0
422 423 0
422 452 0
423 424 0
423 453 0
424 425 0
424 454 0
425 426 0
425 455 0
426 427 0
426 456 0
427 428 0
427 457 0
428 429 0
428 458 0
429 430 0
429 459 0
430 431 0
430 460 0
431 432 0
431 461 0
432 433 0
432 462 0
433 434 0
433 463 0
434 435 0
434 464 0
435 436 0
435 465 0
436 437 0
436 466 0
437 438 0
437 467 0
438 439 0
438 468 0
439 440 0
439 469 0
440 441 0
440 470 0
441 442 0
441 471 0
442 443 0
442 472 0
443 444 0
443 473 0
444 445 0
444 474 0
445 446 0
445 475 0
446 447 0
446 476 0
447 448 0
447 477 0
448 449 0
448 478 0
449 450 0
449 479 0
450 480 0
451 452 0
451 481 0
452 453 0
452 482 0
453 454 0
453 483 0
454 455 0
454 484 0
455 456 0
455 485 0
456 457 0
456 486 0
457 458 0
457 487 0
458 459 0
458 488 0
459 460 0
459 489 0
460 461 0
460 490 0
461 462 0
461 491 0
462 463 0
462 492 0
463 464 0
463 493 0
464 465 0
464 494 0
465 466 0
465 495 0
466 467 0
466 496 0
467 468 0
467 497 0
468 469 0
468 498 0
469 470 0
469 499 0
470 471 0
470 500 0
471 472 0
471 501 0
472 473 0
472 502 0
473 474 0
473 503 0
474 475 0
474 504 0
475 476 0
475 505 0
476 477 0
476 506 0
477 478 0
477 507 0
478 479 0
478 508 0
479 480 0
479 509 0
480 510 0
481 482 0
481 511 0
482 483 0
482 512 0
483 484 0
483 513 0
484 485 0
484 514 0
485 486 0
485 515 0
486 487 0
486 516 0
487 488 0
487 517 0
488 489 0
488 518 0
489 490 0
489 519 0
490 491 0
490 520 0
491 492 0
491 521 0
492 493 0
492 522 0
493 494 0
493 523 0
494 495 0
494 524 0
495 496 0
495 525 0
496 497 0
496 526 0
497 498 0
497 527 0
498 499 0
498 528 0
499 500 0
499 529 0
500 501 0
500 530 0
501 502 0
501 531 0
502 503 0
502 532 0
503 504 0
503 533 0
504 505 0
504 534 0
505 506 0
505 535 0
506 507 0
506 536 0
507 508 0
507 537 0
508 509 0
508 538 0
509 510 0
509 539 0
510 540 0
511 512 0
511 541 0
512 513 0
512 542 0
513 514 0
513 543 0
514 515 0
514 544 0
515 516 0
515 545 0
516 517 0
516 546 0
517 518 0
517 547 0
518 519 0
518 548 0
519 520 0
519 549 0
520 521 0
520 550 0
521 522 0
521 551 0
522 523 0
522 552 0
523 524 0
523 553 0
524 525 0
524 554 0
525 526 0
525 555 0
526 527 0
526 556 0
527 528 0
527 557 0
528 529 0
528 558 0
529 530 0
529 559 0
530 531 0
530 560 0
531 532 0
531 561 0
532 533 0
532 562 0
533 534 0
533 563 0
534 535 0
534 564 0
535 536 0
535 565 0
536 537 0
536 566 0
537 538 0
537 567 0
538 539 0
538 568 0
539 540 0
539 569 0
540 570 0
541 542 0
541 571 0
542 543 0
542 572 0
543 544 0
543 573 0
544 545 0
544 574 0
545 546 0
545 575 0
546 547 0
546 576 0
547 548 0
547 577 0
548 549 0
548 578 0
549 550 0
549 579 0
550 551 0
550 580 0
551 552 0
551 581 0
552 553 0
552 582 0
553 554 0
553 583 0
554 555 0
554 584 0
555 556 0
555 585 0
556 557 0
556 586 0
557 558 0
557 587 0
558 559 0
558 588 0
559 560 0
559 589 0
560 561 0
560 590 0
561 562 0
561 591 0
562 563 0
562 592 0
563 564 0
563 593 0
564 565 0
564 594 0
565 566 0
565 595 0
566 567 0
566 596 0
567 568 0
567 597 0
568 569 0
568 598 0
569 570 0
569 599 0
570 600 0
571 572 0
571 601 0
572 573 0
572 602 0
573 574 0
573 603 0
574 575 0
574 604 0
575 576 0
575 605 0
576 577 0
576 606 0
577 578 0
577 607 0
578 579 0
578 608 0
579 580 0
579 609 0
580 581 0
580 610 0
581 582 0
581 611 0
582 583 0
582 612 0
583 584 0
583 613 0
584 585 0
584 614 0
585 586 0
585 615 0
586 587 0
586 616 0
587 588 0
587 617 0
588 589 0
588 618 0
589 590 0
589 619 0
590 591 0
590 620 0
591 592 0
591 621 0
592 593 0
592 622 0
593 594 0
593 623 0
594 595 0
594 624 0
595 596 0
595 625 0
596 597 0
596 626 0
597 598 0
597 627 0
598 599 0
598 628 0
599 600 0
599 629 0
600 630 0
601 602 0
601 631 0
602 603 0
602 632 0
603 604 0
603 633 0
604 605 0
604 634 0
605 606 0
605 635 0
606 607 0
606 636 0
607 608 0
607 637 0
608 609 0
608 638 0
609 610 0
609 639 0
610 611 0
610 640 0
611 612 0
611 641 0
612 613 0
612 642 0
613 614 0
613 643 0
614 615 0
614 644 0
615 616 0
615 645 0
616 617 0
616 646 0
617 618 0
617 647 0
618 619 0
618 648 0
619 620 0
619 649 0
620 621 0
620 650 0
621 622 0
621 651 0
622 623 0
622 652 0
623 624 0
623 653 0
624 625 0
624 654 0
625 626 0
625 655 0
626 627 0
626 656 0
627 628 0
627 657 0
628 629 0
628 658 0
629 630 0
629 659 0
630 660 0
631 632 0
631 661 0
632 633 0
632 662 0
633 634 0
633 663 0
634 635 0
634 664 0
635 636 0
635 665 0
636 637 0
636 666 0
637 638 0
637 667 0
638 639 0
638 668 0
639 640 0
639 669 0
640 641 0
640 670 0
641 642 0
641 671 0
642 643 0
642 672 0
643 644 0
643 673 0
644 645 0
644 674 0
645 646 0
645 675 0
646 647 0
646 676 0
647 648 0
647 677 0
648 649 0
648 678 0
649 650 0
649 679 0
650 651 0
650 680 0
651 652 0
651 681 0
652 653 0
652 682 0
653 654 0
653 683 0
654 655 0
654 684 0
655 656 0
655 685 0
656 657 0
656 686 0
657 658 0
657 687 0
658 659 0
658 688 0
659 660 0
659 689 0
660 690 0
661 662 0
661 691 0
662 663 0
662 692 0
663 664 0
663 693 0
664 665 0
664 694 0
665 666 0
665 695 0
666 667 0
666 696 0
667 668 0
667 697 0
668 669 0
668 698 0
669 670 0
669 699 0
670 671 0
670 700 0
671 672 0
671 701 0
672 673 0
672 702 0
673 674 0
673 703 0
674 675 0
674 704 0
675 676 0
675 705 0
676 677 0
676 706 0
677 678 0
677 707 0
678 679 0
678 708 0
679 680 0
679 709 0
680 681 0
680 710 0
681 682 0
681 711 0
682 683 0
682 712 0
683 684 0
683 713 0
684 685 0
684 714 0
685 686 0
685 715 0
686 687 0
686 716 0
687 688 0
687 717 0
688 689 0
688 718 0
689 690 0
689 719 0
690 720 0
691 692 0
691 721 0
692 693 0
692 722 0
693 694 0
693 723 0
694 695 0
694 724 0
695 696 0
695 725 0
696 697 0
696 726 0
697 698 0
697 727 0
698 699 0
698 728 0
699 700 0
699 729 0
700 701 0
700 730 0
701 702 0
701 731 0
702 703 0
702 732 0
703 704 0
703 733 0
704 705 0
704 734 0
705 706 0
705 735 0
706 707 0
706 736 0
707 708 0
707 737 0
708 709 0
708 738 0
709 710 0
709 739 0
710 711 0
710 740 0
711 712 0
711 741 0
712 713 0
712 742 0
713 714 0
713 743 0
714 715 0
714 744 0
715 716 0
715 745 0
716 717 0
716 746 0
717 718 0
717 747 0
718 719 0
718 748 0
719 720 0
719 749 0
720 750 0
721 722 0
721 751 0
722 723 0
722 752 0
723 724 0
723 753 0
724 725 0
724 754 0
725 726 0
725 755 0
726 727 0
726 756 0
727 728 0
727 757 0
728 729 0
728 758 0
729 730 0
729 759 0
730 731 0
730 760 0
731 732 0
731 761 0
732 733 0
732 762 0
733 734 0
733 763 0
734 735 0
734 764 0
735 736 0
735 765 0
736 737 0
736 766 0
737 738 0
737 767 0
738 739 0
738 768 0
739 740 0
739 769 0
740 741 0
740 770 0
741 742 0
741 771 0
742 743 0
742 772 0
743 744 0
743 773 0
744 745 0
744 774 0
745 746 0
745 775 0
746 747 0
746 776 0
747 748 0
747 777 0
748 749 0
748 778 0
749 750 0
749 779 0
750 780 0
751 752 0
751 781 0
752 753 0
752 782 0
753 754 0
753 783 0
754 755 0
754 784 0
755 756 0
755 785 0
756 757 0
756 786 0
757 758 0
757 787 0
758 759 0
758 788 0
759 760 0
759 789 0
760 761 0
760 790 0
761 762 0
761 791 0
762 763 0
762 792 0
763 764 0
763 793 0
764 765 0
764 794 0
765 766 0
765 795 0
766 767 0
766 796 0
767 768 0
767 797 0
768 769 0
768 798 0
769 770 0
769 799 0
770 771 0
770 800 0
771 772 0
771 801 0
772 773 0
772 802 0
773 774 0
773 803 0
774 775 0
774 804 0
775 776 0
775 805 0
776 777 0
776 806 0
777 778 0
777 807 0
778 779 0
778 808 0
779 780 0
779 809 0
780 810 0
781 782 0
781 811 0
782 783 0
782 812 0
783 784 0
783 813 0
784 785 0
784 814 0
785 786 0
785 815 0
786 787 0
786 816 0
787 788 0
787 817 0
788 789 0
788 818 0
789 790 0
789 819 0
790 791 0
790 820 0
791 792 0
791 821 0
792 793 0
792 822 0
793 794 0
793 823 0
794 795 0
794 824 0
795 796 0
795 825 0
796 797 0
796 826 0
797 798 0
797 827 0
798 799 0
798 828 0
799 800 0
799 829 0
800 801 0
800 830 0
801 802 0
801 831 0
802 803 0
802 832 0
803 804 0
803 833 0
804 805 0
804 834 0
805 806 0
805 835 0
806 807 0
806 836 0
807 808 0
807 837 0
808 809 0
808 838 0
809 810 0
809 839 0
810 840 0
811 812 0
811 841 0
812 813 0
812 842 0
813 814 0
813 843 0
814 815 0
814 844 0
815 816 0
815 845 0
816 817 0
816 846 0
817 818 0
817 847 0
818 819 0
818 848 0
819 820 0
819 849 0
820 821 0
820 850 0
821 822 0
821 851 0
822 823 0
822 852 0
823 824 0
823 853 0
824 825 0
824 854 0
825 826 0
825 855 0
826 827 0
826 856 0
827 828 0
827 857 0
828 829 0
828 858 0
829 830 0
829 859 0
830 831 0
830 860 0
831 832 0
831 861 0
832 833 0
832 862 0
833 834 0
833 863 0
834 835 0
834 864 0
835 836 0
835 865 0
836 837 0
836 866 0
837 838 0
837 867 0
838 839 0
838 868 0
839 840 0
839 869 0
840 870 0
841 842 0
841 871 0
842 843 0
842 872 0
843 844 0
843 873 0
844 845 0
844 874 0
845 846 0
845 875 0
846 847 0
846 876 0
847 848 0
847 877 0
848 849 0
848 878 0
849 850 0
849 879 0
850 851 0
850 880 0
851 852 0
851 881 0
852 853 0
852 882 0
853 854 0
853 883 0
854 855 0
854 884 0
855 856 0
855 885 0
856 857 0
856 886 0
857 858 0
857 887 0
858 859 0
858 888 0
859 860 0
859 889 0
860 861 0
860 890 0
861 862 0
861 891 0
862 863 0
862 892 0
863 864 0
863 893 0
864 865 0
864 894 0
865 866 0
865 895 0
866 867 0
866 896 0
867 868 0
867 897 0
868 869 0
868 898 0
869 870 0
869 899 0
870 900 0
871 872 0
872 873 0
873 874 0
874 875 0
875 876 0
876 877 0
877 878 0
878 879 0
879 880 0
880 881 0
881 882 0
882 883 0
883 884 0
884 885 0
885 886 0
886 887 0
887 888 0
888 889 0
889 890 0
890 891 0
891 892 0
892 893 0
893 894 0
894 895 0
895 896 0
896 897 0
897 898 0
898 899 0
899 900 0
