1600 3120 
1 516 
2 388 
3 230 
4 472 
5 105 
6 376 
7 308 
8 186 
9 258 
10 571 
11 327 
12 66 
13 208 
14 138 
15 306 
16 380 
17 157 
18 332 
19 499 
20 559 
21 179 
22 202 
23 370 
24 304 
25 29 
26 65 
27 243 
28 371 
29 494 
30 487 
31 210 
32 209 
33 68 
34 222 
35 350 
36 272 
37 142 
38 256 
39 352 
40 37 
41 100 
42 597 
43 427 
44 120 
45 200 
46 554 
47 378 
48 490 
49 35 
50 178 
51 46 
52 598 
53 222 
54 180 
55 5 
56 562 
57 479 
58 120 
59 114 
60 465 
61 103 
62 519 
63 163 
64 275 
65 230 
66 452 
67 494 
68 541 
69 560 
70 35 
71 542 
72 114 
73 131 
74 496 
75 308 
76 498 
77 368 
78 139 
79 288 
80 510 
81 549 
82 202 
83 586 
84 365 
85 500 
86 569 
87 507 
88 446 
89 468 
90 398 
91 339 
92 255 
93 389 
94 484 
95 379 
96 354 
97 9 
98 156 
99 69 
100 190 
101 77 
102 566 
103 507 
104 392 
105 405 
106 353 
107 182 
108 380 
109 304 
110 199 
111 371 
112 201 
113 122 
114 548 
115 373 
116 165 
117 516 
118 145 
119 238 
120 336 
121 1 
122 21 
123 573 
124 54 
125 248 
126 149 
127 108 
128 448 
129 308 
130 341 
131 334 
132 192 
133 423 
134 119 
135 176 
136 519 
137 532 
138 481 
139 268 
140 538 
141 203 
142 522 
143 414 
144 166 
145 1 
146 204 
147 358 
148 435 
149 305 
150 233 
151 155 
152 224 
153 257 
154 375 
155 146 
156 441 
157 440 
158 565 
159 303 
160 263 
161 430 
162 234 
163 435 
164 515 
165 469 
166 154 
167 406 
168 160 
169 53 
170 155 
171 112 
172 190 
173 225 
174 561 
175 368 
176 585 
177 455 
178 326 
179 324 
180 185 
181 364 
182 172 
183 167 
184 456 
185 377 
186 317 
187 250 
188 313 
189 537 
190 95 
191 117 
192 573 
193 550 
194 43 
195 306 
196 75 
197 247 
198 299 
199 270 
200 34 
201 375 
202 78 
203 100 
204 112 
205 44 
206 372 
207 519 
208 352 
209 317 
210 210 
211 555 
212 401 
213 383 
214 380 
215 508 
216 426 
217 507 
218 288 
219 563 
220 514 
221 277 
222 513 
223 141 
224 599 
225 23 
226 425 
227 541 
228 335 
229 370 
230 380 
231 374 
232 100 
233 357 
234 411 
235 61 
236 274 
237 510 
238 597 
239 438 
240 44 
241 108 
242 552 
243 296 
244 269 
245 539 
246 96 
247 436 
248 44 
249 175 
250 282 
251 149 
252 537 
253 385 
254 201 
255 292 
256 584 
257 297 
258 164 
259 597 
260 417 
261 119 
262 531 
263 312 
264 101 
265 449 
266 291 
267 281 
268 537 
269 579 
270 475 
271 302 
272 314 
273 37 
274 69 
275 186 
276 163 
277 370 
278 100 
279 152 
280 303 
281 450 
282 302 
283 338 
284 292 
285 593 
286 158 
287 289 
288 531 
289 297 
290 292 
291 506 
292 477 
293 293 
294 188 
295 178 
296 155 
297 459 
298 500 
299 600 
300 3 
301 359 
302 335 
303 94 
304 468 
305 367 
306 63 
307 440 
308 411 
309 288 
310 210 
311 158 
312 197 
313 403 
314 144 
315 390 
316 344 
317 320 
318 230 
319 106 
320 583 
321 468 
322 325 
323 328 
324 36 
325 93 
326 455 
327 33 
328 569 
329 172 
330 332 
331 542 
332 545 
333 37 
334 354 
335 338 
336 589 
337 181 
338 483 
339 405 
340 220 
341 232 
342 45 
343 7 
344 586 
345 288 
346 533 
347 91 
348 84 
349 232 
350 332 
351 452 
352 69 
353 60 
354 10 
355 592 
356 42 
357 45 
358 130 
359 347 
360 244 
361 598 
362 453 
363 126 
364 164 
365 300 
366 508 
367 496 
368 151 
369 266 
370 446 
371 108 
372 387 
373 105 
374 370 
375 411 
376 447 
377 175 
378 130 
379 502 
380 509 
381 64 
382 547 
383 507 
384 140 
385 9 
386 138 
387 373 
388 121 
389 504 
390 338 
391 361 
392 53 
393 113 
394 468 
395 183 
396 539 
397 36 
398 16 
399 68 
400 149 
401 419 
402 60 
403 380 
404 469 
405 196 
406 551 
407 444 
408 504 
409 275 
410 422 
411 449 
412 95 
413 515 
414 402 
415 126 
416 63 
417 65 
418 509 
419 420 
420 119 
421 206 
422 195 
423 526 
424 321 
425 319 
426 356 
427 299 
428 558 
429 550 
430 12 
431 173 
432 411 
433 82 
434 481 
435 439 
436 11 
437 1 
438 518 
439 468 
440 584 
441 270 
442 534 
443 189 
444 579 
445 446 
446 272 
447 384 
448 255 
449 564 
450 333 
451 517 
452 283 
453 418 
454 575 
455 559 
456 466 
457 294 
458 195 
459 489 
460 416 
461 88 
462 418 
463 124 
464 258 
465 589 
466 433 
467 88 
468 592 
469 324 
470 380 
471 123 
472 328 
473 224 
474 30 
475 350 
476 60 
477 66 
478 538 
479 202 
480 125 
481 557 
482 596 
483 584 
484 287 
485 355 
486 142 
487 108 
488 290 
489 268 
490 588 
491 416 
492 16 
493 193 
494 500 
495 442 
496 421 
497 273 
498 168 
499 117 
500 512 
501 161 
502 568 
503 496 
504 138 
505 467 
506 124 
507 137 
508 2 
509 225 
510 561 
511 365 
512 423 
513 206 
514 44 
515 98 
516 342 
517 443 
518 200 
519 510 
520 379 
521 37 
522 594 
523 233 
524 61 
525 406 
526 148 
527 568 
528 184 
529 113 
530 597 
531 59 
532 261 
533 346 
534 438 
535 466 
536 177 
537 20 
538 360 
539 554 
540 409 
541 313 
542 596 
543 578 
544 430 
545 191 
546 113 
547 135 
548 89 
549 161 
550 185 
551 553 
552 279 
553 241 
554 201 
555 219 
556 286 
557 34 
558 246 
559 496 
560 423 
561 478 
562 32 
563 575 
564 180 
565 463 
566 312 
567 222 
568 298 
569 509 
570 447 
571 77 
572 111 
573 98 
574 79 
575 51 
576 423 
577 228 
578 6 
579 78 
580 389 
581 120 
582 70 
583 379 
584 137 
585 304 
586 54 
587 493 
588 539 
589 358 
590 508 
591 133 
592 104 
593 14 
594 296 
595 594 
596 314 
597 14 
598 386 
599 307 
600 363 
601 548 
602 469 
603 149 
604 485 
605 16 
606 498 
607 139 
608 4 
609 164 
610 538 
611 299 
612 358 
613 203 
614 280 
615 433 
616 27 
617 360 
618 597 
619 63 
620 255 
621 49 
622 331 
623 308 
624 180 
625 183 
626 351 
627 87 
628 15 
629 418 
630 151 
631 418 
632 357 
633 152 
634 408 
635 444 
636 565 
637 405 
638 90 
639 366 
640 453 
641 376 
642 154 
643 471 
644 326 
645 566 
646 163 
647 586 
648 584 
649 215 
650 128 
651 174 
652 207 
653 416 
654 493 
655 413 
656 298 
657 580 
658 597 
659 433 
660 297 
661 427 
662 486 
663 579 
664 349 
665 452 
666 200 
667 411 
668 184 
669 442 
670 194 
671 41 
672 376 
673 175 
674 554 
675 47 
676 404 
677 304 
678 429 
679 332 
680 271 
681 178 
682 114 
683 472 
684 25 
685 339 
686 275 
687 65 
688 240 
689 26 
690 588 
691 44 
692 449 
693 203 
694 323 
695 222 
696 154 
697 280 
698 199 
699 222 
700 205 
701 443 
702 103 
703 558 
704 140 
705 40 
706 407 
707 331 
708 513 
709 524 
710 45 
711 225 
712 441 
713 559 
714 371 
715 600 
716 201 
717 7 
718 485 
719 205 
720 50 
721 154 
722 328 
723 250 
724 119 
725 410 
726 511 
727 449 
728 565 
729 526 
730 281 
731 536 
732 36 
733 521 
734 531 
735 289 
736 145 
737 315 
738 352 
739 30 
740 320 
741 125 
742 336 
743 395 
744 462 
745 485 
746 204 
747 363 
748 431 
749 263 
750 24 
751 271 
752 40 
753 200 
754 326 
755 61 
756 450 
757 329 
758 46 
759 452 
760 554 
761 190 
762 368 
763 526 
764 20 
765 225 
766 207 
767 520 
768 6 
769 72 
770 70 
771 536 
772 127 
773 352 
774 438 
775 210 
776 563 
777 105 
778 425 
779 125 
780 372 
781 448 
782 117 
783 547 
784 117 
785 245 
786 209 
787 551 
788 522 
789 498 
790 233 
791 170 
792 202 
793 402 
794 364 
795 570 
796 140 
797 143 
798 67 
799 423 
800 582 
801 434 
802 199 
803 577 
804 220 
805 455 
806 292 
807 366 
808 409 
809 386 
810 176 
811 99 
812 487 
813 192 
814 160 
815 286 
816 468 
817 91 
818 203 
819 543 
820 221 
821 498 
822 220 
823 593 
824 139 
825 216 
826 340 
827 27 
828 530 
829 87 
830 97 
831 571 
832 16 
833 338 
834 199 
835 426 
836 436 
837 437 
838 480 
839 384 
840 583 
841 390 
842 232 
843 557 
844 178 
845 113 
846 261 
847 503 
848 25 
849 264 
850 277 
851 33 
852 260 
853 360 
854 99 
855 282 
856 139 
857 130 
858 132 
859 283 
860 175 
861 385 
862 42 
863 597 
864 382 
865 327 
866 357 
867 38 
868 182 
869 5 
870 425 
871 434 
872 279 
873 508 
874 353 
875 310 
876 92 
877 565 
878 524 
879 540 
880 185 
881 321 
882 441 
883 310 
884 15 
885 563 
886 421 
887 385 
888 49 
889 308 
890 479 
891 204 
892 182 
893 520 
894 481 
895 261 
896 458 
897 381 
898 507 
899 70 
900 284 
901 512 
902 596 
903 111 
904 40 
905 66 
906 337 
907 515 
908 356 
909 274 
910 345 
911 392 
912 432 
913 510 
914 590 
915 372 
916 296 
917 164 
918 439 
919 377 
920 560 
921 326 
922 299 
923 327 
924 580 
925 270 
926 254 
927 472 
928 409 
929 467 
930 156 
931 597 
932 104 
933 413 
934 152 
935 354 
936 385 
937 41 
938 442 
939 257 
940 109 
941 531 
942 350 
943 425 
944 60 
945 369 
946 444 
947 435 
948 404 
949 78 
950 412 
951 577 
952 585 
953 10 
954 113 
955 531 
956 123 
957 224 
958 121 
959 600 
960 411 
961 65 
962 572 
963 181 
964 482 
965 210 
966 568 
967 181 
968 531 
969 144 
970 122 
971 4 
972 544 
973 204 
974 370 
975 198 
976 539 
977 434 
978 304 
979 13 
980 160 
981 127 
982 520 
983 74 
984 115 
985 144 
986 487 
987 554 
988 161 
989 354 
990 591 
991 597 
992 458 
993 379 
994 113 
995 220 
996 218 
997 476 
998 548 
999 513 
1000 54 
1001 146 
1002 407 
1003 440 
1004 77 
1005 473 
1006 530 
1007 68 
1008 209 
1009 554 
1010 335 
1011 270 
1012 566 
1013 252 
1014 508 
1015 540 
1016 222 
1017 199 
1018 133 
1019 17 
1020 46 
1021 244 
1022 65 
1023 193 
1024 321 
1025 398 
1026 20 
1027 241 
1028 526 
1029 485 
1030 526 
1031 298 
1032 346 
1033 167 
1034 503 
1035 250 
1036 393 
1037 436 
1038 343 
1039 465 
1040 208 
1041 448 
1042 118 
1043 329 
1044 429 
1045 153 
1046 105 
1047 408 
1048 580 
1049 4 
1050 226 
1051 357 
1052 209 
1053 143 
1054 514 
1055 355 
1056 250 
1057 547 
1058 352 
1059 469 
1060 26 
1061 346 
1062 74 
1063 397 
1064 14 
1065 297 
1066 371 
1067 404 
1068 62 
1069 58 
1070 323 
1071 464 
1072 583 
1073 49 
1074 272 
1075 238 
1076 336 
1077 4 
1078 304 
1079 546 
1080 18 
1081 576 
1082 555 
1083 565 
1084 467 
1085 30 
1086 425 
1087 202 
1088 168 
1089 44 
1090 184 
1091 74 
1092 40 
1093 551 
1094 357 
1095 69 
1096 83 
1097 359 
1098 403 
1099 217 
1100 89 
1101 545 
1102 125 
1103 589 
1104 213 
1105 375 
1106 581 
1107 455 
1108 592 
1109 194 
1110 225 
1111 583 
1112 271 
1113 143 
1114 252 
1115 82 
1116 515 
1117 445 
1118 475 
1119 471 
1120 351 
1121 469 
1122 506 
1123 66 
1124 291 
1125 463 
1126 513 
1127 152 
1128 407 
1129 134 
1130 49 
1131 65 
1132 383 
1133 438 
1134 421 
1135 583 
1136 220 
1137 227 
1138 190 
1139 310 
1140 253 
1141 82 
1142 349 
1143 568 
1144 302 
1145 410 
1146 267 
1147 366 
1148 19 
1149 425 
1150 89 
1151 469 
1152 148 
1153 546 
1154 28 
1155 88 
1156 64 
1157 141 
1158 590 
1159 214 
1160 197 
1161 569 
1162 99 
1163 560 
1164 260 
1165 495 
1166 314 
1167 574 
1168 599 
1169 254 
1170 480 
1171 165 
1172 473 
1173 78 
1174 426 
1175 243 
1176 132 
1177 192 
1178 199 
1179 340 
1180 290 
1181 351 
1182 136 
1183 131 
1184 267 
1185 303 
1186 429 
1187 79 
1188 536 
1189 128 
1190 154 
1191 60 
1192 420 
1193 576 
1194 313 
1195 339 
1196 455 
1197 158 
1198 55 
1199 100 
1200 123 
1201 311 
1202 128 
1203 523 
1204 363 
1205 590 
1206 70 
1207 44 
1208 205 
1209 583 
1210 254 
1211 367 
1212 455 
1213 419 
1214 198 
1215 309 
1216 351 
1217 248 
1218 345 
1219 5 
1220 453 
1221 121 
1222 398 
1223 567 
1224 445 
1225 70 
1226 330 
1227 137 
1228 199 
1229 284 
1230 538 
1231 502 
1232 333 
1233 380 
1234 70 
1235 509 
1236 369 
1237 2 
1238 433 
1239 379 
1240 239 
1241 196 
1242 560 
1243 232 
1244 143 
1245 364 
1246 291 
1247 246 
1248 21 
1249 428 
1250 595 
1251 177 
1252 435 
1253 369 
1254 312 
1255 552 
1256 84 
1257 399 
1258 32 
1259 125 
1260 490 
1261 2 
1262 400 
1263 194 
1264 190 
1265 227 
1266 242 
1267 490 
1268 363 
1269 178 
1270 125 
1271 139 
1272 433 
1273 362 
1274 457 
1275 44 
1276 263 
1277 301 
1278 457 
1279 468 
1280 574 
1281 92 
1282 354 
1283 342 
1284 232 
1285 183 
1286 159 
1287 147 
1288 208 
1289 20 
1290 539 
1291 89 
1292 417 
1293 550 
1294 362 
1295 478 
1296 103 
1297 502 
1298 199 
1299 439 
1300 167 
1301 453 
1302 453 
1303 592 
1304 363 
1305 83 
1306 454 
1307 370 
1308 160 
1309 152 
1310 8 
1311 245 
1312 212 
1313 59 
1314 407 
1315 524 
1316 448 
1317 234 
1318 282 
1319 65 
1320 172 
1321 419 
1322 538 
1323 150 
1324 569 
1325 284 
1326 595 
1327 412 
1328 398 
1329 547 
1330 428 
1331 566 
1332 343 
1333 592 
1334 284 
1335 230 
1336 320 
1337 345 
1338 22 
1339 274 
1340 387 
1341 564 
1342 257 
1343 399 
1344 589 
1345 140 
1346 307 
1347 319 
1348 416 
1349 368 
1350 39 
1351 559 
1352 422 
1353 350 
1354 297 
1355 530 
1356 264 
1357 39 
1358 50 
1359 229 
1360 195 
1361 361 
1362 121 
1363 260 
1364 99 
1365 200 
1366 58 
1367 274 
1368 267 
1369 515 
1370 78 
1371 136 
1372 79 
1373 499 
1374 385 
1375 504 
1376 436 
1377 457 
1378 383 
1379 296 
1380 471 
1381 234 
1382 179 
1383 10 
1384 478 
1385 78 
1386 284 
1387 491 
1388 591 
1389 172 
1390 286 
1391 352 
1392 529 
1393 28 
1394 517 
1395 279 
1396 295 
1397 54 
1398 31 
1399 483 
1400 365 
1401 49 
1402 328 
1403 534 
1404 504 
1405 323 
1406 485 
1407 341 
1408 189 
1409 561 
1410 448 
1411 173 
1412 106 
1413 356 
1414 10 
1415 236 
1416 450 
1417 477 
1418 515 
1419 345 
1420 150 
1421 423 
1422 189 
1423 184 
1424 275 
1425 77 
1426 574 
1427 98 
1428 197 
1429 23 
1430 105 
1431 99 
1432 596 
1433 7 
1434 143 
1435 433 
1436 126 
1437 177 
1438 157 
1439 293 
1440 293 
1441 63 
1442 304 
1443 593 
1444 227 
1445 96 
1446 68 
1447 472 
1448 173 
1449 76 
1450 147 
1451 17 
1452 475 
1453 133 
1454 41 
1455 594 
1456 587 
1457 377 
1458 536 
1459 30 
1460 79 
1461 66 
1462 93 
1463 426 
1464 190 
1465 313 
1466 531 
1467 483 
1468 586 
1469 465 
1470 274 
1471 106 
1472 560 
1473 568 
1474 33 
1475 340 
1476 268 
1477 220 
1478 414 
1479 102 
1480 541 
1481 31 
1482 237 
1483 255 
1484 357 
1485 424 
1486 580 
1487 574 
1488 102 
1489 10 
1490 326 
1491 221 
1492 459 
1493 547 
1494 491 
1495 507 
1496 180 
1497 450 
1498 410 
1499 333 
1500 142 
1501 430 
1502 296 
1503 161 
1504 497 
1505 508 
1506 515 
1507 385 
1508 171 
1509 170 
1510 489 
1511 338 
1512 347 
1513 14 
1514 475 
1515 222 
1516 404 
1517 142 
1518 403 
1519 58 
1520 480 
1521 276 
1522 507 
1523 343 
1524 34 
1525 393 
1526 560 
1527 464 
1528 599 
1529 248 
1530 207 
1531 428 
1532 374 
1533 525 
1534 455 
1535 174 
1536 380 
1537 509 
1538 264 
1539 183 
1540 358 
1541 403 
1542 517 
1543 477 
1544 3 
1545 431 
1546 192 
1547 43 
1548 278 
1549 407 
1550 230 
1551 368 
1552 78 
1553 181 
1554 576 
1555 2 
1556 518 
1557 353 
1558 462 
1559 364 
1560 124 
1561 318 
1562 145 
1563 119 
1564 432 
1565 167 
1566 442 
1567 153 
1568 374 
1569 197 
1570 387 
1571 269 
1572 7 
1573 228 
1574 522 
1575 398 
1576 173 
1577 461 
1578 456 
1579 197 
1580 111 
1581 163 
1582 431 
1583 208 
1584 522 
1585 498 
1586 41 
1587 294 
1588 285 
1589 454 
1590 374 
1591 301 
1592 95 
1593 484 
1594 477 
1595 384 
1596 306 
1597 324 
1598 99 
1599 303 
1600 435 
1 2 0
1 41 0
2 3 0
2 42 0
3 4 0
3 43 0
4 5 0
4 44 0
5 6 0
5 45 0
6 7 0
6 46 0
7 8 0
7 47 0
8 9 0
8 48 0
9 10 0
9 49 0
10 11 0
10 50 0
11 12 0
11 51 0
12 13 0
12 52 0
13 14 0
13 53 0
14 15 0
14 54 0
15 16 0
15 55 0
16 17 0
16 56 0
17 18 0
17 57 0
18 19 0
18 58 0
19 20 0
19 59 0
20 21 0
20 60 0
21 22 0
21 61 0
22 23 0
22 62 0
23 24 0
23 63 0
24 25 0
24 64 0
25 26 0
25 65 0
26 27 0
26 66 0
27 28 0
27 67 0
28 29 0
28 68 0
29 30 0
29 69 0
30 31 0
30 70 0
31 32 0
31 71 0
32 33 0
32 72 0
33 34 0
33 73 0
34 35 0
34 74 0
35 36 0
35 75 0
36 37 0
36 76 0
37 38 0
37 77 0
38 39 0
38 78 0
39 40 0
39 79 0
40 80 0
41 42 0
41 81 0
42 43 0
42 82 0
43 44 0
43 83 0
44 45 0
44 84 0
45 46 0
45 85 0
46 47 0
46 86 0
47 48 0
47 87 0
48 49 0
48 88 0
49 50 0
49 89 0
50 51 0
50 90 0
51 52 0
51 91 0
52 53 0
52 92 0
53 54 0
53 93 0
54 55 0
54 94 0
55 56 0
55 95 0
56 57 0
56 96 0
57 58 0
57 97 0
58 59 0
58 98 0
59 60 0
59 99 0
60 61 0
60 100 0
61 62 0
61 101 0
62 63 0
62 102 0
63 64 0
63 103 0
64 65 0
64 104 0
65 66 0
65 105 0
66 67 0
66 106 0
67 68 0
67 107 0
68 69 0
68 108 0
69 70 0
69 109 0
70 71 0
70 110 0
71 72 0
71 111 0
72 73 0
72 112 0
73 74 0
73 113 0
74 75 0
74 114 0
75 76 0
75 115 0
76 77 0
76 116 0
77 78 0
77 117 0
78 79 0
78 118 0
79 80 0
79 119 0
80 120 0
81 82 0
81 121 0
82 83 0
82 122 0
83 84 0
83 123 0
84 85 0
84 124 0
85 86 0
85 125 0
86 87 0
86 126 0
87 88 0
87 127 0
88 89 0
88 128 0
89 90 0
89 129 0
90 91 0
90 130 0
91 92 0
91 131 0
92 93 0
92 132 0
93 94 0
93 133 0
94 95 0
94 134 0
95 96 0
95 135 0
96 97 0
96 136 0
97 98 0
97 137 0
98 99 0
98 138 0
99 100 0
99 139 0
100 101 0
100 140 0
101 102 0
101 141 0
102 103 0
102 142 0
103 104 0
103 143 0
104 105 0
104 144 0
105 106 0
105 145 0
106 107 0
106 146 0
107 108 0
107 147 0
108 109 0
108 148 0
109 110 0
109 149 0
110 111 0
110 150 0
111 112 0
111 151 0
112 113 0
112 152 0
113 114 0
113 153 0
114 115 0
114 154 0
115 116 0
115 155 0
116 117 0
116 156 0
117 118 0
117 157 0
118 119 0
118 158 0
119 120 0
119 159 0
120 160 0
121 122 0
121 161 0
122 123 0
122 162 0
123 124 0
123 163 0
124 125 0
124 164 0
125 126 0
125 165 0
126 127 0
126 166 0
127 128 0
127 167 0
128 129 0
128 168 0
129 130 0
129 169 0
130 131 0
130 170 0
131 132 0
131 171 0
132 133 0
132 172 0
133 134 0
133 173 0
134 135 0
134 174 0
135 136 0
135 175 0
136 137 0
136 176 0
137 138 0
137 177 0
138 139 0
138 178 0
139 140 0
139 179 0
140 141 0
140 180 0
141 142 0
141 181 0
142 143 0
142 182 0
143 144 0
143 183 0
144 145 0
144 184 0
145 146 0
145 185 0
146 147 0
146 186 0
147 148 0
147 187 0
148 149 0
148 188 0
149 150 0
149 189 0
150 151 0
150 190 0
151 152 0
151 191 0
152 153 0
152 192 0
153 154 0
153 193 0
154 155 0
154 194 0
155 156 0
155 195 0
156 157 0
156 196 0
157 158 0
157 197 0
158 159 0
158 198 0
159 160 0
159 199 0
160 200 0
161 162 0
161 201 0
162 163 0
162 202 0
163 164 0
163 203 0
164 165 0
164 204 0
165 166 0
165 205 0
166 167 0
166 206 0
167 168 0
167 207 0
168 169 0
168 208 0
169 170 0
169 209 0
170 171 0
170 210 0
171 172 0
171 211 0
172 173 0
172 212 0
173 174 0
173 213 0
174 175 0
174 214 0
175 176 0
175 215 0
176 177 0
176 216 0
177 178 0
177 217 0
178 179 0
178 218 0
179 180 0
179 219 0
180 181 0
180 220 0
181 182 0
181 221 0
182 183 0
182 222 0
183 184 0
183 223 0
184 185 0
184 224 0
185 186 0
185 225 0
186 187 0
186 226 0
187 188 0
187 227 0
188 189 0
188 228 0
189 190 0
189 229 0
190 191 0
190 230 0
191 192 0
191 231 0
192 193 0
192 232 0
193 194 0
193 233 0
194 195 0
194 234 0
195 196 0
195 235 0
196 197 0
196 236 0
197 198 0
197 237 0
198 199 0
198 238 0
199 200 0
199 239 0
200 240 0
201 202 0
201 241 0
202 203 0
202 242 0
203 204 0
203 243 0
204 205 0
204 244 0
205 206 0
205 245 0
206 207 0
206 246 0
207 208 0
207 247 0
208 209 0
208 248 0
209 210 0
209 249 0
210 211 0
210 250 0
211 212 0
211 251 0
212 213 0
212 252 0
213 214 0
213 253 0
214 215 0
214 254 0
215 216 0
215 255 0
216 217 0
216 256 0
217 218 0
217 257 0
218 219 0
218 258 0
219 220 0
219 259 0
220 221 0
220 260 0
221 222 0
221 261 0
222 223 0
222 262 0
223 224 0
223 263 0
224 225 0
224 264 0
225 226 0
225 265 0
226 227 0
226 266 0
227 228 0
227 267 0
228 229 0
228 268 0
229 230 0
229 269 0
230 231 0
230 270 0
231 232 0
231 271 0
232 233 0
232 272 0
233 234 0
233 273 0
234 235 0
234 274 0
235 236 0
235 275 0
236 237 0
236 276 0
237 238 0
237 277 0
238 239 0
238 278 0
239 240 0
239 279 0
240 280 0
241 242 0
241 281 0
242 243 0
242 282 0
243 244 0
243 283 0
244 245 0
244 284 0
245 246 0
245 285 0
246 247 0
246 286 0
247 248 0
247 287 0
248 249 0
248 288 0
249 250 0
249 289 0
250 251 0
250 290 0
251 252 0
251 291 0
252 253 0
252 292 0
253 254 0
253 293 0
254 255 0
254 294 0
255 256 0
255 295 0
256 257 0
256 296 0
257 258 0
257 297 0
258 259 0
258 298 0
259 260 0
259 299 0
260 261 0
260 300 0
261 262 0
261 301 0
262 263 0
262 302 0
263 264 0
263 303 0
264 265 0
264 304 0
265 266 0
265 305 0
266 267 0
266 306 0
267 268 0
267 307 0
268 269 0
268 308 0
269 270 0
269 309 0
270 271 0
270 310 0
271 272 0
271 311 0
272 273 0
272 312 0
273 274 0
273 313 0
274 275 0
274 314 0
275 276 0
275 315 0
276 277 0
276 316 0
277 278 0
277 317 0
278 279 0
278 318 0
279 280 0
279 319 0
280 320 0
281 282 0
281 321 0
282 283 0
282 322 0
283 284 0
283 323 0
284 285 0
284 324 0
285 286 0
285 325 0
286 287 0
286 326 0
287 288 0
287 327 0
288 289 0
288 328 0
289 290 0
289 329 0
290 291 0
290 330 0
291 292 0
291 331 0
292 293 0
292 332 0
293 294 0
293 333 0
294 295 0
294 334 0
295 296 0
295 335 0
296 297 0
296 336 0
297 298 0
297 337 0
298 299 0
298 338 0
299 300 0
299 339 0
300 301 0
300 340 0
301 302 0
301 341 0
302 303 0
302 342 0
303 304 0
303 343 0
304 305 0
304 344 0
305 306 0
305 345 0
306 307 0
306 346 0
307 308 0
307 347 0
308 309 0
308 348 0
309 310 0
309 349 0
310 311 0
310 350 0
311 312 0
311 351 0
312 313 0
312 352 0
313 314 0
313 353 0
314 315 0
314 354 0
315 316 0
315 355 0
316 317 0
316 356 0
317 318 0
317 357 0
318 319 0
318 358 0
319 320 0
319 359 0
320 360 0
321 322 0
321 361 0
322 323 0
322 362 0
323 324 0
323 363 0
324 325 0
324 364 0
325 326 0
325 365 0
326 327 0
326 366 0
327 328 0
327 367 0
328 329 0
328 368 0
329 330 0
329 369 0
330 331 0
330 370 0
331 332 0
331 371 0
332 333 0
332 372 0
333 334 0
333 373 0
334 335 0
334 374 0
335 336 0
335 375 0
336 337 0
336 376 0
337 338 0
337 377 0
338 339 0
338 378 0
339 340 0
339 379 0
340 341 0
340 380 0
341 342 0
341 381 0
342 343 0
342 382 0
343 344 0
343 383 0
344 345 0
344 384 0
345 346 0
345 385 0
346 347 0
346 386 0
347 348 0
347 387 0
348 349 0
348 388 0
349 350 0
349 389 0
350 351 0
350 390 0
351 352 0
351 391 0
352 353 0
352 392 0
353 354 0
353 393 0
354 355 0
354 394 0
355 356 0
355 395 0
356 357 0
356 396 0
357 358 0
357 397 0
358 359 0
358 398 0
359 360 0
359 399 0
360 400 0
361 362 0
361 401 0
362 363 0
362 402 0
363 364 0
363 403 0
364 365 0
364 404 0
365 366 0
365 405 0
366 367 0
366 406 0
367 368 0
367 407 0
368 369 0
368 408 0
369 370 0
369 409 0
370 371 0
370 410 0
371 372 0
371 411 0
372 373 0
372 412 0
373 374 0
373 413 0
374 375 0
374 414 0
375 376 0
375 415 0
376 377 0
376 416 0
377 378 0
377 417 0
378 379 0
378 418 0
379 380 0
379 419 0
380 381 0
380 420 0
381 382 0
381 421 0
382 383 0
382 422 0
383 384 0
383 423 0
384 385 0
384 424 0
385 386 0
385 425 0
386 387 0
386 426 0
387 388 0
387 427 0
388 389 0
388 428 0
389 390 0
389 429 0
390 391 0
390 430 0
391 392 0
391 431 0
392 393 0
392 432 0
393 394 0
393 433 0
394 395 0
394 434 0
395 396 0
395 435 0
396 397 0
396 436 0
397 398 0
397 437 0
398 399 0
398 438 0
399 400 0
399 439 0
400 440 0
401 402 0
401 441 0
402 403 0
402 442 0
403 404 0
403 443 0
404 405 0
404 444 0
405 406 0
405 445 0
406 407 0
406 446 0
407 408 0
407 447 0
408 409 0
408 448 0
409 410 0
409 449 0
410 411 0
410 450 0
411 412 0
411 451 0
412 413 0
412 452 0
413 414 0
413 453 0
414 415 0
414 454 0
415 416 0
415 455 0
416 417 0
416 456 0
417 418 0
417 457 0
418 419 0
418 458 0
419 420 0
419 459 0
420 421 0
420 460 0
421 422 0
421 461 0
422 423 0
422 462 0
423 424 0
423 463 0
424 425 0
424 464 0
425 426 0
425 465 0
426 427 0
426 466 0
427 428 0
427 467 0
428 429 0
428 468 0
429 430 0
429 469 0
430 431 0
430 470 0
431 432 0
431 471 0
432 433 0
432 472 0
433 434 0
433 473 0
434 435 0
434 474 0
435 436 0
435 475 0
436 437 0
436 476 0
437 438 0
437 477 0
438 439 0
438 478 0
439 440 0
439 479 0
440 480 0
441 442 0
441 481 0
442 443 0
442 482 0
443 444 0
443 483 0
444 445 0
444 484 0
445 446 0
445 485 0
446 447 0
446 486 0
447 448 0
447 487 0
448 449 0
448 488 0
449 450 0
449 489 0
450 451 0
450 490 0
451 452 0
451 491 0
452 453 0
452 492 0
453 454 0
453 493 0
454 455 0
454 494 0
455 456 0
455 495 0
456 457 0
456 496 0
457 458 0
457 497 0
458 459 0
458 498 0
459 460 0
459 499 0
460 461 0
460 500 0
461 462 0
461 501 0
462 463 0
462 502 0
463 464 0
463 503 0
464 465 0
464 504 0
465 466 0
465 505 0
466 467 0
466 506 0
467 468 0
467 507 0
468 469 0
468 508 0
469 470 0
469 509 0
470 471 0
470 510 0
471 472 0
471 511 0
472 473 0
472 512 0
473 474 0
473 513 0
474 475 0
474 514 0
475 476 0
475 515 0
476 477 0
476 516 0
477 478 0
477 517 0
478 479 0
478 518 0
479 480 0
479 519 0
480 520 0
481 482 0
481 521 0
482 483 0
482 522 0
483 484 0
483 523 0
484 485 0
484 524 0
485 486 0
485 525 0
486 487 0
486 526 0
487 488 0
487 527 0
488 489 0
488 528 0
489 490 0
489 529 0
490 491 0
490 530 0
491 492 0
491 531 0
492 493 0
492 532 0
493 494 0
493 533 0
494 495 0
494 534 0
495 496 0
495 535 0
496 497 0
496 536 0
497 498 0
497 537 0
498 499 0
498 538 0
499 500 0
499 539 0
500 501 0
500 540 0
501 502 0
501 541 0
502 503 0
502 542 0
503 504 0
503 543 0
504 505 0
504 544 0
505 506 0
505 545 0
506 507 0
506 546 0
507 508 0
507 547 0
508 509 0
508 548 0
509 510 0
509 549 0
510 511 0
510 550 0
511 512 0
511 551 0
512 513 0
512 552 0
513 514 0
513 553 0
514 515 0
514 554 0
515 516 0
515 555 0
516 517 0
516 556 0
517 518 0
517 557 0
518 519 0
518 558 0
519 520 0
519 559 0
520 560 0
521 522 0
521 561 0
522 523 0
522 562 0
523 524 0
523 563 0
524 525 0
524 564 0
525 526 0
525 565 0
526 527 0
526 566 0
527 528 0
527 567 0
528 529 0
528 568 0
529 530 0
529 569 0
530 531 0
530 570 0
531 532 0
531 571 0
532 533 0
532 572 0
533 534 0
533 573 0
534 535 0
534 574 0
535 536 0
535 575 0
536 537 0
536 576 0
537 538 0
537 577 0
538 539 0
538 578 0
539 540 0
539 579 0
540 541 0
540 580 0
541 542 0
541 581 0
542 543 0
542 582 0
543 544 0
543 583 0
544 545 0
544 584 0
545 546 0
545 585 0
546 547 0
546 586 0
547 548 0
547 587 0
548 549 0
548 588 0
549 550 0
549 589 0
550 551 0
550 590 0
551 552 0
551 591 0
552 553 0
552 592 0
553 554 0
553 593 0
554 555 0
554 594 0
555 556 0
555 595 0
556 557 0
556 596 0
557 558 0
557 597 0
558 559 0
558 598 0
559 560 0
559 599 0
560 600 0
561 562 0
561 601 0
562 563 0
562 602 0
563 564 0
563 603 0
564 565 0
564 604 0
565 566 0
565 605 0
566 567 0
566 606 0
567 568 0
567 607 0
568 569 0
568 608 0
569 570 0
569 609 0
570 571 0
570 610 0
571 572 0
571 611 0
572 573 0
572 612 0
573 574 0
573 613 0
574 575 0
574 614 0
575 576 0
575 615 0
576 577 0
576 616 0
577 578 0
577 617 0
578 579 0
578 618 0
579 580 0
579 619 0
580 581 0
580 620 0
581 582 0
581 621 0
582 583 0
582 622 0
583 584 0
583 623 0
584 585 0
584 624 0
585 586 0
585 625 0
586 587 0
586 626 0
587 588 0
587 627 0
588 589 0
588 628 0
589 590 0
589 629 0
590 591 0
590 630 0
591 592 0
591 631 0
592 593 0
592 632 0
593 594 0
593 633 0
594 595 0
594 634 0
595 596 0
595 635 0
596 597 0
596 636 0
597 598 0
597 637 0
598 599 0
598 638 0
599 600 0
599 639 0
600 640 0
601 602 0
601 641 0
602 603 0
602 642 0
603 604 0
603 643 0
604 605 0
604 644 0
605 606 0
605 645 0
606 607 0
606 646 0
607 608 0
607 647 0
608 609 0
608 648 0
609 610 0
609 649 0
610 611 0
610 650 0
611 612 0
611 651 0
612 613 0
612 652 0
613 614 0
613 653 0
614 615 0
614 654 0
615 616 0
615 655 0
616 617 0
616 656 0
617 618 0
617 657 0
618 619 0
618 658 0
619 620 0
619 659 0
620 621 0
620 660 0
621 622 0
621 661 0
622 623 0
622 662 0
623 624 0
623 663 0
624 625 0
624 664 0
625 626 0
625 665 0
626 627 0
626 666 0
627 628 0
627 667 0
628 629 0
628 668 0
629 630 0
629 669 0
630 631 0
630 670 0
631 632 0
631 671 0
632 633 0
632 672 0
633 634 0
633 673 0
634 635 0
634 674 0
635 636 0
635 675 0
636 637 0
636 676 0
637 638 0
637 677 0
638 639 0
638 678 0
639 640 0
639 679 0
640 680 0
641 642 0
641 681 0
642 643 0
642 682 0
643 644 0
643 683 0
644 645 0
644 684 0
645 646 0
645 685 0
646 647 0
646 686 0
647 648 0
647 687 0
648 649 0
648 688 0
649 650 0
649 689 0
650 651 0
650 690 0
651 652 0
651 691 0
652 653 0
652 692 0
653 654 0
653 693 0
654 655 0
654 694 0
655 656 0
655 695 0
656 657 0
656 696 0
657 658 0
657 697 0
658 659 0
658 698 0
659 660 0
659 699 0
660 661 0
660 700 0
661 662 0
661 701 0
662 663 0
662 702 0
663 664 0
663 703 0
664 665 0
664 704 0
665 666 0
665 705 0
666 667 0
666 706 0
667 668 0
667 707 0
668 669 0
668 708 0
669 670 0
669 709 0
670 671 0
670 710 0
671 672 0
671 711 0
672 673 0
672 712 0
673 674 0
673 713 0
674 675 0
674 714 0
675 676 0
675 715 0
676 677 0
676 716 0
677 678 0
677 717 0
678 679 0
678 718 0
679 680 0
679 719 0
680 720 0
681 682 0
681 721 0
682 683 0
682 722 0
683 684 0
683 723 0
684 685 0
684 724 0
685 686 0
685 725 0
686 687 0
686 726 0
687 688 0
687 727 0
688 689 0
688 728 0
689 690 0
689 729 0
690 691 0
690 730 0
691 692 0
691 731 0
692 693 0
692 732 0
693 694 0
693 733 0
694 695 0
694 734 0
695 696 0
695 735 0
696 697 0
696 736 0
697 698 0
697 737 0
698 699 0
698 738 0
699 700 0
699 739 0
700 701 0
700 740 0
701 702 0
701 741 0
702 703 0
702 742 0
703 704 0
703 743 0
704 705 0
704 744 0
705 706 0
705 745 0
706 707 0
706 746 0
707 708 0
707 747 0
708 709 0
708 748 0
709 710 0
709 749 0
710 711 0
710 750 0
711 712 0
711 751 0
712 713 0
712 752 0
713 714 0
713 753 0
714 715 0
714 754 0
715 716 0
715 755 0
716 717 0
716 756 0
717 718 0
717 757 0
718 719 0
718 758 0
719 720 0
719 759 0
720 760 0
721 722 0
721 761 0
722 723 0
722 762 0
723 724 0
723 763 0
724 725 0
724 764 0
725 726 0
725 765 0
726 727 0
726 766 0
727 728 0
727 767 0
728 729 0
728 768 0
729 730 0
729 769 0
730 731 0
730 770 0
731 732 0
731 771 0
732 733 0
732 772 0
733 734 0
733 773 0
734 735 0
734 774 0
735 736 0
735 775 0
736 737 0
736 776 0
737 738 0
737 777 0
738 739 0
738 778 0
739 740 0
739 779 0
740 741 0
740 780 0
741 742 0
741 781 0
742 743 0
742 782 0
743 744 0
743 783 0
744 745 0
744 784 0
745 746 0
745 785 0
746 747 0
746 786 0
747 748 0
747 787 0
748 749 0
748 788 0
749 750 0
749 789 0
750 751 0
750 790 0
751 752 0
751 791 0
752 753 0
752 792 0
753 754 0
753 793 0
754 755 0
754 794 0
755 756 0
755 795 0
756 757 0
756 796 0
757 758 0
757 797 0
758 759 0
758 798 0
759 760 0
759 799 0
760 800 0
761 762 0
761 801 0
762 763 0
762 802 0
763 764 0
763 803 0
764 765 0
764 804 0
765 766 0
765 805 0
766 767 0
766 806 0
767 768 0
767 807 0
768 769 0
768 808 0
769 770 0
769 809 0
770 771 0
770 810 0
771 772 0
771 811 0
772 773 0
772 812 0
773 774 0
773 813 0
774 775 0
774 814 0
775 776 0
775 815 0
776 777 0
776 816 0
777 778 0
777 817 0
778 779 0
778 818 0
779 780 0
779 819 0
780 781 0
780 820 0
781 782 0
781 821 0
782 783 0
782 822 0
783 784 0
783 823 0
784 785 0
784 824 0
785 786 0
785 825 0
786 787 0
786 826 0
787 788 0
787 827 0
788 789 0
788 828 0
789 790 0
789 829 0
790 791 0
790 830 0
791 792 0
791 831 0
792 793 0
792 832 0
793 794 0
793 833 0
794 795 0
794 834 0
795 796 0
795 835 0
796 797 0
796 836 0
797 798 0
797 837 0
798 799 0
798 838 0
799 800 0
799 839 0
800 840 0
801 802 0
801 841 0
802 803 0
802 842 0
803 804 0
803 843 0
804 805 0
804 844 0
805 806 0
805 845 0
806 807 0
806 846 0
807 808 0
807 847 0
808 809 0
808 848 0
809 810 0
809 849 0
810 811 0
810 850 0
811 812 0
811 851 0
812 813 0
812 852 0
813 814 0
813 853 0
814 815 0
814 854 0
815 816 0
815 855 0
816 817 0
816 856 0
817 818 0
817 857 0
818 819 0
818 858 0
819 820 0
819 859 0
820 821 0
820 860 0
821 822 0
821 861 0
822 823 0
822 862 0
823 824 0
823 863 0
824 825 0
824 864 0
825 826 0
825 865 0
826 827 0
826 866 0
827 828 0
827 867 0
828 829 0
828 868 0
829 830 0
829 869 0
830 831 0
830 870 0
831 832 0
831 871 0
832 833 0
832 872 0
833 834 0
833 873 0
834 835 0
834 874 0
835 836 0
835 875 0
836 837 0
836 876 0
837 838 0
837 877 0
838 839 0
838 878 0
839 840 0
839 879 0
840 880 0
841 842 0
841 881 0
842 843 0
842 882 0
843 844 0
843 883 0
844 845 0
844 884 0
845 846 0
845 885 0
846 847 0
846 886 0
847 848 0
847 887 0
848 849 0
848 888 0
849 850 0
849 889 0
850 851 0
850 890 0
851 852 0
851 891 0
852 853 0
852 892 0
853 854 0
853 893 0
854 855 0
854 894 0
855 856 0
855 895 0
856 857 0
856 896 0
857 858 0
857 897 0
858 859 0
858 898 0
859 860 0
859 899 0
860 861 0
860 900 0
861 862 0
861 901 0
862 863 0
862 902 0
863 864 0
863 903 0
864 865 0
864 904 0
865 866 0
865 905 0
866 867 0
866 906 0
867 868 0
867 907 0
868 869 0
868 908 0
869 870 0
869 909 0
870 871 0
870 910 0
871 872 0
871 911 0
872 873 0
872 912 0
873 874 0
873 913 0
874 875 0
874 914 0
875 876 0
875 915 0
876 877 0
876 916 0
877 878 0
877 917 0
878 879 0
878 918 0
879 880 0
879 919 0
880 920 0
881 882 0
881 921 0
882 883 0
882 922 0
883 884 0
883 923 0
884 885 0
884 924 0
885 886 0
885 925 0
886 887 0
886 926 0
887 888 0
887 927 0
888 889 0
888 928 0
889 890 0
889 929 0
890 891 0
890 930 0
891 892 0
891 931 0
892 893 0
892 932 0
893 894 0
893 933 0
894 895 0
894 934 0
895 896 0
895 935 0
896 897 0
896 936 0
897 898 0
897 937 0
898 899 0
898 938 0
899 900 0
899 939 0
900 901 0
900 940 0
901 902 0
901 941 0
902 903 0
902 942 0
903 904 0
903 943 0
904 905 0
904 944 0
905 906 0
905 945 0
906 907 0
906 946 0
907 908 0
907 947 0
908 909 0
908 948 0
909 910 0
909 949 0
910 911 0
910 950 0
911 912 0
911 951 0
912 913 0
912 952 0
913 914 0
913 953 0
914 915 0
914 954 0
915 916 0
915 955 0
916 917 0
916 956 0
917 918 0
917 957 0
918 919 0
918 958 0
919 920 0
919 959 0
920 960 0
921 922 0
921 961 0
922 923 0
922 962 0
923 924 0
923 963 0
924 925 0
924 964 0
925 926 0
925 965 0
926 927 0
926 966 0
927 928 0
927 967 0
928 929 0
928 968 0
929 930 0
929 969 0
930 931 0
930 970 0
931 932 0
931 971 0
932 933 0
932 972 0
933 934 0
933 973 0
934 935 0
934 974 0
935 936 0
935 975 0
936 937 0
936 976 0
937 938 0
937 977 0
938 939 0
938 978 0
939 940 0
939 979 0
940 941 0
940 980 0
941 942 0
941 981 0
942 943 0
942 982 0
943 944 0
943 983 0
944 945 0
944 984 0
945 946 0
945 985 0
946 947 0
946 986 0
947 948 0
947 987 0
948 949 0
948 988 0
949 950 0
949 989 0
950 951 0
950 990 0
951 952 0
951 991 0
952 953 0
952 992 0
953 954 0
953 993 0
954 955 0
954 994 0
955 956 0
955 995 0
956 957 0
956 996 0
957 958 0
957 997 0
958 959 0
958 998 0
959 960 0
959 999 0
960 1000 0
961 962 0
961 1001 0
962 963 0
962 1002 0
963 964 0
963 1003 0
964 965 0
964 1004 0
965 966 0
965 1005 0
966 967 0
966 1006 0
967 968 0
967 1007 0
968 969 0
968 1008 0
969 970 0
969 1009 0
970 971 0
970 1010 0
971 972 0
971 1011 0
972 973 0
972 1012 0
973 974 0
973 1013 0
974 975 0
974 1014 0
975 976 0
975 1015 0
976 977 0
976 1016 0
977 978 0
977 1017 0
978 979 0
978 1018 0
979 980 0
979 1019 0
980 981 0
980 1020 0
981 982 0
981 1021 0
982 983 0
982 1022 0
983 984 0
983 1023 0
984 985 0
984 1024 0
985 986 0
985 1025 0
986 987 0
986 1026 0
987 988 0
987 1027 0
988 989 0
988 1028 0
989 990 0
989 1029 0
990 991 0
990 1030 0
991 992 0
991 1031 0
992 993 0
992 1032 0
993 994 0
993 1033 0
994 995 0
994 1034 0
995 996 0
995 1035 0
996 997 0
996 1036 0
997 998 0
997 1037 0
998 999 0
998 1038 0
999 1000 0
999 1039 0
1000 1040 0
1001 1002 0
1001 1041 0
1002 1003 0
1002 1042 0
1003 1004 0
1003 1043 0
1004 1005 0
1004 1044 0
1005 1006 0
1005 1045 0
1006 1007 0
1006 1046 0
1007 1008 0
1007 1047 0
1008 1009 0
1008 1048 0
1009 1010 0
1009 1049 0
1010 1011 0
1010 1050 0
1011 1012 0
1011 1051 0
1012 1013 0
1012 1052 0
1013 1014 0
1013 1053 0
1014 1015 0
1014 1054 0
1015 1016 0
1015 1055 0
1016 1017 0
1016 1056 0
1017 1018 0
1017 1057 0
1018 1019 0
1018 1058 0
1019 1020 0
1019 1059 0
1020 1021 0
1020 1060 0
1021 1022 0
1021 1061 0
1022 1023 0
1022 1062 0
1023 1024 0
1023 1063 0
1024 1025 0
1024 1064 0
1025 1026 0
1025 1065 0
1026 1027 0
1026 1066 0
1027 1028 0
1027 1067 0
1028 1029 0
1028 1068 0
1029 1030 0
1029 1069 0
1030 1031 0
1030 1070 0
1031 1032 0
1031 1071 0
1032 1033 0
1032 1072 0
1033 1034 0
1033 1073 0
1034 1035 0
1034 1074 0
1035 1036 0
1035 1075 0
1036 1037 0
1036 1076 0
1037 1038 0
1037 1077 0
1038 1039 0
1038 1078 0
1039 1040 0
1039 1079 0
1040 1080 0
1041 1042 0
1041 1081 0
1042 1043 0
1042 1082 0
1043 1044 0
1043 1083 0
1044 1045 0
1044 1084 0
1045 1046 0
1045 1085 0
1046 1047 0
1046 1086 0
1047 1048 0
1047 1087 0
1048 1049 0
1048 1088 0
1049 1050 0
1049 1089 0
1050 1051 0
1050 1090 0
1051 1052 0
1051 1091 0
1052 1053 0
1052 1092 0
1053 1054 0
1053 1093 0
1054 1055 0
1054 1094 0
1055 1056 0
1055 1095 0
1056 1057 0
1056 1096 0
1057 1058 0
1057 1097 0
1058 1059 0
1058 1098 0
1059 1060 0
1059 1099 0
1060 1061 0
1060 1100 0
1061 1062 0
1061 1101 0
1062 1063 0
1062 1102 0
1063 1064 0
1063 1103 0
1064 1065 0
1064 1104 0
1065 1066 0
1065 1105 0
1066 1067 0
1066 1106 0
1067 1068 0
1067 1107 0
1068 1069 0
1068 1108 0
1069 1070 0
1069 1109 0
1070 1071 0
1070 1110 0
1071 1072 0
1071 1111 0
1072 1073 0
1072 1112 0
1073 1074 0
1073 1113 0
1074 1075 0
1074 1114 0
1075 1076 0
1075 1115 0
1076 1077 0
1076 1116 0
1077 1078 0
1077 1117 0
1078 1079 0
1078 1118 0
1079 1080 0
1079 1119 0
1080 1120 0
1081 1082 0
1081 1121 0
1082 1083 0
1082 1122 0
1083 1084 0
1083 1123 0
1084 1085 0
1084 1124 0
1085 1086 0
1085 1125 0
1086 1087 0
1086 1126 0
1087 1088 0
1087 1127 0
1088 1089 0
1088 1128 0
1089 1090 0
1089 1129 0
1090 1091 0
1090 1130 0
1091 1092 0
1091 1131 0
1092 1093 0
1092 1132 0
1093 1094 0
1093 1133 0
1094 1095 0
1094 1134 0
1095 1096 0
1095 1135 0
1096 1097 0
1096 1136 0
1097 1098 0
1097 1137 0
1098 1099 0
1098 1138 0
1099 1100 0
1099 1139 0
1100 1101 0
1100 1140 0
1101 1102 0
1101 1141 0
1102 1103 0
1102 1142 0
1103 1104 0
1103 1143 0
1104 1105 0
1104 1144 0
1105 1106 0
1105 1145 0
1106 1107 0
1106 1146 0
1107 1108 0
1107 1147 0
1108 1109 0
1108 1148 0
1109 1110 0
1109 1149 0
1110 1111 0
1110 1150 0
1111 1112 0
1111 1151 0
1112 1113 0
1112 1152 0
1113 1114 0
1113 1153 0
1114 1115 0
1114 1154 0
1115 1116 0
1115 1155 0
1116 1117 0
1116 1156 0
1117 1118 0
1117 1157 0
1118 1119 0
1118 1158 0
1119 1120 0
1119 1159 0
1120 1160 0
1121 1122 0
1121 1161 0
1122 1123 0
1122 1162 0
1123 1124 0
1123 1163 0
1124 1125 0
1124 1164 0
1125 1126 0
1125 1165 0
1126 1127 0
1126 1166 0
1127 1128 0
1127 1167 0
1128 1129 0
1128 1168 0
1129 1130 0
1129 1169 0
1130 1131 0
1130 1170 0
1131 1132 0
1131 1171 0
1132 1133 0
1132 1172 0
1133 1134 0
1133 1173 0
1134 1135 0
1134 1174 0
1135 1136 0
1135 1175 0
1136 1137 0
1136 1176 0
1137 1138 0
1137 1177 0
1138 1139 0
1138 1178 0
1139 1140 0
1139 1179 0
1140 1141 0
1140 1180 0
1141 1142 0
1141 1181 0
1142 1143 0
1142 1182 0
1143 1144 0
1143 1183 0
1144 1145 0
1144 1184 0
1145 1146 0
1145 1185 0
1146 1147 0
1146 1186 0
1147 1148 0
1147 1187 0
1148 1149 0
1148 1188 0
1149 1150 0
1149 1189 0
1150 1151 0
1150 1190 0
1151 1152 0
1151 1191 0
1152 1153 0
1152 1192 0
1153 1154 0
1153 1193 0
1154 1155 0
1154 1194 0
1155 1156 0
1155 1195 0
1156 1157 0
1156 1196 0
1157 1158 0
1157 1197 0
1158 1159 0
1158 1198 0
1159 1160 0
1159 1199 0
1160 1200 0
1161 1162 0
1161 1201 0
1162 1163 0
1162 1202 0
1163 1164 0
1163 1203 0
1164 1165 0
1164 1204 0
1165 1166 0
1165 1205 0
1166 1167 0
1166 1206 0
1167 1168 0
1167 1207 0
1168 1169 0
1168 1208 0
1169 1170 0
1169 1209 0
1170 1171 0
1170 1210 0
1171 1172 0
1171 1211 0
1172 1173 0
1172 1212 0
1173 1174 0
1173 1213 0
1174 1175 0
1174 1214 0
1175 1176 0
1175 1215 0
1176 1177 0
1176 1216 0
1177 1178 0
1177 1217 0
1178 1179 0
1178 1218 0
1179 1180 0
1179 1219 0
1180 1181 0
1180 1220 0
1181 1182 0
1181 1221 0
1182 1183 0
1182 1222 0
1183 1184 0
1183 1223 0
1184 1185 0
1184 1224 0
1185 1186 0
1185 1225 0
1186 1187 0
1186 1226 0
1187 1188 0
1187 1227 0
1188 1189 0
1188 1228 0
1189 1190 0
1189 1229 0
1190 1191 0
1190 1230 0
1191 1192 0
1191 1231 0
1192 1193 0
1192 1232 0
1193 1194 0
1193 1233 0
1194 1195 0
1194 1234 0
1195 1196 0
1195 1235 0
1196 1197 0
1196 1236 0
1197 1198 0
1197 1237 0
1198 1199 0
1198 1238 0
1199 1200 0
1199 1239 0
1200 1240 0
1201 1202 0
1201 1241 0
1202 1203 0
1202 1242 0
1203 1204 0
1203 1243 0
1204 1205 0
1204 1244 0
1205 1206 0
1205 1245 0
1206 1207 0
1206 1246 0
1207 1208 0
1207 1247 0
1208 1209 0
1208 1248 0
1209 1210 0
1209 1249 0
1210 1211 0
1210 1250 0
1211 1212 0
1211 1251 0
1212 1213 0
1212 1252 0
1213 1214 0
1213 1253 0
1214 1215 0
1214 1254 0
1215 1216 0
1215 1255 0
1216 1217 0
1216 1256 0
1217 1218 0
1217 1257 0
1218 1219 0
1218 1258 0
1219 1220 0
1219 1259 0
1220 1221 0
1220 1260 0
1221 1222 0
1221 1261 0
1222 1223 0
1222 1262 0
1223 1224 0
1223 1263 0
1224 1225 0
1224 1264 0
1225 1226 0
1225 1265 0
1226 1227 0
1226 1266 0
1227 1228 0
1227 1267 0
1228 1229 0
1228 1268 0
1229 1230 0
1229 1269 0
1230 1231 0
1230 1270 0
1231 1232 0
1231 1271 0
1232 1233 0
1232 1272 0
1233 1234 0
1233 1273 0
1234 1235 0
1234 1274 0
1235 1236 0
1235 1275 0
1236 1237 0
1236 1276 0
1237 1238 0
1237 1277 0
1238 1239 0
1238 1278 0
1239 1240 0
1239 1279 0
1240 1280 0
1241 1242 0
1241 1281 0
1242 1243 0
1242 1282 0
1243 1244 0
1243 1283 0
1244 1245 0
1244 1284 0
1245 1246 0
1245 1285 0
1246 1247 0
1246 1286 0
1247 1248 0
1247 1287 0
1248 1249 0
1248 1288 0
1249 1250 0
1249 1289 0
1250 1251 0
1250 1290 0
1251 1252 0
1251 1291 0
1252 1253 0
1252 1292 0
1253 1254 0
1253 1293 0
1254 1255 0
1254 1294 0
1255 1256 0
1255 1295 0
1256 1257 0
1256 1296 0
1257 1258 0
1257 1297 0
1258 1259 0
1258 1298 0
1259 1260 0
1259 1299 0
1260 1261 0
1260 1300 0
1261 1262 0
1261 1301 0
1262 1263 0
1262 1302 0
1263 1264 0
1263 1303 0
1264 1265 0
1264 1304 0
1265 1266 0
1265 1305 0
1266 1267 0
1266 1306 0
1267 1268 0
1267 1307 0
1268 1269 0
1268 1308 0
1269 1270 0
1269 1309 0
1270 1271 0
1270 1310 0
1271 1272 0
1271 1311 0
1272 1273 0
1272 1312 0
1273 1274 0
1273 1313 0
1274 1275 0
1274 1314 0
1275 1276 0
1275 1315 0
1276 1277 0
1276 1316 0
1277 1278 0
1277 1317 0
1278 1279 0
1278 1318 0
1279 1280 0
1279 1319 0
1280 1320 0
1281 1282 0
1281 1321 0
1282 1283 0
1282 1322 0
1283 1284 0
1283 1323 0
1284 1285 0
1284 1324 0
1285 1286 0
1285 1325 0
1286 1287 0
1286 1326 0
1287 1288 0
1287 1327 0
1288 1289 0
1288 1328 0
1289 1290 0
1289 1329 0
1290 1291 0
1290 1330 0
1291 1292 0
1291 1331 0
1292 1293 0
1292 1332 0
1293 1294 0
1293 1333 0
1294 1295 0
1294 1334 0
1295 1296 0
1295 1335 0
1296 1297 0
1296 1336 0
1297 1298 0
1297 1337 0
1298 1299 0
1298 1338 0
1299 1300 0
1299 1339 0
1300 1301 0
1300 1340 0
1301 1302 0
1301 1341 0
1302 1303 0
1302 1342 0
1303 1304 0
1303 1343 0
1304 1305 0
1304 1344 0
1305 1306 0
1305 1345 0
1306 1307 0
1306 1346 0
1307 1308 0
1307 1347 0
1308 1309 0
1308 1348 0
1309 1310 0
1309 1349 0
1310 1311 0
1310 1350 0
1311 1312 0
1311 1351 0
1312 1313 0
1312 1352 0
1313 1314 0
1313 1353 0
1314 1315 0
1314 1354 0
1315 1316 0
1315 1355 0
1316 1317 0
1316 1356 0
1317 1318 0
1317 1357 0
1318 1319 0
1318 1358 0
1319 1320 0
1319 1359 0
1320 1360 0
1321 1322 0
1321 1361 0
1322 1323 0
1322 1362 0
1323 1324 0
1323 1363 0
1324 1325 0
1324 1364 0
1325 1326 0
1325 1365 0
1326 1327 0
1326 1366 0
1327 1328 0
1327 1367 0
1328 1329 0
1328 1368 0
1329 1330 0
1329 1369 0
1330 1331 0
1330 1370 0
1331 1332 0
1331 1371 0
1332 1333 0
1332 1372 0
1333 1334 0
1333 1373 0
1334 1335 0
1334 1374 0
1335 1336 0
1335 1375 0
1336 1337 0
1336 1376 0
1337 1338 0
1337 1377 0
1338 1339 0
1338 1378 0
1339 1340 0
1339 1379 0
1340 1341 0
1340 1380 0
1341 1342 0
1341 1381 0
1342 1343 0
1342 1382 0
1343 1344 0
1343 1383 0
1344 1345 0
1344 1384 0
1345 1346 0
1345 1385 0
1346 1347 0
1346 1386 0
1347 1348 0
1347 1387 0
1348 1349 0
1348 1388 0
1349 1350 0
1349 1389 0
1350 1351 0
1350 1390 0
1351 1352 0
1351 1391 0
1352 1353 0
1352 1392 0
1353 1354 0
1353 1393 0
1354 1355 0
1354 1394 0
1355 1356 0
1355 1395 0
1356 1357 0
1356 1396 0
1357 1358 0
1357 1397 0
1358 1359 0
1358 1398 0
1359 1360 0
1359 1399 0
1360 1400 0
1361 1362 0
1361 1401 0
1362 1363 0
1362 1402 0
1363 1364 0
1363 1403 0
1364 1365 0
1364 1404 0
1365 1366 0
1365 1405 0
1366 1367 0
1366 1406 0
1367 1368 0
1367 1407 0
1368 1369 0
1368 1408 0
1369 1370 0
1369 1409 0
1370 1371 0
1370 1410 0
1371 1372 0
1371 1411 0
1372 1373 0
1372 1412 0
1373 1374 0
1373 1413 0
1374 1375 0
1374 1414 0
1375 1376 0
1375 1415 0
1376 1377 0
1376 1416 0
1377 1378 0
1377 1417 0
1378 1379 0
1378 1418 0
1379 1380 0
1379 1419 0
1380 1381 0
1380 1420 0
1381 1382 0
1381 1421 0
1382 1383 0
1382 1422 0
1383 1384 0
1383 1423 0
1384 1385 0
1384 1424 0
1385 1386 0
1385 1425 0
1386 1387 0
1386 1426 0
1387 1388 0
1387 1427 0
1388 1389 0
1388 1428 0
1389 1390 0
1389 1429 0
1390 1391 0
1390 1430 0
1391 1392 0
1391 1431 0
1392 1393 0
1392 1432 0
1393 1394 0
1393 1433 0
1394 1395 0
1394 1434 0
1395 1396 0
1395 1435 0
1396 1397 0
1396 1436 0
1397 1398 0
1397 1437 0
1398 1399 0
1398 1438 0
1399 1400 0
1399 1439 0
1400 1440 0
1401 1402 0
1401 1441 0
1402 1403 0
1402 1442 0
1403 1404 0
1403 1443 0
1404 1405 0
1404 1444 0
1405 1406 0
1405 1445 0
1406 1407 0
1406 1446 0
1407 1408 0
1407 1447 0
1408 1409 0
1408 1448 0
1409 1410 0
1409 1449 0
1410 1411 0
1410 1450 0
1411 1412 0
1411 1451 0
1412 1413 0
1412 1452 0
1413 1414 0
1413 1453 0
1414 1415 0
1414 1454 0
1415 1416 0
1415 1455 0
1416 1417 0
1416 1456 0
1417 1418 0
1417 1457 0
1418 1419 0
1418 1458 0
1419 1420 0
1419 1459 0
1420 1421 0
1420 1460 0
1421 1422 0
1421 1461 0
1422 1423 0
1422 1462 0
1423 1424 0
1423 1463 0
1424 1425 0
1424 1464 0
1425 1426 0
1425 1465 0
1426 1427 0
1426 1466 0
1427 1428 0
1427 1467 0
1428 1429 0
1428 1468 0
1429 1430 0
1429 1469 0
1430 1431 0
1430 1470 0
1431 1432 0
1431 1471 0
1432 1433 0
1432 1472 0
1433 1434 0
1433 1473 0
1434 1435 0
1434 1474 0
1435 1436 0
1435 1475 0
1436 1437 0
1436 1476 0
1437 1438 0
1437 1477 0
1438 1439 0
1438 1478 0
1439 1440 0
1439 1479 0
1440 1480 0
1441 1442 0
1441 1481 0
1442 1443 0
1442 1482 0
1443 1444 0
1443 1483 0
1444 1445 0
1444 1484 0
1445 1446 0
1445 1485 0
1446 1447 0
1446 1486 0
1447 1448 0
1447 1487 0
1448 1449 0
1448 1488 0
1449 1450 0
1449 1489 0
1450 1451 0
1450 1490 0
1451 1452 0
1451 1491 0
1452 1453 0
1452 1492 0
1453 1454 0
1453 1493 0
1454 1455 0
1454 1494 0
1455 1456 0
1455 1495 0
1456 1457 0
1456 1496 0
1457 1458 0
1457 1497 0
1458 1459 0
1458 1498 0
1459 1460 0
1459 1499 0
1460 1461 0
1460 1500 0
1461 1462 0
1461 1501 0
1462 1463 0
1462 1502 0
1463 1464 0
1463 1503 0
1464 1465 0
1464 1504 0
1465 1466 0
1465 1505 0
1466 1467 0
1466 1506 0
1467 1468 0
1467 1507 0
1468 1469 0
1468 1508 0
1469 1470 0
1469 1509 0
1470 1471 0
1470 1510 0
1471 1472 0
1471 1511 0
1472 1473 0
1472 1512 0
1473 1474 0
1473 1513 0
1474 1475 0
1474 1514 0
1475 1476 0
1475 1515 0
1476 1477 0
1476 1516 0
1477 1478 0
1477 1517 0
1478 1479 0
1478 1518 0
1479 1480 0
1479 1519 0
1480 1520 0
1481 1482 0
1481 1521 0
1482 1483 0
1482 1522 0
1483 1484 0
1483 1523 0
1484 1485 0
1484 1524 0
1485 1486 0
1485 1525 0
1486 1487 0
1486 1526 0
1487 1488 0
1487 1527 0
1488 1489 0
1488 1528 0
1489 1490 0
1489 1529 0
1490 1491 0
1490 1530 0
1491 1492 0
1491 1531 0
1492 1493 0
1492 1532 0
1493 1494 0
1493 1533 0
1494 1495 0
1494 1534 0
1495 1496 0
1495 1535 0
1496 1497 0
1496 1536 0
1497 1498 0
1497 1537 0
1498 1499 0
1498 1538 0
1499 1500 0
1499 1539 0
1500 1501 0
1500 1540 0
1501 1502 0
1501 1541 0
1502 1503 0
1502 1542 0
1503 1504 0
1503 1543 0
1504 1505 0
1504 1544 0
1505 1506 0
1505 1545 0
1506 1507 0
1506 1546 0
1507 1508 0
1507 1547 0
1508 1509 0
1508 1548 0
1509 1510 0
1509 1549 0
1510 1511 0
1510 1550 0
1511 1512 0
1511 1551 0
1512 1513 0
1512 1552 0
1513 1514 0
1513 1553 0
1514 1515 0
1514 1554 0
1515 1516 0
1515 1555 0
1516 1517 0
1516 1556 0
1517 1518 0
1517 1557 0
1518 1519 0
1518 1558 0
1519 1520 0
1519 1559 0
1520 1560 0
1521 1522 0
1521 1561 0
1522 1523 0
1522 1562 0
1523 1524 0
1523 1563 0
1524 1525 0
1524 1564 0
1525 1526 0
1525 1565 0
1526 1527 0
1526 1566 0
1527 1528 0
1527 1567 0
1528 1529 0
1528 1568 0
1529 1530 0
1529 1569 0
1530 1531 0
1530 1570 0
1531 1532 0
1531 1571 0
1532 1533 0
1532 1572 0
1533 1534 0
1533 1573 0
1534 1535 0
1534 1574 0
1535 1536 0
1535 1575 0
1536 1537 0
1536 1576 0
1537 1538 0
1537 1577 0
1538 1539 0
1538 1578 0
1539 1540 0
1539 1579 0
1540 1541 0
1540 1580 0
1541 1542 0
1541 1581 0
1542 1543 0
1542 1582 0
1543 1544 0
1543 1583 0
1544 1545 0
1544 1584 0
1545 1546 0
1545 1585 0
1546 1547 0
1546 1586 0
1547 1548 0
1547 1587 0
1548 1549 0
1548 1588 0
1549 1550 0
1549 1589 0
1550 1551 0
1550 1590 0
1551 1552 0
1551 1591 0
1552 1553 0
1552 1592 0
1553 1554 0
1553 1593 0
1554 1555 0
1554 1594 0
1555 1556 0
1555 1595 0
1556 1557 0
1556 1596 0
1557 1558 0
1557 1597 0
1558 1559 0
1558 1598 0
1559 1560 0
1559 1599 0
1560 1600 0
1561 1562 0
1562 1563 0
1563 1564 0
1564 1565 0
1565 1566 0
1566 1567 0
1567 1568 0
1568 1569 0
1569 1570 0
1570 1571 0
1571 1572 0
1572 1573 0
1573 1574 0
1574 1575 0
1575 1576 0
1576 1577 0
1577 1578 0
1578 1579 0
1579 1580 0
1580 1581 0
1581 1582 0
1582 1583 0
1583 1584 0
1584 1585 0
1585 1586 0
1586 1587 0
1587 1588 0
1588 1589 0
1589 1590 0
1590 1591 0
1591 1592 0
1592 1593 0
1593 1594 0
1594 1595 0
1595 1596 0
1596 1597 0
1597 1598 0
1598 1599 0
1599 1600 0
