1600 3120 
1 516 
2 577 
3 563 
4 224 
5 302 
6 490 
7 591 
8 59 
9 133 
10 179 
11 228 
12 183 
13 393 
14 345 
15 26 
16 558 
17 584 
18 378 
19 399 
20 360 
21 283 
22 123 
23 304 
24 486 
25 306 
26 226 
27 195 
28 94 
29 590 
30 494 
31 272 
32 582 
33 443 
34 507 
35 566 
36 441 
37 338 
38 594 
39 298 
40 429 
41 383 
42 493 
43 563 
44 440 
45 509 
46 390 
47 567 
48 398 
49 471 
50 397 
51 445 
52 465 
53 449 
54 29 
55 361 
56 361 
57 398 
58 106 
59 169 
60 228 
61 131 
62 546 
63 260 
64 390 
65 149 
66 416 
67 291 
68 485 
69 247 
70 477 
71 546 
72 19 
73 593 
74 579 
75 487 
76 285 
77 14 
78 439 
79 57 
80 331 
81 116 
82 354 
83 81 
84 296 
85 309 
86 146 
87 124 
88 599 
89 465 
90 330 
91 538 
92 292 
93 95 
94 564 
95 326 
96 30 
97 82 
98 405 
99 485 
100 283 
101 301 
102 374 
103 431 
104 262 
105 128 
106 183 
107 197 
108 579 
109 511 
110 189 
111 103 
112 490 
113 450 
114 493 
115 522 
116 417 
117 275 
118 222 
119 326 
120 518 
121 546 
122 469 
123 591 
124 139 
125 409 
126 208 
127 335 
128 87 
129 194 
130 447 
131 256 
132 504 
133 125 
134 7 
135 91 
136 445 
137 530 
138 166 
139 191 
140 212 
141 144 
142 254 
143 151 
144 455 
145 500 
146 257 
147 9 
148 224 
149 18 
150 164 
151 539 
152 591 
153 414 
154 374 
155 261 
156 17 
157 1 
158 273 
159 433 
160 282 
161 117 
162 92 
163 371 
164 534 
165 39 
166 164 
167 565 
168 412 
169 338 
170 217 
171 299 
172 104 
173 178 
174 334 
175 194 
176 377 
177 173 
178 537 
179 222 
180 517 
181 61 
182 485 
183 221 
184 47 
185 86 
186 409 
187 128 
188 367 
189 238 
190 460 
191 544 
192 9 
193 552 
194 148 
195 41 
196 448 
197 556 
198 495 
199 506 
200 182 
201 309 
202 91 
203 23 
204 439 
205 351 
206 308 
207 144 
208 438 
209 338 
210 294 
211 415 
212 260 
213 23 
214 558 
215 323 
216 520 
217 512 
218 327 
219 213 
220 29 
221 193 
222 63 
223 521 
224 390 
225 104 
226 359 
227 347 
228 227 
229 367 
230 480 
231 169 
232 40 
233 21 
234 46 
235 363 
236 210 
237 3 
238 273 
239 533 
240 132 
241 597 
242 191 
243 101 
244 309 
245 330 
246 165 
247 431 
248 366 
249 358 
250 380 
251 153 
252 543 
253 225 
254 365 
255 407 
256 90 
257 192 
258 48 
259 29 
260 36 
261 173 
262 104 
263 279 
264 591 
265 233 
266 469 
267 364 
268 18 
269 465 
270 408 
271 15 
272 599 
273 577 
274 484 
275 139 
276 68 
277 232 
278 3 
279 287 
280 196 
281 413 
282 369 
283 289 
284 191 
285 257 
286 276 
287 508 
288 520 
289 303 
290 153 
291 76 
292 224 
293 221 
294 531 
295 380 
296 165 
297 575 
298 108 
299 576 
300 572 
301 337 
302 53 
303 512 
304 69 
305 105 
306 52 
307 2 
308 524 
309 287 
310 315 
311 533 
312 354 
313 126 
314 72 
315 568 
316 362 
317 578 
318 600 
319 18 
320 344 
321 548 
322 66 
323 562 
324 132 
325 305 
326 27 
327 98 
328 498 
329 281 
330 517 
331 295 
332 367 
333 595 
334 35 
335 193 
336 516 
337 57 
338 352 
339 223 
340 543 
341 63 
342 503 
343 90 
344 158 
345 412 
346 202 
347 455 
348 325 
349 361 
350 94 
351 555 
352 437 
353 71 
354 44 
355 511 
356 345 
357 465 
358 393 
359 598 
360 381 
361 174 
362 543 
363 571 
364 422 
365 577 
366 15 
367 296 
368 572 
369 547 
370 110 
371 72 
372 122 
373 208 
374 503 
375 175 
376 489 
377 222 
378 349 
379 396 
380 219 
381 13 
382 521 
383 384 
384 463 
385 436 
386 164 
387 347 
388 600 
389 283 
390 358 
391 259 
392 333 
393 332 
394 506 
395 92 
396 50 
397 437 
398 280 
399 6 
400 243 
401 333 
402 221 
403 134 
404 525 
405 428 
406 433 
407 539 
408 336 
409 191 
410 483 
411 505 
412 118 
413 40 
414 258 
415 250 
416 395 
417 489 
418 270 
419 563 
420 101 
421 509 
422 62 
423 269 
424 441 
425 598 
426 58 
427 215 
428 160 
429 524 
430 478 
431 60 
432 598 
433 426 
434 402 
435 93 
436 21 
437 339 
438 94 
439 333 
440 522 
441 127 
442 168 
443 65 
444 197 
445 59 
446 407 
447 224 
448 184 
449 272 
450 417 
451 562 
452 439 
453 135 
454 299 
455 301 
456 95 
457 139 
458 549 
459 198 
460 562 
461 166 
462 406 
463 391 
464 21 
465 559 
466 144 
467 470 
468 385 
469 423 
470 437 
471 205 
472 9 
473 260 
474 486 
475 346 
476 251 
477 561 
478 462 
479 54 
480 342 
481 99 
482 436 
483 161 
484 169 
485 320 
486 559 
487 312 
488 591 
489 26 
490 403 
491 416 
492 312 
493 25 
494 390 
495 183 
496 40 
497 456 
498 298 
499 492 
500 227 
501 261 
502 397 
503 45 
504 340 
505 185 
506 519 
507 402 
508 361 
509 511 
510 333 
511 515 
512 118 
513 111 
514 170 
515 182 
516 450 
517 404 
518 332 
519 490 
520 102 
521 287 
522 109 
523 64 
524 454 
525 63 
526 12 
527 375 
528 359 
529 389 
530 257 
531 91 
532 89 
533 181 
534 77 
535 255 
536 507 
537 442 
538 503 
539 112 
540 170 
541 419 
542 27 
543 228 
544 242 
545 335 
546 277 
547 216 
548 550 
549 592 
550 535 
551 172 
552 278 
553 175 
554 412 
555 253 
556 58 
557 271 
558 577 
559 506 
560 66 
561 377 
562 161 
563 410 
564 118 
565 492 
566 411 
567 234 
568 462 
569 322 
570 229 
571 340 
572 181 
573 480 
574 576 
575 537 
576 181 
577 425 
578 578 
579 26 
580 409 
581 517 
582 458 
583 530 
584 58 
585 85 
586 258 
587 469 
588 215 
589 185 
590 544 
591 516 
592 389 
593 569 
594 354 
595 149 
596 520 
597 172 
598 562 
599 319 
600 554 
601 220 
602 118 
603 469 
604 287 
605 386 
606 14 
607 313 
608 127 
609 191 
610 472 
611 297 
612 397 
613 171 
614 51 
615 503 
616 497 
617 364 
618 193 
619 280 
620 72 
621 416 
622 194 
623 576 
624 386 
625 326 
626 541 
627 406 
628 564 
629 555 
630 329 
631 11 
632 576 
633 336 
634 430 
635 368 
636 366 
637 108 
638 495 
639 435 
640 143 
641 362 
642 391 
643 280 
644 518 
645 510 
646 255 
647 236 
648 421 
649 571 
650 400 
651 302 
652 540 
653 63 
654 154 
655 473 
656 277 
657 92 
658 131 
659 202 
660 38 
661 529 
662 333 
663 202 
664 340 
665 589 
666 152 
667 237 
668 459 
669 239 
670 439 
671 168 
672 506 
673 56 
674 470 
675 450 
676 562 
677 251 
678 203 
679 414 
680 135 
681 117 
682 267 
683 50 
684 207 
685 375 
686 462 
687 181 
688 250 
689 169 
690 104 
691 588 
692 218 
693 60 
694 170 
695 62 
696 343 
697 271 
698 1 
699 206 
700 498 
701 508 
702 511 
703 529 
704 569 
705 573 
706 54 
707 39 
708 527 
709 113 
710 235 
711 534 
712 573 
713 83 
714 582 
715 271 
716 245 
717 505 
718 196 
719 188 
720 117 
721 366 
722 161 
723 328 
724 40 
725 110 
726 493 
727 495 
728 486 
729 405 
730 344 
731 142 
732 496 
733 554 
734 412 
735 310 
736 328 
737 545 
738 564 
739 111 
740 304 
741 23 
742 458 
743 284 
744 589 
745 50 
746 386 
747 25 
748 428 
749 572 
750 333 
751 300 
752 255 
753 52 
754 79 
755 535 
756 164 
757 370 
758 184 
759 551 
760 569 
761 409 
762 415 
763 323 
764 19 
765 472 
766 475 
767 503 
768 352 
769 303 
770 255 
771 270 
772 566 
773 264 
774 453 
775 297 
776 409 
777 493 
778 376 
779 529 
780 401 
781 221 
782 474 
783 293 
784 413 
785 53 
786 93 
787 453 
788 66 
789 572 
790 541 
791 220 
792 563 
793 489 
794 350 
795 86 
796 147 
797 563 
798 491 
799 258 
800 171 
801 454 
802 332 
803 347 
804 83 
805 272 
806 213 
807 301 
808 481 
809 540 
810 416 
811 220 
812 366 
813 487 
814 45 
815 514 
816 406 
817 350 
818 316 
819 418 
820 58 
821 558 
822 94 
823 350 
824 78 
825 582 
826 441 
827 5 
828 378 
829 463 
830 176 
831 440 
832 432 
833 549 
834 178 
835 297 
836 355 
837 515 
838 345 
839 280 
840 508 
841 521 
842 93 
843 217 
844 44 
845 165 
846 489 
847 449 
848 480 
849 437 
850 164 
851 85 
852 34 
853 115 
854 65 
855 455 
856 580 
857 122 
858 36 
859 588 
860 173 
861 30 
862 239 
863 598 
864 59 
865 387 
866 239 
867 473 
868 231 
869 235 
870 204 
871 34 
872 268 
873 85 
874 331 
875 545 
876 546 
877 206 
878 438 
879 138 
880 594 
881 215 
882 441 
883 486 
884 308 
885 384 
886 393 
887 373 
888 66 
889 4 
890 596 
891 164 
892 28 
893 578 
894 359 
895 496 
896 137 
897 51 
898 501 
899 534 
900 30 
901 449 
902 202 
903 72 
904 310 
905 15 
906 138 
907 241 
908 445 
909 539 
910 359 
911 426 
912 557 
913 402 
914 89 
915 39 
916 81 
917 110 
918 40 
919 523 
920 167 
921 18 
922 47 
923 188 
924 315 
925 5 
926 50 
927 541 
928 378 
929 232 
930 88 
931 91 
932 227 
933 501 
934 267 
935 7 
936 576 
937 432 
938 282 
939 557 
940 553 
941 545 
942 147 
943 14 
944 195 
945 6 
946 402 
947 322 
948 149 
949 283 
950 349 
951 392 
952 363 
953 177 
954 379 
955 566 
956 426 
957 493 
958 97 
959 290 
960 196 
961 252 
962 600 
963 573 
964 82 
965 98 
966 320 
967 74 
968 45 
969 273 
970 90 
971 410 
972 83 
973 77 
974 489 
975 141 
976 161 
977 42 
978 63 
979 196 
980 418 
981 424 
982 129 
983 459 
984 256 
985 559 
986 141 
987 62 
988 21 
989 64 
990 94 
991 93 
992 76 
993 154 
994 310 
995 377 
996 433 
997 585 
998 127 
999 290 
1000 314 
1001 395 
1002 387 
1003 596 
1004 359 
1005 393 
1006 507 
1007 446 
1008 425 
1009 569 
1010 475 
1011 502 
1012 396 
1013 202 
1014 336 
1015 344 
1016 315 
1017 200 
1018 589 
1019 190 
1020 373 
1021 90 
1022 259 
1023 501 
1024 52 
1025 223 
1026 389 
1027 100 
1028 286 
1029 152 
1030 403 
1031 554 
1032 204 
1033 117 
1034 486 
1035 204 
1036 358 
1037 34 
1038 288 
1039 388 
1040 25 
1041 422 
1042 325 
1043 261 
1044 448 
1045 43 
1046 540 
1047 91 
1048 246 
1049 323 
1050 88 
1051 520 
1052 578 
1053 486 
1054 19 
1055 397 
1056 145 
1057 250 
1058 112 
1059 117 
1060 466 
1061 569 
1062 249 
1063 544 
1064 25 
1065 32 
1066 401 
1067 563 
1068 173 
1069 77 
1070 136 
1071 329 
1072 503 
1073 598 
1074 458 
1075 496 
1076 477 
1077 174 
1078 592 
1079 553 
1080 310 
1081 112 
1082 589 
1083 493 
1084 232 
1085 507 
1086 540 
1087 600 
1088 54 
1089 351 
1090 527 
1091 26 
1092 455 
1093 93 
1094 186 
1095 97 
1096 2 
1097 235 
1098 54 
1099 441 
1100 87 
1101 151 
1102 77 
1103 284 
1104 106 
1105 163 
1106 401 
1107 57 
1108 431 
1109 186 
1110 526 
1111 116 
1112 58 
1113 293 
1114 92 
1115 164 
1116 119 
1117 43 
1118 51 
1119 508 
1120 148 
1121 362 
1122 463 
1123 411 
1124 375 
1125 358 
1126 397 
1127 201 
1128 578 
1129 518 
1130 148 
1131 520 
1132 121 
1133 485 
1134 408 
1135 67 
1136 167 
1137 216 
1138 300 
1139 598 
1140 340 
1141 52 
1142 76 
1143 244 
1144 197 
1145 501 
1146 455 
1147 472 
1148 105 
1149 338 
1150 50 
1151 49 
1152 337 
1153 413 
1154 206 
1155 349 
1156 316 
1157 514 
1158 302 
1159 98 
1160 28 
1161 427 
1162 364 
1163 519 
1164 364 
1165 152 
1166 526 
1167 288 
1168 294 
1169 144 
1170 594 
1171 322 
1172 141 
1173 424 
1174 285 
1175 555 
1176 204 
1177 519 
1178 286 
1179 390 
1180 445 
1181 193 
1182 336 
1183 502 
1184 423 
1185 320 
1186 132 
1187 505 
1188 290 
1189 508 
1190 362 
1191 45 
1192 324 
1193 464 
1194 38 
1195 54 
1196 576 
1197 213 
1198 320 
1199 373 
1200 485 
1201 489 
1202 375 
1203 530 
1204 528 
1205 585 
1206 65 
1207 375 
1208 527 
1209 501 
1210 328 
1211 448 
1212 46 
1213 468 
1214 45 
1215 112 
1216 178 
1217 454 
1218 575 
1219 107 
1220 391 
1221 256 
1222 565 
1223 577 
1224 132 
1225 129 
1226 528 
1227 272 
1228 280 
1229 143 
1230 295 
1231 466 
1232 389 
1233 571 
1234 214 
1235 233 
1236 36 
1237 357 
1238 589 
1239 302 
1240 286 
1241 450 
1242 322 
1243 94 
1244 267 
1245 59 
1246 517 
1247 160 
1248 276 
1249 330 
1250 515 
1251 66 
1252 210 
1253 374 
1254 308 
1255 202 
1256 162 
1257 567 
1258 453 
1259 204 
1260 477 
1261 240 
1262 92 
1263 446 
1264 154 
1265 321 
1266 51 
1267 452 
1268 373 
1269 361 
1270 528 
1271 10 
1272 538 
1273 528 
1274 452 
1275 559 
1276 485 
1277 52 
1278 391 
1279 342 
1280 29 
1281 331 
1282 541 
1283 366 
1284 187 
1285 262 
1286 8 
1287 254 
1288 260 
1289 530 
1290 73 
1291 551 
1292 14 
1293 542 
1294 363 
1295 45 
1296 382 
1297 334 
1298 152 
1299 17 
1300 279 
1301 200 
1302 81 
1303 587 
1304 285 
1305 362 
1306 191 
1307 112 
1308 554 
1309 107 
1310 380 
1311 245 
1312 207 
1313 309 
1314 106 
1315 504 
1316 442 
1317 238 
1318 539 
1319 375 
1320 182 
1321 273 
1322 20 
1323 437 
1324 17 
1325 222 
1326 586 
1327 141 
1328 78 
1329 589 
1330 571 
1331 244 
1332 173 
1333 198 
1334 156 
1335 46 
1336 588 
1337 202 
1338 214 
1339 547 
1340 52 
1341 335 
1342 274 
1343 309 
1344 322 
1345 104 
1346 394 
1347 468 
1348 500 
1349 107 
1350 277 
1351 84 
1352 83 
1353 495 
1354 125 
1355 595 
1356 407 
1357 450 
1358 232 
1359 73 
1360 589 
1361 218 
1362 40 
1363 159 
1364 208 
1365 264 
1366 210 
1367 185 
1368 51 
1369 346 
1370 269 
1371 583 
1372 440 
1373 351 
1374 446 
1375 457 
1376 133 
1377 450 
1378 546 
1379 146 
1380 228 
1381 504 
1382 287 
1383 247 
1384 229 
1385 61 
1386 580 
1387 37 
1388 269 
1389 114 
1390 72 
1391 90 
1392 368 
1393 374 
1394 273 
1395 514 
1396 195 
1397 491 
1398 18 
1399 196 
1400 143 
1401 203 
1402 25 
1403 334 
1404 398 
1405 84 
1406 70 
1407 138 
1408 181 
1409 470 
1410 203 
1411 259 
1412 542 
1413 485 
1414 510 
1415 320 
1416 261 
1417 405 
1418 41 
1419 140 
1420 173 
1421 281 
1422 58 
1423 173 
1424 85 
1425 524 
1426 79 
1427 238 
1428 599 
1429 148 
1430 67 
1431 521 
1432 267 
1433 294 
1434 456 
1435 85 
1436 20 
1437 542 
1438 181 
1439 116 
1440 390 
1441 455 
1442 359 
1443 360 
1444 593 
1445 479 
1446 341 
1447 15 
1448 353 
1449 593 
1450 65 
1451 96 
1452 160 
1453 568 
1454 563 
1455 80 
1456 206 
1457 275 
1458 230 
1459 460 
1460 399 
1461 259 
1462 527 
1463 503 
1464 73 
1465 482 
1466 333 
1467 512 
1468 594 
1469 192 
1470 216 
1471 368 
1472 263 
1473 172 
1474 270 
1475 478 
1476 319 
1477 255 
1478 572 
1479 255 
1480 490 
1481 53 
1482 130 
1483 44 
1484 404 
1485 333 
1486 320 
1487 98 
1488 374 
1489 174 
1490 52 
1491 128 
1492 190 
1493 146 
1494 266 
1495 62 
1496 234 
1497 37 
1498 214 
1499 123 
1500 55 
1501 71 
1502 498 
1503 215 
1504 223 
1505 285 
1506 48 
1507 263 
1508 419 
1509 184 
1510 115 
1511 549 
1512 216 
1513 278 
1514 422 
1515 149 
1516 120 
1517 377 
1518 154 
1519 211 
1520 490 
1521 112 
1522 512 
1523 453 
1524 367 
1525 89 
1526 353 
1527 377 
1528 97 
1529 499 
1530 573 
1531 340 
1532 496 
1533 533 
1534 183 
1535 399 
1536 38 
1537 405 
1538 560 
1539 77 
1540 68 
1541 225 
1542 262 
1543 224 
1544 15 
1545 151 
1546 550 
1547 246 
1548 267 
1549 175 
1550 80 
1551 365 
1552 351 
1553 132 
1554 374 
1555 173 
1556 168 
1557 136 
1558 477 
1559 255 
1560 504 
1561 338 
1562 331 
1563 108 
1564 379 
1565 342 
1566 295 
1567 417 
1568 558 
1569 526 
1570 325 
1571 120 
1572 398 
1573 47 
1574 116 
1575 509 
1576 26 
1577 279 
1578 415 
1579 368 
1580 93 
1581 142 
1582 127 
1583 117 
1584 384 
1585 324 
1586 91 
1587 5 
1588 187 
1589 284 
1590 342 
1591 121 
1592 93 
1593 408 
1594 168 
1595 52 
1596 245 
1597 394 
1598 527 
1599 395 
1600 332 
1 2 0
1 41 0
2 3 0
2 42 0
3 4 0
3 43 0
4 5 0
4 44 0
5 6 0
5 45 0
6 7 0
6 46 0
7 8 0
7 47 0
8 9 0
8 48 0
9 10 0
9 49 0
10 11 0
10 50 0
11 12 0
11 51 0
12 13 0
12 52 0
13 14 0
13 53 0
14 15 0
14 54 0
15 16 0
15 55 0
16 17 0
16 56 0
17 18 0
17 57 0
18 19 0
18 58 0
19 20 0
19 59 0
20 21 0
20 60 0
21 22 0
21 61 0
22 23 0
22 62 0
23 24 0
23 63 0
24 25 0
24 64 0
25 26 0
25 65 0
26 27 0
26 66 0
27 28 0
27 67 0
28 29 0
28 68 0
29 30 0
29 69 0
30 31 0
30 70 0
31 32 0
31 71 0
32 33 0
32 72 0
33 34 0
33 73 0
34 35 0
34 74 0
35 36 0
35 75 0
36 37 0
36 76 0
37 38 0
37 77 0
38 39 0
38 78 0
39 40 0
39 79 0
40 80 0
41 42 0
41 81 0
42 43 0
42 82 0
43 44 0
43 83 0
44 45 0
44 84 0
45 46 0
45 85 0
46 47 0
46 86 0
47 48 0
47 87 0
48 49 0
48 88 0
49 50 0
49 89 0
50 51 0
50 90 0
51 52 0
51 91 0
52 53 0
52 92 0
53 54 0
53 93 0
54 55 0
54 94 0
55 56 0
55 95 0
56 57 0
56 96 0
57 58 0
57 97 0
58 59 0
58 98 0
59 60 0
59 99 0
60 61 0
60 100 0
61 62 0
61 101 0
62 63 0
62 102 0
63 64 0
63 103 0
64 65 0
64 104 0
65 66 0
65 105 0
66 67 0
66 106 0
67 68 0
67 107 0
68 69 0
68 108 0
69 70 0
69 109 0
70 71 0
70 110 0
71 72 0
71 111 0
72 73 0
72 112 0
73 74 0
73 113 0
74 75 0
74 114 0
75 76 0
75 115 0
76 77 0
76 116 0
77 78 0
77 117 0
78 79 0
78 118 0
79 80 0
79 119 0
80 120 0
81 82 0
81 121 0
82 83 0
82 122 0
83 84 0
83 123 0
84 85 0
84 124 0
85 86 0
85 125 0
86 87 0
86 126 0
87 88 0
87 127 0
88 89 0
88 128 0
89 90 0
89 129 0
90 91 0
90 130 0
91 92 0
91 131 0
92 93 0
92 132 0
93 94 0
93 133 0
94 95 0
94 134 0
95 96 0
95 135 0
96 97 0
96 136 0
97 98 0
97 137 0
98 99 0
98 138 0
99 100 0
99 139 0
100 101 0
100 140 0
101 102 0
101 141 0
102 103 0
102 142 0
103 104 0
103 143 0
104 105 0
104 144 0
105 106 0
105 145 0
106 107 0
106 146 0
107 108 0
107 147 0
108 109 0
108 148 0
109 110 0
109 149 0
110 111 0
110 150 0
111 112 0
111 151 0
112 113 0
112 152 0
113 114 0
113 153 0
114 115 0
114 154 0
115 116 0
115 155 0
116 117 0
116 156 0
117 118 0
117 157 0
118 119 0
118 158 0
119 120 0
119 159 0
120 160 0
121 122 0
121 161 0
122 123 0
122 162 0
123 124 0
123 163 0
124 125 0
124 164 0
125 126 0
125 165 0
126 127 0
126 166 0
127 128 0
127 167 0
128 129 0
128 168 0
129 130 0
129 169 0
130 131 0
130 170 0
131 132 0
131 171 0
132 133 0
132 172 0
133 134 0
133 173 0
134 135 0
134 174 0
135 136 0
135 175 0
136 137 0
136 176 0
137 138 0
137 177 0
138 139 0
138 178 0
139 140 0
139 179 0
140 141 0
140 180 0
141 142 0
141 181 0
142 143 0
142 182 0
143 144 0
143 183 0
144 145 0
144 184 0
145 146 0
145 185 0
146 147 0
146 186 0
147 148 0
147 187 0
148 149 0
148 188 0
149 150 0
149 189 0
150 151 0
150 190 0
151 152 0
151 191 0
152 153 0
152 192 0
153 154 0
153 193 0
154 155 0
154 194 0
155 156 0
155 195 0
156 157 0
156 196 0
157 158 0
157 197 0
158 159 0
158 198 0
159 160 0
159 199 0
160 200 0
161 162 0
161 201 0
162 163 0
162 202 0
163 164 0
163 203 0
164 165 0
164 204 0
165 166 0
165 205 0
166 167 0
166 206 0
167 168 0
167 207 0
168 169 0
168 208 0
169 170 0
169 209 0
170 171 0
170 210 0
171 172 0
171 211 0
172 173 0
172 212 0
173 174 0
173 213 0
174 175 0
174 214 0
175 176 0
175 215 0
176 177 0
176 216 0
177 178 0
177 217 0
178 179 0
178 218 0
179 180 0
179 219 0
180 181 0
180 220 0
181 182 0
181 221 0
182 183 0
182 222 0
183 184 0
183 223 0
184 185 0
184 224 0
185 186 0
185 225 0
186 187 0
186 226 0
187 188 0
187 227 0
188 189 0
188 228 0
189 190 0
189 229 0
190 191 0
190 230 0
191 192 0
191 231 0
192 193 0
192 232 0
193 194 0
193 233 0
194 195 0
194 234 0
195 196 0
195 235 0
196 197 0
196 236 0
197 198 0
197 237 0
198 199 0
198 238 0
199 200 0
199 239 0
200 240 0
201 202 0
201 241 0
202 203 0
202 242 0
203 204 0
203 243 0
204 205 0
204 244 0
205 206 0
205 245 0
206 207 0
206 246 0
207 208 0
207 247 0
208 209 0
208 248 0
209 210 0
209 249 0
210 211 0
210 250 0
211 212 0
211 251 0
212 213 0
212 252 0
213 214 0
213 253 0
214 215 0
214 254 0
215 216 0
215 255 0
216 217 0
216 256 0
217 218 0
217 257 0
218 219 0
218 258 0
219 220 0
219 259 0
220 221 0
220 260 0
221 222 0
221 261 0
222 223 0
222 262 0
223 224 0
223 263 0
224 225 0
224 264 0
225 226 0
225 265 0
226 227 0
226 266 0
227 228 0
227 267 0
228 229 0
228 268 0
229 230 0
229 269 0
230 231 0
230 270 0
231 232 0
231 271 0
232 233 0
232 272 0
233 234 0
233 273 0
234 235 0
234 274 0
235 236 0
235 275 0
236 237 0
236 276 0
237 238 0
237 277 0
238 239 0
238 278 0
239 240 0
239 279 0
240 280 0
241 242 0
241 281 0
242 243 0
242 282 0
243 244 0
243 283 0
244 245 0
244 284 0
245 246 0
245 285 0
246 247 0
246 286 0
247 248 0
247 287 0
248 249 0
248 288 0
249 250 0
249 289 0
250 251 0
250 290 0
251 252 0
251 291 0
252 253 0
252 292 0
253 254 0
253 293 0
254 255 0
254 294 0
255 256 0
255 295 0
256 257 0
256 296 0
257 258 0
257 297 0
258 259 0
258 298 0
259 260 0
259 299 0
260 261 0
260 300 0
261 262 0
261 301 0
262 263 0
262 302 0
263 264 0
263 303 0
264 265 0
264 304 0
265 266 0
265 305 0
266 267 0
266 306 0
267 268 0
267 307 0
268 269 0
268 308 0
269 270 0
269 309 0
270 271 0
270 310 0
271 272 0
271 311 0
272 273 0
272 312 0
273 274 0
273 313 0
274 275 0
274 314 0
275 276 0
275 315 0
276 277 0
276 316 0
277 278 0
277 317 0
278 279 0
278 318 0
279 280 0
279 319 0
280 320 0
281 282 0
281 321 0
282 283 0
282 322 0
283 284 0
283 323 0
284 285 0
284 324 0
285 286 0
285 325 0
286 287 0
286 326 0
287 288 0
287 327 0
288 289 0
288 328 0
289 290 0
289 329 0
290 291 0
290 330 0
291 292 0
291 331 0
292 293 0
292 332 0
293 294 0
293 333 0
294 295 0
294 334 0
295 296 0
295 335 0
296 297 0
296 336 0
297 298 0
297 337 0
298 299 0
298 338 0
299 300 0
299 339 0
300 301 0
300 340 0
301 302 0
301 341 0
302 303 0
302 342 0
303 304 0
303 343 0
304 305 0
304 344 0
305 306 0
305 345 0
306 307 0
306 346 0
307 308 0
307 347 0
308 309 0
308 348 0
309 310 0
309 349 0
310 311 0
310 350 0
311 312 0
311 351 0
312 313 0
312 352 0
313 314 0
313 353 0
314 315 0
314 354 0
315 316 0
315 355 0
316 317 0
316 356 0
317 318 0
317 357 0
318 319 0
318 358 0
319 320 0
319 359 0
320 360 0
321 322 0
321 361 0
322 323 0
322 362 0
323 324 0
323 363 0
324 325 0
324 364 0
325 326 0
325 365 0
326 327 0
326 366 0
327 328 0
327 367 0
328 329 0
328 368 0
329 330 0
329 369 0
330 331 0
330 370 0
331 332 0
331 371 0
332 333 0
332 372 0
333 334 0
333 373 0
334 335 0
334 374 0
335 336 0
335 375 0
336 337 0
336 376 0
337 338 0
337 377 0
338 339 0
338 378 0
339 340 0
339 379 0
340 341 0
340 380 0
341 342 0
341 381 0
342 343 0
342 382 0
343 344 0
343 383 0
344 345 0
344 384 0
345 346 0
345 385 0
346 347 0
346 386 0
347 348 0
347 387 0
348 349 0
348 388 0
349 350 0
349 389 0
350 351 0
350 390 0
351 352 0
351 391 0
352 353 0
352 392 0
353 354 0
353 393 0
354 355 0
354 394 0
355 356 0
355 395 0
356 357 0
356 396 0
357 358 0
357 397 0
358 359 0
358 398 0
359 360 0
359 399 0
360 400 0
361 362 0
361 401 0
362 363 0
362 402 0
363 364 0
363 403 0
364 365 0
364 404 0
365 366 0
365 405 0
366 367 0
366 406 0
367 368 0
367 407 0
368 369 0
368 408 0
369 370 0
369 409 0
370 371 0
370 410 0
371 372 0
371 411 0
372 373 0
372 412 0
373 374 0
373 413 0
374 375 0
374 414 0
375 376 0
375 415 0
376 377 0
376 416 0
377 378 0
377 417 0
378 379 0
378 418 0
379 380 0
379 419 0
380 381 0
380 420 0
381 382 0
381 421 0
382 383 0
382 422 0
383 384 0
383 423 0
384 385 0
384 424 0
385 386 0
385 425 0
386 387 0
386 426 0
387 388 0
387 427 0
388 389 0
388 428 0
389 390 0
389 429 0
390 391 0
390 430 0
391 392 0
391 431 0
392 393 0
392 432 0
393 394 0
393 433 0
394 395 0
394 434 0
395 396 0
395 435 0
396 397 0
396 436 0
397 398 0
397 437 0
398 399 0
398 438 0
399 400 0
399 439 0
400 440 0
401 402 0
401 441 0
402 403 0
402 442 0
403 404 0
403 443 0
404 405 0
404 444 0
405 406 0
405 445 0
406 407 0
406 446 0
407 408 0
407 447 0
408 409 0
408 448 0
409 410 0
409 449 0
410 411 0
410 450 0
411 412 0
411 451 0
412 413 0
412 452 0
413 414 0
413 453 0
414 415 0
414 454 0
415 416 0
415 455 0
416 417 0
416 456 0
417 418 0
417 457 0
418 419 0
418 458 0
419 420 0
419 459 0
420 421 0
420 460 0
421 422 0
421 461 0
422 423 0
422 462 0
423 424 0
423 463 0
424 425 0
424 464 0
425 426 0
425 465 0
426 427 0
426 466 0
427 428 0
427 467 0
428 429 0
428 468 0
429 430 0
429 469 0
430 431 0
430 470 0
431 432 0
431 471 0
432 433 0
432 472 0
433 434 0
433 473 0
434 435 0
434 474 0
435 436 0
435 475 0
436 437 0
436 476 0
437 438 0
437 477 0
438 439 0
438 478 0
439 440 0
439 479 0
440 480 0
441 442 0
441 481 0
442 443 0
442 482 0
443 444 0
443 483 0
444 445 0
444 484 0
445 446 0
445 485 0
446 447 0
446 486 0
447 448 0
447 487 0
448 449 0
448 488 0
449 450 0
449 489 0
450 451 0
450 490 0
451 452 0
451 491 0
452 453 0
452 492 0
453 454 0
453 493 0
454 455 0
454 494 0
455 456 0
455 495 0
456 457 0
456 496 0
457 458 0
457 497 0
458 459 0
458 498 0
459 460 0
459 499 0
460 461 0
460 500 0
461 462 0
461 501 0
462 463 0
462 502 0
463 464 0
463 503 0
464 465 0
464 504 0
465 466 0
465 505 0
466 467 0
466 506 0
467 468 0
467 507 0
468 469 0
468 508 0
469 470 0
469 509 0
470 471 0
470 510 0
471 472 0
471 511 0
472 473 0
472 512 0
473 474 0
473 513 0
474 475 0
474 514 0
475 476 0
475 515 0
476 477 0
476 516 0
477 478 0
477 517 0
478 479 0
478 518 0
479 480 0
479 519 0
480 520 0
481 482 0
481 521 0
482 483 0
482 522 0
483 484 0
483 523 0
484 485 0
484 524 0
485 486 0
485 525 0
486 487 0
486 526 0
487 488 0
487 527 0
488 489 0
488 528 0
489 490 0
489 529 0
490 491 0
490 530 0
491 492 0
491 531 0
492 493 0
492 532 0
493 494 0
493 533 0
494 495 0
494 534 0
495 496 0
495 535 0
496 497 0
496 536 0
497 498 0
497 537 0
498 499 0
498 538 0
499 500 0
499 539 0
500 501 0
500 540 0
501 502 0
501 541 0
502 503 0
502 542 0
503 504 0
503 543 0
504 505 0
504 544 0
505 506 0
505 545 0
506 507 0
506 546 0
507 508 0
507 547 0
508 509 0
508 548 0
509 510 0
509 549 0
510 511 0
510 550 0
511 512 0
511 551 0
512 513 0
512 552 0
513 514 0
513 553 0
514 515 0
514 554 0
515 516 0
515 555 0
516 517 0
516 556 0
517 518 0
517 557 0
518 519 0
518 558 0
519 520 0
519 559 0
520 560 0
521 522 0
521 561 0
522 523 0
522 562 0
523 524 0
523 563 0
524 525 0
524 564 0
525 526 0
525 565 0
526 527 0
526 566 0
527 528 0
527 567 0
528 529 0
528 568 0
529 530 0
529 569 0
530 531 0
530 570 0
531 532 0
531 571 0
532 533 0
532 572 0
533 534 0
533 573 0
534 535 0
534 574 0
535 536 0
535 575 0
536 537 0
536 576 0
537 538 0
537 577 0
538 539 0
538 578 0
539 540 0
539 579 0
540 541 0
540 580 0
541 542 0
541 581 0
542 543 0
542 582 0
543 544 0
543 583 0
544 545 0
544 584 0
545 546 0
545 585 0
546 547 0
546 586 0
547 548 0
547 587 0
548 549 0
548 588 0
549 550 0
549 589 0
550 551 0
550 590 0
551 552 0
551 591 0
552 553 0
552 592 0
553 554 0
553 593 0
554 555 0
554 594 0
555 556 0
555 595 0
556 557 0
556 596 0
557 558 0
557 597 0
558 559 0
558 598 0
559 560 0
559 599 0
560 600 0
561 562 0
561 601 0
562 563 0
562 602 0
563 564 0
563 603 0
564 565 0
564 604 0
565 566 0
565 605 0
566 567 0
566 606 0
567 568 0
567 607 0
568 569 0
568 608 0
569 570 0
569 609 0
570 571 0
570 610 0
571 572 0
571 611 0
572 573 0
572 612 0
573 574 0
573 613 0
574 575 0
574 614 0
575 576 0
575 615 0
576 577 0
576 616 0
577 578 0
577 617 0
578 579 0
578 618 0
579 580 0
579 619 0
580 581 0
580 620 0
581 582 0
581 621 0
582 583 0
582 622 0
583 584 0
583 623 0
584 585 0
584 624 0
585 586 0
585 625 0
586 587 0
586 626 0
587 588 0
587 627 0
588 589 0
588 628 0
589 590 0
589 629 0
590 591 0
590 630 0
591 592 0
591 631 0
592 593 0
592 632 0
593 594 0
593 633 0
594 595 0
594 634 0
595 596 0
595 635 0
596 597 0
596 636 0
597 598 0
597 637 0
598 599 0
598 638 0
599 600 0
599 639 0
600 640 0
601 602 0
601 641 0
602 603 0
602 642 0
603 604 0
603 643 0
604 605 0
604 644 0
605 606 0
605 645 0
606 607 0
606 646 0
607 608 0
607 647 0
608 609 0
608 648 0
609 610 0
609 649 0
610 611 0
610 650 0
611 612 0
611 651 0
612 613 0
612 652 0
613 614 0
613 653 0
614 615 0
614 654 0
615 616 0
615 655 0
616 617 0
616 656 0
617 618 0
617 657 0
618 619 0
618 658 0
619 620 0
619 659 0
620 621 0
620 660 0
621 622 0
621 661 0
622 623 0
622 662 0
623 624 0
623 663 0
624 625 0
624 664 0
625 626 0
625 665 0
626 627 0
626 666 0
627 628 0
627 667 0
628 629 0
628 668 0
629 630 0
629 669 0
630 631 0
630 670 0
631 632 0
631 671 0
632 633 0
632 672 0
633 634 0
633 673 0
634 635 0
634 674 0
635 636 0
635 675 0
636 637 0
636 676 0
637 638 0
637 677 0
638 639 0
638 678 0
639 640 0
639 679 0
640 680 0
641 642 0
641 681 0
642 643 0
642 682 0
643 644 0
643 683 0
644 645 0
644 684 0
645 646 0
645 685 0
646 647 0
646 686 0
647 648 0
647 687 0
648 649 0
648 688 0
649 650 0
649 689 0
650 651 0
650 690 0
651 652 0
651 691 0
652 653 0
652 692 0
653 654 0
653 693 0
654 655 0
654 694 0
655 656 0
655 695 0
656 657 0
656 696 0
657 658 0
657 697 0
658 659 0
658 698 0
659 660 0
659 699 0
660 661 0
660 700 0
661 662 0
661 701 0
662 663 0
662 702 0
663 664 0
663 703 0
664 665 0
664 704 0
665 666 0
665 705 0
666 667 0
666 706 0
667 668 0
667 707 0
668 669 0
668 708 0
669 670 0
669 709 0
670 671 0
670 710 0
671 672 0
671 711 0
672 673 0
672 712 0
673 674 0
673 713 0
674 675 0
674 714 0
675 676 0
675 715 0
676 677 0
676 716 0
677 678 0
677 717 0
678 679 0
678 718 0
679 680 0
679 719 0
680 720 0
681 682 0
681 721 0
682 683 0
682 722 0
683 684 0
683 723 0
684 685 0
684 724 0
685 686 0
685 725 0
686 687 0
686 726 0
687 688 0
687 727 0
688 689 0
688 728 0
689 690 0
689 729 0
690 691 0
690 730 0
691 692 0
691 731 0
692 693 0
692 732 0
693 694 0
693 733 0
694 695 0
694 734 0
695 696 0
695 735 0
696 697 0
696 736 0
697 698 0
697 737 0
698 699 0
698 738 0
699 700 0
699 739 0
700 701 0
700 740 0
701 702 0
701 741 0
702 703 0
702 742 0
703 704 0
703 743 0
704 705 0
704 744 0
705 706 0
705 745 0
706 707 0
706 746 0
707 708 0
707 747 0
708 709 0
708 748 0
709 710 0
709 749 0
710 711 0
710 750 0
711 712 0
711 751 0
712 713 0
712 752 0
713 714 0
713 753 0
714 715 0
714 754 0
715 716 0
715 755 0
716 717 0
716 756 0
717 718 0
717 757 0
718 719 0
718 758 0
719 720 0
719 759 0
720 760 0
721 722 0
721 761 0
722 723 0
722 762 0
723 724 0
723 763 0
724 725 0
724 764 0
725 726 0
725 765 0
726 727 0
726 766 0
727 728 0
727 767 0
728 729 0
728 768 0
729 730 0
729 769 0
730 731 0
730 770 0
731 732 0
731 771 0
732 733 0
732 772 0
733 734 0
733 773 0
734 735 0
734 774 0
735 736 0
735 775 0
736 737 0
736 776 0
737 738 0
737 777 0
738 739 0
738 778 0
739 740 0
739 779 0
740 741 0
740 780 0
741 742 0
741 781 0
742 743 0
742 782 0
743 744 0
743 783 0
744 745 0
744 784 0
745 746 0
745 785 0
746 747 0
746 786 0
747 748 0
747 787 0
748 749 0
748 788 0
749 750 0
749 789 0
750 751 0
750 790 0
751 752 0
751 791 0
752 753 0
752 792 0
753 754 0
753 793 0
754 755 0
754 794 0
755 756 0
755 795 0
756 757 0
756 796 0
757 758 0
757 797 0
758 759 0
758 798 0
759 760 0
759 799 0
760 800 0
761 762 0
761 801 0
762 763 0
762 802 0
763 764 0
763 803 0
764 765 0
764 804 0
765 766 0
765 805 0
766 767 0
766 806 0
767 768 0
767 807 0
768 769 0
768 808 0
769 770 0
769 809 0
770 771 0
770 810 0
771 772 0
771 811 0
772 773 0
772 812 0
773 774 0
773 813 0
774 775 0
774 814 0
775 776 0
775 815 0
776 777 0
776 816 0
777 778 0
777 817 0
778 779 0
778 818 0
779 780 0
779 819 0
780 781 0
780 820 0
781 782 0
781 821 0
782 783 0
782 822 0
783 784 0
783 823 0
784 785 0
784 824 0
785 786 0
785 825 0
786 787 0
786 826 0
787 788 0
787 827 0
788 789 0
788 828 0
789 790 0
789 829 0
790 791 0
790 830 0
791 792 0
791 831 0
792 793 0
792 832 0
793 794 0
793 833 0
794 795 0
794 834 0
795 796 0
795 835 0
796 797 0
796 836 0
797 798 0
797 837 0
798 799 0
798 838 0
799 800 0
799 839 0
800 840 0
801 802 0
801 841 0
802 803 0
802 842 0
803 804 0
803 843 0
804 805 0
804 844 0
805 806 0
805 845 0
806 807 0
806 846 0
807 808 0
807 847 0
808 809 0
808 848 0
809 810 0
809 849 0
810 811 0
810 850 0
811 812 0
811 851 0
812 813 0
812 852 0
813 814 0
813 853 0
814 815 0
814 854 0
815 816 0
815 855 0
816 817 0
816 856 0
817 818 0
817 857 0
818 819 0
818 858 0
819 820 0
819 859 0
820 821 0
820 860 0
821 822 0
821 861 0
822 823 0
822 862 0
823 824 0
823 863 0
824 825 0
824 864 0
825 826 0
825 865 0
826 827 0
826 866 0
827 828 0
827 867 0
828 829 0
828 868 0
829 830 0
829 869 0
830 831 0
830 870 0
831 832 0
831 871 0
832 833 0
832 872 0
833 834 0
833 873 0
834 835 0
834 874 0
835 836 0
835 875 0
836 837 0
836 876 0
837 838 0
837 877 0
838 839 0
838 878 0
839 840 0
839 879 0
840 880 0
841 842 0
841 881 0
842 843 0
842 882 0
843 844 0
843 883 0
844 845 0
844 884 0
845 846 0
845 885 0
846 847 0
846 886 0
847 848 0
847 887 0
848 849 0
848 888 0
849 850 0
849 889 0
850 851 0
850 890 0
851 852 0
851 891 0
852 853 0
852 892 0
853 854 0
853 893 0
854 855 0
854 894 0
855 856 0
855 895 0
856 857 0
856 896 0
857 858 0
857 897 0
858 859 0
858 898 0
859 860 0
859 899 0
860 861 0
860 900 0
861 862 0
861 901 0
862 863 0
862 902 0
863 864 0
863 903 0
864 865 0
864 904 0
865 866 0
865 905 0
866 867 0
866 906 0
867 868 0
867 907 0
868 869 0
868 908 0
869 870 0
869 909 0
870 871 0
870 910 0
871 872 0
871 911 0
872 873 0
872 912 0
873 874 0
873 913 0
874 875 0
874 914 0
875 876 0
875 915 0
876 877 0
876 916 0
877 878 0
877 917 0
878 879 0
878 918 0
879 880 0
879 919 0
880 920 0
881 882 0
881 921 0
882 883 0
882 922 0
883 884 0
883 923 0
884 885 0
884 924 0
885 886 0
885 925 0
886 887 0
886 926 0
887 888 0
887 927 0
888 889 0
888 928 0
889 890 0
889 929 0
890 891 0
890 930 0
891 892 0
891 931 0
892 893 0
892 932 0
893 894 0
893 933 0
894 895 0
894 934 0
895 896 0
895 935 0
896 897 0
896 936 0
897 898 0
897 937 0
898 899 0
898 938 0
899 900 0
899 939 0
900 901 0
900 940 0
901 902 0
901 941 0
902 903 0
902 942 0
903 904 0
903 943 0
904 905 0
904 944 0
905 906 0
905 945 0
906 907 0
906 946 0
907 908 0
907 947 0
908 909 0
908 948 0
909 910 0
909 949 0
910 911 0
910 950 0
911 912 0
911 951 0
912 913 0
912 952 0
913 914 0
913 953 0
914 915 0
914 954 0
915 916 0
915 955 0
916 917 0
916 956 0
917 918 0
917 957 0
918 919 0
918 958 0
919 920 0
919 959 0
920 960 0
921 922 0
921 961 0
922 923 0
922 962 0
923 924 0
923 963 0
924 925 0
924 964 0
925 926 0
925 965 0
926 927 0
926 966 0
927 928 0
927 967 0
928 929 0
928 968 0
929 930 0
929 969 0
930 931 0
930 970 0
931 932 0
931 971 0
932 933 0
932 972 0
933 934 0
933 973 0
934 935 0
934 974 0
935 936 0
935 975 0
936 937 0
936 976 0
937 938 0
937 977 0
938 939 0
938 978 0
939 940 0
939 979 0
940 941 0
940 980 0
941 942 0
941 981 0
942 943 0
942 982 0
943 944 0
943 983 0
944 945 0
944 984 0
945 946 0
945 985 0
946 947 0
946 986 0
947 948 0
947 987 0
948 949 0
948 988 0
949 950 0
949 989 0
950 951 0
950 990 0
951 952 0
951 991 0
952 953 0
952 992 0
953 954 0
953 993 0
954 955 0
954 994 0
955 956 0
955 995 0
956 957 0
956 996 0
957 958 0
957 997 0
958 959 0
958 998 0
959 960 0
959 999 0
960 1000 0
961 962 0
961 1001 0
962 963 0
962 1002 0
963 964 0
963 1003 0
964 965 0
964 1004 0
965 966 0
965 1005 0
966 967 0
966 1006 0
967 968 0
967 1007 0
968 969 0
968 1008 0
969 970 0
969 1009 0
970 971 0
970 1010 0
971 972 0
971 1011 0
972 973 0
972 1012 0
973 974 0
973 1013 0
974 975 0
974 1014 0
975 976 0
975 1015 0
976 977 0
976 1016 0
977 978 0
977 1017 0
978 979 0
978 1018 0
979 980 0
979 1019 0
980 981 0
980 1020 0
981 982 0
981 1021 0
982 983 0
982 1022 0
983 984 0
983 1023 0
984 985 0
984 1024 0
985 986 0
985 1025 0
986 987 0
986 1026 0
987 988 0
987 1027 0
988 989 0
988 1028 0
989 990 0
989 1029 0
990 991 0
990 1030 0
991 992 0
991 1031 0
992 993 0
992 1032 0
993 994 0
993 1033 0
994 995 0
994 1034 0
995 996 0
995 1035 0
996 997 0
996 1036 0
997 998 0
997 1037 0
998 999 0
998 1038 0
999 1000 0
999 1039 0
1000 1040 0
1001 1002 0
1001 1041 0
1002 1003 0
1002 1042 0
1003 1004 0
1003 1043 0
1004 1005 0
1004 1044 0
1005 1006 0
1005 1045 0
1006 1007 0
1006 1046 0
1007 1008 0
1007 1047 0
1008 1009 0
1008 1048 0
1009 1010 0
1009 1049 0
1010 1011 0
1010 1050 0
1011 1012 0
1011 1051 0
1012 1013 0
1012 1052 0
1013 1014 0
1013 1053 0
1014 1015 0
1014 1054 0
1015 1016 0
1015 1055 0
1016 1017 0
1016 1056 0
1017 1018 0
1017 1057 0
1018 1019 0
1018 1058 0
1019 1020 0
1019 1059 0
1020 1021 0
1020 1060 0
1021 1022 0
1021 1061 0
1022 1023 0
1022 1062 0
1023 1024 0
1023 1063 0
1024 1025 0
1024 1064 0
1025 1026 0
1025 1065 0
1026 1027 0
1026 1066 0
1027 1028 0
1027 1067 0
1028 1029 0
1028 1068 0
1029 1030 0
1029 1069 0
1030 1031 0
1030 1070 0
1031 1032 0
1031 1071 0
1032 1033 0
1032 1072 0
1033 1034 0
1033 1073 0
1034 1035 0
1034 1074 0
1035 1036 0
1035 1075 0
1036 1037 0
1036 1076 0
1037 1038 0
1037 1077 0
1038 1039 0
1038 1078 0
1039 1040 0
1039 1079 0
1040 1080 0
1041 1042 0
1041 1081 0
1042 1043 0
1042 1082 0
1043 1044 0
1043 1083 0
1044 1045 0
1044 1084 0
1045 1046 0
1045 1085 0
1046 1047 0
1046 1086 0
1047 1048 0
1047 1087 0
1048 1049 0
1048 1088 0
1049 1050 0
1049 1089 0
1050 1051 0
1050 1090 0
1051 1052 0
1051 1091 0
1052 1053 0
1052 1092 0
1053 1054 0
1053 1093 0
1054 1055 0
1054 1094 0
1055 1056 0
1055 1095 0
1056 1057 0
1056 1096 0
1057 1058 0
1057 1097 0
1058 1059 0
1058 1098 0
1059 1060 0
1059 1099 0
1060 1061 0
1060 1100 0
1061 1062 0
1061 1101 0
1062 1063 0
1062 1102 0
1063 1064 0
1063 1103 0
1064 1065 0
1064 1104 0
1065 1066 0
1065 1105 0
1066 1067 0
1066 1106 0
1067 1068 0
1067 1107 0
1068 1069 0
1068 1108 0
1069 1070 0
1069 1109 0
1070 1071 0
1070 1110 0
1071 1072 0
1071 1111 0
1072 1073 0
1072 1112 0
1073 1074 0
1073 1113 0
1074 1075 0
1074 1114 0
1075 1076 0
1075 1115 0
1076 1077 0
1076 1116 0
1077 1078 0
1077 1117 0
1078 1079 0
1078 1118 0
1079 1080 0
1079 1119 0
1080 1120 0
1081 1082 0
1081 1121 0
1082 1083 0
1082 1122 0
1083 1084 0
1083 1123 0
1084 1085 0
1084 1124 0
1085 1086 0
1085 1125 0
1086 1087 0
1086 1126 0
1087 1088 0
1087 1127 0
1088 1089 0
1088 1128 0
1089 1090 0
1089 1129 0
1090 1091 0
1090 1130 0
1091 1092 0
1091 1131 0
1092 1093 0
1092 1132 0
1093 1094 0
1093 1133 0
1094 1095 0
1094 1134 0
1095 1096 0
1095 1135 0
1096 1097 0
1096 1136 0
1097 1098 0
1097 1137 0
1098 1099 0
1098 1138 0
1099 1100 0
1099 1139 0
1100 1101 0
1100 1140 0
1101 1102 0
1101 1141 0
1102 1103 0
1102 1142 0
1103 1104 0
1103 1143 0
1104 1105 0
1104 1144 0
1105 1106 0
1105 1145 0
1106 1107 0
1106 1146 0
1107 1108 0
1107 1147 0
1108 1109 0
1108 1148 0
1109 1110 0
1109 1149 0
1110 1111 0
1110 1150 0
1111 1112 0
1111 1151 0
1112 1113 0
1112 1152 0
1113 1114 0
1113 1153 0
1114 1115 0
1114 1154 0
1115 1116 0
1115 1155 0
1116 1117 0
1116 1156 0
1117 1118 0
1117 1157 0
1118 1119 0
1118 1158 0
1119 1120 0
1119 1159 0
1120 1160 0
1121 1122 0
1121 1161 0
1122 1123 0
1122 1162 0
1123 1124 0
1123 1163 0
1124 1125 0
1124 1164 0
1125 1126 0
1125 1165 0
1126 1127 0
1126 1166 0
1127 1128 0
1127 1167 0
1128 1129 0
1128 1168 0
1129 1130 0
1129 1169 0
1130 1131 0
1130 1170 0
1131 1132 0
1131 1171 0
1132 1133 0
1132 1172 0
1133 1134 0
1133 1173 0
1134 1135 0
1134 1174 0
1135 1136 0
1135 1175 0
1136 1137 0
1136 1176 0
1137 1138 0
1137 1177 0
1138 1139 0
1138 1178 0
1139 1140 0
1139 1179 0
1140 1141 0
1140 1180 0
1141 1142 0
1141 1181 0
1142 1143 0
1142 1182 0
1143 1144 0
1143 1183 0
1144 1145 0
1144 1184 0
1145 1146 0
1145 1185 0
1146 1147 0
1146 1186 0
1147 1148 0
1147 1187 0
1148 1149 0
1148 1188 0
1149 1150 0
1149 1189 0
1150 1151 0
1150 1190 0
1151 1152 0
1151 1191 0
1152 1153 0
1152 1192 0
1153 1154 0
1153 1193 0
1154 1155 0
1154 1194 0
1155 1156 0
1155 1195 0
1156 1157 0
1156 1196 0
1157 1158 0
1157 1197 0
1158 1159 0
1158 1198 0
1159 1160 0
1159 1199 0
1160 1200 0
1161 1162 0
1161 1201 0
1162 1163 0
1162 1202 0
1163 1164 0
1163 1203 0
1164 1165 0
1164 1204 0
1165 1166 0
1165 1205 0
1166 1167 0
1166 1206 0
1167 1168 0
1167 1207 0
1168 1169 0
1168 1208 0
1169 1170 0
1169 1209 0
1170 1171 0
1170 1210 0
1171 1172 0
1171 1211 0
1172 1173 0
1172 1212 0
1173 1174 0
1173 1213 0
1174 1175 0
1174 1214 0
1175 1176 0
1175 1215 0
1176 1177 0
1176 1216 0
1177 1178 0
1177 1217 0
1178 1179 0
1178 1218 0
1179 1180 0
1179 1219 0
1180 1181 0
1180 1220 0
1181 1182 0
1181 1221 0
1182 1183 0
1182 1222 0
1183 1184 0
1183 1223 0
1184 1185 0
1184 1224 0
1185 1186 0
1185 1225 0
1186 1187 0
1186 1226 0
1187 1188 0
1187 1227 0
1188 1189 0
1188 1228 0
1189 1190 0
1189 1229 0
1190 1191 0
1190 1230 0
1191 1192 0
1191 1231 0
1192 1193 0
1192 1232 0
1193 1194 0
1193 1233 0
1194 1195 0
1194 1234 0
1195 1196 0
1195 1235 0
1196 1197 0
1196 1236 0
1197 1198 0
1197 1237 0
1198 1199 0
1198 1238 0
1199 1200 0
1199 1239 0
1200 1240 0
1201 1202 0
1201 1241 0
1202 1203 0
1202 1242 0
1203 1204 0
1203 1243 0
1204 1205 0
1204 1244 0
1205 1206 0
1205 1245 0
1206 1207 0
1206 1246 0
1207 1208 0
1207 1247 0
1208 1209 0
1208 1248 0
1209 1210 0
1209 1249 0
1210 1211 0
1210 1250 0
1211 1212 0
1211 1251 0
1212 1213 0
1212 1252 0
1213 1214 0
1213 1253 0
1214 1215 0
1214 1254 0
1215 1216 0
1215 1255 0
1216 1217 0
1216 1256 0
1217 1218 0
1217 1257 0
1218 1219 0
1218 1258 0
1219 1220 0
1219 1259 0
1220 1221 0
1220 1260 0
1221 1222 0
1221 1261 0
1222 1223 0
1222 1262 0
1223 1224 0
1223 1263 0
1224 1225 0
1224 1264 0
1225 1226 0
1225 1265 0
1226 1227 0
1226 1266 0
1227 1228 0
1227 1267 0
1228 1229 0
1228 1268 0
1229 1230 0
1229 1269 0
1230 1231 0
1230 1270 0
1231 1232 0
1231 1271 0
1232 1233 0
1232 1272 0
1233 1234 0
1233 1273 0
1234 1235 0
1234 1274 0
1235 1236 0
1235 1275 0
1236 1237 0
1236 1276 0
1237 1238 0
1237 1277 0
1238 1239 0
1238 1278 0
1239 1240 0
1239 1279 0
1240 1280 0
1241 1242 0
1241 1281 0
1242 1243 0
1242 1282 0
1243 1244 0
1243 1283 0
1244 1245 0
1244 1284 0
1245 1246 0
1245 1285 0
1246 1247 0
1246 1286 0
1247 1248 0
1247 1287 0
1248 1249 0
1248 1288 0
1249 1250 0
1249 1289 0
1250 1251 0
1250 1290 0
1251 1252 0
1251 1291 0
1252 1253 0
1252 1292 0
1253 1254 0
1253 1293 0
1254 1255 0
1254 1294 0
1255 1256 0
1255 1295 0
1256 1257 0
1256 1296 0
1257 1258 0
1257 1297 0
1258 1259 0
1258 1298 0
1259 1260 0
1259 1299 0
1260 1261 0
1260 1300 0
1261 1262 0
1261 1301 0
1262 1263 0
1262 1302 0
1263 1264 0
1263 1303 0
1264 1265 0
1264 1304 0
1265 1266 0
1265 1305 0
1266 1267 0
1266 1306 0
1267 1268 0
1267 1307 0
1268 1269 0
1268 1308 0
1269 1270 0
1269 1309 0
1270 1271 0
1270 1310 0
1271 1272 0
1271 1311 0
1272 1273 0
1272 1312 0
1273 1274 0
1273 1313 0
1274 1275 0
1274 1314 0
1275 1276 0
1275 1315 0
1276 1277 0
1276 1316 0
1277 1278 0
1277 1317 0
1278 1279 0
1278 1318 0
1279 1280 0
1279 1319 0
1280 1320 0
1281 1282 0
1281 1321 0
1282 1283 0
1282 1322 0
1283 1284 0
1283 1323 0
1284 1285 0
1284 1324 0
1285 1286 0
1285 1325 0
1286 1287 0
1286 1326 0
1287 1288 0
1287 1327 0
1288 1289 0
1288 1328 0
1289 1290 0
1289 1329 0
1290 1291 0
1290 1330 0
1291 1292 0
1291 1331 0
1292 1293 0
1292 1332 0
1293 1294 0
1293 1333 0
1294 1295 0
1294 1334 0
1295 1296 0
1295 1335 0
1296 1297 0
1296 1336 0
1297 1298 0
1297 1337 0
1298 1299 0
1298 1338 0
1299 1300 0
1299 1339 0
1300 1301 0
1300 1340 0
1301 1302 0
1301 1341 0
1302 1303 0
1302 1342 0
1303 1304 0
1303 1343 0
1304 1305 0
1304 1344 0
1305 1306 0
1305 1345 0
1306 1307 0
1306 1346 0
1307 1308 0
1307 1347 0
1308 1309 0
1308 1348 0
1309 1310 0
1309 1349 0
1310 1311 0
1310 1350 0
1311 1312 0
1311 1351 0
1312 1313 0
1312 1352 0
1313 1314 0
1313 1353 0
1314 1315 0
1314 1354 0
1315 1316 0
1315 1355 0
1316 1317 0
1316 1356 0
1317 1318 0
1317 1357 0
1318 1319 0
1318 1358 0
1319 1320 0
1319 1359 0
1320 1360 0
1321 1322 0
1321 1361 0
1322 1323 0
1322 1362 0
1323 1324 0
1323 1363 0
1324 1325 0
1324 1364 0
1325 1326 0
1325 1365 0
1326 1327 0
1326 1366 0
1327 1328 0
1327 1367 0
1328 1329 0
1328 1368 0
1329 1330 0
1329 1369 0
1330 1331 0
1330 1370 0
1331 1332 0
1331 1371 0
1332 1333 0
1332 1372 0
1333 1334 0
1333 1373 0
1334 1335 0
1334 1374 0
1335 1336 0
1335 1375 0
1336 1337 0
1336 1376 0
1337 1338 0
1337 1377 0
1338 1339 0
1338 1378 0
1339 1340 0
1339 1379 0
1340 1341 0
1340 1380 0
1341 1342 0
1341 1381 0
1342 1343 0
1342 1382 0
1343 1344 0
1343 1383 0
1344 1345 0
1344 1384 0
1345 1346 0
1345 1385 0
1346 1347 0
1346 1386 0
1347 1348 0
1347 1387 0
1348 1349 0
1348 1388 0
1349 1350 0
1349 1389 0
1350 1351 0
1350 1390 0
1351 1352 0
1351 1391 0
1352 1353 0
1352 1392 0
1353 1354 0
1353 1393 0
1354 1355 0
1354 1394 0
1355 1356 0
1355 1395 0
1356 1357 0
1356 1396 0
1357 1358 0
1357 1397 0
1358 1359 0
1358 1398 0
1359 1360 0
1359 1399 0
1360 1400 0
1361 1362 0
1361 1401 0
1362 1363 0
1362 1402 0
1363 1364 0
1363 1403 0
1364 1365 0
1364 1404 0
1365 1366 0
1365 1405 0
1366 1367 0
1366 1406 0
1367 1368 0
1367 1407 0
1368 1369 0
1368 1408 0
1369 1370 0
1369 1409 0
1370 1371 0
1370 1410 0
1371 1372 0
1371 1411 0
1372 1373 0
1372 1412 0
1373 1374 0
1373 1413 0
1374 1375 0
1374 1414 0
1375 1376 0
1375 1415 0
1376 1377 0
1376 1416 0
1377 1378 0
1377 1417 0
1378 1379 0
1378 1418 0
1379 1380 0
1379 1419 0
1380 1381 0
1380 1420 0
1381 1382 0
1381 1421 0
1382 1383 0
1382 1422 0
1383 1384 0
1383 1423 0
1384 1385 0
1384 1424 0
1385 1386 0
1385 1425 0
1386 1387 0
1386 1426 0
1387 1388 0
1387 1427 0
1388 1389 0
1388 1428 0
1389 1390 0
1389 1429 0
1390 1391 0
1390 1430 0
1391 1392 0
1391 1431 0
1392 1393 0
1392 1432 0
1393 1394 0
1393 1433 0
1394 1395 0
1394 1434 0
1395 1396 0
1395 1435 0
1396 1397 0
1396 1436 0
1397 1398 0
1397 1437 0
1398 1399 0
1398 1438 0
1399 1400 0
1399 1439 0
1400 1440 0
1401 1402 0
1401 1441 0
1402 1403 0
1402 1442 0
1403 1404 0
1403 1443 0
1404 1405 0
1404 1444 0
1405 1406 0
1405 1445 0
1406 1407 0
1406 1446 0
1407 1408 0
1407 1447 0
1408 1409 0
1408 1448 0
1409 1410 0
1409 1449 0
1410 1411 0
1410 1450 0
1411 1412 0
1411 1451 0
1412 1413 0
1412 1452 0
1413 1414 0
1413 1453 0
1414 1415 0
1414 1454 0
1415 1416 0
1415 1455 0
1416 1417 0
1416 1456 0
1417 1418 0
1417 1457 0
1418 1419 0
1418 1458 0
1419 1420 0
1419 1459 0
1420 1421 0
1420 1460 0
1421 1422 0
1421 1461 0
1422 1423 0
1422 1462 0
1423 1424 0
1423 1463 0
1424 1425 0
1424 1464 0
1425 1426 0
1425 1465 0
1426 1427 0
1426 1466 0
1427 1428 0
1427 1467 0
1428 1429 0
1428 1468 0
1429 1430 0
1429 1469 0
1430 1431 0
1430 1470 0
1431 1432 0
1431 1471 0
1432 1433 0
1432 1472 0
1433 1434 0
1433 1473 0
1434 1435 0
1434 1474 0
1435 1436 0
1435 1475 0
1436 1437 0
1436 1476 0
1437 1438 0
1437 1477 0
1438 1439 0
1438 1478 0
1439 1440 0
1439 1479 0
1440 1480 0
1441 1442 0
1441 1481 0
1442 1443 0
1442 1482 0
1443 1444 0
1443 1483 0
1444 1445 0
1444 1484 0
1445 1446 0
1445 1485 0
1446 1447 0
1446 1486 0
1447 1448 0
1447 1487 0
1448 1449 0
1448 1488 0
1449 1450 0
1449 1489 0
1450 1451 0
1450 1490 0
1451 1452 0
1451 1491 0
1452 1453 0
1452 1492 0
1453 1454 0
1453 1493 0
1454 1455 0
1454 1494 0
1455 1456 0
1455 1495 0
1456 1457 0
1456 1496 0
1457 1458 0
1457 1497 0
1458 1459 0
1458 1498 0
1459 1460 0
1459 1499 0
1460 1461 0
1460 1500 0
1461 1462 0
1461 1501 0
1462 1463 0
1462 1502 0
1463 1464 0
1463 1503 0
1464 1465 0
1464 1504 0
1465 1466 0
1465 1505 0
1466 1467 0
1466 1506 0
1467 1468 0
1467 1507 0
1468 1469 0
1468 1508 0
1469 1470 0
1469 1509 0
1470 1471 0
1470 1510 0
1471 1472 0
1471 1511 0
1472 1473 0
1472 1512 0
1473 1474 0
1473 1513 0
1474 1475 0
1474 1514 0
1475 1476 0
1475 1515 0
1476 1477 0
1476 1516 0
1477 1478 0
1477 1517 0
1478 1479 0
1478 1518 0
1479 1480 0
1479 1519 0
1480 1520 0
1481 1482 0
1481 1521 0
1482 1483 0
1482 1522 0
1483 1484 0
1483 1523 0
1484 1485 0
1484 1524 0
1485 1486 0
1485 1525 0
1486 1487 0
1486 1526 0
1487 1488 0
1487 1527 0
1488 1489 0
1488 1528 0
1489 1490 0
1489 1529 0
1490 1491 0
1490 1530 0
1491 1492 0
1491 1531 0
1492 1493 0
1492 1532 0
1493 1494 0
1493 1533 0
1494 1495 0
1494 1534 0
1495 1496 0
1495 1535 0
1496 1497 0
1496 1536 0
1497 1498 0
1497 1537 0
1498 1499 0
1498 1538 0
1499 1500 0
1499 1539 0
1500 1501 0
1500 1540 0
1501 1502 0
1501 1541 0
1502 1503 0
1502 1542 0
1503 1504 0
1503 1543 0
1504 1505 0
1504 1544 0
1505 1506 0
1505 1545 0
1506 1507 0
1506 1546 0
1507 1508 0
1507 1547 0
1508 1509 0
1508 1548 0
1509 1510 0
1509 1549 0
1510 1511 0
1510 1550 0
1511 1512 0
1511 1551 0
1512 1513 0
1512 1552 0
1513 1514 0
1513 1553 0
1514 1515 0
1514 1554 0
1515 1516 0
1515 1555 0
1516 1517 0
1516 1556 0
1517 1518 0
1517 1557 0
1518 1519 0
1518 1558 0
1519 1520 0
1519 1559 0
1520 1560 0
1521 1522 0
1521 1561 0
1522 1523 0
1522 1562 0
1523 1524 0
1523 1563 0
1524 1525 0
1524 1564 0
1525 1526 0
1525 1565 0
1526 1527 0
1526 1566 0
1527 1528 0
1527 1567 0
1528 1529 0
1528 1568 0
1529 1530 0
1529 1569 0
1530 1531 0
1530 1570 0
1531 1532 0
1531 1571 0
1532 1533 0
1532 1572 0
1533 1534 0
1533 1573 0
1534 1535 0
1534 1574 0
1535 1536 0
1535 1575 0
1536 1537 0
1536 1576 0
1537 1538 0
1537 1577 0
1538 1539 0
1538 1578 0
1539 1540 0
1539 1579 0
1540 1541 0
1540 1580 0
1541 1542 0
1541 1581 0
1542 1543 0
1542 1582 0
1543 1544 0
1543 1583 0
1544 1545 0
1544 1584 0
1545 1546 0
1545 1585 0
1546 1547 0
1546 1586 0
1547 1548 0
1547 1587 0
1548 1549 0
1548 1588 0
1549 1550 0
1549 1589 0
1550 1551 0
1550 1590 0
1551 1552 0
1551 1591 0
1552 1553 0
1552 1592 0
1553 1554 0
1553 1593 0
1554 1555 0
1554 1594 0
1555 1556 0
1555 1595 0
1556 1557 0
1556 1596 0
1557 1558 0
1557 1597 0
1558 1559 0
1558 1598 0
1559 1560 0
1559 1599 0
1560 1600 0
1561 1562 0
1562 1563 0
1563 1564 0
1564 1565 0
1565 1566 0
1566 1567 0
1567 1568 0
1568 1569 0
1569 1570 0
1570 1571 0
1571 1572 0
1572 1573 0
1573 1574 0
1574 1575 0
1575 1576 0
1576 1577 0
1577 1578 0
1578 1579 0
1579 1580 0
1580 1581 0
1581 1582 0
1582 1583 0
1583 1584 0
1584 1585 0
1585 1586 0
1586 1587 0
1587 1588 0
1588 1589 0
1589 1590 0
1590 1591 0
1591 1592 0
1592 1593 0
1593 1594 0
1594 1595 0
1595 1596 0
1596 1597 0
1597 1598 0
1598 1599 0
1599 1600 0
