1600 3120 
1 516 
2 356 
3 31 
4 328 
5 95 
6 117 
7 555 
8 406 
9 485 
10 596 
11 30 
12 416 
13 165 
14 160 
15 68 
16 314 
17 238 
18 471 
19 200 
20 563 
21 493 
22 564 
23 172 
24 252 
25 260 
26 549 
27 99 
28 141 
29 182 
30 508 
31 396 
32 129 
33 592 
34 476 
35 399 
36 180 
37 129 
38 71 
39 191 
40 13 
41 347 
42 283 
43 235 
44 480 
45 527 
46 62 
47 347 
48 215 
49 144 
50 234 
51 43 
52 197 
53 302 
54 328 
55 472 
56 559 
57 237 
58 78 
59 279 
60 355 
61 187 
62 600 
63 456 
64 18 
65 589 
66 343 
67 484 
68 374 
69 220 
70 162 
71 555 
72 429 
73 318 
74 145 
75 244 
76 458 
77 505 
78 440 
79 195 
80 573 
81 450 
82 59 
83 271 
84 158 
85 528 
86 501 
87 559 
88 304 
89 458 
90 193 
91 337 
92 368 
93 108 
94 123 
95 219 
96 582 
97 227 
98 303 
99 117 
100 467 
101 149 
102 589 
103 277 
104 1 
105 172 
106 443 
107 226 
108 375 
109 324 
110 171 
111 168 
112 470 
113 505 
114 381 
115 220 
116 322 
117 392 
118 375 
119 502 
120 284 
121 438 
122 164 
123 27 
124 311 
125 131 
126 326 
127 190 
128 566 
129 564 
130 57 
131 100 
132 529 
133 129 
134 383 
135 520 
136 298 
137 527 
138 136 
139 38 
140 159 
141 25 
142 319 
143 225 
144 433 
145 300 
146 362 
147 511 
148 403 
149 43 
150 26 
151 107 
152 124 
153 126 
154 371 
155 492 
156 368 
157 321 
158 288 
159 93 
160 319 
161 91 
162 409 
163 242 
164 573 
165 380 
166 184 
167 283 
168 316 
169 307 
170 341 
171 74 
172 531 
173 84 
174 480 
175 447 
176 561 
177 210 
178 358 
179 20 
180 580 
181 55 
182 513 
183 328 
184 427 
185 106 
186 592 
187 483 
188 474 
189 239 
190 591 
191 200 
192 80 
193 557 
194 359 
195 112 
196 595 
197 572 
198 288 
199 378 
200 478 
201 177 
202 118 
203 468 
204 492 
205 366 
206 179 
207 593 
208 12 
209 379 
210 463 
211 136 
212 579 
213 504 
214 315 
215 554 
216 107 
217 520 
218 406 
219 113 
220 258 
221 25 
222 363 
223 81 
224 572 
225 265 
226 226 
227 560 
228 12 
229 362 
230 79 
231 360 
232 520 
233 548 
234 516 
235 367 
236 83 
237 190 
238 225 
239 121 
240 308 
241 376 
242 67 
243 311 
244 389 
245 512 
246 303 
247 420 
248 409 
249 124 
250 577 
251 160 
252 553 
253 505 
254 93 
255 37 
256 303 
257 582 
258 414 
259 92 
260 473 
261 280 
262 448 
263 213 
264 372 
265 401 
266 224 
267 530 
268 181 
269 238 
270 274 
271 41 
272 570 
273 455 
274 114 
275 45 
276 476 
277 554 
278 410 
279 557 
280 582 
281 341 
282 505 
283 191 
284 590 
285 186 
286 513 
287 345 
288 497 
289 315 
290 476 
291 417 
292 316 
293 76 
294 17 
295 183 
296 185 
297 208 
298 525 
299 529 
300 509 
301 292 
302 88 
303 146 
304 470 
305 183 
306 31 
307 327 
308 149 
309 285 
310 524 
311 84 
312 68 
313 173 
314 528 
315 324 
316 398 
317 495 
318 140 
319 442 
320 467 
321 107 
322 148 
323 430 
324 324 
325 129 
326 369 
327 227 
328 355 
329 498 
330 287 
331 401 
332 9 
333 512 
334 598 
335 504 
336 370 
337 408 
338 91 
339 460 
340 590 
341 324 
342 218 
343 258 
344 501 
345 61 
346 139 
347 583 
348 207 
349 20 
350 220 
351 160 
352 574 
353 93 
354 112 
355 349 
356 349 
357 106 
358 319 
359 498 
360 55 
361 525 
362 123 
363 261 
364 338 
365 531 
366 229 
367 495 
368 213 
369 508 
370 38 
371 600 
372 191 
373 413 
374 168 
375 304 
376 572 
377 316 
378 189 
379 186 
380 239 
381 512 
382 469 
383 138 
384 509 
385 91 
386 215 
387 295 
388 359 
389 440 
390 397 
391 55 
392 293 
393 169 
394 582 
395 510 
396 272 
397 39 
398 208 
399 483 
400 433 
401 163 
402 543 
403 243 
404 37 
405 292 
406 196 
407 130 
408 599 
409 25 
410 5 
411 17 
412 164 
413 292 
414 568 
415 499 
416 458 
417 136 
418 393 
419 248 
420 65 
421 516 
422 395 
423 355 
424 81 
425 556 
426 62 
427 46 
428 565 
429 472 
430 212 
431 434 
432 372 
433 516 
434 245 
435 2 
436 41 
437 413 
438 447 
439 64 
440 398 
441 441 
442 35 
443 417 
444 32 
445 486 
446 77 
447 504 
448 44 
449 288 
450 587 
451 54 
452 150 
453 170 
454 348 
455 384 
456 552 
457 430 
458 57 
459 216 
460 254 
461 323 
462 381 
463 326 
464 149 
465 497 
466 166 
467 33 
468 571 
469 22 
470 552 
471 369 
472 573 
473 333 
474 198 
475 339 
476 34 
477 351 
478 311 
479 357 
480 177 
481 382 
482 116 
483 517 
484 534 
485 251 
486 192 
487 121 
488 593 
489 142 
490 32 
491 415 
492 303 
493 288 
494 170 
495 264 
496 476 
497 223 
498 558 
499 44 
500 259 
501 460 
502 55 
503 343 
504 144 
505 221 
506 110 
507 331 
508 478 
509 483 
510 477 
511 214 
512 108 
513 521 
514 423 
515 350 
516 65 
517 327 
518 594 
519 449 
520 146 
521 186 
522 339 
523 328 
524 38 
525 576 
526 338 
527 588 
528 107 
529 340 
530 176 
531 155 
532 346 
533 451 
534 553 
535 433 
536 566 
537 86 
538 189 
539 428 
540 291 
541 32 
542 90 
543 127 
544 464 
545 21 
546 3 
547 379 
548 271 
549 254 
550 34 
551 11 
552 275 
553 44 
554 235 
555 320 
556 203 
557 145 
558 38 
559 526 
560 551 
561 174 
562 420 
563 78 
564 596 
565 552 
566 7 
567 258 
568 191 
569 548 
570 393 
571 265 
572 320 
573 44 
574 370 
575 309 
576 298 
577 220 
578 522 
579 522 
580 447 
581 110 
582 35 
583 233 
584 500 
585 247 
586 66 
587 419 
588 168 
589 438 
590 16 
591 82 
592 359 
593 479 
594 470 
595 459 
596 332 
597 490 
598 315 
599 344 
600 335 
601 164 
602 15 
603 509 
604 492 
605 527 
606 246 
607 63 
608 373 
609 246 
610 340 
611 293 
612 475 
613 107 
614 192 
615 41 
616 237 
617 372 
618 584 
619 113 
620 306 
621 551 
622 521 
623 510 
624 197 
625 11 
626 320 
627 444 
628 463 
629 230 
630 84 
631 396 
632 415 
633 103 
634 473 
635 216 
636 569 
637 114 
638 105 
639 574 
640 124 
641 333 
642 266 
643 496 
644 301 
645 400 
646 440 
647 134 
648 95 
649 81 
650 343 
651 558 
652 5 
653 556 
654 78 
655 593 
656 235 
657 317 
658 400 
659 340 
660 120 
661 132 
662 28 
663 48 
664 321 
665 262 
666 56 
667 489 
668 410 
669 435 
670 327 
671 422 
672 166 
673 417 
674 303 
675 58 
676 278 
677 145 
678 351 
679 579 
680 462 
681 595 
682 573 
683 406 
684 573 
685 447 
686 237 
687 412 
688 269 
689 455 
690 336 
691 478 
692 355 
693 374 
694 462 
695 341 
696 120 
697 254 
698 206 
699 175 
700 483 
701 37 
702 126 
703 470 
704 228 
705 440 
706 550 
707 53 
708 554 
709 489 
710 15 
711 554 
712 238 
713 331 
714 402 
715 212 
716 331 
717 300 
718 218 
719 154 
720 250 
721 189 
722 425 
723 486 
724 480 
725 112 
726 457 
727 585 
728 328 
729 162 
730 469 
731 552 
732 216 
733 21 
734 173 
735 350 
736 93 
737 404 
738 389 
739 273 
740 274 
741 419 
742 101 
743 62 
744 243 
745 379 
746 149 
747 549 
748 423 
749 589 
750 351 
751 358 
752 87 
753 356 
754 184 
755 282 
756 194 
757 452 
758 459 
759 149 
760 599 
761 246 
762 508 
763 517 
764 17 
765 367 
766 410 
767 467 
768 443 
769 165 
770 24 
771 337 
772 244 
773 87 
774 482 
775 471 
776 101 
777 68 
778 278 
779 138 
780 460 
781 368 
782 589 
783 386 
784 404 
785 270 
786 460 
787 257 
788 356 
789 119 
790 556 
791 320 
792 84 
793 62 
794 322 
795 320 
796 161 
797 204 
798 141 
799 527 
800 548 
801 493 
802 599 
803 486 
804 409 
805 506 
806 55 
807 171 
808 24 
809 248 
810 294 
811 460 
812 125 
813 477 
814 414 
815 371 
816 280 
817 268 
818 543 
819 168 
820 332 
821 80 
822 443 
823 462 
824 556 
825 114 
826 42 
827 562 
828 75 
829 14 
830 332 
831 179 
832 64 
833 371 
834 136 
835 38 
836 193 
837 72 
838 75 
839 72 
840 359 
841 182 
842 415 
843 137 
844 376 
845 268 
846 345 
847 340 
848 191 
849 182 
850 538 
851 189 
852 183 
853 226 
854 596 
855 202 
856 262 
857 105 
858 442 
859 596 
860 169 
861 519 
862 33 
863 599 
864 14 
865 507 
866 3 
867 142 
868 330 
869 96 
870 362 
871 436 
872 245 
873 438 
874 286 
875 414 
876 254 
877 89 
878 266 
879 532 
880 213 
881 3 
882 443 
883 240 
884 294 
885 27 
886 338 
887 350 
888 98 
889 595 
890 231 
891 85 
892 319 
893 93 
894 117 
895 364 
896 95 
897 589 
898 489 
899 262 
900 122 
901 323 
902 13 
903 595 
904 248 
905 513 
906 340 
907 293 
908 21 
909 469 
910 386 
911 493 
912 207 
913 185 
914 287 
915 572 
916 251 
917 2 
918 444 
919 216 
920 583 
921 3 
922 144 
923 509 
924 385 
925 76 
926 242 
927 80 
928 317 
929 363 
930 552 
931 277 
932 475 
933 76 
934 497 
935 511 
936 359 
937 12 
938 563 
939 557 
940 239 
941 575 
942 341 
943 392 
944 466 
945 481 
946 318 
947 97 
948 240 
949 92 
950 222 
951 20 
952 520 
953 511 
954 313 
955 35 
956 432 
957 432 
958 48 
959 269 
960 366 
961 24 
962 55 
963 157 
964 483 
965 473 
966 423 
967 458 
968 272 
969 530 
970 26 
971 23 
972 360 
973 423 
974 126 
975 26 
976 6 
977 458 
978 182 
979 561 
980 334 
981 418 
982 548 
983 29 
984 537 
985 189 
986 49 
987 278 
988 341 
989 86 
990 301 
991 285 
992 513 
993 305 
994 106 
995 91 
996 265 
997 202 
998 486 
999 445 
1000 232 
1001 292 
1002 348 
1003 308 
1004 322 
1005 234 
1006 462 
1007 1 
1008 257 
1009 597 
1010 154 
1011 366 
1012 55 
1013 100 
1014 591 
1015 552 
1016 502 
1017 200 
1018 302 
1019 535 
1020 427 
1021 382 
1022 46 
1023 518 
1024 113 
1025 473 
1026 526 
1027 417 
1028 405 
1029 85 
1030 157 
1031 465 
1032 521 
1033 19 
1034 453 
1035 113 
1036 288 
1037 430 
1038 180 
1039 235 
1040 257 
1041 371 
1042 139 
1043 124 
1044 486 
1045 424 
1046 209 
1047 56 
1048 177 
1049 362 
1050 411 
1051 245 
1052 115 
1053 572 
1054 228 
1055 481 
1056 535 
1057 255 
1058 233 
1059 14 
1060 147 
1061 414 
1062 597 
1063 240 
1064 47 
1065 103 
1066 462 
1067 281 
1068 393 
1069 113 
1070 363 
1071 60 
1072 344 
1073 496 
1074 231 
1075 412 
1076 158 
1077 514 
1078 569 
1079 568 
1080 295 
1081 382 
1082 56 
1083 348 
1084 364 
1085 263 
1086 170 
1087 196 
1088 425 
1089 365 
1090 13 
1091 531 
1092 84 
1093 378 
1094 442 
1095 154 
1096 440 
1097 587 
1098 556 
1099 287 
1100 83 
1101 562 
1102 580 
1103 273 
1104 493 
1105 339 
1106 40 
1107 459 
1108 110 
1109 171 
1110 528 
1111 383 
1112 233 
1113 595 
1114 370 
1115 327 
1116 526 
1117 440 
1118 403 
1119 580 
1120 344 
1121 146 
1122 376 
1123 501 
1124 542 
1125 147 
1126 165 
1127 298 
1128 320 
1129 87 
1130 347 
1131 230 
1132 197 
1133 580 
1134 383 
1135 236 
1136 60 
1137 194 
1138 519 
1139 574 
1140 514 
1141 592 
1142 132 
1143 194 
1144 586 
1145 81 
1146 231 
1147 86 
1148 278 
1149 164 
1150 571 
1151 409 
1152 116 
1153 146 
1154 561 
1155 270 
1156 221 
1157 60 
1158 327 
1159 465 
1160 291 
1161 144 
1162 294 
1163 439 
1164 572 
1165 64 
1166 350 
1167 315 
1168 283 
1169 522 
1170 224 
1171 36 
1172 76 
1173 514 
1174 2 
1175 579 
1176 349 
1177 575 
1178 462 
1179 492 
1180 156 
1181 477 
1182 135 
1183 45 
1184 136 
1185 354 
1186 138 
1187 157 
1188 397 
1189 67 
1190 178 
1191 15 
1192 131 
1193 240 
1194 89 
1195 85 
1196 218 
1197 322 
1198 251 
1199 319 
1200 8 
1201 246 
1202 269 
1203 544 
1204 258 
1205 576 
1206 55 
1207 438 
1208 572 
1209 337 
1210 476 
1211 11 
1212 428 
1213 564 
1214 338 
1215 317 
1216 431 
1217 267 
1218 433 
1219 310 
1220 268 
1221 526 
1222 298 
1223 596 
1224 106 
1225 246 
1226 324 
1227 541 
1228 442 
1229 461 
1230 409 
1231 392 
1232 503 
1233 352 
1234 502 
1235 279 
1236 568 
1237 466 
1238 301 
1239 146 
1240 379 
1241 358 
1242 446 
1243 417 
1244 516 
1245 48 
1246 370 
1247 590 
1248 188 
1249 133 
1250 354 
1251 446 
1252 361 
1253 383 
1254 298 
1255 102 
1256 318 
1257 302 
1258 97 
1259 364 
1260 451 
1261 118 
1262 77 
1263 351 
1264 81 
1265 510 
1266 270 
1267 375 
1268 391 
1269 129 
1270 134 
1271 351 
1272 149 
1273 261 
1274 443 
1275 389 
1276 329 
1277 153 
1278 261 
1279 90 
1280 141 
1281 211 
1282 317 
1283 413 
1284 99 
1285 420 
1286 307 
1287 467 
1288 363 
1289 351 
1290 340 
1291 276 
1292 410 
1293 525 
1294 367 
1295 378 
1296 339 
1297 596 
1298 58 
1299 372 
1300 501 
1301 295 
1302 537 
1303 577 
1304 128 
1305 319 
1306 264 
1307 194 
1308 140 
1309 17 
1310 523 
1311 245 
1312 196 
1313 208 
1314 103 
1315 463 
1316 430 
1317 247 
1318 453 
1319 395 
1320 201 
1321 580 
1322 185 
1323 409 
1324 113 
1325 97 
1326 567 
1327 198 
1328 38 
1329 73 
1330 256 
1331 199 
1332 432 
1333 11 
1334 501 
1335 278 
1336 524 
1337 517 
1338 599 
1339 491 
1340 581 
1341 478 
1342 308 
1343 130 
1344 387 
1345 34 
1346 568 
1347 166 
1348 67 
1349 183 
1350 153 
1351 332 
1352 5 
1353 185 
1354 382 
1355 123 
1356 94 
1357 71 
1358 597 
1359 361 
1360 176 
1361 534 
1362 479 
1363 556 
1364 426 
1365 394 
1366 513 
1367 7 
1368 219 
1369 8 
1370 52 
1371 278 
1372 563 
1373 55 
1374 568 
1375 363 
1376 127 
1377 434 
1378 273 
1379 445 
1380 340 
1381 446 
1382 502 
1383 121 
1384 331 
1385 27 
1386 571 
1387 328 
1388 225 
1389 597 
1390 244 
1391 165 
1392 47 
1393 465 
1394 385 
1395 384 
1396 595 
1397 167 
1398 594 
1399 223 
1400 297 
1401 511 
1402 17 
1403 534 
1404 185 
1405 207 
1406 440 
1407 332 
1408 164 
1409 287 
1410 314 
1411 429 
1412 215 
1413 144 
1414 311 
1415 488 
1416 483 
1417 261 
1418 292 
1419 329 
1420 219 
1421 596 
1422 396 
1423 149 
1424 304 
1425 217 
1426 289 
1427 519 
1428 203 
1429 398 
1430 591 
1431 167 
1432 208 
1433 267 
1434 480 
1435 588 
1436 409 
1437 73 
1438 228 
1439 360 
1440 583 
1441 40 
1442 468 
1443 494 
1444 127 
1445 45 
1446 287 
1447 301 
1448 114 
1449 427 
1450 501 
1451 255 
1452 128 
1453 239 
1454 408 
1455 253 
1456 46 
1457 72 
1458 217 
1459 121 
1460 439 
1461 47 
1462 197 
1463 59 
1464 438 
1465 220 
1466 537 
1467 569 
1468 11 
1469 247 
1470 102 
1471 290 
1472 267 
1473 579 
1474 145 
1475 153 
1476 420 
1477 326 
1478 288 
1479 562 
1480 389 
1481 98 
1482 516 
1483 221 
1484 499 
1485 153 
1486 399 
1487 346 
1488 319 
1489 502 
1490 102 
1491 540 
1492 253 
1493 544 
1494 415 
1495 371 
1496 343 
1497 412 
1498 422 
1499 304 
1500 480 
1501 555 
1502 301 
1503 325 
1504 275 
1505 439 
1506 313 
1507 18 
1508 316 
1509 212 
1510 567 
1511 370 
1512 555 
1513 206 
1514 315 
1515 4 
1516 153 
1517 249 
1518 258 
1519 518 
1520 510 
1521 384 
1522 522 
1523 73 
1524 433 
1525 80 
1526 538 
1527 203 
1528 295 
1529 402 
1530 104 
1531 163 
1532 141 
1533 551 
1534 238 
1535 249 
1536 555 
1537 196 
1538 550 
1539 465 
1540 88 
1541 471 
1542 354 
1543 318 
1544 39 
1545 192 
1546 66 
1547 54 
1548 247 
1549 311 
1550 381 
1551 359 
1552 297 
1553 34 
1554 570 
1555 517 
1556 68 
1557 302 
1558 506 
1559 38 
1560 64 
1561 378 
1562 102 
1563 84 
1564 273 
1565 91 
1566 599 
1567 346 
1568 326 
1569 583 
1570 200 
1571 424 
1572 581 
1573 286 
1574 504 
1575 130 
1576 331 
1577 515 
1578 332 
1579 111 
1580 56 
1581 100 
1582 121 
1583 534 
1584 108 
1585 578 
1586 192 
1587 29 
1588 589 
1589 543 
1590 278 
1591 360 
1592 91 
1593 256 
1594 149 
1595 588 
1596 121 
1597 536 
1598 181 
1599 579 
1600 126 
1 2 0
1 41 0
2 3 0
2 42 0
3 4 0
3 43 0
4 5 0
4 44 0
5 6 0
5 45 0
6 7 0
6 46 0
7 8 0
7 47 0
8 9 0
8 48 0
9 10 0
9 49 0
10 11 0
10 50 0
11 12 0
11 51 0
12 13 0
12 52 0
13 14 0
13 53 0
14 15 0
14 54 0
15 16 0
15 55 0
16 17 0
16 56 0
17 18 0
17 57 0
18 19 0
18 58 0
19 20 0
19 59 0
20 21 0
20 60 0
21 22 0
21 61 0
22 23 0
22 62 0
23 24 0
23 63 0
24 25 0
24 64 0
25 26 0
25 65 0
26 27 0
26 66 0
27 28 0
27 67 0
28 29 0
28 68 0
29 30 0
29 69 0
30 31 0
30 70 0
31 32 0
31 71 0
32 33 0
32 72 0
33 34 0
33 73 0
34 35 0
34 74 0
35 36 0
35 75 0
36 37 0
36 76 0
37 38 0
37 77 0
38 39 0
38 78 0
39 40 0
39 79 0
40 80 0
41 42 0
41 81 0
42 43 0
42 82 0
43 44 0
43 83 0
44 45 0
44 84 0
45 46 0
45 85 0
46 47 0
46 86 0
47 48 0
47 87 0
48 49 0
48 88 0
49 50 0
49 89 0
50 51 0
50 90 0
51 52 0
51 91 0
52 53 0
52 92 0
53 54 0
53 93 0
54 55 0
54 94 0
55 56 0
55 95 0
56 57 0
56 96 0
57 58 0
57 97 0
58 59 0
58 98 0
59 60 0
59 99 0
60 61 0
60 100 0
61 62 0
61 101 0
62 63 0
62 102 0
63 64 0
63 103 0
64 65 0
64 104 0
65 66 0
65 105 0
66 67 0
66 106 0
67 68 0
67 107 0
68 69 0
68 108 0
69 70 0
69 109 0
70 71 0
70 110 0
71 72 0
71 111 0
72 73 0
72 112 0
73 74 0
73 113 0
74 75 0
74 114 0
75 76 0
75 115 0
76 77 0
76 116 0
77 78 0
77 117 0
78 79 0
78 118 0
79 80 0
79 119 0
80 120 0
81 82 0
81 121 0
82 83 0
82 122 0
83 84 0
83 123 0
84 85 0
84 124 0
85 86 0
85 125 0
86 87 0
86 126 0
87 88 0
87 127 0
88 89 0
88 128 0
89 90 0
89 129 0
90 91 0
90 130 0
91 92 0
91 131 0
92 93 0
92 132 0
93 94 0
93 133 0
94 95 0
94 134 0
95 96 0
95 135 0
96 97 0
96 136 0
97 98 0
97 137 0
98 99 0
98 138 0
99 100 0
99 139 0
100 101 0
100 140 0
101 102 0
101 141 0
102 103 0
102 142 0
103 104 0
103 143 0
104 105 0
104 144 0
105 106 0
105 145 0
106 107 0
106 146 0
107 108 0
107 147 0
108 109 0
108 148 0
109 110 0
109 149 0
110 111 0
110 150 0
111 112 0
111 151 0
112 113 0
112 152 0
113 114 0
113 153 0
114 115 0
114 154 0
115 116 0
115 155 0
116 117 0
116 156 0
117 118 0
117 157 0
118 119 0
118 158 0
119 120 0
119 159 0
120 160 0
121 122 0
121 161 0
122 123 0
122 162 0
123 124 0
123 163 0
124 125 0
124 164 0
125 126 0
125 165 0
126 127 0
126 166 0
127 128 0
127 167 0
128 129 0
128 168 0
129 130 0
129 169 0
130 131 0
130 170 0
131 132 0
131 171 0
132 133 0
132 172 0
133 134 0
133 173 0
134 135 0
134 174 0
135 136 0
135 175 0
136 137 0
136 176 0
137 138 0
137 177 0
138 139 0
138 178 0
139 140 0
139 179 0
140 141 0
140 180 0
141 142 0
141 181 0
142 143 0
142 182 0
143 144 0
143 183 0
144 145 0
144 184 0
145 146 0
145 185 0
146 147 0
146 186 0
147 148 0
147 187 0
148 149 0
148 188 0
149 150 0
149 189 0
150 151 0
150 190 0
151 152 0
151 191 0
152 153 0
152 192 0
153 154 0
153 193 0
154 155 0
154 194 0
155 156 0
155 195 0
156 157 0
156 196 0
157 158 0
157 197 0
158 159 0
158 198 0
159 160 0
159 199 0
160 200 0
161 162 0
161 201 0
162 163 0
162 202 0
163 164 0
163 203 0
164 165 0
164 204 0
165 166 0
165 205 0
166 167 0
166 206 0
167 168 0
167 207 0
168 169 0
168 208 0
169 170 0
169 209 0
170 171 0
170 210 0
171 172 0
171 211 0
172 173 0
172 212 0
173 174 0
173 213 0
174 175 0
174 214 0
175 176 0
175 215 0
176 177 0
176 216 0
177 178 0
177 217 0
178 179 0
178 218 0
179 180 0
179 219 0
180 181 0
180 220 0
181 182 0
181 221 0
182 183 0
182 222 0
183 184 0
183 223 0
184 185 0
184 224 0
185 186 0
185 225 0
186 187 0
186 226 0
187 188 0
187 227 0
188 189 0
188 228 0
189 190 0
189 229 0
190 191 0
190 230 0
191 192 0
191 231 0
192 193 0
192 232 0
193 194 0
193 233 0
194 195 0
194 234 0
195 196 0
195 235 0
196 197 0
196 236 0
197 198 0
197 237 0
198 199 0
198 238 0
199 200 0
199 239 0
200 240 0
201 202 0
201 241 0
202 203 0
202 242 0
203 204 0
203 243 0
204 205 0
204 244 0
205 206 0
205 245 0
206 207 0
206 246 0
207 208 0
207 247 0
208 209 0
208 248 0
209 210 0
209 249 0
210 211 0
210 250 0
211 212 0
211 251 0
212 213 0
212 252 0
213 214 0
213 253 0
214 215 0
214 254 0
215 216 0
215 255 0
216 217 0
216 256 0
217 218 0
217 257 0
218 219 0
218 258 0
219 220 0
219 259 0
220 221 0
220 260 0
221 222 0
221 261 0
222 223 0
222 262 0
223 224 0
223 263 0
224 225 0
224 264 0
225 226 0
225 265 0
226 227 0
226 266 0
227 228 0
227 267 0
228 229 0
228 268 0
229 230 0
229 269 0
230 231 0
230 270 0
231 232 0
231 271 0
232 233 0
232 272 0
233 234 0
233 273 0
234 235 0
234 274 0
235 236 0
235 275 0
236 237 0
236 276 0
237 238 0
237 277 0
238 239 0
238 278 0
239 240 0
239 279 0
240 280 0
241 242 0
241 281 0
242 243 0
242 282 0
243 244 0
243 283 0
244 245 0
244 284 0
245 246 0
245 285 0
246 247 0
246 286 0
247 248 0
247 287 0
248 249 0
248 288 0
249 250 0
249 289 0
250 251 0
250 290 0
251 252 0
251 291 0
252 253 0
252 292 0
253 254 0
253 293 0
254 255 0
254 294 0
255 256 0
255 295 0
256 257 0
256 296 0
257 258 0
257 297 0
258 259 0
258 298 0
259 260 0
259 299 0
260 261 0
260 300 0
261 262 0
261 301 0
262 263 0
262 302 0
263 264 0
263 303 0
264 265 0
264 304 0
265 266 0
265 305 0
266 267 0
266 306 0
267 268 0
267 307 0
268 269 0
268 308 0
269 270 0
269 309 0
270 271 0
270 310 0
271 272 0
271 311 0
272 273 0
272 312 0
273 274 0
273 313 0
274 275 0
274 314 0
275 276 0
275 315 0
276 277 0
276 316 0
277 278 0
277 317 0
278 279 0
278 318 0
279 280 0
279 319 0
280 320 0
281 282 0
281 321 0
282 283 0
282 322 0
283 284 0
283 323 0
284 285 0
284 324 0
285 286 0
285 325 0
286 287 0
286 326 0
287 288 0
287 327 0
288 289 0
288 328 0
289 290 0
289 329 0
290 291 0
290 330 0
291 292 0
291 331 0
292 293 0
292 332 0
293 294 0
293 333 0
294 295 0
294 334 0
295 296 0
295 335 0
296 297 0
296 336 0
297 298 0
297 337 0
298 299 0
298 338 0
299 300 0
299 339 0
300 301 0
300 340 0
301 302 0
301 341 0
302 303 0
302 342 0
303 304 0
303 343 0
304 305 0
304 344 0
305 306 0
305 345 0
306 307 0
306 346 0
307 308 0
307 347 0
308 309 0
308 348 0
309 310 0
309 349 0
310 311 0
310 350 0
311 312 0
311 351 0
312 313 0
312 352 0
313 314 0
313 353 0
314 315 0
314 354 0
315 316 0
315 355 0
316 317 0
316 356 0
317 318 0
317 357 0
318 319 0
318 358 0
319 320 0
319 359 0
320 360 0
321 322 0
321 361 0
322 323 0
322 362 0
323 324 0
323 363 0
324 325 0
324 364 0
325 326 0
325 365 0
326 327 0
326 366 0
327 328 0
327 367 0
328 329 0
328 368 0
329 330 0
329 369 0
330 331 0
330 370 0
331 332 0
331 371 0
332 333 0
332 372 0
333 334 0
333 373 0
334 335 0
334 374 0
335 336 0
335 375 0
336 337 0
336 376 0
337 338 0
337 377 0
338 339 0
338 378 0
339 340 0
339 379 0
340 341 0
340 380 0
341 342 0
341 381 0
342 343 0
342 382 0
343 344 0
343 383 0
344 345 0
344 384 0
345 346 0
345 385 0
346 347 0
346 386 0
347 348 0
347 387 0
348 349 0
348 388 0
349 350 0
349 389 0
350 351 0
350 390 0
351 352 0
351 391 0
352 353 0
352 392 0
353 354 0
353 393 0
354 355 0
354 394 0
355 356 0
355 395 0
356 357 0
356 396 0
357 358 0
357 397 0
358 359 0
358 398 0
359 360 0
359 399 0
360 400 0
361 362 0
361 401 0
362 363 0
362 402 0
363 364 0
363 403 0
364 365 0
364 404 0
365 366 0
365 405 0
366 367 0
366 406 0
367 368 0
367 407 0
368 369 0
368 408 0
369 370 0
369 409 0
370 371 0
370 410 0
371 372 0
371 411 0
372 373 0
372 412 0
373 374 0
373 413 0
374 375 0
374 414 0
375 376 0
375 415 0
376 377 0
376 416 0
377 378 0
377 417 0
378 379 0
378 418 0
379 380 0
379 419 0
380 381 0
380 420 0
381 382 0
381 421 0
382 383 0
382 422 0
383 384 0
383 423 0
384 385 0
384 424 0
385 386 0
385 425 0
386 387 0
386 426 0
387 388 0
387 427 0
388 389 0
388 428 0
389 390 0
389 429 0
390 391 0
390 430 0
391 392 0
391 431 0
392 393 0
392 432 0
393 394 0
393 433 0
394 395 0
394 434 0
395 396 0
395 435 0
396 397 0
396 436 0
397 398 0
397 437 0
398 399 0
398 438 0
399 400 0
399 439 0
400 440 0
401 402 0
401 441 0
402 403 0
402 442 0
403 404 0
403 443 0
404 405 0
404 444 0
405 406 0
405 445 0
406 407 0
406 446 0
407 408 0
407 447 0
408 409 0
408 448 0
409 410 0
409 449 0
410 411 0
410 450 0
411 412 0
411 451 0
412 413 0
412 452 0
413 414 0
413 453 0
414 415 0
414 454 0
415 416 0
415 455 0
416 417 0
416 456 0
417 418 0
417 457 0
418 419 0
418 458 0
419 420 0
419 459 0
420 421 0
420 460 0
421 422 0
421 461 0
422 423 0
422 462 0
423 424 0
423 463 0
424 425 0
424 464 0
425 426 0
425 465 0
426 427 0
426 466 0
427 428 0
427 467 0
428 429 0
428 468 0
429 430 0
429 469 0
430 431 0
430 470 0
431 432 0
431 471 0
432 433 0
432 472 0
433 434 0
433 473 0
434 435 0
434 474 0
435 436 0
435 475 0
436 437 0
436 476 0
437 438 0
437 477 0
438 439 0
438 478 0
439 440 0
439 479 0
440 480 0
441 442 0
441 481 0
442 443 0
442 482 0
443 444 0
443 483 0
444 445 0
444 484 0
445 446 0
445 485 0
446 447 0
446 486 0
447 448 0
447 487 0
448 449 0
448 488 0
449 450 0
449 489 0
450 451 0
450 490 0
451 452 0
451 491 0
452 453 0
452 492 0
453 454 0
453 493 0
454 455 0
454 494 0
455 456 0
455 495 0
456 457 0
456 496 0
457 458 0
457 497 0
458 459 0
458 498 0
459 460 0
459 499 0
460 461 0
460 500 0
461 462 0
461 501 0
462 463 0
462 502 0
463 464 0
463 503 0
464 465 0
464 504 0
465 466 0
465 505 0
466 467 0
466 506 0
467 468 0
467 507 0
468 469 0
468 508 0
469 470 0
469 509 0
470 471 0
470 510 0
471 472 0
471 511 0
472 473 0
472 512 0
473 474 0
473 513 0
474 475 0
474 514 0
475 476 0
475 515 0
476 477 0
476 516 0
477 478 0
477 517 0
478 479 0
478 518 0
479 480 0
479 519 0
480 520 0
481 482 0
481 521 0
482 483 0
482 522 0
483 484 0
483 523 0
484 485 0
484 524 0
485 486 0
485 525 0
486 487 0
486 526 0
487 488 0
487 527 0
488 489 0
488 528 0
489 490 0
489 529 0
490 491 0
490 530 0
491 492 0
491 531 0
492 493 0
492 532 0
493 494 0
493 533 0
494 495 0
494 534 0
495 496 0
495 535 0
496 497 0
496 536 0
497 498 0
497 537 0
498 499 0
498 538 0
499 500 0
499 539 0
500 501 0
500 540 0
501 502 0
501 541 0
502 503 0
502 542 0
503 504 0
503 543 0
504 505 0
504 544 0
505 506 0
505 545 0
506 507 0
506 546 0
507 508 0
507 547 0
508 509 0
508 548 0
509 510 0
509 549 0
510 511 0
510 550 0
511 512 0
511 551 0
512 513 0
512 552 0
513 514 0
513 553 0
514 515 0
514 554 0
515 516 0
515 555 0
516 517 0
516 556 0
517 518 0
517 557 0
518 519 0
518 558 0
519 520 0
519 559 0
520 560 0
521 522 0
521 561 0
522 523 0
522 562 0
523 524 0
523 563 0
524 525 0
524 564 0
525 526 0
525 565 0
526 527 0
526 566 0
527 528 0
527 567 0
528 529 0
528 568 0
529 530 0
529 569 0
530 531 0
530 570 0
531 532 0
531 571 0
532 533 0
532 572 0
533 534 0
533 573 0
534 535 0
534 574 0
535 536 0
535 575 0
536 537 0
536 576 0
537 538 0
537 577 0
538 539 0
538 578 0
539 540 0
539 579 0
540 541 0
540 580 0
541 542 0
541 581 0
542 543 0
542 582 0
543 544 0
543 583 0
544 545 0
544 584 0
545 546 0
545 585 0
546 547 0
546 586 0
547 548 0
547 587 0
548 549 0
548 588 0
549 550 0
549 589 0
550 551 0
550 590 0
551 552 0
551 591 0
552 553 0
552 592 0
553 554 0
553 593 0
554 555 0
554 594 0
555 556 0
555 595 0
556 557 0
556 596 0
557 558 0
557 597 0
558 559 0
558 598 0
559 560 0
559 599 0
560 600 0
561 562 0
561 601 0
562 563 0
562 602 0
563 564 0
563 603 0
564 565 0
564 604 0
565 566 0
565 605 0
566 567 0
566 606 0
567 568 0
567 607 0
568 569 0
568 608 0
569 570 0
569 609 0
570 571 0
570 610 0
571 572 0
571 611 0
572 573 0
572 612 0
573 574 0
573 613 0
574 575 0
574 614 0
575 576 0
575 615 0
576 577 0
576 616 0
577 578 0
577 617 0
578 579 0
578 618 0
579 580 0
579 619 0
580 581 0
580 620 0
581 582 0
581 621 0
582 583 0
582 622 0
583 584 0
583 623 0
584 585 0
584 624 0
585 586 0
585 625 0
586 587 0
586 626 0
587 588 0
587 627 0
588 589 0
588 628 0
589 590 0
589 629 0
590 591 0
590 630 0
591 592 0
591 631 0
592 593 0
592 632 0
593 594 0
593 633 0
594 595 0
594 634 0
595 596 0
595 635 0
596 597 0
596 636 0
597 598 0
597 637 0
598 599 0
598 638 0
599 600 0
599 639 0
600 640 0
601 602 0
601 641 0
602 603 0
602 642 0
603 604 0
603 643 0
604 605 0
604 644 0
605 606 0
605 645 0
606 607 0
606 646 0
607 608 0
607 647 0
608 609 0
608 648 0
609 610 0
609 649 0
610 611 0
610 650 0
611 612 0
611 651 0
612 613 0
612 652 0
613 614 0
613 653 0
614 615 0
614 654 0
615 616 0
615 655 0
616 617 0
616 656 0
617 618 0
617 657 0
618 619 0
618 658 0
619 620 0
619 659 0
620 621 0
620 660 0
621 622 0
621 661 0
622 623 0
622 662 0
623 624 0
623 663 0
624 625 0
624 664 0
625 626 0
625 665 0
626 627 0
626 666 0
627 628 0
627 667 0
628 629 0
628 668 0
629 630 0
629 669 0
630 631 0
630 670 0
631 632 0
631 671 0
632 633 0
632 672 0
633 634 0
633 673 0
634 635 0
634 674 0
635 636 0
635 675 0
636 637 0
636 676 0
637 638 0
637 677 0
638 639 0
638 678 0
639 640 0
639 679 0
640 680 0
641 642 0
641 681 0
642 643 0
642 682 0
643 644 0
643 683 0
644 645 0
644 684 0
645 646 0
645 685 0
646 647 0
646 686 0
647 648 0
647 687 0
648 649 0
648 688 0
649 650 0
649 689 0
650 651 0
650 690 0
651 652 0
651 691 0
652 653 0
652 692 0
653 654 0
653 693 0
654 655 0
654 694 0
655 656 0
655 695 0
656 657 0
656 696 0
657 658 0
657 697 0
658 659 0
658 698 0
659 660 0
659 699 0
660 661 0
660 700 0
661 662 0
661 701 0
662 663 0
662 702 0
663 664 0
663 703 0
664 665 0
664 704 0
665 666 0
665 705 0
666 667 0
666 706 0
667 668 0
667 707 0
668 669 0
668 708 0
669 670 0
669 709 0
670 671 0
670 710 0
671 672 0
671 711 0
672 673 0
672 712 0
673 674 0
673 713 0
674 675 0
674 714 0
675 676 0
675 715 0
676 677 0
676 716 0
677 678 0
677 717 0
678 679 0
678 718 0
679 680 0
679 719 0
680 720 0
681 682 0
681 721 0
682 683 0
682 722 0
683 684 0
683 723 0
684 685 0
684 724 0
685 686 0
685 725 0
686 687 0
686 726 0
687 688 0
687 727 0
688 689 0
688 728 0
689 690 0
689 729 0
690 691 0
690 730 0
691 692 0
691 731 0
692 693 0
692 732 0
693 694 0
693 733 0
694 695 0
694 734 0
695 696 0
695 735 0
696 697 0
696 736 0
697 698 0
697 737 0
698 699 0
698 738 0
699 700 0
699 739 0
700 701 0
700 740 0
701 702 0
701 741 0
702 703 0
702 742 0
703 704 0
703 743 0
704 705 0
704 744 0
705 706 0
705 745 0
706 707 0
706 746 0
707 708 0
707 747 0
708 709 0
708 748 0
709 710 0
709 749 0
710 711 0
710 750 0
711 712 0
711 751 0
712 713 0
712 752 0
713 714 0
713 753 0
714 715 0
714 754 0
715 716 0
715 755 0
716 717 0
716 756 0
717 718 0
717 757 0
718 719 0
718 758 0
719 720 0
719 759 0
720 760 0
721 722 0
721 761 0
722 723 0
722 762 0
723 724 0
723 763 0
724 725 0
724 764 0
725 726 0
725 765 0
726 727 0
726 766 0
727 728 0
727 767 0
728 729 0
728 768 0
729 730 0
729 769 0
730 731 0
730 770 0
731 732 0
731 771 0
732 733 0
732 772 0
733 734 0
733 773 0
734 735 0
734 774 0
735 736 0
735 775 0
736 737 0
736 776 0
737 738 0
737 777 0
738 739 0
738 778 0
739 740 0
739 779 0
740 741 0
740 780 0
741 742 0
741 781 0
742 743 0
742 782 0
743 744 0
743 783 0
744 745 0
744 784 0
745 746 0
745 785 0
746 747 0
746 786 0
747 748 0
747 787 0
748 749 0
748 788 0
749 750 0
749 789 0
750 751 0
750 790 0
751 752 0
751 791 0
752 753 0
752 792 0
753 754 0
753 793 0
754 755 0
754 794 0
755 756 0
755 795 0
756 757 0
756 796 0
757 758 0
757 797 0
758 759 0
758 798 0
759 760 0
759 799 0
760 800 0
761 762 0
761 801 0
762 763 0
762 802 0
763 764 0
763 803 0
764 765 0
764 804 0
765 766 0
765 805 0
766 767 0
766 806 0
767 768 0
767 807 0
768 769 0
768 808 0
769 770 0
769 809 0
770 771 0
770 810 0
771 772 0
771 811 0
772 773 0
772 812 0
773 774 0
773 813 0
774 775 0
774 814 0
775 776 0
775 815 0
776 777 0
776 816 0
777 778 0
777 817 0
778 779 0
778 818 0
779 780 0
779 819 0
780 781 0
780 820 0
781 782 0
781 821 0
782 783 0
782 822 0
783 784 0
783 823 0
784 785 0
784 824 0
785 786 0
785 825 0
786 787 0
786 826 0
787 788 0
787 827 0
788 789 0
788 828 0
789 790 0
789 829 0
790 791 0
790 830 0
791 792 0
791 831 0
792 793 0
792 832 0
793 794 0
793 833 0
794 795 0
794 834 0
795 796 0
795 835 0
796 797 0
796 836 0
797 798 0
797 837 0
798 799 0
798 838 0
799 800 0
799 839 0
800 840 0
801 802 0
801 841 0
802 803 0
802 842 0
803 804 0
803 843 0
804 805 0
804 844 0
805 806 0
805 845 0
806 807 0
806 846 0
807 808 0
807 847 0
808 809 0
808 848 0
809 810 0
809 849 0
810 811 0
810 850 0
811 812 0
811 851 0
812 813 0
812 852 0
813 814 0
813 853 0
814 815 0
814 854 0
815 816 0
815 855 0
816 817 0
816 856 0
817 818 0
817 857 0
818 819 0
818 858 0
819 820 0
819 859 0
820 821 0
820 860 0
821 822 0
821 861 0
822 823 0
822 862 0
823 824 0
823 863 0
824 825 0
824 864 0
825 826 0
825 865 0
826 827 0
826 866 0
827 828 0
827 867 0
828 829 0
828 868 0
829 830 0
829 869 0
830 831 0
830 870 0
831 832 0
831 871 0
832 833 0
832 872 0
833 834 0
833 873 0
834 835 0
834 874 0
835 836 0
835 875 0
836 837 0
836 876 0
837 838 0
837 877 0
838 839 0
838 878 0
839 840 0
839 879 0
840 880 0
841 842 0
841 881 0
842 843 0
842 882 0
843 844 0
843 883 0
844 845 0
844 884 0
845 846 0
845 885 0
846 847 0
846 886 0
847 848 0
847 887 0
848 849 0
848 888 0
849 850 0
849 889 0
850 851 0
850 890 0
851 852 0
851 891 0
852 853 0
852 892 0
853 854 0
853 893 0
854 855 0
854 894 0
855 856 0
855 895 0
856 857 0
856 896 0
857 858 0
857 897 0
858 859 0
858 898 0
859 860 0
859 899 0
860 861 0
860 900 0
861 862 0
861 901 0
862 863 0
862 902 0
863 864 0
863 903 0
864 865 0
864 904 0
865 866 0
865 905 0
866 867 0
866 906 0
867 868 0
867 907 0
868 869 0
868 908 0
869 870 0
869 909 0
870 871 0
870 910 0
871 872 0
871 911 0
872 873 0
872 912 0
873 874 0
873 913 0
874 875 0
874 914 0
875 876 0
875 915 0
876 877 0
876 916 0
877 878 0
877 917 0
878 879 0
878 918 0
879 880 0
879 919 0
880 920 0
881 882 0
881 921 0
882 883 0
882 922 0
883 884 0
883 923 0
884 885 0
884 924 0
885 886 0
885 925 0
886 887 0
886 926 0
887 888 0
887 927 0
888 889 0
888 928 0
889 890 0
889 929 0
890 891 0
890 930 0
891 892 0
891 931 0
892 893 0
892 932 0
893 894 0
893 933 0
894 895 0
894 934 0
895 896 0
895 935 0
896 897 0
896 936 0
897 898 0
897 937 0
898 899 0
898 938 0
899 900 0
899 939 0
900 901 0
900 940 0
901 902 0
901 941 0
902 903 0
902 942 0
903 904 0
903 943 0
904 905 0
904 944 0
905 906 0
905 945 0
906 907 0
906 946 0
907 908 0
907 947 0
908 909 0
908 948 0
909 910 0
909 949 0
910 911 0
910 950 0
911 912 0
911 951 0
912 913 0
912 952 0
913 914 0
913 953 0
914 915 0
914 954 0
915 916 0
915 955 0
916 917 0
916 956 0
917 918 0
917 957 0
918 919 0
918 958 0
919 920 0
919 959 0
920 960 0
921 922 0
921 961 0
922 923 0
922 962 0
923 924 0
923 963 0
924 925 0
924 964 0
925 926 0
925 965 0
926 927 0
926 966 0
927 928 0
927 967 0
928 929 0
928 968 0
929 930 0
929 969 0
930 931 0
930 970 0
931 932 0
931 971 0
932 933 0
932 972 0
933 934 0
933 973 0
934 935 0
934 974 0
935 936 0
935 975 0
936 937 0
936 976 0
937 938 0
937 977 0
938 939 0
938 978 0
939 940 0
939 979 0
940 941 0
940 980 0
941 942 0
941 981 0
942 943 0
942 982 0
943 944 0
943 983 0
944 945 0
944 984 0
945 946 0
945 985 0
946 947 0
946 986 0
947 948 0
947 987 0
948 949 0
948 988 0
949 950 0
949 989 0
950 951 0
950 990 0
951 952 0
951 991 0
952 953 0
952 992 0
953 954 0
953 993 0
954 955 0
954 994 0
955 956 0
955 995 0
956 957 0
956 996 0
957 958 0
957 997 0
958 959 0
958 998 0
959 960 0
959 999 0
960 1000 0
961 962 0
961 1001 0
962 963 0
962 1002 0
963 964 0
963 1003 0
964 965 0
964 1004 0
965 966 0
965 1005 0
966 967 0
966 1006 0
967 968 0
967 1007 0
968 969 0
968 1008 0
969 970 0
969 1009 0
970 971 0
970 1010 0
971 972 0
971 1011 0
972 973 0
972 1012 0
973 974 0
973 1013 0
974 975 0
974 1014 0
975 976 0
975 1015 0
976 977 0
976 1016 0
977 978 0
977 1017 0
978 979 0
978 1018 0
979 980 0
979 1019 0
980 981 0
980 1020 0
981 982 0
981 1021 0
982 983 0
982 1022 0
983 984 0
983 1023 0
984 985 0
984 1024 0
985 986 0
985 1025 0
986 987 0
986 1026 0
987 988 0
987 1027 0
988 989 0
988 1028 0
989 990 0
989 1029 0
990 991 0
990 1030 0
991 992 0
991 1031 0
992 993 0
992 1032 0
993 994 0
993 1033 0
994 995 0
994 1034 0
995 996 0
995 1035 0
996 997 0
996 1036 0
997 998 0
997 1037 0
998 999 0
998 1038 0
999 1000 0
999 1039 0
1000 1040 0
1001 1002 0
1001 1041 0
1002 1003 0
1002 1042 0
1003 1004 0
1003 1043 0
1004 1005 0
1004 1044 0
1005 1006 0
1005 1045 0
1006 1007 0
1006 1046 0
1007 1008 0
1007 1047 0
1008 1009 0
1008 1048 0
1009 1010 0
1009 1049 0
1010 1011 0
1010 1050 0
1011 1012 0
1011 1051 0
1012 1013 0
1012 1052 0
1013 1014 0
1013 1053 0
1014 1015 0
1014 1054 0
1015 1016 0
1015 1055 0
1016 1017 0
1016 1056 0
1017 1018 0
1017 1057 0
1018 1019 0
1018 1058 0
1019 1020 0
1019 1059 0
1020 1021 0
1020 1060 0
1021 1022 0
1021 1061 0
1022 1023 0
1022 1062 0
1023 1024 0
1023 1063 0
1024 1025 0
1024 1064 0
1025 1026 0
1025 1065 0
1026 1027 0
1026 1066 0
1027 1028 0
1027 1067 0
1028 1029 0
1028 1068 0
1029 1030 0
1029 1069 0
1030 1031 0
1030 1070 0
1031 1032 0
1031 1071 0
1032 1033 0
1032 1072 0
1033 1034 0
1033 1073 0
1034 1035 0
1034 1074 0
1035 1036 0
1035 1075 0
1036 1037 0
1036 1076 0
1037 1038 0
1037 1077 0
1038 1039 0
1038 1078 0
1039 1040 0
1039 1079 0
1040 1080 0
1041 1042 0
1041 1081 0
1042 1043 0
1042 1082 0
1043 1044 0
1043 1083 0
1044 1045 0
1044 1084 0
1045 1046 0
1045 1085 0
1046 1047 0
1046 1086 0
1047 1048 0
1047 1087 0
1048 1049 0
1048 1088 0
1049 1050 0
1049 1089 0
1050 1051 0
1050 1090 0
1051 1052 0
1051 1091 0
1052 1053 0
1052 1092 0
1053 1054 0
1053 1093 0
1054 1055 0
1054 1094 0
1055 1056 0
1055 1095 0
1056 1057 0
1056 1096 0
1057 1058 0
1057 1097 0
1058 1059 0
1058 1098 0
1059 1060 0
1059 1099 0
1060 1061 0
1060 1100 0
1061 1062 0
1061 1101 0
1062 1063 0
1062 1102 0
1063 1064 0
1063 1103 0
1064 1065 0
1064 1104 0
1065 1066 0
1065 1105 0
1066 1067 0
1066 1106 0
1067 1068 0
1067 1107 0
1068 1069 0
1068 1108 0
1069 1070 0
1069 1109 0
1070 1071 0
1070 1110 0
1071 1072 0
1071 1111 0
1072 1073 0
1072 1112 0
1073 1074 0
1073 1113 0
1074 1075 0
1074 1114 0
1075 1076 0
1075 1115 0
1076 1077 0
1076 1116 0
1077 1078 0
1077 1117 0
1078 1079 0
1078 1118 0
1079 1080 0
1079 1119 0
1080 1120 0
1081 1082 0
1081 1121 0
1082 1083 0
1082 1122 0
1083 1084 0
1083 1123 0
1084 1085 0
1084 1124 0
1085 1086 0
1085 1125 0
1086 1087 0
1086 1126 0
1087 1088 0
1087 1127 0
1088 1089 0
1088 1128 0
1089 1090 0
1089 1129 0
1090 1091 0
1090 1130 0
1091 1092 0
1091 1131 0
1092 1093 0
1092 1132 0
1093 1094 0
1093 1133 0
1094 1095 0
1094 1134 0
1095 1096 0
1095 1135 0
1096 1097 0
1096 1136 0
1097 1098 0
1097 1137 0
1098 1099 0
1098 1138 0
1099 1100 0
1099 1139 0
1100 1101 0
1100 1140 0
1101 1102 0
1101 1141 0
1102 1103 0
1102 1142 0
1103 1104 0
1103 1143 0
1104 1105 0
1104 1144 0
1105 1106 0
1105 1145 0
1106 1107 0
1106 1146 0
1107 1108 0
1107 1147 0
1108 1109 0
1108 1148 0
1109 1110 0
1109 1149 0
1110 1111 0
1110 1150 0
1111 1112 0
1111 1151 0
1112 1113 0
1112 1152 0
1113 1114 0
1113 1153 0
1114 1115 0
1114 1154 0
1115 1116 0
1115 1155 0
1116 1117 0
1116 1156 0
1117 1118 0
1117 1157 0
1118 1119 0
1118 1158 0
1119 1120 0
1119 1159 0
1120 1160 0
1121 1122 0
1121 1161 0
1122 1123 0
1122 1162 0
1123 1124 0
1123 1163 0
1124 1125 0
1124 1164 0
1125 1126 0
1125 1165 0
1126 1127 0
1126 1166 0
1127 1128 0
1127 1167 0
1128 1129 0
1128 1168 0
1129 1130 0
1129 1169 0
1130 1131 0
1130 1170 0
1131 1132 0
1131 1171 0
1132 1133 0
1132 1172 0
1133 1134 0
1133 1173 0
1134 1135 0
1134 1174 0
1135 1136 0
1135 1175 0
1136 1137 0
1136 1176 0
1137 1138 0
1137 1177 0
1138 1139 0
1138 1178 0
1139 1140 0
1139 1179 0
1140 1141 0
1140 1180 0
1141 1142 0
1141 1181 0
1142 1143 0
1142 1182 0
1143 1144 0
1143 1183 0
1144 1145 0
1144 1184 0
1145 1146 0
1145 1185 0
1146 1147 0
1146 1186 0
1147 1148 0
1147 1187 0
1148 1149 0
1148 1188 0
1149 1150 0
1149 1189 0
1150 1151 0
1150 1190 0
1151 1152 0
1151 1191 0
1152 1153 0
1152 1192 0
1153 1154 0
1153 1193 0
1154 1155 0
1154 1194 0
1155 1156 0
1155 1195 0
1156 1157 0
1156 1196 0
1157 1158 0
1157 1197 0
1158 1159 0
1158 1198 0
1159 1160 0
1159 1199 0
1160 1200 0
1161 1162 0
1161 1201 0
1162 1163 0
1162 1202 0
1163 1164 0
1163 1203 0
1164 1165 0
1164 1204 0
1165 1166 0
1165 1205 0
1166 1167 0
1166 1206 0
1167 1168 0
1167 1207 0
1168 1169 0
1168 1208 0
1169 1170 0
1169 1209 0
1170 1171 0
1170 1210 0
1171 1172 0
1171 1211 0
1172 1173 0
1172 1212 0
1173 1174 0
1173 1213 0
1174 1175 0
1174 1214 0
1175 1176 0
1175 1215 0
1176 1177 0
1176 1216 0
1177 1178 0
1177 1217 0
1178 1179 0
1178 1218 0
1179 1180 0
1179 1219 0
1180 1181 0
1180 1220 0
1181 1182 0
1181 1221 0
1182 1183 0
1182 1222 0
1183 1184 0
1183 1223 0
1184 1185 0
1184 1224 0
1185 1186 0
1185 1225 0
1186 1187 0
1186 1226 0
1187 1188 0
1187 1227 0
1188 1189 0
1188 1228 0
1189 1190 0
1189 1229 0
1190 1191 0
1190 1230 0
1191 1192 0
1191 1231 0
1192 1193 0
1192 1232 0
1193 1194 0
1193 1233 0
1194 1195 0
1194 1234 0
1195 1196 0
1195 1235 0
1196 1197 0
1196 1236 0
1197 1198 0
1197 1237 0
1198 1199 0
1198 1238 0
1199 1200 0
1199 1239 0
1200 1240 0
1201 1202 0
1201 1241 0
1202 1203 0
1202 1242 0
1203 1204 0
1203 1243 0
1204 1205 0
1204 1244 0
1205 1206 0
1205 1245 0
1206 1207 0
1206 1246 0
1207 1208 0
1207 1247 0
1208 1209 0
1208 1248 0
1209 1210 0
1209 1249 0
1210 1211 0
1210 1250 0
1211 1212 0
1211 1251 0
1212 1213 0
1212 1252 0
1213 1214 0
1213 1253 0
1214 1215 0
1214 1254 0
1215 1216 0
1215 1255 0
1216 1217 0
1216 1256 0
1217 1218 0
1217 1257 0
1218 1219 0
1218 1258 0
1219 1220 0
1219 1259 0
1220 1221 0
1220 1260 0
1221 1222 0
1221 1261 0
1222 1223 0
1222 1262 0
1223 1224 0
1223 1263 0
1224 1225 0
1224 1264 0
1225 1226 0
1225 1265 0
1226 1227 0
1226 1266 0
1227 1228 0
1227 1267 0
1228 1229 0
1228 1268 0
1229 1230 0
1229 1269 0
1230 1231 0
1230 1270 0
1231 1232 0
1231 1271 0
1232 1233 0
1232 1272 0
1233 1234 0
1233 1273 0
1234 1235 0
1234 1274 0
1235 1236 0
1235 1275 0
1236 1237 0
1236 1276 0
1237 1238 0
1237 1277 0
1238 1239 0
1238 1278 0
1239 1240 0
1239 1279 0
1240 1280 0
1241 1242 0
1241 1281 0
1242 1243 0
1242 1282 0
1243 1244 0
1243 1283 0
1244 1245 0
1244 1284 0
1245 1246 0
1245 1285 0
1246 1247 0
1246 1286 0
1247 1248 0
1247 1287 0
1248 1249 0
1248 1288 0
1249 1250 0
1249 1289 0
1250 1251 0
1250 1290 0
1251 1252 0
1251 1291 0
1252 1253 0
1252 1292 0
1253 1254 0
1253 1293 0
1254 1255 0
1254 1294 0
1255 1256 0
1255 1295 0
1256 1257 0
1256 1296 0
1257 1258 0
1257 1297 0
1258 1259 0
1258 1298 0
1259 1260 0
1259 1299 0
1260 1261 0
1260 1300 0
1261 1262 0
1261 1301 0
1262 1263 0
1262 1302 0
1263 1264 0
1263 1303 0
1264 1265 0
1264 1304 0
1265 1266 0
1265 1305 0
1266 1267 0
1266 1306 0
1267 1268 0
1267 1307 0
1268 1269 0
1268 1308 0
1269 1270 0
1269 1309 0
1270 1271 0
1270 1310 0
1271 1272 0
1271 1311 0
1272 1273 0
1272 1312 0
1273 1274 0
1273 1313 0
1274 1275 0
1274 1314 0
1275 1276 0
1275 1315 0
1276 1277 0
1276 1316 0
1277 1278 0
1277 1317 0
1278 1279 0
1278 1318 0
1279 1280 0
1279 1319 0
1280 1320 0
1281 1282 0
1281 1321 0
1282 1283 0
1282 1322 0
1283 1284 0
1283 1323 0
1284 1285 0
1284 1324 0
1285 1286 0
1285 1325 0
1286 1287 0
1286 1326 0
1287 1288 0
1287 1327 0
1288 1289 0
1288 1328 0
1289 1290 0
1289 1329 0
1290 1291 0
1290 1330 0
1291 1292 0
1291 1331 0
1292 1293 0
1292 1332 0
1293 1294 0
1293 1333 0
1294 1295 0
1294 1334 0
1295 1296 0
1295 1335 0
1296 1297 0
1296 1336 0
1297 1298 0
1297 1337 0
1298 1299 0
1298 1338 0
1299 1300 0
1299 1339 0
1300 1301 0
1300 1340 0
1301 1302 0
1301 1341 0
1302 1303 0
1302 1342 0
1303 1304 0
1303 1343 0
1304 1305 0
1304 1344 0
1305 1306 0
1305 1345 0
1306 1307 0
1306 1346 0
1307 1308 0
1307 1347 0
1308 1309 0
1308 1348 0
1309 1310 0
1309 1349 0
1310 1311 0
1310 1350 0
1311 1312 0
1311 1351 0
1312 1313 0
1312 1352 0
1313 1314 0
1313 1353 0
1314 1315 0
1314 1354 0
1315 1316 0
1315 1355 0
1316 1317 0
1316 1356 0
1317 1318 0
1317 1357 0
1318 1319 0
1318 1358 0
1319 1320 0
1319 1359 0
1320 1360 0
1321 1322 0
1321 1361 0
1322 1323 0
1322 1362 0
1323 1324 0
1323 1363 0
1324 1325 0
1324 1364 0
1325 1326 0
1325 1365 0
1326 1327 0
1326 1366 0
1327 1328 0
1327 1367 0
1328 1329 0
1328 1368 0
1329 1330 0
1329 1369 0
1330 1331 0
1330 1370 0
1331 1332 0
1331 1371 0
1332 1333 0
1332 1372 0
1333 1334 0
1333 1373 0
1334 1335 0
1334 1374 0
1335 1336 0
1335 1375 0
1336 1337 0
1336 1376 0
1337 1338 0
1337 1377 0
1338 1339 0
1338 1378 0
1339 1340 0
1339 1379 0
1340 1341 0
1340 1380 0
1341 1342 0
1341 1381 0
1342 1343 0
1342 1382 0
1343 1344 0
1343 1383 0
1344 1345 0
1344 1384 0
1345 1346 0
1345 1385 0
1346 1347 0
1346 1386 0
1347 1348 0
1347 1387 0
1348 1349 0
1348 1388 0
1349 1350 0
1349 1389 0
1350 1351 0
1350 1390 0
1351 1352 0
1351 1391 0
1352 1353 0
1352 1392 0
1353 1354 0
1353 1393 0
1354 1355 0
1354 1394 0
1355 1356 0
1355 1395 0
1356 1357 0
1356 1396 0
1357 1358 0
1357 1397 0
1358 1359 0
1358 1398 0
1359 1360 0
1359 1399 0
1360 1400 0
1361 1362 0
1361 1401 0
1362 1363 0
1362 1402 0
1363 1364 0
1363 1403 0
1364 1365 0
1364 1404 0
1365 1366 0
1365 1405 0
1366 1367 0
1366 1406 0
1367 1368 0
1367 1407 0
1368 1369 0
1368 1408 0
1369 1370 0
1369 1409 0
1370 1371 0
1370 1410 0
1371 1372 0
1371 1411 0
1372 1373 0
1372 1412 0
1373 1374 0
1373 1413 0
1374 1375 0
1374 1414 0
1375 1376 0
1375 1415 0
1376 1377 0
1376 1416 0
1377 1378 0
1377 1417 0
1378 1379 0
1378 1418 0
1379 1380 0
1379 1419 0
1380 1381 0
1380 1420 0
1381 1382 0
1381 1421 0
1382 1383 0
1382 1422 0
1383 1384 0
1383 1423 0
1384 1385 0
1384 1424 0
1385 1386 0
1385 1425 0
1386 1387 0
1386 1426 0
1387 1388 0
1387 1427 0
1388 1389 0
1388 1428 0
1389 1390 0
1389 1429 0
1390 1391 0
1390 1430 0
1391 1392 0
1391 1431 0
1392 1393 0
1392 1432 0
1393 1394 0
1393 1433 0
1394 1395 0
1394 1434 0
1395 1396 0
1395 1435 0
1396 1397 0
1396 1436 0
1397 1398 0
1397 1437 0
1398 1399 0
1398 1438 0
1399 1400 0
1399 1439 0
1400 1440 0
1401 1402 0
1401 1441 0
1402 1403 0
1402 1442 0
1403 1404 0
1403 1443 0
1404 1405 0
1404 1444 0
1405 1406 0
1405 1445 0
1406 1407 0
1406 1446 0
1407 1408 0
1407 1447 0
1408 1409 0
1408 1448 0
1409 1410 0
1409 1449 0
1410 1411 0
1410 1450 0
1411 1412 0
1411 1451 0
1412 1413 0
1412 1452 0
1413 1414 0
1413 1453 0
1414 1415 0
1414 1454 0
1415 1416 0
1415 1455 0
1416 1417 0
1416 1456 0
1417 1418 0
1417 1457 0
1418 1419 0
1418 1458 0
1419 1420 0
1419 1459 0
1420 1421 0
1420 1460 0
1421 1422 0
1421 1461 0
1422 1423 0
1422 1462 0
1423 1424 0
1423 1463 0
1424 1425 0
1424 1464 0
1425 1426 0
1425 1465 0
1426 1427 0
1426 1466 0
1427 1428 0
1427 1467 0
1428 1429 0
1428 1468 0
1429 1430 0
1429 1469 0
1430 1431 0
1430 1470 0
1431 1432 0
1431 1471 0
1432 1433 0
1432 1472 0
1433 1434 0
1433 1473 0
1434 1435 0
1434 1474 0
1435 1436 0
1435 1475 0
1436 1437 0
1436 1476 0
1437 1438 0
1437 1477 0
1438 1439 0
1438 1478 0
1439 1440 0
1439 1479 0
1440 1480 0
1441 1442 0
1441 1481 0
1442 1443 0
1442 1482 0
1443 1444 0
1443 1483 0
1444 1445 0
1444 1484 0
1445 1446 0
1445 1485 0
1446 1447 0
1446 1486 0
1447 1448 0
1447 1487 0
1448 1449 0
1448 1488 0
1449 1450 0
1449 1489 0
1450 1451 0
1450 1490 0
1451 1452 0
1451 1491 0
1452 1453 0
1452 1492 0
1453 1454 0
1453 1493 0
1454 1455 0
1454 1494 0
1455 1456 0
1455 1495 0
1456 1457 0
1456 1496 0
1457 1458 0
1457 1497 0
1458 1459 0
1458 1498 0
1459 1460 0
1459 1499 0
1460 1461 0
1460 1500 0
1461 1462 0
1461 1501 0
1462 1463 0
1462 1502 0
1463 1464 0
1463 1503 0
1464 1465 0
1464 1504 0
1465 1466 0
1465 1505 0
1466 1467 0
1466 1506 0
1467 1468 0
1467 1507 0
1468 1469 0
1468 1508 0
1469 1470 0
1469 1509 0
1470 1471 0
1470 1510 0
1471 1472 0
1471 1511 0
1472 1473 0
1472 1512 0
1473 1474 0
1473 1513 0
1474 1475 0
1474 1514 0
1475 1476 0
1475 1515 0
1476 1477 0
1476 1516 0
1477 1478 0
1477 1517 0
1478 1479 0
1478 1518 0
1479 1480 0
1479 1519 0
1480 1520 0
1481 1482 0
1481 1521 0
1482 1483 0
1482 1522 0
1483 1484 0
1483 1523 0
1484 1485 0
1484 1524 0
1485 1486 0
1485 1525 0
1486 1487 0
1486 1526 0
1487 1488 0
1487 1527 0
1488 1489 0
1488 1528 0
1489 1490 0
1489 1529 0
1490 1491 0
1490 1530 0
1491 1492 0
1491 1531 0
1492 1493 0
1492 1532 0
1493 1494 0
1493 1533 0
1494 1495 0
1494 1534 0
1495 1496 0
1495 1535 0
1496 1497 0
1496 1536 0
1497 1498 0
1497 1537 0
1498 1499 0
1498 1538 0
1499 1500 0
1499 1539 0
1500 1501 0
1500 1540 0
1501 1502 0
1501 1541 0
1502 1503 0
1502 1542 0
1503 1504 0
1503 1543 0
1504 1505 0
1504 1544 0
1505 1506 0
1505 1545 0
1506 1507 0
1506 1546 0
1507 1508 0
1507 1547 0
1508 1509 0
1508 1548 0
1509 1510 0
1509 1549 0
1510 1511 0
1510 1550 0
1511 1512 0
1511 1551 0
1512 1513 0
1512 1552 0
1513 1514 0
1513 1553 0
1514 1515 0
1514 1554 0
1515 1516 0
1515 1555 0
1516 1517 0
1516 1556 0
1517 1518 0
1517 1557 0
1518 1519 0
1518 1558 0
1519 1520 0
1519 1559 0
1520 1560 0
1521 1522 0
1521 1561 0
1522 1523 0
1522 1562 0
1523 1524 0
1523 1563 0
1524 1525 0
1524 1564 0
1525 1526 0
1525 1565 0
1526 1527 0
1526 1566 0
1527 1528 0
1527 1567 0
1528 1529 0
1528 1568 0
1529 1530 0
1529 1569 0
1530 1531 0
1530 1570 0
1531 1532 0
1531 1571 0
1532 1533 0
1532 1572 0
1533 1534 0
1533 1573 0
1534 1535 0
1534 1574 0
1535 1536 0
1535 1575 0
1536 1537 0
1536 1576 0
1537 1538 0
1537 1577 0
1538 1539 0
1538 1578 0
1539 1540 0
1539 1579 0
1540 1541 0
1540 1580 0
1541 1542 0
1541 1581 0
1542 1543 0
1542 1582 0
1543 1544 0
1543 1583 0
1544 1545 0
1544 1584 0
1545 1546 0
1545 1585 0
1546 1547 0
1546 1586 0
1547 1548 0
1547 1587 0
1548 1549 0
1548 1588 0
1549 1550 0
1549 1589 0
1550 1551 0
1550 1590 0
1551 1552 0
1551 1591 0
1552 1553 0
1552 1592 0
1553 1554 0
1553 1593 0
1554 1555 0
1554 1594 0
1555 1556 0
1555 1595 0
1556 1557 0
1556 1596 0
1557 1558 0
1557 1597 0
1558 1559 0
1558 1598 0
1559 1560 0
1559 1599 0
1560 1600 0
1561 1562 0
1562 1563 0
1563 1564 0
1564 1565 0
1565 1566 0
1566 1567 0
1567 1568 0
1568 1569 0
1569 1570 0
1570 1571 0
1571 1572 0
1572 1573 0
1573 1574 0
1574 1575 0
1575 1576 0
1576 1577 0
1577 1578 0
1578 1579 0
1579 1580 0
1580 1581 0
1581 1582 0
1582 1583 0
1583 1584 0
1584 1585 0
1585 1586 0
1586 1587 0
1587 1588 0
1588 1589 0
1589 1590 0
1590 1591 0
1591 1592 0
1592 1593 0
1593 1594 0
1594 1595 0
1595 1596 0
1596 1597 0
1597 1598 0
1598 1599 0
1599 1600 0
