2500 4900 
1 646 
2 181 
3 80 
4 308 
5 220 
6 160 
7 665 
8 639 
9 63 
10 582 
11 304 
12 538 
13 667 
14 241 
15 427 
16 708 
17 581 
18 433 
19 502 
20 384 
21 72 
22 719 
23 389 
24 158 
25 442 
26 518 
27 444 
28 449 
29 173 
30 168 
31 574 
32 605 
33 104 
34 639 
35 129 
36 584 
37 465 
38 272 
39 172 
40 109 
41 104 
42 305 
43 579 
44 249 
45 512 
46 29 
47 562 
48 371 
49 586 
50 55 
51 498 
52 480 
53 678 
54 450 
55 371 
56 546 
57 564 
58 213 
59 233 
60 527 
61 72 
62 415 
63 42 
64 273 
65 652 
66 501 
67 614 
68 573 
69 147 
70 340 
71 442 
72 165 
73 68 
74 121 
75 628 
76 734 
77 68 
78 302 
79 568 
80 310 
81 474 
82 231 
83 112 
84 504 
85 136 
86 389 
87 354 
88 395 
89 478 
90 269 
91 671 
92 740 
93 724 
94 598 
95 71 
96 63 
97 294 
98 433 
99 709 
100 424 
101 330 
102 5 
103 287 
104 414 
105 78 
106 700 
107 252 
108 245 
109 51 
110 323 
111 659 
112 101 
113 44 
114 133 
115 718 
116 549 
117 659 
118 147 
119 273 
120 646 
121 698 
122 189 
123 558 
124 36 
125 361 
126 698 
127 635 
128 632 
129 67 
130 61 
131 626 
132 608 
133 182 
134 294 
135 572 
136 627 
137 239 
138 452 
139 658 
140 213 
141 403 
142 106 
143 717 
144 180 
145 458 
146 634 
147 671 
148 220 
149 613 
150 650 
151 223 
152 106 
153 431 
154 121 
155 154 
156 175 
157 44 
158 167 
159 746 
160 485 
161 674 
162 518 
163 85 
164 235 
165 183 
166 297 
167 633 
168 463 
169 208 
170 128 
171 517 
172 181 
173 462 
174 444 
175 227 
176 45 
177 234 
178 58 
179 381 
180 40 
181 398 
182 181 
183 23 
184 593 
185 8 
186 104 
187 112 
188 426 
189 509 
190 423 
191 103 
192 16 
193 615 
194 67 
195 223 
196 521 
197 466 
198 681 
199 746 
200 714 
201 620 
202 608 
203 589 
204 149 
205 717 
206 532 
207 156 
208 662 
209 549 
210 180 
211 451 
212 154 
213 276 
214 417 
215 347 
216 693 
217 326 
218 224 
219 6 
220 658 
221 365 
222 695 
223 67 
224 108 
225 501 
226 226 
227 376 
228 703 
229 74 
230 531 
231 262 
232 181 
233 490 
234 219 
235 407 
236 494 
237 401 
238 224 
239 576 
240 321 
241 12 
242 426 
243 340 
244 448 
245 701 
246 592 
247 371 
248 353 
249 83 
250 428 
251 304 
252 95 
253 24 
254 468 
255 322 
256 625 
257 743 
258 196 
259 734 
260 505 
261 484 
262 627 
263 289 
264 498 
265 511 
266 47 
267 534 
268 43 
269 213 
270 39 
271 691 
272 546 
273 445 
274 688 
275 263 
276 730 
277 700 
278 242 
279 271 
280 534 
281 572 
282 359 
283 9 
284 58 
285 130 
286 638 
287 277 
288 447 
289 420 
290 4 
291 526 
292 209 
293 237 
294 711 
295 550 
296 742 
297 352 
298 573 
299 38 
300 22 
301 533 
302 436 
303 181 
304 279 
305 341 
306 327 
307 328 
308 393 
309 402 
310 177 
311 614 
312 524 
313 262 
314 661 
315 264 
316 344 
317 115 
318 680 
319 613 
320 158 
321 502 
322 742 
323 677 
324 127 
325 561 
326 575 
327 585 
328 468 
329 407 
330 649 
331 734 
332 209 
333 319 
334 87 
335 542 
336 736 
337 566 
338 291 
339 688 
340 110 
341 49 
342 694 
343 132 
344 450 
345 31 
346 269 
347 236 
348 302 
349 718 
350 485 
351 571 
352 39 
353 586 
354 225 
355 327 
356 468 
357 233 
358 480 
359 37 
360 679 
361 65 
362 516 
363 245 
364 283 
365 101 
366 180 
367 710 
368 288 
369 251 
370 532 
371 531 
372 381 
373 55 
374 318 
375 721 
376 505 
377 337 
378 39 
379 10 
380 411 
381 660 
382 656 
383 267 
384 374 
385 27 
386 262 
387 741 
388 165 
389 548 
390 98 
391 396 
392 348 
393 727 
394 336 
395 78 
396 193 
397 481 
398 78 
399 459 
400 7 
401 116 
402 723 
403 723 
404 250 
405 746 
406 476 
407 247 
408 490 
409 677 
410 209 
411 155 
412 343 
413 652 
414 545 
415 188 
416 483 
417 514 
418 750 
419 38 
420 236 
421 488 
422 740 
423 82 
424 219 
425 718 
426 94 
427 526 
428 141 
429 652 
430 731 
431 326 
432 588 
433 189 
434 264 
435 286 
436 341 
437 136 
438 438 
439 57 
440 564 
441 738 
442 177 
443 735 
444 3 
445 77 
446 505 
447 474 
448 706 
449 253 
450 52 
451 497 
452 444 
453 75 
454 651 
455 602 
456 148 
457 538 
458 334 
459 724 
460 220 
461 734 
462 636 
463 399 
464 354 
465 547 
466 419 
467 359 
468 10 
469 148 
470 561 
471 76 
472 300 
473 729 
474 249 
475 161 
476 518 
477 607 
478 514 
479 32 
480 98 
481 333 
482 737 
483 575 
484 458 
485 433 
486 449 
487 623 
488 206 
489 27 
490 193 
491 136 
492 60 
493 25 
494 83 
495 576 
496 200 
497 71 
498 433 
499 119 
500 369 
501 328 
502 482 
503 712 
504 518 
505 390 
506 634 
507 696 
508 15 
509 678 
510 29 
511 352 
512 250 
513 512 
514 306 
515 414 
516 218 
517 631 
518 139 
519 339 
520 565 
521 158 
522 399 
523 307 
524 218 
525 98 
526 184 
527 722 
528 637 
529 351 
530 357 
531 78 
532 381 
533 412 
534 658 
535 399 
536 261 
537 398 
538 129 
539 263 
540 588 
541 509 
542 493 
543 224 
544 487 
545 602 
546 187 
547 666 
548 630 
549 430 
550 546 
551 709 
552 382 
553 543 
554 228 
555 479 
556 528 
557 710 
558 71 
559 354 
560 706 
561 487 
562 696 
563 146 
564 381 
565 283 
566 323 
567 225 
568 159 
569 561 
570 662 
571 176 
572 245 
573 380 
574 610 
575 292 
576 466 
577 468 
578 140 
579 264 
580 373 
581 142 
582 698 
583 343 
584 272 
585 675 
586 256 
587 99 
588 531 
589 457 
590 168 
591 2 
592 422 
593 707 
594 400 
595 139 
596 715 
597 58 
598 213 
599 345 
600 569 
601 628 
602 506 
603 428 
604 410 
605 196 
606 305 
607 448 
608 1 
609 54 
610 226 
611 388 
612 297 
613 320 
614 236 
615 649 
616 416 
617 277 
618 128 
619 599 
620 678 
621 431 
622 424 
623 317 
624 230 
625 43 
626 679 
627 173 
628 459 
629 88 
630 698 
631 550 
632 526 
633 380 
634 616 
635 304 
636 179 
637 273 
638 229 
639 421 
640 586 
641 747 
642 339 
643 666 
644 478 
645 462 
646 542 
647 301 
648 466 
649 174 
650 611 
651 225 
652 164 
653 372 
654 143 
655 467 
656 664 
657 302 
658 665 
659 294 
660 639 
661 494 
662 158 
663 632 
664 208 
665 562 
666 619 
667 117 
668 203 
669 128 
670 248 
671 242 
672 692 
673 196 
674 34 
675 61 
676 450 
677 205 
678 159 
679 192 
680 590 
681 313 
682 448 
683 223 
684 186 
685 476 
686 58 
687 651 
688 473 
689 309 
690 424 
691 118 
692 152 
693 43 
694 447 
695 176 
696 17 
697 141 
698 574 
699 746 
700 495 
701 272 
702 635 
703 111 
704 419 
705 708 
706 557 
707 241 
708 715 
709 167 
710 300 
711 712 
712 28 
713 196 
714 630 
715 354 
716 393 
717 549 
718 704 
719 298 
720 604 
721 171 
722 443 
723 280 
724 147 
725 500 
726 121 
727 698 
728 737 
729 45 
730 237 
731 291 
732 613 
733 93 
734 414 
735 351 
736 570 
737 215 
738 373 
739 600 
740 501 
741 103 
742 440 
743 668 
744 555 
745 389 
746 676 
747 295 
748 219 
749 422 
750 291 
751 538 
752 163 
753 563 
754 299 
755 345 
756 179 
757 632 
758 309 
759 215 
760 505 
761 85 
762 712 
763 285 
764 223 
765 320 
766 727 
767 746 
768 199 
769 111 
770 80 
771 388 
772 719 
773 163 
774 737 
775 342 
776 144 
777 425 
778 47 
779 624 
780 234 
781 305 
782 123 
783 69 
784 336 
785 389 
786 336 
787 249 
788 312 
789 189 
790 509 
791 280 
792 115 
793 646 
794 518 
795 582 
796 190 
797 570 
798 23 
799 193 
800 172 
801 737 
802 505 
803 426 
804 202 
805 326 
806 623 
807 721 
808 158 
809 671 
810 360 
811 477 
812 237 
813 259 
814 685 
815 294 
816 474 
817 446 
818 310 
819 93 
820 399 
821 442 
822 419 
823 379 
824 647 
825 532 
826 138 
827 304 
828 246 
829 84 
830 745 
831 687 
832 276 
833 466 
834 88 
835 550 
836 502 
837 349 
838 59 
839 202 
840 603 
841 501 
842 443 
843 463 
844 688 
845 410 
846 25 
847 496 
848 524 
849 605 
850 462 
851 30 
852 558 
853 430 
854 45 
855 198 
856 424 
857 267 
858 359 
859 11 
860 527 
861 346 
862 306 
863 695 
864 65 
865 360 
866 539 
867 618 
868 491 
869 533 
870 14 
871 695 
872 420 
873 675 
874 162 
875 529 
876 417 
877 548 
878 679 
879 560 
880 109 
881 64 
882 427 
883 350 
884 117 
885 150 
886 369 
887 175 
888 2 
889 656 
890 250 
891 749 
892 548 
893 296 
894 737 
895 381 
896 594 
897 183 
898 743 
899 272 
900 406 
901 219 
902 687 
903 449 
904 131 
905 585 
906 708 
907 417 
908 270 
909 275 
910 725 
911 93 
912 674 
913 228 
914 623 
915 159 
916 720 
917 605 
918 735 
919 257 
920 628 
921 263 
922 723 
923 485 
924 720 
925 180 
926 431 
927 615 
928 551 
929 223 
930 132 
931 216 
932 370 
933 19 
934 294 
935 36 
936 472 
937 274 
938 698 
939 442 
940 454 
941 96 
942 367 
943 299 
944 173 
945 312 
946 607 
947 285 
948 527 
949 600 
950 528 
951 15 
952 569 
953 102 
954 434 
955 455 
956 361 
957 277 
958 698 
959 604 
960 722 
961 426 
962 343 
963 209 
964 736 
965 171 
966 118 
967 433 
968 645 
969 440 
970 303 
971 388 
972 356 
973 498 
974 692 
975 465 
976 38 
977 185 
978 43 
979 97 
980 287 
981 103 
982 404 
983 595 
984 190 
985 627 
986 116 
987 262 
988 24 
989 676 
990 614 
991 304 
992 547 
993 584 
994 561 
995 564 
996 239 
997 717 
998 355 
999 147 
1000 44 
1001 629 
1002 462 
1003 660 
1004 61 
1005 747 
1006 359 
1007 728 
1008 162 
1009 267 
1010 354 
1011 17 
1012 440 
1013 300 
1014 746 
1015 309 
1016 580 
1017 257 
1018 20 
1019 293 
1020 466 
1021 344 
1022 447 
1023 553 
1024 317 
1025 145 
1026 742 
1027 2 
1028 484 
1029 452 
1030 287 
1031 680 
1032 731 
1033 316 
1034 610 
1035 317 
1036 689 
1037 305 
1038 215 
1039 684 
1040 63 
1041 241 
1042 353 
1043 486 
1044 109 
1045 710 
1046 620 
1047 580 
1048 163 
1049 535 
1050 611 
1051 14 
1052 154 
1053 503 
1054 27 
1055 325 
1056 156 
1057 124 
1058 61 
1059 347 
1060 635 
1061 474 
1062 46 
1063 403 
1064 8 
1065 745 
1066 337 
1067 98 
1068 182 
1069 451 
1070 345 
1071 583 
1072 507 
1073 34 
1074 23 
1075 229 
1076 19 
1077 414 
1078 712 
1079 622 
1080 178 
1081 669 
1082 516 
1083 285 
1084 534 
1085 74 
1086 644 
1087 443 
1088 56 
1089 324 
1090 479 
1091 707 
1092 407 
1093 563 
1094 121 
1095 426 
1096 217 
1097 728 
1098 433 
1099 267 
1100 116 
1101 244 
1102 374 
1103 215 
1104 434 
1105 174 
1106 501 
1107 58 
1108 176 
1109 743 
1110 503 
1111 87 
1112 555 
1113 30 
1114 580 
1115 229 
1116 736 
1117 331 
1118 153 
1119 506 
1120 463 
1121 421 
1122 259 
1123 629 
1124 559 
1125 45 
1126 720 
1127 742 
1128 660 
1129 129 
1130 178 
1131 418 
1132 266 
1133 371 
1134 561 
1135 736 
1136 327 
1137 746 
1138 88 
1139 175 
1140 407 
1141 384 
1142 561 
1143 687 
1144 59 
1145 181 
1146 431 
1147 215 
1148 383 
1149 215 
1150 470 
1151 575 
1152 708 
1153 578 
1154 100 
1155 351 
1156 653 
1157 368 
1158 431 
1159 426 
1160 551 
1161 104 
1162 142 
1163 502 
1164 291 
1165 648 
1166 20 
1167 461 
1168 619 
1169 352 
1170 396 
1171 715 
1172 460 
1173 423 
1174 681 
1175 502 
1176 143 
1177 60 
1178 54 
1179 440 
1180 450 
1181 643 
1182 212 
1183 66 
1184 443 
1185 634 
1186 77 
1187 594 
1188 441 
1189 410 
1190 732 
1191 35 
1192 433 
1193 261 
1194 139 
1195 516 
1196 273 
1197 47 
1198 311 
1199 103 
1200 41 
1201 551 
1202 258 
1203 434 
1204 326 
1205 733 
1206 528 
1207 294 
1208 353 
1209 289 
1210 45 
1211 287 
1212 99 
1213 87 
1214 461 
1215 426 
1216 60 
1217 639 
1218 170 
1219 423 
1220 636 
1221 547 
1222 423 
1223 269 
1224 388 
1225 664 
1226 698 
1227 102 
1228 286 
1229 370 
1230 711 
1231 469 
1232 633 
1233 673 
1234 172 
1235 613 
1236 67 
1237 114 
1238 420 
1239 168 
1240 27 
1241 194 
1242 224 
1243 390 
1244 735 
1245 542 
1246 528 
1247 356 
1248 554 
1249 675 
1250 126 
1251 565 
1252 65 
1253 96 
1254 160 
1255 208 
1256 194 
1257 308 
1258 181 
1259 75 
1260 492 
1261 652 
1262 509 
1263 145 
1264 614 
1265 692 
1266 407 
1267 557 
1268 161 
1269 43 
1270 63 
1271 572 
1272 636 
1273 377 
1274 201 
1275 263 
1276 350 
1277 61 
1278 2 
1279 120 
1280 447 
1281 566 
1282 607 
1283 378 
1284 39 
1285 130 
1286 416 
1287 12 
1288 611 
1289 380 
1290 646 
1291 685 
1292 118 
1293 711 
1294 506 
1295 680 
1296 212 
1297 702 
1298 586 
1299 16 
1300 43 
1301 291 
1302 37 
1303 721 
1304 273 
1305 563 
1306 390 
1307 582 
1308 451 
1309 134 
1310 749 
1311 306 
1312 86 
1313 108 
1314 503 
1315 282 
1316 63 
1317 287 
1318 174 
1319 227 
1320 234 
1321 65 
1322 11 
1323 672 
1324 642 
1325 560 
1326 738 
1327 445 
1328 178 
1329 41 
1330 351 
1331 540 
1332 682 
1333 694 
1334 730 
1335 470 
1336 506 
1337 23 
1338 278 
1339 523 
1340 253 
1341 13 
1342 271 
1343 396 
1344 49 
1345 139 
1346 94 
1347 571 
1348 117 
1349 32 
1350 372 
1351 135 
1352 31 
1353 704 
1354 428 
1355 378 
1356 684 
1357 423 
1358 129 
1359 553 
1360 367 
1361 421 
1362 734 
1363 594 
1364 107 
1365 356 
1366 481 
1367 491 
1368 580 
1369 120 
1370 7 
1371 398 
1372 731 
1373 635 
1374 455 
1375 587 
1376 187 
1377 391 
1378 76 
1379 310 
1380 295 
1381 339 
1382 544 
1383 456 
1384 438 
1385 291 
1386 705 
1387 379 
1388 427 
1389 244 
1390 149 
1391 140 
1392 624 
1393 300 
1394 577 
1395 53 
1396 6 
1397 734 
1398 235 
1399 701 
1400 111 
1401 391 
1402 178 
1403 467 
1404 50 
1405 438 
1406 87 
1407 272 
1408 416 
1409 97 
1410 312 
1411 322 
1412 80 
1413 277 
1414 556 
1415 728 
1416 46 
1417 562 
1418 49 
1419 128 
1420 190 
1421 55 
1422 127 
1423 296 
1424 161 
1425 382 
1426 41 
1427 164 
1428 106 
1429 311 
1430 603 
1431 67 
1432 45 
1433 657 
1434 545 
1435 347 
1436 201 
1437 89 
1438 669 
1439 218 
1440 537 
1441 456 
1442 147 
1443 736 
1444 717 
1445 488 
1446 509 
1447 46 
1448 142 
1449 142 
1450 266 
1451 155 
1452 569 
1453 457 
1454 121 
1455 136 
1456 229 
1457 730 
1458 192 
1459 90 
1460 195 
1461 380 
1462 383 
1463 464 
1464 277 
1465 247 
1466 161 
1467 47 
1468 182 
1469 244 
1470 484 
1471 20 
1472 583 
1473 724 
1474 643 
1475 604 
1476 582 
1477 83 
1478 80 
1479 294 
1480 731 
1481 167 
1482 72 
1483 48 
1484 422 
1485 264 
1486 720 
1487 145 
1488 672 
1489 75 
1490 80 
1491 641 
1492 362 
1493 103 
1494 403 
1495 242 
1496 661 
1497 715 
1498 510 
1499 124 
1500 304 
1501 453 
1502 167 
1503 424 
1504 12 
1505 510 
1506 437 
1507 354 
1508 725 
1509 519 
1510 544 
1511 522 
1512 111 
1513 76 
1514 717 
1515 60 
1516 103 
1517 583 
1518 665 
1519 543 
1520 178 
1521 209 
1522 280 
1523 228 
1524 268 
1525 385 
1526 327 
1527 717 
1528 466 
1529 322 
1530 57 
1531 182 
1532 439 
1533 419 
1534 532 
1535 267 
1536 409 
1537 128 
1538 665 
1539 263 
1540 435 
1541 3 
1542 384 
1543 79 
1544 172 
1545 118 
1546 90 
1547 450 
1548 10 
1549 297 
1550 14 
1551 287 
1552 152 
1553 115 
1554 376 
1555 545 
1556 466 
1557 426 
1558 539 
1559 330 
1560 202 
1561 684 
1562 66 
1563 287 
1564 223 
1565 556 
1566 200 
1567 255 
1568 67 
1569 557 
1570 386 
1571 712 
1572 196 
1573 118 
1574 282 
1575 9 
1576 22 
1577 593 
1578 418 
1579 331 
1580 136 
1581 39 
1582 173 
1583 481 
1584 163 
1585 470 
1586 282 
1587 111 
1588 640 
1589 448 
1590 164 
1591 368 
1592 449 
1593 429 
1594 475 
1595 62 
1596 678 
1597 252 
1598 148 
1599 702 
1600 82 
1601 333 
1602 578 
1603 570 
1604 285 
1605 67 
1606 13 
1607 221 
1608 498 
1609 347 
1610 168 
1611 450 
1612 508 
1613 457 
1614 86 
1615 697 
1616 221 
1617 393 
1618 299 
1619 247 
1620 682 
1621 529 
1622 82 
1623 722 
1624 402 
1625 664 
1626 233 
1627 626 
1628 182 
1629 706 
1630 234 
1631 495 
1632 349 
1633 281 
1634 254 
1635 280 
1636 277 
1637 69 
1638 483 
1639 525 
1640 53 
1641 501 
1642 399 
1643 595 
1644 525 
1645 475 
1646 154 
1647 236 
1648 356 
1649 109 
1650 543 
1651 745 
1652 348 
1653 527 
1654 467 
1655 317 
1656 224 
1657 368 
1658 438 
1659 284 
1660 52 
1661 10 
1662 518 
1663 45 
1664 314 
1665 226 
1666 351 
1667 531 
1668 85 
1669 614 
1670 324 
1671 84 
1672 741 
1673 242 
1674 173 
1675 254 
1676 383 
1677 181 
1678 256 
1679 376 
1680 186 
1681 596 
1682 742 
1683 85 
1684 449 
1685 619 
1686 429 
1687 25 
1688 715 
1689 54 
1690 416 
1691 440 
1692 739 
1693 462 
1694 574 
1695 210 
1696 731 
1697 453 
1698 326 
1699 458 
1700 225 
1701 636 
1702 583 
1703 176 
1704 523 
1705 135 
1706 716 
1707 114 
1708 552 
1709 37 
1710 42 
1711 723 
1712 78 
1713 174 
1714 239 
1715 345 
1716 556 
1717 375 
1718 647 
1719 273 
1720 285 
1721 622 
1722 72 
1723 27 
1724 119 
1725 581 
1726 6 
1727 321 
1728 467 
1729 104 
1730 177 
1731 410 
1732 422 
1733 446 
1734 255 
1735 126 
1736 722 
1737 376 
1738 511 
1739 149 
1740 170 
1741 52 
1742 521 
1743 76 
1744 654 
1745 208 
1746 681 
1747 300 
1748 68 
1749 245 
1750 209 
1751 674 
1752 730 
1753 502 
1754 307 
1755 491 
1756 176 
1757 14 
1758 564 
1759 701 
1760 696 
1761 44 
1762 160 
1763 327 
1764 393 
1765 310 
1766 701 
1767 118 
1768 617 
1769 281 
1770 27 
1771 74 
1772 432 
1773 525 
1774 273 
1775 286 
1776 342 
1777 261 
1778 372 
1779 412 
1780 87 
1781 234 
1782 297 
1783 486 
1784 290 
1785 469 
1786 112 
1787 684 
1788 170 
1789 378 
1790 111 
1791 672 
1792 400 
1793 44 
1794 117 
1795 127 
1796 72 
1797 463 
1798 585 
1799 194 
1800 664 
1801 174 
1802 19 
1803 626 
1804 215 
1805 196 
1806 25 
1807 106 
1808 22 
1809 33 
1810 479 
1811 7 
1812 283 
1813 413 
1814 668 
1815 24 
1816 541 
1817 37 
1818 290 
1819 620 
1820 115 
1821 430 
1822 531 
1823 275 
1824 640 
1825 560 
1826 86 
1827 328 
1828 403 
1829 379 
1830 520 
1831 487 
1832 475 
1833 247 
1834 499 
1835 254 
1836 689 
1837 434 
1838 299 
1839 448 
1840 613 
1841 609 
1842 53 
1843 170 
1844 290 
1845 182 
1846 278 
1847 497 
1848 383 
1849 106 
1850 304 
1851 141 
1852 246 
1853 617 
1854 350 
1855 610 
1856 23 
1857 114 
1858 66 
1859 474 
1860 465 
1861 516 
1862 260 
1863 718 
1864 85 
1865 665 
1866 42 
1867 310 
1868 247 
1869 75 
1870 295 
1871 705 
1872 609 
1873 356 
1874 368 
1875 114 
1876 206 
1877 146 
1878 197 
1879 339 
1880 261 
1881 478 
1882 650 
1883 116 
1884 226 
1885 533 
1886 690 
1887 711 
1888 516 
1889 297 
1890 129 
1891 245 
1892 66 
1893 127 
1894 56 
1895 8 
1896 455 
1897 354 
1898 557 
1899 741 
1900 269 
1901 37 
1902 608 
1903 563 
1904 519 
1905 197 
1906 423 
1907 355 
1908 92 
1909 124 
1910 576 
1911 747 
1912 691 
1913 578 
1914 704 
1915 521 
1916 534 
1917 653 
1918 607 
1919 657 
1920 496 
1921 45 
1922 83 
1923 85 
1924 420 
1925 430 
1926 545 
1927 525 
1928 182 
1929 202 
1930 356 
1931 190 
1932 347 
1933 421 
1934 48 
1935 419 
1936 359 
1937 26 
1938 292 
1939 78 
1940 402 
1941 53 
1942 734 
1943 489 
1944 283 
1945 564 
1946 3 
1947 329 
1948 678 
1949 448 
1950 724 
1951 388 
1952 433 
1953 514 
1954 750 
1955 146 
1956 493 
1957 157 
1958 446 
1959 9 
1960 79 
1961 472 
1962 202 
1963 480 
1964 390 
1965 688 
1966 595 
1967 280 
1968 243 
1969 166 
1970 477 
1971 147 
1972 493 
1973 510 
1974 289 
1975 738 
1976 117 
1977 291 
1978 4 
1979 473 
1980 256 
1981 556 
1982 476 
1983 77 
1984 562 
1985 566 
1986 535 
1987 321 
1988 260 
1989 409 
1990 341 
1991 582 
1992 533 
1993 585 
1994 497 
1995 198 
1996 314 
1997 48 
1998 291 
1999 732 
2000 203 
2001 355 
2002 625 
2003 483 
2004 319 
2005 745 
2006 585 
2007 350 
2008 253 
2009 259 
2010 577 
2011 404 
2012 732 
2013 677 
2014 733 
2015 170 
2016 414 
2017 689 
2018 548 
2019 339 
2020 196 
2021 507 
2022 718 
2023 607 
2024 610 
2025 536 
2026 235 
2027 215 
2028 107 
2029 116 
2030 720 
2031 457 
2032 437 
2033 383 
2034 533 
2035 253 
2036 591 
2037 228 
2038 41 
2039 95 
2040 88 
2041 277 
2042 32 
2043 157 
2044 486 
2045 33 
2046 560 
2047 713 
2048 641 
2049 310 
2050 243 
2051 389 
2052 76 
2053 748 
2054 589 
2055 196 
2056 742 
2057 403 
2058 298 
2059 97 
2060 628 
2061 48 
2062 613 
2063 654 
2064 36 
2065 576 
2066 506 
2067 270 
2068 273 
2069 209 
2070 635 
2071 715 
2072 728 
2073 747 
2074 713 
2075 418 
2076 427 
2077 504 
2078 517 
2079 282 
2080 657 
2081 549 
2082 2 
2083 690 
2084 669 
2085 108 
2086 83 
2087 605 
2088 226 
2089 664 
2090 403 
2091 717 
2092 728 
2093 67 
2094 297 
2095 71 
2096 739 
2097 51 
2098 416 
2099 587 
2100 653 
2101 289 
2102 569 
2103 208 
2104 110 
2105 7 
2106 97 
2107 574 
2108 658 
2109 416 
2110 173 
2111 311 
2112 19 
2113 707 
2114 116 
2115 642 
2116 510 
2117 514 
2118 380 
2119 473 
2120 274 
2121 306 
2122 256 
2123 340 
2124 733 
2125 108 
2126 431 
2127 612 
2128 114 
2129 107 
2130 533 
2131 272 
2132 558 
2133 209 
2134 324 
2135 746 
2136 552 
2137 560 
2138 60 
2139 56 
2140 102 
2141 627 
2142 599 
2143 273 
2144 734 
2145 403 
2146 20 
2147 346 
2148 36 
2149 702 
2150 620 
2151 626 
2152 434 
2153 449 
2154 384 
2155 552 
2156 455 
2157 160 
2158 221 
2159 63 
2160 435 
2161 414 
2162 356 
2163 548 
2164 448 
2165 114 
2166 352 
2167 380 
2168 595 
2169 387 
2170 249 
2171 479 
2172 438 
2173 548 
2174 414 
2175 44 
2176 306 
2177 491 
2178 376 
2179 118 
2180 527 
2181 682 
2182 489 
2183 67 
2184 529 
2185 722 
2186 204 
2187 415 
2188 185 
2189 3 
2190 301 
2191 151 
2192 168 
2193 48 
2194 656 
2195 687 
2196 647 
2197 44 
2198 31 
2199 606 
2200 509 
2201 257 
2202 131 
2203 198 
2204 269 
2205 77 
2206 159 
2207 210 
2208 631 
2209 144 
2210 718 
2211 252 
2212 111 
2213 665 
2214 523 
2215 590 
2216 429 
2217 379 
2218 442 
2219 274 
2220 426 
2221 675 
2222 551 
2223 652 
2224 607 
2225 564 
2226 385 
2227 501 
2228 427 
2229 285 
2230 273 
2231 718 
2232 272 
2233 155 
2234 14 
2235 488 
2236 173 
2237 320 
2238 9 
2239 612 
2240 383 
2241 448 
2242 548 
2243 650 
2244 64 
2245 476 
2246 372 
2247 29 
2248 483 
2249 142 
2250 594 
2251 689 
2252 129 
2253 250 
2254 645 
2255 185 
2256 579 
2257 110 
2258 23 
2259 441 
2260 155 
2261 279 
2262 600 
2263 26 
2264 190 
2265 714 
2266 552 
2267 137 
2268 173 
2269 79 
2270 495 
2271 352 
2272 157 
2273 734 
2274 613 
2275 145 
2276 507 
2277 644 
2278 138 
2279 235 
2280 740 
2281 167 
2282 56 
2283 715 
2284 65 
2285 80 
2286 109 
2287 182 
2288 320 
2289 374 
2290 42 
2291 574 
2292 118 
2293 415 
2294 8 
2295 517 
2296 125 
2297 128 
2298 468 
2299 314 
2300 432 
2301 130 
2302 99 
2303 299 
2304 591 
2305 231 
2306 662 
2307 67 
2308 192 
2309 113 
2310 308 
2311 147 
2312 556 
2313 420 
2314 29 
2315 435 
2316 350 
2317 429 
2318 317 
2319 41 
2320 600 
2321 264 
2322 353 
2323 47 
2324 532 
2325 573 
2326 181 
2327 257 
2328 226 
2329 726 
2330 535 
2331 727 
2332 629 
2333 8 
2334 399 
2335 90 
2336 536 
2337 281 
2338 587 
2339 114 
2340 77 
2341 461 
2342 690 
2343 36 
2344 170 
2345 538 
2346 86 
2347 366 
2348 639 
2349 649 
2350 223 
2351 278 
2352 561 
2353 348 
2354 639 
2355 177 
2356 181 
2357 81 
2358 325 
2359 670 
2360 202 
2361 396 
2362 645 
2363 144 
2364 266 
2365 720 
2366 570 
2367 699 
2368 641 
2369 525 
2370 286 
2371 608 
2372 537 
2373 676 
2374 533 
2375 657 
2376 676 
2377 11 
2378 637 
2379 736 
2380 263 
2381 560 
2382 669 
2383 534 
2384 670 
2385 354 
2386 476 
2387 89 
2388 67 
2389 662 
2390 616 
2391 451 
2392 408 
2393 164 
2394 49 
2395 376 
2396 424 
2397 364 
2398 478 
2399 309 
2400 718 
2401 30 
2402 571 
2403 89 
2404 22 
2405 297 
2406 199 
2407 338 
2408 408 
2409 115 
2410 602 
2411 159 
2412 266 
2413 141 
2414 583 
2415 710 
2416 168 
2417 436 
2418 51 
2419 688 
2420 168 
2421 245 
2422 517 
2423 142 
2424 273 
2425 330 
2426 477 
2427 165 
2428 710 
2429 340 
2430 609 
2431 313 
2432 13 
2433 66 
2434 602 
2435 462 
2436 100 
2437 505 
2438 229 
2439 711 
2440 148 
2441 411 
2442 349 
2443 729 
2444 553 
2445 188 
2446 227 
2447 359 
2448 559 
2449 364 
2450 23 
2451 132 
2452 479 
2453 204 
2454 580 
2455 744 
2456 43 
2457 255 
2458 599 
2459 622 
2460 588 
2461 332 
2462 53 
2463 404 
2464 558 
2465 429 
2466 632 
2467 115 
2468 115 
2469 295 
2470 119 
2471 623 
2472 725 
2473 93 
2474 336 
2475 48 
2476 625 
2477 27 
2478 586 
2479 206 
2480 432 
2481 674 
2482 394 
2483 712 
2484 522 
2485 546 
2486 280 
2487 737 
2488 590 
2489 489 
2490 734 
2491 339 
2492 464 
2493 245 
2494 628 
2495 391 
2496 750 
2497 171 
2498 141 
2499 641 
2500 486 
1 2 0
1 51 0
2 3 0
2 52 0
3 4 0
3 53 0
4 5 0
4 54 0
5 6 0
5 55 0
6 7 0
6 56 0
7 8 0
7 57 0
8 9 0
8 58 0
9 10 0
9 59 0
10 11 0
10 60 0
11 12 0
11 61 0
12 13 0
12 62 0
13 14 0
13 63 0
14 15 0
14 64 0
15 16 0
15 65 0
16 17 0
16 66 0
17 18 0
17 67 0
18 19 0
18 68 0
19 20 0
19 69 0
20 21 0
20 70 0
21 22 0
21 71 0
22 23 0
22 72 0
23 24 0
23 73 0
24 25 0
24 74 0
25 26 0
25 75 0
26 27 0
26 76 0
27 28 0
27 77 0
28 29 0
28 78 0
29 30 0
29 79 0
30 31 0
30 80 0
31 32 0
31 81 0
32 33 0
32 82 0
33 34 0
33 83 0
34 35 0
34 84 0
35 36 0
35 85 0
36 37 0
36 86 0
37 38 0
37 87 0
38 39 0
38 88 0
39 40 0
39 89 0
40 41 0
40 90 0
41 42 0
41 91 0
42 43 0
42 92 0
43 44 0
43 93 0
44 45 0
44 94 0
45 46 0
45 95 0
46 47 0
46 96 0
47 48 0
47 97 0
48 49 0
48 98 0
49 50 0
49 99 0
50 100 0
51 52 0
51 101 0
52 53 0
52 102 0
53 54 0
53 103 0
54 55 0
54 104 0
55 56 0
55 105 0
56 57 0
56 106 0
57 58 0
57 107 0
58 59 0
58 108 0
59 60 0
59 109 0
60 61 0
60 110 0
61 62 0
61 111 0
62 63 0
62 112 0
63 64 0
63 113 0
64 65 0
64 114 0
65 66 0
65 115 0
66 67 0
66 116 0
67 68 0
67 117 0
68 69 0
68 118 0
69 70 0
69 119 0
70 71 0
70 120 0
71 72 0
71 121 0
72 73 0
72 122 0
73 74 0
73 123 0
74 75 0
74 124 0
75 76 0
75 125 0
76 77 0
76 126 0
77 78 0
77 127 0
78 79 0
78 128 0
79 80 0
79 129 0
80 81 0
80 130 0
81 82 0
81 131 0
82 83 0
82 132 0
83 84 0
83 133 0
84 85 0
84 134 0
85 86 0
85 135 0
86 87 0
86 136 0
87 88 0
87 137 0
88 89 0
88 138 0
89 90 0
89 139 0
90 91 0
90 140 0
91 92 0
91 141 0
92 93 0
92 142 0
93 94 0
93 143 0
94 95 0
94 144 0
95 96 0
95 145 0
96 97 0
96 146 0
97 98 0
97 147 0
98 99 0
98 148 0
99 100 0
99 149 0
100 150 0
101 102 0
101 151 0
102 103 0
102 152 0
103 104 0
103 153 0
104 105 0
104 154 0
105 106 0
105 155 0
106 107 0
106 156 0
107 108 0
107 157 0
108 109 0
108 158 0
109 110 0
109 159 0
110 111 0
110 160 0
111 112 0
111 161 0
112 113 0
112 162 0
113 114 0
113 163 0
114 115 0
114 164 0
115 116 0
115 165 0
116 117 0
116 166 0
117 118 0
117 167 0
118 119 0
118 168 0
119 120 0
119 169 0
120 121 0
120 170 0
121 122 0
121 171 0
122 123 0
122 172 0
123 124 0
123 173 0
124 125 0
124 174 0
125 126 0
125 175 0
126 127 0
126 176 0
127 128 0
127 177 0
128 129 0
128 178 0
129 130 0
129 179 0
130 131 0
130 180 0
131 132 0
131 181 0
132 133 0
132 182 0
133 134 0
133 183 0
134 135 0
134 184 0
135 136 0
135 185 0
136 137 0
136 186 0
137 138 0
137 187 0
138 139 0
138 188 0
139 140 0
139 189 0
140 141 0
140 190 0
141 142 0
141 191 0
142 143 0
142 192 0
143 144 0
143 193 0
144 145 0
144 194 0
145 146 0
145 195 0
146 147 0
146 196 0
147 148 0
147 197 0
148 149 0
148 198 0
149 150 0
149 199 0
150 200 0
151 152 0
151 201 0
152 153 0
152 202 0
153 154 0
153 203 0
154 155 0
154 204 0
155 156 0
155 205 0
156 157 0
156 206 0
157 158 0
157 207 0
158 159 0
158 208 0
159 160 0
159 209 0
160 161 0
160 210 0
161 162 0
161 211 0
162 163 0
162 212 0
163 164 0
163 213 0
164 165 0
164 214 0
165 166 0
165 215 0
166 167 0
166 216 0
167 168 0
167 217 0
168 169 0
168 218 0
169 170 0
169 219 0
170 171 0
170 220 0
171 172 0
171 221 0
172 173 0
172 222 0
173 174 0
173 223 0
174 175 0
174 224 0
175 176 0
175 225 0
176 177 0
176 226 0
177 178 0
177 227 0
178 179 0
178 228 0
179 180 0
179 229 0
180 181 0
180 230 0
181 182 0
181 231 0
182 183 0
182 232 0
183 184 0
183 233 0
184 185 0
184 234 0
185 186 0
185 235 0
186 187 0
186 236 0
187 188 0
187 237 0
188 189 0
188 238 0
189 190 0
189 239 0
190 191 0
190 240 0
191 192 0
191 241 0
192 193 0
192 242 0
193 194 0
193 243 0
194 195 0
194 244 0
195 196 0
195 245 0
196 197 0
196 246 0
197 198 0
197 247 0
198 199 0
198 248 0
199 200 0
199 249 0
200 250 0
201 202 0
201 251 0
202 203 0
202 252 0
203 204 0
203 253 0
204 205 0
204 254 0
205 206 0
205 255 0
206 207 0
206 256 0
207 208 0
207 257 0
208 209 0
208 258 0
209 210 0
209 259 0
210 211 0
210 260 0
211 212 0
211 261 0
212 213 0
212 262 0
213 214 0
213 263 0
214 215 0
214 264 0
215 216 0
215 265 0
216 217 0
216 266 0
217 218 0
217 267 0
218 219 0
218 268 0
219 220 0
219 269 0
220 221 0
220 270 0
221 222 0
221 271 0
222 223 0
222 272 0
223 224 0
223 273 0
224 225 0
224 274 0
225 226 0
225 275 0
226 227 0
226 276 0
227 228 0
227 277 0
228 229 0
228 278 0
229 230 0
229 279 0
230 231 0
230 280 0
231 232 0
231 281 0
232 233 0
232 282 0
233 234 0
233 283 0
234 235 0
234 284 0
235 236 0
235 285 0
236 237 0
236 286 0
237 238 0
237 287 0
238 239 0
238 288 0
239 240 0
239 289 0
240 241 0
240 290 0
241 242 0
241 291 0
242 243 0
242 292 0
243 244 0
243 293 0
244 245 0
244 294 0
245 246 0
245 295 0
246 247 0
246 296 0
247 248 0
247 297 0
248 249 0
248 298 0
249 250 0
249 299 0
250 300 0
251 252 0
251 301 0
252 253 0
252 302 0
253 254 0
253 303 0
254 255 0
254 304 0
255 256 0
255 305 0
256 257 0
256 306 0
257 258 0
257 307 0
258 259 0
258 308 0
259 260 0
259 309 0
260 261 0
260 310 0
261 262 0
261 311 0
262 263 0
262 312 0
263 264 0
263 313 0
264 265 0
264 314 0
265 266 0
265 315 0
266 267 0
266 316 0
267 268 0
267 317 0
268 269 0
268 318 0
269 270 0
269 319 0
270 271 0
270 320 0
271 272 0
271 321 0
272 273 0
272 322 0
273 274 0
273 323 0
274 275 0
274 324 0
275 276 0
275 325 0
276 277 0
276 326 0
277 278 0
277 327 0
278 279 0
278 328 0
279 280 0
279 329 0
280 281 0
280 330 0
281 282 0
281 331 0
282 283 0
282 332 0
283 284 0
283 333 0
284 285 0
284 334 0
285 286 0
285 335 0
286 287 0
286 336 0
287 288 0
287 337 0
288 289 0
288 338 0
289 290 0
289 339 0
290 291 0
290 340 0
291 292 0
291 341 0
292 293 0
292 342 0
293 294 0
293 343 0
294 295 0
294 344 0
295 296 0
295 345 0
296 297 0
296 346 0
297 298 0
297 347 0
298 299 0
298 348 0
299 300 0
299 349 0
300 350 0
301 302 0
301 351 0
302 303 0
302 352 0
303 304 0
303 353 0
304 305 0
304 354 0
305 306 0
305 355 0
306 307 0
306 356 0
307 308 0
307 357 0
308 309 0
308 358 0
309 310 0
309 359 0
310 311 0
310 360 0
311 312 0
311 361 0
312 313 0
312 362 0
313 314 0
313 363 0
314 315 0
314 364 0
315 316 0
315 365 0
316 317 0
316 366 0
317 318 0
317 367 0
318 319 0
318 368 0
319 320 0
319 369 0
320 321 0
320 370 0
321 322 0
321 371 0
322 323 0
322 372 0
323 324 0
323 373 0
324 325 0
324 374 0
325 326 0
325 375 0
326 327 0
326 376 0
327 328 0
327 377 0
328 329 0
328 378 0
329 330 0
329 379 0
330 331 0
330 380 0
331 332 0
331 381 0
332 333 0
332 382 0
333 334 0
333 383 0
334 335 0
334 384 0
335 336 0
335 385 0
336 337 0
336 386 0
337 338 0
337 387 0
338 339 0
338 388 0
339 340 0
339 389 0
340 341 0
340 390 0
341 342 0
341 391 0
342 343 0
342 392 0
343 344 0
343 393 0
344 345 0
344 394 0
345 346 0
345 395 0
346 347 0
346 396 0
347 348 0
347 397 0
348 349 0
348 398 0
349 350 0
349 399 0
350 400 0
351 352 0
351 401 0
352 353 0
352 402 0
353 354 0
353 403 0
354 355 0
354 404 0
355 356 0
355 405 0
356 357 0
356 406 0
357 358 0
357 407 0
358 359 0
358 408 0
359 360 0
359 409 0
360 361 0
360 410 0
361 362 0
361 411 0
362 363 0
362 412 0
363 364 0
363 413 0
364 365 0
364 414 0
365 366 0
365 415 0
366 367 0
366 416 0
367 368 0
367 417 0
368 369 0
368 418 0
369 370 0
369 419 0
370 371 0
370 420 0
371 372 0
371 421 0
372 373 0
372 422 0
373 374 0
373 423 0
374 375 0
374 424 0
375 376 0
375 425 0
376 377 0
376 426 0
377 378 0
377 427 0
378 379 0
378 428 0
379 380 0
379 429 0
380 381 0
380 430 0
381 382 0
381 431 0
382 383 0
382 432 0
383 384 0
383 433 0
384 385 0
384 434 0
385 386 0
385 435 0
386 387 0
386 436 0
387 388 0
387 437 0
388 389 0
388 438 0
389 390 0
389 439 0
390 391 0
390 440 0
391 392 0
391 441 0
392 393 0
392 442 0
393 394 0
393 443 0
394 395 0
394 444 0
395 396 0
395 445 0
396 397 0
396 446 0
397 398 0
397 447 0
398 399 0
398 448 0
399 400 0
399 449 0
400 450 0
401 402 0
401 451 0
402 403 0
402 452 0
403 404 0
403 453 0
404 405 0
404 454 0
405 406 0
405 455 0
406 407 0
406 456 0
407 408 0
407 457 0
408 409 0
408 458 0
409 410 0
409 459 0
410 411 0
410 460 0
411 412 0
411 461 0
412 413 0
412 462 0
413 414 0
413 463 0
414 415 0
414 464 0
415 416 0
415 465 0
416 417 0
416 466 0
417 418 0
417 467 0
418 419 0
418 468 0
419 420 0
419 469 0
420 421 0
420 470 0
421 422 0
421 471 0
422 423 0
422 472 0
423 424 0
423 473 0
424 425 0
424 474 0
425 426 0
425 475 0
426 427 0
426 476 0
427 428 0
427 477 0
428 429 0
428 478 0
429 430 0
429 479 0
430 431 0
430 480 0
431 432 0
431 481 0
432 433 0
432 482 0
433 434 0
433 483 0
434 435 0
434 484 0
435 436 0
435 485 0
436 437 0
436 486 0
437 438 0
437 487 0
438 439 0
438 488 0
439 440 0
439 489 0
440 441 0
440 490 0
441 442 0
441 491 0
442 443 0
442 492 0
443 444 0
443 493 0
444 445 0
444 494 0
445 446 0
445 495 0
446 447 0
446 496 0
447 448 0
447 497 0
448 449 0
448 498 0
449 450 0
449 499 0
450 500 0
451 452 0
451 501 0
452 453 0
452 502 0
453 454 0
453 503 0
454 455 0
454 504 0
455 456 0
455 505 0
456 457 0
456 506 0
457 458 0
457 507 0
458 459 0
458 508 0
459 460 0
459 509 0
460 461 0
460 510 0
461 462 0
461 511 0
462 463 0
462 512 0
463 464 0
463 513 0
464 465 0
464 514 0
465 466 0
465 515 0
466 467 0
466 516 0
467 468 0
467 517 0
468 469 0
468 518 0
469 470 0
469 519 0
470 471 0
470 520 0
471 472 0
471 521 0
472 473 0
472 522 0
473 474 0
473 523 0
474 475 0
474 524 0
475 476 0
475 525 0
476 477 0
476 526 0
477 478 0
477 527 0
478 479 0
478 528 0
479 480 0
479 529 0
480 481 0
480 530 0
481 482 0
481 531 0
482 483 0
482 532 0
483 484 0
483 533 0
484 485 0
484 534 0
485 486 0
485 535 0
486 487 0
486 536 0
487 488 0
487 537 0
488 489 0
488 538 0
489 490 0
489 539 0
490 491 0
490 540 0
491 492 0
491 541 0
492 493 0
492 542 0
493 494 0
493 543 0
494 495 0
494 544 0
495 496 0
495 545 0
496 497 0
496 546 0
497 498 0
497 547 0
498 499 0
498 548 0
499 500 0
499 549 0
500 550 0
501 502 0
501 551 0
502 503 0
502 552 0
503 504 0
503 553 0
504 505 0
504 554 0
505 506 0
505 555 0
506 507 0
506 556 0
507 508 0
507 557 0
508 509 0
508 558 0
509 510 0
509 559 0
510 511 0
510 560 0
511 512 0
511 561 0
512 513 0
512 562 0
513 514 0
513 563 0
514 515 0
514 564 0
515 516 0
515 565 0
516 517 0
516 566 0
517 518 0
517 567 0
518 519 0
518 568 0
519 520 0
519 569 0
520 521 0
520 570 0
521 522 0
521 571 0
522 523 0
522 572 0
523 524 0
523 573 0
524 525 0
524 574 0
525 526 0
525 575 0
526 527 0
526 576 0
527 528 0
527 577 0
528 529 0
528 578 0
529 530 0
529 579 0
530 531 0
530 580 0
531 532 0
531 581 0
532 533 0
532 582 0
533 534 0
533 583 0
534 535 0
534 584 0
535 536 0
535 585 0
536 537 0
536 586 0
537 538 0
537 587 0
538 539 0
538 588 0
539 540 0
539 589 0
540 541 0
540 590 0
541 542 0
541 591 0
542 543 0
542 592 0
543 544 0
543 593 0
544 545 0
544 594 0
545 546 0
545 595 0
546 547 0
546 596 0
547 548 0
547 597 0
548 549 0
548 598 0
549 550 0
549 599 0
550 600 0
551 552 0
551 601 0
552 553 0
552 602 0
553 554 0
553 603 0
554 555 0
554 604 0
555 556 0
555 605 0
556 557 0
556 606 0
557 558 0
557 607 0
558 559 0
558 608 0
559 560 0
559 609 0
560 561 0
560 610 0
561 562 0
561 611 0
562 563 0
562 612 0
563 564 0
563 613 0
564 565 0
564 614 0
565 566 0
565 615 0
566 567 0
566 616 0
567 568 0
567 617 0
568 569 0
568 618 0
569 570 0
569 619 0
570 571 0
570 620 0
571 572 0
571 621 0
572 573 0
572 622 0
573 574 0
573 623 0
574 575 0
574 624 0
575 576 0
575 625 0
576 577 0
576 626 0
577 578 0
577 627 0
578 579 0
578 628 0
579 580 0
579 629 0
580 581 0
580 630 0
581 582 0
581 631 0
582 583 0
582 632 0
583 584 0
583 633 0
584 585 0
584 634 0
585 586 0
585 635 0
586 587 0
586 636 0
587 588 0
587 637 0
588 589 0
588 638 0
589 590 0
589 639 0
590 591 0
590 640 0
591 592 0
591 641 0
592 593 0
592 642 0
593 594 0
593 643 0
594 595 0
594 644 0
595 596 0
595 645 0
596 597 0
596 646 0
597 598 0
597 647 0
598 599 0
598 648 0
599 600 0
599 649 0
600 650 0
601 602 0
601 651 0
602 603 0
602 652 0
603 604 0
603 653 0
604 605 0
604 654 0
605 606 0
605 655 0
606 607 0
606 656 0
607 608 0
607 657 0
608 609 0
608 658 0
609 610 0
609 659 0
610 611 0
610 660 0
611 612 0
611 661 0
612 613 0
612 662 0
613 614 0
613 663 0
614 615 0
614 664 0
615 616 0
615 665 0
616 617 0
616 666 0
617 618 0
617 667 0
618 619 0
618 668 0
619 620 0
619 669 0
620 621 0
620 670 0
621 622 0
621 671 0
622 623 0
622 672 0
623 624 0
623 673 0
624 625 0
624 674 0
625 626 0
625 675 0
626 627 0
626 676 0
627 628 0
627 677 0
628 629 0
628 678 0
629 630 0
629 679 0
630 631 0
630 680 0
631 632 0
631 681 0
632 633 0
632 682 0
633 634 0
633 683 0
634 635 0
634 684 0
635 636 0
635 685 0
636 637 0
636 686 0
637 638 0
637 687 0
638 639 0
638 688 0
639 640 0
639 689 0
640 641 0
640 690 0
641 642 0
641 691 0
642 643 0
642 692 0
643 644 0
643 693 0
644 645 0
644 694 0
645 646 0
645 695 0
646 647 0
646 696 0
647 648 0
647 697 0
648 649 0
648 698 0
649 650 0
649 699 0
650 700 0
651 652 0
651 701 0
652 653 0
652 702 0
653 654 0
653 703 0
654 655 0
654 704 0
655 656 0
655 705 0
656 657 0
656 706 0
657 658 0
657 707 0
658 659 0
658 708 0
659 660 0
659 709 0
660 661 0
660 710 0
661 662 0
661 711 0
662 663 0
662 712 0
663 664 0
663 713 0
664 665 0
664 714 0
665 666 0
665 715 0
666 667 0
666 716 0
667 668 0
667 717 0
668 669 0
668 718 0
669 670 0
669 719 0
670 671 0
670 720 0
671 672 0
671 721 0
672 673 0
672 722 0
673 674 0
673 723 0
674 675 0
674 724 0
675 676 0
675 725 0
676 677 0
676 726 0
677 678 0
677 727 0
678 679 0
678 728 0
679 680 0
679 729 0
680 681 0
680 730 0
681 682 0
681 731 0
682 683 0
682 732 0
683 684 0
683 733 0
684 685 0
684 734 0
685 686 0
685 735 0
686 687 0
686 736 0
687 688 0
687 737 0
688 689 0
688 738 0
689 690 0
689 739 0
690 691 0
690 740 0
691 692 0
691 741 0
692 693 0
692 742 0
693 694 0
693 743 0
694 695 0
694 744 0
695 696 0
695 745 0
696 697 0
696 746 0
697 698 0
697 747 0
698 699 0
698 748 0
699 700 0
699 749 0
700 750 0
701 702 0
701 751 0
702 703 0
702 752 0
703 704 0
703 753 0
704 705 0
704 754 0
705 706 0
705 755 0
706 707 0
706 756 0
707 708 0
707 757 0
708 709 0
708 758 0
709 710 0
709 759 0
710 711 0
710 760 0
711 712 0
711 761 0
712 713 0
712 762 0
713 714 0
713 763 0
714 715 0
714 764 0
715 716 0
715 765 0
716 717 0
716 766 0
717 718 0
717 767 0
718 719 0
718 768 0
719 720 0
719 769 0
720 721 0
720 770 0
721 722 0
721 771 0
722 723 0
722 772 0
723 724 0
723 773 0
724 725 0
724 774 0
725 726 0
725 775 0
726 727 0
726 776 0
727 728 0
727 777 0
728 729 0
728 778 0
729 730 0
729 779 0
730 731 0
730 780 0
731 732 0
731 781 0
732 733 0
732 782 0
733 734 0
733 783 0
734 735 0
734 784 0
735 736 0
735 785 0
736 737 0
736 786 0
737 738 0
737 787 0
738 739 0
738 788 0
739 740 0
739 789 0
740 741 0
740 790 0
741 742 0
741 791 0
742 743 0
742 792 0
743 744 0
743 793 0
744 745 0
744 794 0
745 746 0
745 795 0
746 747 0
746 796 0
747 748 0
747 797 0
748 749 0
748 798 0
749 750 0
749 799 0
750 800 0
751 752 0
751 801 0
752 753 0
752 802 0
753 754 0
753 803 0
754 755 0
754 804 0
755 756 0
755 805 0
756 757 0
756 806 0
757 758 0
757 807 0
758 759 0
758 808 0
759 760 0
759 809 0
760 761 0
760 810 0
761 762 0
761 811 0
762 763 0
762 812 0
763 764 0
763 813 0
764 765 0
764 814 0
765 766 0
765 815 0
766 767 0
766 816 0
767 768 0
767 817 0
768 769 0
768 818 0
769 770 0
769 819 0
770 771 0
770 820 0
771 772 0
771 821 0
772 773 0
772 822 0
773 774 0
773 823 0
774 775 0
774 824 0
775 776 0
775 825 0
776 777 0
776 826 0
777 778 0
777 827 0
778 779 0
778 828 0
779 780 0
779 829 0
780 781 0
780 830 0
781 782 0
781 831 0
782 783 0
782 832 0
783 784 0
783 833 0
784 785 0
784 834 0
785 786 0
785 835 0
786 787 0
786 836 0
787 788 0
787 837 0
788 789 0
788 838 0
789 790 0
789 839 0
790 791 0
790 840 0
791 792 0
791 841 0
792 793 0
792 842 0
793 794 0
793 843 0
794 795 0
794 844 0
795 796 0
795 845 0
796 797 0
796 846 0
797 798 0
797 847 0
798 799 0
798 848 0
799 800 0
799 849 0
800 850 0
801 802 0
801 851 0
802 803 0
802 852 0
803 804 0
803 853 0
804 805 0
804 854 0
805 806 0
805 855 0
806 807 0
806 856 0
807 808 0
807 857 0
808 809 0
808 858 0
809 810 0
809 859 0
810 811 0
810 860 0
811 812 0
811 861 0
812 813 0
812 862 0
813 814 0
813 863 0
814 815 0
814 864 0
815 816 0
815 865 0
816 817 0
816 866 0
817 818 0
817 867 0
818 819 0
818 868 0
819 820 0
819 869 0
820 821 0
820 870 0
821 822 0
821 871 0
822 823 0
822 872 0
823 824 0
823 873 0
824 825 0
824 874 0
825 826 0
825 875 0
826 827 0
826 876 0
827 828 0
827 877 0
828 829 0
828 878 0
829 830 0
829 879 0
830 831 0
830 880 0
831 832 0
831 881 0
832 833 0
832 882 0
833 834 0
833 883 0
834 835 0
834 884 0
835 836 0
835 885 0
836 837 0
836 886 0
837 838 0
837 887 0
838 839 0
838 888 0
839 840 0
839 889 0
840 841 0
840 890 0
841 842 0
841 891 0
842 843 0
842 892 0
843 844 0
843 893 0
844 845 0
844 894 0
845 846 0
845 895 0
846 847 0
846 896 0
847 848 0
847 897 0
848 849 0
848 898 0
849 850 0
849 899 0
850 900 0
851 852 0
851 901 0
852 853 0
852 902 0
853 854 0
853 903 0
854 855 0
854 904 0
855 856 0
855 905 0
856 857 0
856 906 0
857 858 0
857 907 0
858 859 0
858 908 0
859 860 0
859 909 0
860 861 0
860 910 0
861 862 0
861 911 0
862 863 0
862 912 0
863 864 0
863 913 0
864 865 0
864 914 0
865 866 0
865 915 0
866 867 0
866 916 0
867 868 0
867 917 0
868 869 0
868 918 0
869 870 0
869 919 0
870 871 0
870 920 0
871 872 0
871 921 0
872 873 0
872 922 0
873 874 0
873 923 0
874 875 0
874 924 0
875 876 0
875 925 0
876 877 0
876 926 0
877 878 0
877 927 0
878 879 0
878 928 0
879 880 0
879 929 0
880 881 0
880 930 0
881 882 0
881 931 0
882 883 0
882 932 0
883 884 0
883 933 0
884 885 0
884 934 0
885 886 0
885 935 0
886 887 0
886 936 0
887 888 0
887 937 0
888 889 0
888 938 0
889 890 0
889 939 0
890 891 0
890 940 0
891 892 0
891 941 0
892 893 0
892 942 0
893 894 0
893 943 0
894 895 0
894 944 0
895 896 0
895 945 0
896 897 0
896 946 0
897 898 0
897 947 0
898 899 0
898 948 0
899 900 0
899 949 0
900 950 0
901 902 0
901 951 0
902 903 0
902 952 0
903 904 0
903 953 0
904 905 0
904 954 0
905 906 0
905 955 0
906 907 0
906 956 0
907 908 0
907 957 0
908 909 0
908 958 0
909 910 0
909 959 0
910 911 0
910 960 0
911 912 0
911 961 0
912 913 0
912 962 0
913 914 0
913 963 0
914 915 0
914 964 0
915 916 0
915 965 0
916 917 0
916 966 0
917 918 0
917 967 0
918 919 0
918 968 0
919 920 0
919 969 0
920 921 0
920 970 0
921 922 0
921 971 0
922 923 0
922 972 0
923 924 0
923 973 0
924 925 0
924 974 0
925 926 0
925 975 0
926 927 0
926 976 0
927 928 0
927 977 0
928 929 0
928 978 0
929 930 0
929 979 0
930 931 0
930 980 0
931 932 0
931 981 0
932 933 0
932 982 0
933 934 0
933 983 0
934 935 0
934 984 0
935 936 0
935 985 0
936 937 0
936 986 0
937 938 0
937 987 0
938 939 0
938 988 0
939 940 0
939 989 0
940 941 0
940 990 0
941 942 0
941 991 0
942 943 0
942 992 0
943 944 0
943 993 0
944 945 0
944 994 0
945 946 0
945 995 0
946 947 0
946 996 0
947 948 0
947 997 0
948 949 0
948 998 0
949 950 0
949 999 0
950 1000 0
951 952 0
951 1001 0
952 953 0
952 1002 0
953 954 0
953 1003 0
954 955 0
954 1004 0
955 956 0
955 1005 0
956 957 0
956 1006 0
957 958 0
957 1007 0
958 959 0
958 1008 0
959 960 0
959 1009 0
960 961 0
960 1010 0
961 962 0
961 1011 0
962 963 0
962 1012 0
963 964 0
963 1013 0
964 965 0
964 1014 0
965 966 0
965 1015 0
966 967 0
966 1016 0
967 968 0
967 1017 0
968 969 0
968 1018 0
969 970 0
969 1019 0
970 971 0
970 1020 0
971 972 0
971 1021 0
972 973 0
972 1022 0
973 974 0
973 1023 0
974 975 0
974 1024 0
975 976 0
975 1025 0
976 977 0
976 1026 0
977 978 0
977 1027 0
978 979 0
978 1028 0
979 980 0
979 1029 0
980 981 0
980 1030 0
981 982 0
981 1031 0
982 983 0
982 1032 0
983 984 0
983 1033 0
984 985 0
984 1034 0
985 986 0
985 1035 0
986 987 0
986 1036 0
987 988 0
987 1037 0
988 989 0
988 1038 0
989 990 0
989 1039 0
990 991 0
990 1040 0
991 992 0
991 1041 0
992 993 0
992 1042 0
993 994 0
993 1043 0
994 995 0
994 1044 0
995 996 0
995 1045 0
996 997 0
996 1046 0
997 998 0
997 1047 0
998 999 0
998 1048 0
999 1000 0
999 1049 0
1000 1050 0
1001 1002 0
1001 1051 0
1002 1003 0
1002 1052 0
1003 1004 0
1003 1053 0
1004 1005 0
1004 1054 0
1005 1006 0
1005 1055 0
1006 1007 0
1006 1056 0
1007 1008 0
1007 1057 0
1008 1009 0
1008 1058 0
1009 1010 0
1009 1059 0
1010 1011 0
1010 1060 0
1011 1012 0
1011 1061 0
1012 1013 0
1012 1062 0
1013 1014 0
1013 1063 0
1014 1015 0
1014 1064 0
1015 1016 0
1015 1065 0
1016 1017 0
1016 1066 0
1017 1018 0
1017 1067 0
1018 1019 0
1018 1068 0
1019 1020 0
1019 1069 0
1020 1021 0
1020 1070 0
1021 1022 0
1021 1071 0
1022 1023 0
1022 1072 0
1023 1024 0
1023 1073 0
1024 1025 0
1024 1074 0
1025 1026 0
1025 1075 0
1026 1027 0
1026 1076 0
1027 1028 0
1027 1077 0
1028 1029 0
1028 1078 0
1029 1030 0
1029 1079 0
1030 1031 0
1030 1080 0
1031 1032 0
1031 1081 0
1032 1033 0
1032 1082 0
1033 1034 0
1033 1083 0
1034 1035 0
1034 1084 0
1035 1036 0
1035 1085 0
1036 1037 0
1036 1086 0
1037 1038 0
1037 1087 0
1038 1039 0
1038 1088 0
1039 1040 0
1039 1089 0
1040 1041 0
1040 1090 0
1041 1042 0
1041 1091 0
1042 1043 0
1042 1092 0
1043 1044 0
1043 1093 0
1044 1045 0
1044 1094 0
1045 1046 0
1045 1095 0
1046 1047 0
1046 1096 0
1047 1048 0
1047 1097 0
1048 1049 0
1048 1098 0
1049 1050 0
1049 1099 0
1050 1100 0
1051 1052 0
1051 1101 0
1052 1053 0
1052 1102 0
1053 1054 0
1053 1103 0
1054 1055 0
1054 1104 0
1055 1056 0
1055 1105 0
1056 1057 0
1056 1106 0
1057 1058 0
1057 1107 0
1058 1059 0
1058 1108 0
1059 1060 0
1059 1109 0
1060 1061 0
1060 1110 0
1061 1062 0
1061 1111 0
1062 1063 0
1062 1112 0
1063 1064 0
1063 1113 0
1064 1065 0
1064 1114 0
1065 1066 0
1065 1115 0
1066 1067 0
1066 1116 0
1067 1068 0
1067 1117 0
1068 1069 0
1068 1118 0
1069 1070 0
1069 1119 0
1070 1071 0
1070 1120 0
1071 1072 0
1071 1121 0
1072 1073 0
1072 1122 0
1073 1074 0
1073 1123 0
1074 1075 0
1074 1124 0
1075 1076 0
1075 1125 0
1076 1077 0
1076 1126 0
1077 1078 0
1077 1127 0
1078 1079 0
1078 1128 0
1079 1080 0
1079 1129 0
1080 1081 0
1080 1130 0
1081 1082 0
1081 1131 0
1082 1083 0
1082 1132 0
1083 1084 0
1083 1133 0
1084 1085 0
1084 1134 0
1085 1086 0
1085 1135 0
1086 1087 0
1086 1136 0
1087 1088 0
1087 1137 0
1088 1089 0
1088 1138 0
1089 1090 0
1089 1139 0
1090 1091 0
1090 1140 0
1091 1092 0
1091 1141 0
1092 1093 0
1092 1142 0
1093 1094 0
1093 1143 0
1094 1095 0
1094 1144 0
1095 1096 0
1095 1145 0
1096 1097 0
1096 1146 0
1097 1098 0
1097 1147 0
1098 1099 0
1098 1148 0
1099 1100 0
1099 1149 0
1100 1150 0
1101 1102 0
1101 1151 0
1102 1103 0
1102 1152 0
1103 1104 0
1103 1153 0
1104 1105 0
1104 1154 0
1105 1106 0
1105 1155 0
1106 1107 0
1106 1156 0
1107 1108 0
1107 1157 0
1108 1109 0
1108 1158 0
1109 1110 0
1109 1159 0
1110 1111 0
1110 1160 0
1111 1112 0
1111 1161 0
1112 1113 0
1112 1162 0
1113 1114 0
1113 1163 0
1114 1115 0
1114 1164 0
1115 1116 0
1115 1165 0
1116 1117 0
1116 1166 0
1117 1118 0
1117 1167 0
1118 1119 0
1118 1168 0
1119 1120 0
1119 1169 0
1120 1121 0
1120 1170 0
1121 1122 0
1121 1171 0
1122 1123 0
1122 1172 0
1123 1124 0
1123 1173 0
1124 1125 0
1124 1174 0
1125 1126 0
1125 1175 0
1126 1127 0
1126 1176 0
1127 1128 0
1127 1177 0
1128 1129 0
1128 1178 0
1129 1130 0
1129 1179 0
1130 1131 0
1130 1180 0
1131 1132 0
1131 1181 0
1132 1133 0
1132 1182 0
1133 1134 0
1133 1183 0
1134 1135 0
1134 1184 0
1135 1136 0
1135 1185 0
1136 1137 0
1136 1186 0
1137 1138 0
1137 1187 0
1138 1139 0
1138 1188 0
1139 1140 0
1139 1189 0
1140 1141 0
1140 1190 0
1141 1142 0
1141 1191 0
1142 1143 0
1142 1192 0
1143 1144 0
1143 1193 0
1144 1145 0
1144 1194 0
1145 1146 0
1145 1195 0
1146 1147 0
1146 1196 0
1147 1148 0
1147 1197 0
1148 1149 0
1148 1198 0
1149 1150 0
1149 1199 0
1150 1200 0
1151 1152 0
1151 1201 0
1152 1153 0
1152 1202 0
1153 1154 0
1153 1203 0
1154 1155 0
1154 1204 0
1155 1156 0
1155 1205 0
1156 1157 0
1156 1206 0
1157 1158 0
1157 1207 0
1158 1159 0
1158 1208 0
1159 1160 0
1159 1209 0
1160 1161 0
1160 1210 0
1161 1162 0
1161 1211 0
1162 1163 0
1162 1212 0
1163 1164 0
1163 1213 0
1164 1165 0
1164 1214 0
1165 1166 0
1165 1215 0
1166 1167 0
1166 1216 0
1167 1168 0
1167 1217 0
1168 1169 0
1168 1218 0
1169 1170 0
1169 1219 0
1170 1171 0
1170 1220 0
1171 1172 0
1171 1221 0
1172 1173 0
1172 1222 0
1173 1174 0
1173 1223 0
1174 1175 0
1174 1224 0
1175 1176 0
1175 1225 0
1176 1177 0
1176 1226 0
1177 1178 0
1177 1227 0
1178 1179 0
1178 1228 0
1179 1180 0
1179 1229 0
1180 1181 0
1180 1230 0
1181 1182 0
1181 1231 0
1182 1183 0
1182 1232 0
1183 1184 0
1183 1233 0
1184 1185 0
1184 1234 0
1185 1186 0
1185 1235 0
1186 1187 0
1186 1236 0
1187 1188 0
1187 1237 0
1188 1189 0
1188 1238 0
1189 1190 0
1189 1239 0
1190 1191 0
1190 1240 0
1191 1192 0
1191 1241 0
1192 1193 0
1192 1242 0
1193 1194 0
1193 1243 0
1194 1195 0
1194 1244 0
1195 1196 0
1195 1245 0
1196 1197 0
1196 1246 0
1197 1198 0
1197 1247 0
1198 1199 0
1198 1248 0
1199 1200 0
1199 1249 0
1200 1250 0
1201 1202 0
1201 1251 0
1202 1203 0
1202 1252 0
1203 1204 0
1203 1253 0
1204 1205 0
1204 1254 0
1205 1206 0
1205 1255 0
1206 1207 0
1206 1256 0
1207 1208 0
1207 1257 0
1208 1209 0
1208 1258 0
1209 1210 0
1209 1259 0
1210 1211 0
1210 1260 0
1211 1212 0
1211 1261 0
1212 1213 0
1212 1262 0
1213 1214 0
1213 1263 0
1214 1215 0
1214 1264 0
1215 1216 0
1215 1265 0
1216 1217 0
1216 1266 0
1217 1218 0
1217 1267 0
1218 1219 0
1218 1268 0
1219 1220 0
1219 1269 0
1220 1221 0
1220 1270 0
1221 1222 0
1221 1271 0
1222 1223 0
1222 1272 0
1223 1224 0
1223 1273 0
1224 1225 0
1224 1274 0
1225 1226 0
1225 1275 0
1226 1227 0
1226 1276 0
1227 1228 0
1227 1277 0
1228 1229 0
1228 1278 0
1229 1230 0
1229 1279 0
1230 1231 0
1230 1280 0
1231 1232 0
1231 1281 0
1232 1233 0
1232 1282 0
1233 1234 0
1233 1283 0
1234 1235 0
1234 1284 0
1235 1236 0
1235 1285 0
1236 1237 0
1236 1286 0
1237 1238 0
1237 1287 0
1238 1239 0
1238 1288 0
1239 1240 0
1239 1289 0
1240 1241 0
1240 1290 0
1241 1242 0
1241 1291 0
1242 1243 0
1242 1292 0
1243 1244 0
1243 1293 0
1244 1245 0
1244 1294 0
1245 1246 0
1245 1295 0
1246 1247 0
1246 1296 0
1247 1248 0
1247 1297 0
1248 1249 0
1248 1298 0
1249 1250 0
1249 1299 0
1250 1300 0
1251 1252 0
1251 1301 0
1252 1253 0
1252 1302 0
1253 1254 0
1253 1303 0
1254 1255 0
1254 1304 0
1255 1256 0
1255 1305 0
1256 1257 0
1256 1306 0
1257 1258 0
1257 1307 0
1258 1259 0
1258 1308 0
1259 1260 0
1259 1309 0
1260 1261 0
1260 1310 0
1261 1262 0
1261 1311 0
1262 1263 0
1262 1312 0
1263 1264 0
1263 1313 0
1264 1265 0
1264 1314 0
1265 1266 0
1265 1315 0
1266 1267 0
1266 1316 0
1267 1268 0
1267 1317 0
1268 1269 0
1268 1318 0
1269 1270 0
1269 1319 0
1270 1271 0
1270 1320 0
1271 1272 0
1271 1321 0
1272 1273 0
1272 1322 0
1273 1274 0
1273 1323 0
1274 1275 0
1274 1324 0
1275 1276 0
1275 1325 0
1276 1277 0
1276 1326 0
1277 1278 0
1277 1327 0
1278 1279 0
1278 1328 0
1279 1280 0
1279 1329 0
1280 1281 0
1280 1330 0
1281 1282 0
1281 1331 0
1282 1283 0
1282 1332 0
1283 1284 0
1283 1333 0
1284 1285 0
1284 1334 0
1285 1286 0
1285 1335 0
1286 1287 0
1286 1336 0
1287 1288 0
1287 1337 0
1288 1289 0
1288 1338 0
1289 1290 0
1289 1339 0
1290 1291 0
1290 1340 0
1291 1292 0
1291 1341 0
1292 1293 0
1292 1342 0
1293 1294 0
1293 1343 0
1294 1295 0
1294 1344 0
1295 1296 0
1295 1345 0
1296 1297 0
1296 1346 0
1297 1298 0
1297 1347 0
1298 1299 0
1298 1348 0
1299 1300 0
1299 1349 0
1300 1350 0
1301 1302 0
1301 1351 0
1302 1303 0
1302 1352 0
1303 1304 0
1303 1353 0
1304 1305 0
1304 1354 0
1305 1306 0
1305 1355 0
1306 1307 0
1306 1356 0
1307 1308 0
1307 1357 0
1308 1309 0
1308 1358 0
1309 1310 0
1309 1359 0
1310 1311 0
1310 1360 0
1311 1312 0
1311 1361 0
1312 1313 0
1312 1362 0
1313 1314 0
1313 1363 0
1314 1315 0
1314 1364 0
1315 1316 0
1315 1365 0
1316 1317 0
1316 1366 0
1317 1318 0
1317 1367 0
1318 1319 0
1318 1368 0
1319 1320 0
1319 1369 0
1320 1321 0
1320 1370 0
1321 1322 0
1321 1371 0
1322 1323 0
1322 1372 0
1323 1324 0
1323 1373 0
1324 1325 0
1324 1374 0
1325 1326 0
1325 1375 0
1326 1327 0
1326 1376 0
1327 1328 0
1327 1377 0
1328 1329 0
1328 1378 0
1329 1330 0
1329 1379 0
1330 1331 0
1330 1380 0
1331 1332 0
1331 1381 0
1332 1333 0
1332 1382 0
1333 1334 0
1333 1383 0
1334 1335 0
1334 1384 0
1335 1336 0
1335 1385 0
1336 1337 0
1336 1386 0
1337 1338 0
1337 1387 0
1338 1339 0
1338 1388 0
1339 1340 0
1339 1389 0
1340 1341 0
1340 1390 0
1341 1342 0
1341 1391 0
1342 1343 0
1342 1392 0
1343 1344 0
1343 1393 0
1344 1345 0
1344 1394 0
1345 1346 0
1345 1395 0
1346 1347 0
1346 1396 0
1347 1348 0
1347 1397 0
1348 1349 0
1348 1398 0
1349 1350 0
1349 1399 0
1350 1400 0
1351 1352 0
1351 1401 0
1352 1353 0
1352 1402 0
1353 1354 0
1353 1403 0
1354 1355 0
1354 1404 0
1355 1356 0
1355 1405 0
1356 1357 0
1356 1406 0
1357 1358 0
1357 1407 0
1358 1359 0
1358 1408 0
1359 1360 0
1359 1409 0
1360 1361 0
1360 1410 0
1361 1362 0
1361 1411 0
1362 1363 0
1362 1412 0
1363 1364 0
1363 1413 0
1364 1365 0
1364 1414 0
1365 1366 0
1365 1415 0
1366 1367 0
1366 1416 0
1367 1368 0
1367 1417 0
1368 1369 0
1368 1418 0
1369 1370 0
1369 1419 0
1370 1371 0
1370 1420 0
1371 1372 0
1371 1421 0
1372 1373 0
1372 1422 0
1373 1374 0
1373 1423 0
1374 1375 0
1374 1424 0
1375 1376 0
1375 1425 0
1376 1377 0
1376 1426 0
1377 1378 0
1377 1427 0
1378 1379 0
1378 1428 0
1379 1380 0
1379 1429 0
1380 1381 0
1380 1430 0
1381 1382 0
1381 1431 0
1382 1383 0
1382 1432 0
1383 1384 0
1383 1433 0
1384 1385 0
1384 1434 0
1385 1386 0
1385 1435 0
1386 1387 0
1386 1436 0
1387 1388 0
1387 1437 0
1388 1389 0
1388 1438 0
1389 1390 0
1389 1439 0
1390 1391 0
1390 1440 0
1391 1392 0
1391 1441 0
1392 1393 0
1392 1442 0
1393 1394 0
1393 1443 0
1394 1395 0
1394 1444 0
1395 1396 0
1395 1445 0
1396 1397 0
1396 1446 0
1397 1398 0
1397 1447 0
1398 1399 0
1398 1448 0
1399 1400 0
1399 1449 0
1400 1450 0
1401 1402 0
1401 1451 0
1402 1403 0
1402 1452 0
1403 1404 0
1403 1453 0
1404 1405 0
1404 1454 0
1405 1406 0
1405 1455 0
1406 1407 0
1406 1456 0
1407 1408 0
1407 1457 0
1408 1409 0
1408 1458 0
1409 1410 0
1409 1459 0
1410 1411 0
1410 1460 0
1411 1412 0
1411 1461 0
1412 1413 0
1412 1462 0
1413 1414 0
1413 1463 0
1414 1415 0
1414 1464 0
1415 1416 0
1415 1465 0
1416 1417 0
1416 1466 0
1417 1418 0
1417 1467 0
1418 1419 0
1418 1468 0
1419 1420 0
1419 1469 0
1420 1421 0
1420 1470 0
1421 1422 0
1421 1471 0
1422 1423 0
1422 1472 0
1423 1424 0
1423 1473 0
1424 1425 0
1424 1474 0
1425 1426 0
1425 1475 0
1426 1427 0
1426 1476 0
1427 1428 0
1427 1477 0
1428 1429 0
1428 1478 0
1429 1430 0
1429 1479 0
1430 1431 0
1430 1480 0
1431 1432 0
1431 1481 0
1432 1433 0
1432 1482 0
1433 1434 0
1433 1483 0
1434 1435 0
1434 1484 0
1435 1436 0
1435 1485 0
1436 1437 0
1436 1486 0
1437 1438 0
1437 1487 0
1438 1439 0
1438 1488 0
1439 1440 0
1439 1489 0
1440 1441 0
1440 1490 0
1441 1442 0
1441 1491 0
1442 1443 0
1442 1492 0
1443 1444 0
1443 1493 0
1444 1445 0
1444 1494 0
1445 1446 0
1445 1495 0
1446 1447 0
1446 1496 0
1447 1448 0
1447 1497 0
1448 1449 0
1448 1498 0
1449 1450 0
1449 1499 0
1450 1500 0
1451 1452 0
1451 1501 0
1452 1453 0
1452 1502 0
1453 1454 0
1453 1503 0
1454 1455 0
1454 1504 0
1455 1456 0
1455 1505 0
1456 1457 0
1456 1506 0
1457 1458 0
1457 1507 0
1458 1459 0
1458 1508 0
1459 1460 0
1459 1509 0
1460 1461 0
1460 1510 0
1461 1462 0
1461 1511 0
1462 1463 0
1462 1512 0
1463 1464 0
1463 1513 0
1464 1465 0
1464 1514 0
1465 1466 0
1465 1515 0
1466 1467 0
1466 1516 0
1467 1468 0
1467 1517 0
1468 1469 0
1468 1518 0
1469 1470 0
1469 1519 0
1470 1471 0
1470 1520 0
1471 1472 0
1471 1521 0
1472 1473 0
1472 1522 0
1473 1474 0
1473 1523 0
1474 1475 0
1474 1524 0
1475 1476 0
1475 1525 0
1476 1477 0
1476 1526 0
1477 1478 0
1477 1527 0
1478 1479 0
1478 1528 0
1479 1480 0
1479 1529 0
1480 1481 0
1480 1530 0
1481 1482 0
1481 1531 0
1482 1483 0
1482 1532 0
1483 1484 0
1483 1533 0
1484 1485 0
1484 1534 0
1485 1486 0
1485 1535 0
1486 1487 0
1486 1536 0
1487 1488 0
1487 1537 0
1488 1489 0
1488 1538 0
1489 1490 0
1489 1539 0
1490 1491 0
1490 1540 0
1491 1492 0
1491 1541 0
1492 1493 0
1492 1542 0
1493 1494 0
1493 1543 0
1494 1495 0
1494 1544 0
1495 1496 0
1495 1545 0
1496 1497 0
1496 1546 0
1497 1498 0
1497 1547 0
1498 1499 0
1498 1548 0
1499 1500 0
1499 1549 0
1500 1550 0
1501 1502 0
1501 1551 0
1502 1503 0
1502 1552 0
1503 1504 0
1503 1553 0
1504 1505 0
1504 1554 0
1505 1506 0
1505 1555 0
1506 1507 0
1506 1556 0
1507 1508 0
1507 1557 0
1508 1509 0
1508 1558 0
1509 1510 0
1509 1559 0
1510 1511 0
1510 1560 0
1511 1512 0
1511 1561 0
1512 1513 0
1512 1562 0
1513 1514 0
1513 1563 0
1514 1515 0
1514 1564 0
1515 1516 0
1515 1565 0
1516 1517 0
1516 1566 0
1517 1518 0
1517 1567 0
1518 1519 0
1518 1568 0
1519 1520 0
1519 1569 0
1520 1521 0
1520 1570 0
1521 1522 0
1521 1571 0
1522 1523 0
1522 1572 0
1523 1524 0
1523 1573 0
1524 1525 0
1524 1574 0
1525 1526 0
1525 1575 0
1526 1527 0
1526 1576 0
1527 1528 0
1527 1577 0
1528 1529 0
1528 1578 0
1529 1530 0
1529 1579 0
1530 1531 0
1530 1580 0
1531 1532 0
1531 1581 0
1532 1533 0
1532 1582 0
1533 1534 0
1533 1583 0
1534 1535 0
1534 1584 0
1535 1536 0
1535 1585 0
1536 1537 0
1536 1586 0
1537 1538 0
1537 1587 0
1538 1539 0
1538 1588 0
1539 1540 0
1539 1589 0
1540 1541 0
1540 1590 0
1541 1542 0
1541 1591 0
1542 1543 0
1542 1592 0
1543 1544 0
1543 1593 0
1544 1545 0
1544 1594 0
1545 1546 0
1545 1595 0
1546 1547 0
1546 1596 0
1547 1548 0
1547 1597 0
1548 1549 0
1548 1598 0
1549 1550 0
1549 1599 0
1550 1600 0
1551 1552 0
1551 1601 0
1552 1553 0
1552 1602 0
1553 1554 0
1553 1603 0
1554 1555 0
1554 1604 0
1555 1556 0
1555 1605 0
1556 1557 0
1556 1606 0
1557 1558 0
1557 1607 0
1558 1559 0
1558 1608 0
1559 1560 0
1559 1609 0
1560 1561 0
1560 1610 0
1561 1562 0
1561 1611 0
1562 1563 0
1562 1612 0
1563 1564 0
1563 1613 0
1564 1565 0
1564 1614 0
1565 1566 0
1565 1615 0
1566 1567 0
1566 1616 0
1567 1568 0
1567 1617 0
1568 1569 0
1568 1618 0
1569 1570 0
1569 1619 0
1570 1571 0
1570 1620 0
1571 1572 0
1571 1621 0
1572 1573 0
1572 1622 0
1573 1574 0
1573 1623 0
1574 1575 0
1574 1624 0
1575 1576 0
1575 1625 0
1576 1577 0
1576 1626 0
1577 1578 0
1577 1627 0
1578 1579 0
1578 1628 0
1579 1580 0
1579 1629 0
1580 1581 0
1580 1630 0
1581 1582 0
1581 1631 0
1582 1583 0
1582 1632 0
1583 1584 0
1583 1633 0
1584 1585 0
1584 1634 0
1585 1586 0
1585 1635 0
1586 1587 0
1586 1636 0
1587 1588 0
1587 1637 0
1588 1589 0
1588 1638 0
1589 1590 0
1589 1639 0
1590 1591 0
1590 1640 0
1591 1592 0
1591 1641 0
1592 1593 0
1592 1642 0
1593 1594 0
1593 1643 0
1594 1595 0
1594 1644 0
1595 1596 0
1595 1645 0
1596 1597 0
1596 1646 0
1597 1598 0
1597 1647 0
1598 1599 0
1598 1648 0
1599 1600 0
1599 1649 0
1600 1650 0
1601 1602 0
1601 1651 0
1602 1603 0
1602 1652 0
1603 1604 0
1603 1653 0
1604 1605 0
1604 1654 0
1605 1606 0
1605 1655 0
1606 1607 0
1606 1656 0
1607 1608 0
1607 1657 0
1608 1609 0
1608 1658 0
1609 1610 0
1609 1659 0
1610 1611 0
1610 1660 0
1611 1612 0
1611 1661 0
1612 1613 0
1612 1662 0
1613 1614 0
1613 1663 0
1614 1615 0
1614 1664 0
1615 1616 0
1615 1665 0
1616 1617 0
1616 1666 0
1617 1618 0
1617 1667 0
1618 1619 0
1618 1668 0
1619 1620 0
1619 1669 0
1620 1621 0
1620 1670 0
1621 1622 0
1621 1671 0
1622 1623 0
1622 1672 0
1623 1624 0
1623 1673 0
1624 1625 0
1624 1674 0
1625 1626 0
1625 1675 0
1626 1627 0
1626 1676 0
1627 1628 0
1627 1677 0
1628 1629 0
1628 1678 0
1629 1630 0
1629 1679 0
1630 1631 0
1630 1680 0
1631 1632 0
1631 1681 0
1632 1633 0
1632 1682 0
1633 1634 0
1633 1683 0
1634 1635 0
1634 1684 0
1635 1636 0
1635 1685 0
1636 1637 0
1636 1686 0
1637 1638 0
1637 1687 0
1638 1639 0
1638 1688 0
1639 1640 0
1639 1689 0
1640 1641 0
1640 1690 0
1641 1642 0
1641 1691 0
1642 1643 0
1642 1692 0
1643 1644 0
1643 1693 0
1644 1645 0
1644 1694 0
1645 1646 0
1645 1695 0
1646 1647 0
1646 1696 0
1647 1648 0
1647 1697 0
1648 1649 0
1648 1698 0
1649 1650 0
1649 1699 0
1650 1700 0
1651 1652 0
1651 1701 0
1652 1653 0
1652 1702 0
1653 1654 0
1653 1703 0
1654 1655 0
1654 1704 0
1655 1656 0
1655 1705 0
1656 1657 0
1656 1706 0
1657 1658 0
1657 1707 0
1658 1659 0
1658 1708 0
1659 1660 0
1659 1709 0
1660 1661 0
1660 1710 0
1661 1662 0
1661 1711 0
1662 1663 0
1662 1712 0
1663 1664 0
1663 1713 0
1664 1665 0
1664 1714 0
1665 1666 0
1665 1715 0
1666 1667 0
1666 1716 0
1667 1668 0
1667 1717 0
1668 1669 0
1668 1718 0
1669 1670 0
1669 1719 0
1670 1671 0
1670 1720 0
1671 1672 0
1671 1721 0
1672 1673 0
1672 1722 0
1673 1674 0
1673 1723 0
1674 1675 0
1674 1724 0
1675 1676 0
1675 1725 0
1676 1677 0
1676 1726 0
1677 1678 0
1677 1727 0
1678 1679 0
1678 1728 0
1679 1680 0
1679 1729 0
1680 1681 0
1680 1730 0
1681 1682 0
1681 1731 0
1682 1683 0
1682 1732 0
1683 1684 0
1683 1733 0
1684 1685 0
1684 1734 0
1685 1686 0
1685 1735 0
1686 1687 0
1686 1736 0
1687 1688 0
1687 1737 0
1688 1689 0
1688 1738 0
1689 1690 0
1689 1739 0
1690 1691 0
1690 1740 0
1691 1692 0
1691 1741 0
1692 1693 0
1692 1742 0
1693 1694 0
1693 1743 0
1694 1695 0
1694 1744 0
1695 1696 0
1695 1745 0
1696 1697 0
1696 1746 0
1697 1698 0
1697 1747 0
1698 1699 0
1698 1748 0
1699 1700 0
1699 1749 0
1700 1750 0
1701 1702 0
1701 1751 0
1702 1703 0
1702 1752 0
1703 1704 0
1703 1753 0
1704 1705 0
1704 1754 0
1705 1706 0
1705 1755 0
1706 1707 0
1706 1756 0
1707 1708 0
1707 1757 0
1708 1709 0
1708 1758 0
1709 1710 0
1709 1759 0
1710 1711 0
1710 1760 0
1711 1712 0
1711 1761 0
1712 1713 0
1712 1762 0
1713 1714 0
1713 1763 0
1714 1715 0
1714 1764 0
1715 1716 0
1715 1765 0
1716 1717 0
1716 1766 0
1717 1718 0
1717 1767 0
1718 1719 0
1718 1768 0
1719 1720 0
1719 1769 0
1720 1721 0
1720 1770 0
1721 1722 0
1721 1771 0
1722 1723 0
1722 1772 0
1723 1724 0
1723 1773 0
1724 1725 0
1724 1774 0
1725 1726 0
1725 1775 0
1726 1727 0
1726 1776 0
1727 1728 0
1727 1777 0
1728 1729 0
1728 1778 0
1729 1730 0
1729 1779 0
1730 1731 0
1730 1780 0
1731 1732 0
1731 1781 0
1732 1733 0
1732 1782 0
1733 1734 0
1733 1783 0
1734 1735 0
1734 1784 0
1735 1736 0
1735 1785 0
1736 1737 0
1736 1786 0
1737 1738 0
1737 1787 0
1738 1739 0
1738 1788 0
1739 1740 0
1739 1789 0
1740 1741 0
1740 1790 0
1741 1742 0
1741 1791 0
1742 1743 0
1742 1792 0
1743 1744 0
1743 1793 0
1744 1745 0
1744 1794 0
1745 1746 0
1745 1795 0
1746 1747 0
1746 1796 0
1747 1748 0
1747 1797 0
1748 1749 0
1748 1798 0
1749 1750 0
1749 1799 0
1750 1800 0
1751 1752 0
1751 1801 0
1752 1753 0
1752 1802 0
1753 1754 0
1753 1803 0
1754 1755 0
1754 1804 0
1755 1756 0
1755 1805 0
1756 1757 0
1756 1806 0
1757 1758 0
1757 1807 0
1758 1759 0
1758 1808 0
1759 1760 0
1759 1809 0
1760 1761 0
1760 1810 0
1761 1762 0
1761 1811 0
1762 1763 0
1762 1812 0
1763 1764 0
1763 1813 0
1764 1765 0
1764 1814 0
1765 1766 0
1765 1815 0
1766 1767 0
1766 1816 0
1767 1768 0
1767 1817 0
1768 1769 0
1768 1818 0
1769 1770 0
1769 1819 0
1770 1771 0
1770 1820 0
1771 1772 0
1771 1821 0
1772 1773 0
1772 1822 0
1773 1774 0
1773 1823 0
1774 1775 0
1774 1824 0
1775 1776 0
1775 1825 0
1776 1777 0
1776 1826 0
1777 1778 0
1777 1827 0
1778 1779 0
1778 1828 0
1779 1780 0
1779 1829 0
1780 1781 0
1780 1830 0
1781 1782 0
1781 1831 0
1782 1783 0
1782 1832 0
1783 1784 0
1783 1833 0
1784 1785 0
1784 1834 0
1785 1786 0
1785 1835 0
1786 1787 0
1786 1836 0
1787 1788 0
1787 1837 0
1788 1789 0
1788 1838 0
1789 1790 0
1789 1839 0
1790 1791 0
1790 1840 0
1791 1792 0
1791 1841 0
1792 1793 0
1792 1842 0
1793 1794 0
1793 1843 0
1794 1795 0
1794 1844 0
1795 1796 0
1795 1845 0
1796 1797 0
1796 1846 0
1797 1798 0
1797 1847 0
1798 1799 0
1798 1848 0
1799 1800 0
1799 1849 0
1800 1850 0
1801 1802 0
1801 1851 0
1802 1803 0
1802 1852 0
1803 1804 0
1803 1853 0
1804 1805 0
1804 1854 0
1805 1806 0
1805 1855 0
1806 1807 0
1806 1856 0
1807 1808 0
1807 1857 0
1808 1809 0
1808 1858 0
1809 1810 0
1809 1859 0
1810 1811 0
1810 1860 0
1811 1812 0
1811 1861 0
1812 1813 0
1812 1862 0
1813 1814 0
1813 1863 0
1814 1815 0
1814 1864 0
1815 1816 0
1815 1865 0
1816 1817 0
1816 1866 0
1817 1818 0
1817 1867 0
1818 1819 0
1818 1868 0
1819 1820 0
1819 1869 0
1820 1821 0
1820 1870 0
1821 1822 0
1821 1871 0
1822 1823 0
1822 1872 0
1823 1824 0
1823 1873 0
1824 1825 0
1824 1874 0
1825 1826 0
1825 1875 0
1826 1827 0
1826 1876 0
1827 1828 0
1827 1877 0
1828 1829 0
1828 1878 0
1829 1830 0
1829 1879 0
1830 1831 0
1830 1880 0
1831 1832 0
1831 1881 0
1832 1833 0
1832 1882 0
1833 1834 0
1833 1883 0
1834 1835 0
1834 1884 0
1835 1836 0
1835 1885 0
1836 1837 0
1836 1886 0
1837 1838 0
1837 1887 0
1838 1839 0
1838 1888 0
1839 1840 0
1839 1889 0
1840 1841 0
1840 1890 0
1841 1842 0
1841 1891 0
1842 1843 0
1842 1892 0
1843 1844 0
1843 1893 0
1844 1845 0
1844 1894 0
1845 1846 0
1845 1895 0
1846 1847 0
1846 1896 0
1847 1848 0
1847 1897 0
1848 1849 0
1848 1898 0
1849 1850 0
1849 1899 0
1850 1900 0
1851 1852 0
1851 1901 0
1852 1853 0
1852 1902 0
1853 1854 0
1853 1903 0
1854 1855 0
1854 1904 0
1855 1856 0
1855 1905 0
1856 1857 0
1856 1906 0
1857 1858 0
1857 1907 0
1858 1859 0
1858 1908 0
1859 1860 0
1859 1909 0
1860 1861 0
1860 1910 0
1861 1862 0
1861 1911 0
1862 1863 0
1862 1912 0
1863 1864 0
1863 1913 0
1864 1865 0
1864 1914 0
1865 1866 0
1865 1915 0
1866 1867 0
1866 1916 0
1867 1868 0
1867 1917 0
1868 1869 0
1868 1918 0
1869 1870 0
1869 1919 0
1870 1871 0
1870 1920 0
1871 1872 0
1871 1921 0
1872 1873 0
1872 1922 0
1873 1874 0
1873 1923 0
1874 1875 0
1874 1924 0
1875 1876 0
1875 1925 0
1876 1877 0
1876 1926 0
1877 1878 0
1877 1927 0
1878 1879 0
1878 1928 0
1879 1880 0
1879 1929 0
1880 1881 0
1880 1930 0
1881 1882 0
1881 1931 0
1882 1883 0
1882 1932 0
1883 1884 0
1883 1933 0
1884 1885 0
1884 1934 0
1885 1886 0
1885 1935 0
1886 1887 0
1886 1936 0
1887 1888 0
1887 1937 0
1888 1889 0
1888 1938 0
1889 1890 0
1889 1939 0
1890 1891 0
1890 1940 0
1891 1892 0
1891 1941 0
1892 1893 0
1892 1942 0
1893 1894 0
1893 1943 0
1894 1895 0
1894 1944 0
1895 1896 0
1895 1945 0
1896 1897 0
1896 1946 0
1897 1898 0
1897 1947 0
1898 1899 0
1898 1948 0
1899 1900 0
1899 1949 0
1900 1950 0
1901 1902 0
1901 1951 0
1902 1903 0
1902 1952 0
1903 1904 0
1903 1953 0
1904 1905 0
1904 1954 0
1905 1906 0
1905 1955 0
1906 1907 0
1906 1956 0
1907 1908 0
1907 1957 0
1908 1909 0
1908 1958 0
1909 1910 0
1909 1959 0
1910 1911 0
1910 1960 0
1911 1912 0
1911 1961 0
1912 1913 0
1912 1962 0
1913 1914 0
1913 1963 0
1914 1915 0
1914 1964 0
1915 1916 0
1915 1965 0
1916 1917 0
1916 1966 0
1917 1918 0
1917 1967 0
1918 1919 0
1918 1968 0
1919 1920 0
1919 1969 0
1920 1921 0
1920 1970 0
1921 1922 0
1921 1971 0
1922 1923 0
1922 1972 0
1923 1924 0
1923 1973 0
1924 1925 0
1924 1974 0
1925 1926 0
1925 1975 0
1926 1927 0
1926 1976 0
1927 1928 0
1927 1977 0
1928 1929 0
1928 1978 0
1929 1930 0
1929 1979 0
1930 1931 0
1930 1980 0
1931 1932 0
1931 1981 0
1932 1933 0
1932 1982 0
1933 1934 0
1933 1983 0
1934 1935 0
1934 1984 0
1935 1936 0
1935 1985 0
1936 1937 0
1936 1986 0
1937 1938 0
1937 1987 0
1938 1939 0
1938 1988 0
1939 1940 0
1939 1989 0
1940 1941 0
1940 1990 0
1941 1942 0
1941 1991 0
1942 1943 0
1942 1992 0
1943 1944 0
1943 1993 0
1944 1945 0
1944 1994 0
1945 1946 0
1945 1995 0
1946 1947 0
1946 1996 0
1947 1948 0
1947 1997 0
1948 1949 0
1948 1998 0
1949 1950 0
1949 1999 0
1950 2000 0
1951 1952 0
1951 2001 0
1952 1953 0
1952 2002 0
1953 1954 0
1953 2003 0
1954 1955 0
1954 2004 0
1955 1956 0
1955 2005 0
1956 1957 0
1956 2006 0
1957 1958 0
1957 2007 0
1958 1959 0
1958 2008 0
1959 1960 0
1959 2009 0
1960 1961 0
1960 2010 0
1961 1962 0
1961 2011 0
1962 1963 0
1962 2012 0
1963 1964 0
1963 2013 0
1964 1965 0
1964 2014 0
1965 1966 0
1965 2015 0
1966 1967 0
1966 2016 0
1967 1968 0
1967 2017 0
1968 1969 0
1968 2018 0
1969 1970 0
1969 2019 0
1970 1971 0
1970 2020 0
1971 1972 0
1971 2021 0
1972 1973 0
1972 2022 0
1973 1974 0
1973 2023 0
1974 1975 0
1974 2024 0
1975 1976 0
1975 2025 0
1976 1977 0
1976 2026 0
1977 1978 0
1977 2027 0
1978 1979 0
1978 2028 0
1979 1980 0
1979 2029 0
1980 1981 0
1980 2030 0
1981 1982 0
1981 2031 0
1982 1983 0
1982 2032 0
1983 1984 0
1983 2033 0
1984 1985 0
1984 2034 0
1985 1986 0
1985 2035 0
1986 1987 0
1986 2036 0
1987 1988 0
1987 2037 0
1988 1989 0
1988 2038 0
1989 1990 0
1989 2039 0
1990 1991 0
1990 2040 0
1991 1992 0
1991 2041 0
1992 1993 0
1992 2042 0
1993 1994 0
1993 2043 0
1994 1995 0
1994 2044 0
1995 1996 0
1995 2045 0
1996 1997 0
1996 2046 0
1997 1998 0
1997 2047 0
1998 1999 0
1998 2048 0
1999 2000 0
1999 2049 0
2000 2050 0
2001 2002 0
2001 2051 0
2002 2003 0
2002 2052 0
2003 2004 0
2003 2053 0
2004 2005 0
2004 2054 0
2005 2006 0
2005 2055 0
2006 2007 0
2006 2056 0
2007 2008 0
2007 2057 0
2008 2009 0
2008 2058 0
2009 2010 0
2009 2059 0
2010 2011 0
2010 2060 0
2011 2012 0
2011 2061 0
2012 2013 0
2012 2062 0
2013 2014 0
2013 2063 0
2014 2015 0
2014 2064 0
2015 2016 0
2015 2065 0
2016 2017 0
2016 2066 0
2017 2018 0
2017 2067 0
2018 2019 0
2018 2068 0
2019 2020 0
2019 2069 0
2020 2021 0
2020 2070 0
2021 2022 0
2021 2071 0
2022 2023 0
2022 2072 0
2023 2024 0
2023 2073 0
2024 2025 0
2024 2074 0
2025 2026 0
2025 2075 0
2026 2027 0
2026 2076 0
2027 2028 0
2027 2077 0
2028 2029 0
2028 2078 0
2029 2030 0
2029 2079 0
2030 2031 0
2030 2080 0
2031 2032 0
2031 2081 0
2032 2033 0
2032 2082 0
2033 2034 0
2033 2083 0
2034 2035 0
2034 2084 0
2035 2036 0
2035 2085 0
2036 2037 0
2036 2086 0
2037 2038 0
2037 2087 0
2038 2039 0
2038 2088 0
2039 2040 0
2039 2089 0
2040 2041 0
2040 2090 0
2041 2042 0
2041 2091 0
2042 2043 0
2042 2092 0
2043 2044 0
2043 2093 0
2044 2045 0
2044 2094 0
2045 2046 0
2045 2095 0
2046 2047 0
2046 2096 0
2047 2048 0
2047 2097 0
2048 2049 0
2048 2098 0
2049 2050 0
2049 2099 0
2050 2100 0
2051 2052 0
2051 2101 0
2052 2053 0
2052 2102 0
2053 2054 0
2053 2103 0
2054 2055 0
2054 2104 0
2055 2056 0
2055 2105 0
2056 2057 0
2056 2106 0
2057 2058 0
2057 2107 0
2058 2059 0
2058 2108 0
2059 2060 0
2059 2109 0
2060 2061 0
2060 2110 0
2061 2062 0
2061 2111 0
2062 2063 0
2062 2112 0
2063 2064 0
2063 2113 0
2064 2065 0
2064 2114 0
2065 2066 0
2065 2115 0
2066 2067 0
2066 2116 0
2067 2068 0
2067 2117 0
2068 2069 0
2068 2118 0
2069 2070 0
2069 2119 0
2070 2071 0
2070 2120 0
2071 2072 0
2071 2121 0
2072 2073 0
2072 2122 0
2073 2074 0
2073 2123 0
2074 2075 0
2074 2124 0
2075 2076 0
2075 2125 0
2076 2077 0
2076 2126 0
2077 2078 0
2077 2127 0
2078 2079 0
2078 2128 0
2079 2080 0
2079 2129 0
2080 2081 0
2080 2130 0
2081 2082 0
2081 2131 0
2082 2083 0
2082 2132 0
2083 2084 0
2083 2133 0
2084 2085 0
2084 2134 0
2085 2086 0
2085 2135 0
2086 2087 0
2086 2136 0
2087 2088 0
2087 2137 0
2088 2089 0
2088 2138 0
2089 2090 0
2089 2139 0
2090 2091 0
2090 2140 0
2091 2092 0
2091 2141 0
2092 2093 0
2092 2142 0
2093 2094 0
2093 2143 0
2094 2095 0
2094 2144 0
2095 2096 0
2095 2145 0
2096 2097 0
2096 2146 0
2097 2098 0
2097 2147 0
2098 2099 0
2098 2148 0
2099 2100 0
2099 2149 0
2100 2150 0
2101 2102 0
2101 2151 0
2102 2103 0
2102 2152 0
2103 2104 0
2103 2153 0
2104 2105 0
2104 2154 0
2105 2106 0
2105 2155 0
2106 2107 0
2106 2156 0
2107 2108 0
2107 2157 0
2108 2109 0
2108 2158 0
2109 2110 0
2109 2159 0
2110 2111 0
2110 2160 0
2111 2112 0
2111 2161 0
2112 2113 0
2112 2162 0
2113 2114 0
2113 2163 0
2114 2115 0
2114 2164 0
2115 2116 0
2115 2165 0
2116 2117 0
2116 2166 0
2117 2118 0
2117 2167 0
2118 2119 0
2118 2168 0
2119 2120 0
2119 2169 0
2120 2121 0
2120 2170 0
2121 2122 0
2121 2171 0
2122 2123 0
2122 2172 0
2123 2124 0
2123 2173 0
2124 2125 0
2124 2174 0
2125 2126 0
2125 2175 0
2126 2127 0
2126 2176 0
2127 2128 0
2127 2177 0
2128 2129 0
2128 2178 0
2129 2130 0
2129 2179 0
2130 2131 0
2130 2180 0
2131 2132 0
2131 2181 0
2132 2133 0
2132 2182 0
2133 2134 0
2133 2183 0
2134 2135 0
2134 2184 0
2135 2136 0
2135 2185 0
2136 2137 0
2136 2186 0
2137 2138 0
2137 2187 0
2138 2139 0
2138 2188 0
2139 2140 0
2139 2189 0
2140 2141 0
2140 2190 0
2141 2142 0
2141 2191 0
2142 2143 0
2142 2192 0
2143 2144 0
2143 2193 0
2144 2145 0
2144 2194 0
2145 2146 0
2145 2195 0
2146 2147 0
2146 2196 0
2147 2148 0
2147 2197 0
2148 2149 0
2148 2198 0
2149 2150 0
2149 2199 0
2150 2200 0
2151 2152 0
2151 2201 0
2152 2153 0
2152 2202 0
2153 2154 0
2153 2203 0
2154 2155 0
2154 2204 0
2155 2156 0
2155 2205 0
2156 2157 0
2156 2206 0
2157 2158 0
2157 2207 0
2158 2159 0
2158 2208 0
2159 2160 0
2159 2209 0
2160 2161 0
2160 2210 0
2161 2162 0
2161 2211 0
2162 2163 0
2162 2212 0
2163 2164 0
2163 2213 0
2164 2165 0
2164 2214 0
2165 2166 0
2165 2215 0
2166 2167 0
2166 2216 0
2167 2168 0
2167 2217 0
2168 2169 0
2168 2218 0
2169 2170 0
2169 2219 0
2170 2171 0
2170 2220 0
2171 2172 0
2171 2221 0
2172 2173 0
2172 2222 0
2173 2174 0
2173 2223 0
2174 2175 0
2174 2224 0
2175 2176 0
2175 2225 0
2176 2177 0
2176 2226 0
2177 2178 0
2177 2227 0
2178 2179 0
2178 2228 0
2179 2180 0
2179 2229 0
2180 2181 0
2180 2230 0
2181 2182 0
2181 2231 0
2182 2183 0
2182 2232 0
2183 2184 0
2183 2233 0
2184 2185 0
2184 2234 0
2185 2186 0
2185 2235 0
2186 2187 0
2186 2236 0
2187 2188 0
2187 2237 0
2188 2189 0
2188 2238 0
2189 2190 0
2189 2239 0
2190 2191 0
2190 2240 0
2191 2192 0
2191 2241 0
2192 2193 0
2192 2242 0
2193 2194 0
2193 2243 0
2194 2195 0
2194 2244 0
2195 2196 0
2195 2245 0
2196 2197 0
2196 2246 0
2197 2198 0
2197 2247 0
2198 2199 0
2198 2248 0
2199 2200 0
2199 2249 0
2200 2250 0
2201 2202 0
2201 2251 0
2202 2203 0
2202 2252 0
2203 2204 0
2203 2253 0
2204 2205 0
2204 2254 0
2205 2206 0
2205 2255 0
2206 2207 0
2206 2256 0
2207 2208 0
2207 2257 0
2208 2209 0
2208 2258 0
2209 2210 0
2209 2259 0
2210 2211 0
2210 2260 0
2211 2212 0
2211 2261 0
2212 2213 0
2212 2262 0
2213 2214 0
2213 2263 0
2214 2215 0
2214 2264 0
2215 2216 0
2215 2265 0
2216 2217 0
2216 2266 0
2217 2218 0
2217 2267 0
2218 2219 0
2218 2268 0
2219 2220 0
2219 2269 0
2220 2221 0
2220 2270 0
2221 2222 0
2221 2271 0
2222 2223 0
2222 2272 0
2223 2224 0
2223 2273 0
2224 2225 0
2224 2274 0
2225 2226 0
2225 2275 0
2226 2227 0
2226 2276 0
2227 2228 0
2227 2277 0
2228 2229 0
2228 2278 0
2229 2230 0
2229 2279 0
2230 2231 0
2230 2280 0
2231 2232 0
2231 2281 0
2232 2233 0
2232 2282 0
2233 2234 0
2233 2283 0
2234 2235 0
2234 2284 0
2235 2236 0
2235 2285 0
2236 2237 0
2236 2286 0
2237 2238 0
2237 2287 0
2238 2239 0
2238 2288 0
2239 2240 0
2239 2289 0
2240 2241 0
2240 2290 0
2241 2242 0
2241 2291 0
2242 2243 0
2242 2292 0
2243 2244 0
2243 2293 0
2244 2245 0
2244 2294 0
2245 2246 0
2245 2295 0
2246 2247 0
2246 2296 0
2247 2248 0
2247 2297 0
2248 2249 0
2248 2298 0
2249 2250 0
2249 2299 0
2250 2300 0
2251 2252 0
2251 2301 0
2252 2253 0
2252 2302 0
2253 2254 0
2253 2303 0
2254 2255 0
2254 2304 0
2255 2256 0
2255 2305 0
2256 2257 0
2256 2306 0
2257 2258 0
2257 2307 0
2258 2259 0
2258 2308 0
2259 2260 0
2259 2309 0
2260 2261 0
2260 2310 0
2261 2262 0
2261 2311 0
2262 2263 0
2262 2312 0
2263 2264 0
2263 2313 0
2264 2265 0
2264 2314 0
2265 2266 0
2265 2315 0
2266 2267 0
2266 2316 0
2267 2268 0
2267 2317 0
2268 2269 0
2268 2318 0
2269 2270 0
2269 2319 0
2270 2271 0
2270 2320 0
2271 2272 0
2271 2321 0
2272 2273 0
2272 2322 0
2273 2274 0
2273 2323 0
2274 2275 0
2274 2324 0
2275 2276 0
2275 2325 0
2276 2277 0
2276 2326 0
2277 2278 0
2277 2327 0
2278 2279 0
2278 2328 0
2279 2280 0
2279 2329 0
2280 2281 0
2280 2330 0
2281 2282 0
2281 2331 0
2282 2283 0
2282 2332 0
2283 2284 0
2283 2333 0
2284 2285 0
2284 2334 0
2285 2286 0
2285 2335 0
2286 2287 0
2286 2336 0
2287 2288 0
2287 2337 0
2288 2289 0
2288 2338 0
2289 2290 0
2289 2339 0
2290 2291 0
2290 2340 0
2291 2292 0
2291 2341 0
2292 2293 0
2292 2342 0
2293 2294 0
2293 2343 0
2294 2295 0
2294 2344 0
2295 2296 0
2295 2345 0
2296 2297 0
2296 2346 0
2297 2298 0
2297 2347 0
2298 2299 0
2298 2348 0
2299 2300 0
2299 2349 0
2300 2350 0
2301 2302 0
2301 2351 0
2302 2303 0
2302 2352 0
2303 2304 0
2303 2353 0
2304 2305 0
2304 2354 0
2305 2306 0
2305 2355 0
2306 2307 0
2306 2356 0
2307 2308 0
2307 2357 0
2308 2309 0
2308 2358 0
2309 2310 0
2309 2359 0
2310 2311 0
2310 2360 0
2311 2312 0
2311 2361 0
2312 2313 0
2312 2362 0
2313 2314 0
2313 2363 0
2314 2315 0
2314 2364 0
2315 2316 0
2315 2365 0
2316 2317 0
2316 2366 0
2317 2318 0
2317 2367 0
2318 2319 0
2318 2368 0
2319 2320 0
2319 2369 0
2320 2321 0
2320 2370 0
2321 2322 0
2321 2371 0
2322 2323 0
2322 2372 0
2323 2324 0
2323 2373 0
2324 2325 0
2324 2374 0
2325 2326 0
2325 2375 0
2326 2327 0
2326 2376 0
2327 2328 0
2327 2377 0
2328 2329 0
2328 2378 0
2329 2330 0
2329 2379 0
2330 2331 0
2330 2380 0
2331 2332 0
2331 2381 0
2332 2333 0
2332 2382 0
2333 2334 0
2333 2383 0
2334 2335 0
2334 2384 0
2335 2336 0
2335 2385 0
2336 2337 0
2336 2386 0
2337 2338 0
2337 2387 0
2338 2339 0
2338 2388 0
2339 2340 0
2339 2389 0
2340 2341 0
2340 2390 0
2341 2342 0
2341 2391 0
2342 2343 0
2342 2392 0
2343 2344 0
2343 2393 0
2344 2345 0
2344 2394 0
2345 2346 0
2345 2395 0
2346 2347 0
2346 2396 0
2347 2348 0
2347 2397 0
2348 2349 0
2348 2398 0
2349 2350 0
2349 2399 0
2350 2400 0
2351 2352 0
2351 2401 0
2352 2353 0
2352 2402 0
2353 2354 0
2353 2403 0
2354 2355 0
2354 2404 0
2355 2356 0
2355 2405 0
2356 2357 0
2356 2406 0
2357 2358 0
2357 2407 0
2358 2359 0
2358 2408 0
2359 2360 0
2359 2409 0
2360 2361 0
2360 2410 0
2361 2362 0
2361 2411 0
2362 2363 0
2362 2412 0
2363 2364 0
2363 2413 0
2364 2365 0
2364 2414 0
2365 2366 0
2365 2415 0
2366 2367 0
2366 2416 0
2367 2368 0
2367 2417 0
2368 2369 0
2368 2418 0
2369 2370 0
2369 2419 0
2370 2371 0
2370 2420 0
2371 2372 0
2371 2421 0
2372 2373 0
2372 2422 0
2373 2374 0
2373 2423 0
2374 2375 0
2374 2424 0
2375 2376 0
2375 2425 0
2376 2377 0
2376 2426 0
2377 2378 0
2377 2427 0
2378 2379 0
2378 2428 0
2379 2380 0
2379 2429 0
2380 2381 0
2380 2430 0
2381 2382 0
2381 2431 0
2382 2383 0
2382 2432 0
2383 2384 0
2383 2433 0
2384 2385 0
2384 2434 0
2385 2386 0
2385 2435 0
2386 2387 0
2386 2436 0
2387 2388 0
2387 2437 0
2388 2389 0
2388 2438 0
2389 2390 0
2389 2439 0
2390 2391 0
2390 2440 0
2391 2392 0
2391 2441 0
2392 2393 0
2392 2442 0
2393 2394 0
2393 2443 0
2394 2395 0
2394 2444 0
2395 2396 0
2395 2445 0
2396 2397 0
2396 2446 0
2397 2398 0
2397 2447 0
2398 2399 0
2398 2448 0
2399 2400 0
2399 2449 0
2400 2450 0
2401 2402 0
2401 2451 0
2402 2403 0
2402 2452 0
2403 2404 0
2403 2453 0
2404 2405 0
2404 2454 0
2405 2406 0
2405 2455 0
2406 2407 0
2406 2456 0
2407 2408 0
2407 2457 0
2408 2409 0
2408 2458 0
2409 2410 0
2409 2459 0
2410 2411 0
2410 2460 0
2411 2412 0
2411 2461 0
2412 2413 0
2412 2462 0
2413 2414 0
2413 2463 0
2414 2415 0
2414 2464 0
2415 2416 0
2415 2465 0
2416 2417 0
2416 2466 0
2417 2418 0
2417 2467 0
2418 2419 0
2418 2468 0
2419 2420 0
2419 2469 0
2420 2421 0
2420 2470 0
2421 2422 0
2421 2471 0
2422 2423 0
2422 2472 0
2423 2424 0
2423 2473 0
2424 2425 0
2424 2474 0
2425 2426 0
2425 2475 0
2426 2427 0
2426 2476 0
2427 2428 0
2427 2477 0
2428 2429 0
2428 2478 0
2429 2430 0
2429 2479 0
2430 2431 0
2430 2480 0
2431 2432 0
2431 2481 0
2432 2433 0
2432 2482 0
2433 2434 0
2433 2483 0
2434 2435 0
2434 2484 0
2435 2436 0
2435 2485 0
2436 2437 0
2436 2486 0
2437 2438 0
2437 2487 0
2438 2439 0
2438 2488 0
2439 2440 0
2439 2489 0
2440 2441 0
2440 2490 0
2441 2442 0
2441 2491 0
2442 2443 0
2442 2492 0
2443 2444 0
2443 2493 0
2444 2445 0
2444 2494 0
2445 2446 0
2445 2495 0
2446 2447 0
2446 2496 0
2447 2448 0
2447 2497 0
2448 2449 0
2448 2498 0
2449 2450 0
2449 2499 0
2450 2500 0
2451 2452 0
2452 2453 0
2453 2454 0
2454 2455 0
2455 2456 0
2456 2457 0
2457 2458 0
2458 2459 0
2459 2460 0
2460 2461 0
2461 2462 0
2462 2463 0
2463 2464 0
2464 2465 0
2465 2466 0
2466 2467 0
2467 2468 0
2468 2469 0
2469 2470 0
2470 2471 0
2471 2472 0
2472 2473 0
2473 2474 0
2474 2475 0
2475 2476 0
2476 2477 0
2477 2478 0
2478 2479 0
2479 2480 0
2480 2481 0
2481 2482 0
2482 2483 0
2483 2484 0
2484 2485 0
2485 2486 0
2486 2487 0
2487 2488 0
2488 2489 0
2489 2490 0
2490 2491 0
2491 2492 0
2492 2493 0
2493 2494 0
2494 2495 0
2495 2496 0
2496 2497 0
2497 2498 0
2498 2499 0
2499 2500 0
