225 420 
1   957 
2   216 
3   896 
4   437 
5    10 
6   138 
7   888 
8    51 
9   783 
10   538 
11   187 
12   937 
13   317 
14   239 
15   292 
16   878 
17   762 
18   401 
19   319 
20   824 
21   775 
22    52 
23   884 
24   967 
25   887 
26   672 
27   575 
28    74 
29   104 
30    98 
31   443 
32   768 
33    15 
34   498 
35   791 
36   846 
37   797 
38   381 
39    97 
40    28 
41   372 
42   354 
43   104 
44   926 
45    16 
46   392 
47   107 
48   818 
49   960 
50   329 
51   362 
52   737 
53   630 
54   214 
55   251 
56   356 
57   501 
58    66 
59   469 
60   385 
61   224 
62   859 
63   124 
64   397 
65   833 
66   544 
67   188 
68   426 
69   870 
70   247 
71    24 
72   225 
73   700 
74   559 
75   368 
76   590 
77   154 
78   561 
79   514 
80   899 
81    66 
82   356 
83   343 
84   376 
85   162 
86   445 
87   865 
88    70 
89   450 
90   247 
91   621 
92   859 
93   968 
94    38 
95   317 
96   305 
97   917 
98   131 
99    45 
100    97 
101   528 
102   725 
103   265 
104   333 
105   473 
106   407 
107    79 
108   631 
109   608 
110    30 
111    39 
112   679 
113    10 
114   433 
115   524 
116   842 
117   419 
118   767 
119   624 
120   922 
121   535 
122   470 
123    23 
124   212 
125   569 
126   817 
127   246 
128   848 
129   200 
130   796 
131   421 
132   395 
133   279 
134   946 
135    51 
136   135 
137   441 
138   208 
139   348 
140   753 
141   936 
142   715 
143   297 
144   415 
145   284 
146   879 
147   205 
148   561 
149   966 
150   548 
151   651 
152   293 
153   881 
154   548 
155   113 
156   453 
157   922 
158   206 
159   310 
160   101 
161   583 
162   184 
163   696 
164   376 
165   627 
166   190 
167   773 
168   479 
169    34 
170   429 
171   155 
172   186 
173   511 
174   954 
175   762 
176   203 
177   211 
178   625 
179   727 
180   204 
181   520 
182   497 
183   175 
184   882 
185   792 
186   572 
187   265 
188   838 
189   572 
190   621 
191   907 
192   139 
193   358 
194   121 
195   490 
196    74 
197    85 
198   752 
199   259 
200   811 
201   158 
202   805 
203   751 
204   349 
205   497 
206   938 
207   761 
208   135 
209   703 
210   944 
211   570 
212   573 
213    96 
214   326 
215   642 
216   652 
217   424 
218   701 
219   907 
220   993 
221   167 
222   806 
223   946 
224   369 
225    42 
1 16 0 
1 2 0 
2 17 0 
2 3 0 
3 18 0 
3 4 0 
4 19 0 
4 5 0 
5 20 0 
5 6 0 
6 21 0 
6 7 0 
7 22 0 
7 8 0 
8 23 0 
8 9 0 
9 24 0 
9 10 0 
10 25 0 
10 11 0 
11 26 0 
11 12 0 
12 27 0 
12 13 0 
13 28 0 
13 14 0 
14 29 0 
14 15 0 
15 30 0 
16 31 0 
16 17 0 
17 32 0 
17 18 0 
18 33 0 
18 19 0 
19 34 0 
19 20 0 
20 35 0 
20 21 0 
21 36 0 
21 22 0 
22 37 0 
22 23 0 
23 38 0 
23 24 0 
24 39 0 
24 25 0 
25 40 0 
25 26 0 
26 41 0 
26 27 0 
27 42 0 
27 28 0 
28 43 0 
28 29 0 
29 44 0 
29 30 0 
30 45 0 
31 46 0 
31 32 0 
32 47 0 
32 33 0 
33 48 0 
33 34 0 
34 49 0 
34 35 0 
35 50 0 
35 36 0 
36 51 0 
36 37 0 
37 52 0 
37 38 0 
38 53 0 
38 39 0 
39 54 0 
39 40 0 
40 55 0 
40 41 0 
41 56 0 
41 42 0 
42 57 0 
42 43 0 
43 58 0 
43 44 0 
44 59 0 
44 45 0 
45 60 0 
46 61 0 
46 47 0 
47 62 0 
47 48 0 
48 63 0 
48 49 0 
49 64 0 
49 50 0 
50 65 0 
50 51 0 
51 66 0 
51 52 0 
52 67 0 
52 53 0 
53 68 0 
53 54 0 
54 69 0 
54 55 0 
55 70 0 
55 56 0 
56 71 0 
56 57 0 
57 72 0 
57 58 0 
58 73 0 
58 59 0 
59 74 0 
59 60 0 
60 75 0 
61 76 0 
61 62 0 
62 77 0 
62 63 0 
63 78 0 
63 64 0 
64 79 0 
64 65 0 
65 80 0 
65 66 0 
66 81 0 
66 67 0 
67 82 0 
67 68 0 
68 83 0 
68 69 0 
69 84 0 
69 70 0 
70 85 0 
70 71 0 
71 86 0 
71 72 0 
72 87 0 
72 73 0 
73 88 0 
73 74 0 
74 89 0 
74 75 0 
75 90 0 
76 91 0 
76 77 0 
77 92 0 
77 78 0 
78 93 0 
78 79 0 
79 94 0 
79 80 0 
80 95 0 
80 81 0 
81 96 0 
81 82 0 
82 97 0 
82 83 0 
83 98 0 
83 84 0 
84 99 0 
84 85 0 
85 100 0 
85 86 0 
86 101 0 
86 87 0 
87 102 0 
87 88 0 
88 103 0 
88 89 0 
89 104 0 
89 90 0 
90 105 0 
91 106 0 
91 92 0 
92 107 0 
92 93 0 
93 108 0 
93 94 0 
94 109 0 
94 95 0 
95 110 0 
95 96 0 
96 111 0 
96 97 0 
97 112 0 
97 98 0 
98 113 0 
98 99 0 
99 114 0 
99 100 0 
100 115 0 
100 101 0 
101 116 0 
101 102 0 
102 117 0 
102 103 0 
103 118 0 
103 104 0 
104 119 0 
104 105 0 
105 120 0 
106 121 0 
106 107 0 
107 122 0 
107 108 0 
108 123 0 
108 109 0 
109 124 0 
109 110 0 
110 125 0 
110 111 0 
111 126 0 
111 112 0 
112 127 0 
112 113 0 
113 128 0 
113 114 0 
114 129 0 
114 115 0 
115 130 0 
115 116 0 
116 131 0 
116 117 0 
117 132 0 
117 118 0 
118 133 0 
118 119 0 
119 134 0 
119 120 0 
120 135 0 
121 136 0 
121 122 0 
122 137 0 
122 123 0 
123 138 0 
123 124 0 
124 139 0 
124 125 0 
125 140 0 
125 126 0 
126 141 0 
126 127 0 
127 142 0 
127 128 0 
128 143 0 
128 129 0 
129 144 0 
129 130 0 
130 145 0 
130 131 0 
131 146 0 
131 132 0 
132 147 0 
132 133 0 
133 148 0 
133 134 0 
134 149 0 
134 135 0 
135 150 0 
136 151 0 
136 137 0 
137 152 0 
137 138 0 
138 153 0 
138 139 0 
139 154 0 
139 140 0 
140 155 0 
140 141 0 
141 156 0 
141 142 0 
142 157 0 
142 143 0 
143 158 0 
143 144 0 
144 159 0 
144 145 0 
145 160 0 
145 146 0 
146 161 0 
146 147 0 
147 162 0 
147 148 0 
148 163 0 
148 149 0 
149 164 0 
149 150 0 
150 165 0 
151 166 0 
151 152 0 
152 167 0 
152 153 0 
153 168 0 
153 154 0 
154 169 0 
154 155 0 
155 170 0 
155 156 0 
156 171 0 
156 157 0 
157 172 0 
157 158 0 
158 173 0 
158 159 0 
159 174 0 
159 160 0 
160 175 0 
160 161 0 
161 176 0 
161 162 0 
162 177 0 
162 163 0 
163 178 0 
163 164 0 
164 179 0 
164 165 0 
165 180 0 
166 181 0 
166 167 0 
167 182 0 
167 168 0 
168 183 0 
168 169 0 
169 184 0 
169 170 0 
170 185 0 
170 171 0 
171 186 0 
171 172 0 
172 187 0 
172 173 0 
173 188 0 
173 174 0 
174 189 0 
174 175 0 
175 190 0 
175 176 0 
176 191 0 
176 177 0 
177 192 0 
177 178 0 
178 193 0 
178 179 0 
179 194 0 
179 180 0 
180 195 0 
181 196 0 
181 182 0 
182 197 0 
182 183 0 
183 198 0 
183 184 0 
184 199 0 
184 185 0 
185 200 0 
185 186 0 
186 201 0 
186 187 0 
187 202 0 
187 188 0 
188 203 0 
188 189 0 
189 204 0 
189 190 0 
190 205 0 
190 191 0 
191 206 0 
191 192 0 
192 207 0 
192 193 0 
193 208 0 
193 194 0 
194 209 0 
194 195 0 
195 210 0 
196 211 0 
196 197 0 
197 212 0 
197 198 0 
198 213 0 
198 199 0 
199 214 0 
199 200 0 
200 215 0 
200 201 0 
201 216 0 
201 202 0 
202 217 0 
202 203 0 
203 218 0 
203 204 0 
204 219 0 
204 205 0 
205 220 0 
205 206 0 
206 221 0 
206 207 0 
207 222 0 
207 208 0 
208 223 0 
208 209 0 
209 224 0 
209 210 0 
210 225 0 
211 212 0 
212 213 0 
213 214 0 
214 215 0 
215 216 0 
216 217 0 
217 218 0 
218 219 0 
219 220 0 
220 221 0 
221 222 0 
222 223 0 
223 224 0 
224 225 0 
