400
800
1     274      18
1      70      46
1     400      17
1     387      50
2     110      38
2     333      23
2     120      24
2      24      37
3     332      80
3     386      17
3     399      46
3     234      39
4     352      38
4      21      51
4     355       4
4     400      54
5     108      44
5     400      42
5      28      44
5      40      48
6      14      11
6     208      29
6     199      45
6     257      36
7      12      28
7     400      16
7     226       9
7     140      56
8      46      84
8     321      17
8     138      91
8     151      58
9     315      23
9     224       3
9     344      73
9     231      81
10     132      58
10     104      83
10      25      67
10     391      37
11     370      65
11     100      25
11     256      29
11     229      85
12     171      29
12     148      39
12      82      37
13     109      59
13     337      63
13     317      76
13      77      36
14     100      23
14      37      76
14     309      19
15      86      52
15     279      29
15     354      72
15     267      50
16     191      34
16     365      15
16     113      73
16      31      14
17      31      10
17     173      51
17     305      32
17     149      31
18     170      36
18     253      24
18     338      65
18     369      41
19     362      30
19     131      18
19     259      34
19     168      75
20     267      37
20     101      53
20     360      68
20      33      56
21     389      59
21      72      63
21     387      48
22     103      83
22     133      20
22     179      31
22      42      79
23     154      55
23      40      31
23     148       7
23      38      73
24     102      15
24     358      56
24      44      54
25     327      40
25      28      63
25     115      29
26     323      17
26     258      36
26      55      35
26     355      44
27     214      27
27     239       7
27     245      77
27     220      13
28     363      65
28     168      75
29     195      86
29     248      67
29     360      13
29     106      60
30      68      20
30      67      41
30     313      27
30     113      45
31     329      23
31      45      34
32      94      31
32      43      37
32     139      43
32     381      42
33      49      15
33     245      16
33     101      89
34     351      14
34     317      82
34      39      15
34      95      19
35     377      43
35      71      43
35     242      36
35     353      36
36      72      85
36     107      40
36     306      80
36     227      25
37     149      90
37     193      24
37     203      76
38     212      75
38     320      43
38     269      73
39     232      51
39     303      25
39     395      15
40     208      32
40     345      73
41      58      61
41      84      67
41     112      90
41      56      20
42     135      74
42      45      28
42     193      78
43     185      72
43     219      18
43     148      49
44     343      40
44     165      49
44     216      85
45     372      59
45     217      65
46     227      18
46     329      28
46     167      61
47     231      51
47     290      27
47     247      46
47     134      58
48      71       4
48     393       4
48     257      42
48     372      61
49     119      77
49     323      58
49     337      42
50     131      15
50      68      65
50     262      21
50     118      69
51     115      32
51     260      46
51     198      74
51     386      58
52     104      60
52     323       5
52     300      12
52     313      19
53     252      55
53     178      10
53     337      57
53     141      33
54     190      23
54     312      67
54      88      28
54     225      29
55     335      50
55     363      52
55      88      75
56     342      62
56     236      80
56     399      61
57     329      14
57     220      38
57     389      49
57      63      33
58     286      45
58     247      41
58     176      22
59      65      25
59     256      20
59     115      24
59     265      35
60     282      74
60     386      66
60     205      46
60     114      51
61     106      36
61      68      61
61     198      84
61     332      86
62     165      84
62     310      78
62     129      52
62     288      69
63     341       8
63     297      11
63     380      58
64     161      17
64     178      39
64     153       9
64     143      42
65      74      37
65     187      41
65     225      36
66     122      54
66     272      54
66      97       7
66     372      34
67     162      52
67     191      44
67     161      41
68     322      13
69     350      57
69     230      36
69     114      56
69     127      46
70     378      73
70     139      22
70      80      65
71     399      51
71     135      38
72     390      34
72     338      68
73     302      37
73     343      23
73     238      40
73     207      54
74     342      50
74     231       1
74      78      76
75     345      38
75     247      41
75     269      49
75     231      78
76     297      36
76     275      46
76     178      44
76     171      20
77     148      27
77     132      42
77     311      76
78     356      53
78     318      29
78     387      62
79     348      48
79     211      56
79     121      20
79     300      34
80     229      70
80     320      47
80     193       4
81     360      55
81     339      26
81     265      71
81     110      43
82     203      29
82     142      46
82     389      42
83     314      47
83     374      63
83     294      36
83     315      33
84     321      73
84     211      33
84     110      69
85     320       7
85     388      38
85     191      53
85     225      34
86      89      61
86     108      35
86     327      44
87     375      40
87     166      63
87     192      66
87     302      28
88     155      90
88     115      35
89     313      82
89     100      57
89     339      35
90     189      46
90     290      52
90     199      28
90     363      68
91     179      62
91     229      79
91     119      49
91     158      16
92     118      34
92     205      16
92     386      63
92     241      26
93      94      86
93     286      68
93     117      82
93     351      21
94     281      17
94     379      75
95     223      70
95     213      15
95     224      83
96     317      24
96     315      60
96     342      43
96     134      97
97     306      69
97     182      38
97     145      38
98     210      40
98     141      62
98     346      60
98     133      48
99     160       9
99     275      13
99     241      62
99     313      73
100     393      27
101     289       5
101     255      55
102     370      60
102     341      20
102     249      53
103     196      73
103     308      66
103     327      30
104     213      62
104     229      69
105     275      68
105     112      53
105     348      27
105     156      45
106     167      37
106     169      34
107     157      26
107     199      85
107     367      81
108     226      35
108     137      11
109     215      54
109     192      46
109     179       1
110     123      31
111     239      39
111     167      22
111     344      67
111     185      77
112     360      73
112     179      36
113     137      48
113     236      10
114     140      80
114     319      61
116     305      48
116     330      58
116     176      42
116     273      81
117     135      69
117     301      14
117     265      26
118     210      83
118     197      57
119     329      58
119     177      91
120     253      23
120     364      17
120     220      34
121     226      18
121     170      50
121     301      38
122     297      10
122     139      15
122     397      68
123     283      28
123     292      29
123     394      37
124     350      60
124     355      46
124     321      27
124     145      23
125     143      15
125     343      40
125     311      48
125     317      91
126     185      73
126     377      37
126     181      30
126     154      47
127     248      25
127     187      54
127     267      21
128     291      44
128     149      57
128     183      18
128     370      39
129     226      23
129     300      58
129     325       9
130     172      58
130     259      29
130     285      25
130     199      72
131     149      32
131     394      62
132     388      51
132     318      47
133     310      60
133     345      72
134     265      91
134     384      56
135     196      31
136     188      22
136     137      44
136     340      45
136     350      82
137     189      18
138     311      77
138     250      70
138     258      44
139     145      31
140     366      97
140     156      30
141     189      25
141     151      75
142     273      63
142     288      57
142     238      47
143     250      59
143     271      70
144     164      60
144     299      76
144     385      23
144     320      58
145     310       9
146     252      64
146     373      24
146     311      68
146     306      60
147     356      30
147     283      48
147     275      75
147     217      68
150     340      65
150     376      62
150     216      69
150     348      55
151     327      45
151     361      64
152     205      15
152     183      71
152     326      10
152     248      68
153     326      33
153     219      22
153     284      16
154     257      73
154     279      30
155     248      28
155     347      77
155     180      57
156     348      73
156     234      90
157     318      22
157     176      58
157     236      58
158     159      32
158     372       8
158     338      56
159     200      25
159     298      17
159     318      30
160     202      62
160     297      18
160     284      35
161     274      12
161     162      15
162     344      52
162     347      42
163     203      69
163     181      28
163     308      64
163     197      51
164     324      19
164     251      17
164     326      10
165     335      42
165     225      65
166     373      52
166     173      23
166     271      40
167     316      43
168     262      76
168     196      83
169     358      41
169     354      62
169     333      31
170     257      78
170     282      55
171     356      30
171     376      43
172     290      20
172     209      50
172     355      43
173     287      21
173     258      53
174     296       8
174     211      16
174     250      64
174     341      57
175     271      67
175     377      70
175     339      80
175     234      89
176     227      82
177     266      75
177     298      50
177     309      45
178     217       9
180     212      74
180     299      63
180     390      63
181     367      61
181     262      44
182     365      49
182     251      28
182     354      13
183     189      10
183     203      49
184     276      28
184     269      56
184     391      18
184     262      19
185     331      72
186     389      88
186     393      14
186     232      46
186     325       7
187     211      57
187     266      30
188     266      37
188     247      38
188     260       5
190     218      61
190     366      54
190     315      56
191     249      57
192     242      30
192     272      52
193     309      33
194     309      44
194     285      40
194     374      31
194     280      64
195     227      81
195     222      30
195     298      71
196     347      78
197     354      68
197     286      54
198     267      60
198     343      50
200     286      25
200     228      67
200     340      47
201     294      41
201     326      52
201     358      16
201     384      62
202     260      75
202     304      73
202     371      42
204     370      59
204     371      44
204     233      73
204     334      40
205     207      45
206     234      45
206     393      23
206     322      71
206     207      75
207     221      31
208     350      63
208     271      23
209     217      15
209     255      30
209     277      24
210     244      84
210     284      63
212     253      54
212     214      50
213     276      48
213     330      67
214     359      30
214     364      21
215     379      78
215     276      33
215     295      47
216     238      52
216     352      38
218     337      29
218     384      32
218     312      15
219     323      20
219     244      31
220     272      79
221     250      48
221     367      49
221     277      63
222     322      50
222     325      42
222     264      56
223     371      36
223     264      79
223     321      28
224     366      93
224     342      70
228     397      41
228     259      66
228     384      18
230     314      77
230     361      27
230     332      33
232     373      31
232     249      38
233     338      34
233     307      47
233     340      25
235     236      46
235     399      68
235     363      39
235     325      30
237     377      15
237     385      51
237     392      42
237     388      70
238     246      14
239     312      61
239     292      22
240     334      67
240     335      81
240     376      21
240     306      80
241     310      61
241     374      59
242     294      36
242     383      17
243     390      26
243     302      45
243     374      43
243     295      38
244     314      35
244     346      29
245     296      35
245     346      26
246     291      12
246     254      63
246     276      35
249     290      63
251     394      50
251     256       9
252     335      15
252     359      50
253     352      28
254     339      35
254     319       4
254     334      16
255     305      20
255     328      30
256     336      24
258     353      57
259     319      53
260     274      47
261     314      52
261     365      74
261     328      49
261     388      32
263     385      26
263     381      50
263     364      37
263     369      46
264     382      47
264     336      19
266     346      50
268     345      53
268     361      66
268     397      71
268     341      47
269     395      80
270     390       9
270     366      60
270     333      49
270     378      67
272     391      30
273     356      61
273     288      62
274     397      46
277     319      63
277     328      74
278     371      40
278     352      40
278     289      77
278     349      37
279     284       4
279     347      30
280     373      22
280     362      37
280     349      35
281     296      14
281     334      57
281     332      77
282     358      82
282     349      35
283     380      42
283     308      54
285     394      53
285     301      46
287     288      56
287     376      78
287     357      43
289     299      86
289     322      54
291     383      17
291     299      11
292     300      29
292     293      45
293     351      28
293     301      62
293     367      41
294     364      62
295     305      25
295     392      30
296     375      44
298     396      20
302     349      51
303     396      33
303     331      25
303     304      51
304     391      75
304     344      37
307     316      62
307     383      67
307     328      73
308     336      60
312     336      35
316     395      64
316     351      82
324     361      42
324     379      60
324     383      24
330     369      55
330     365      27
331     385      14
331     362      34
333     382      44
353     392      95
353     359      32
357     387      64
357     381      52
357     398      46
359     398      20
362     382      41
368     369      29
368     381      69
368     396      31
368     375      68
375     378      55
378     395      57
379     392      21
380     398      39
380     382      60
396     398      33
