400
799
1     400      56
1     113      57
1     143      16
1     272      38
2     133      34
2     161      44
2     330      57
2     233      29
3     400      87
3     283      83
3      40      28
3     355      15
4     248      17
4     355      46
4     114      42
4     144      49
5     258      26
5      86      19
5      63      61
5     209      85
6     400      28
6     180      31
6      19      50
6      18      20
7     334      30
7     295      82
7      89      52
7     270      64
8     128      45
8      31      75
8     389      81
8     356      44
9     183      66
9     242      74
9     400      17
9     284      31
10     237      67
10     111      32
10     149      30
10     166      41
11     380      19
11     254      38
11     224       6
11     122      20
12      21      69
12     361      11
12     177      10
12     226      25
13      31       9
13     366      67
13     256      80
13     298      22
14     259      73
14     120      18
14     169      55
14      28      45
15     219      55
15      63      66
15     321      58
15      91      38
16     227      76
16      82      15
16     182      18
16      49      84
17     137      19
17     302      43
17     164      26
17     100      30
18     209      35
18     134      20
18     326      32
19     177      66
19     263      49
19     260      82
20     109       7
20     347      76
20      22      24
20      61      96
21     102      64
21      53      15
21     164      66
22     134      36
22     282       5
22     322      55
23     217      83
23      67      36
23     298      59
23     361      56
24     163      49
24     197      56
24     301      56
24     177      31
25     316       5
25     175      76
25     381      35
25      53      79
26     326      41
26     134      58
26     111      53
26     107      51
27      71      31
27     151      56
27     358      71
27     268      30
28     106      48
28      43      57
28     165      58
29      44       5
29     194      22
29     262      48
29      38      21
30     260      83
30     321      74
30     279      82
30     216      27
31     179      46
31      72       6
32     386      51
32     212      79
32      46      23
32      92      44
33     359      66
33     288      66
33     321      30
33     160      34
34     171      46
34     217      69
34     295      73
34     271      67
35     276      39
35     161      13
35     388      64
35     390      39
36     247      17
36     162      40
36     208      65
36     276      50
37      44      35
37     265      25
37     146      46
37      62      15
38     326      21
38     124      28
38     208      57
39     247      46
39     148      37
39     368      26
39     197      40
40     291       8
40     106      18
40     386      19
41     210      91
41     224      47
41     378      43
41     236      63
42     399      60
42     223      18
42     135      10
42     351      44
43     326      61
43     177      51
43     119      82
44     155      45
44      49      36
45     201      29
45      76      36
45     114      57
45     182      41
46     340      66
46     262       9
46      52      29
47     127      90
47     141      26
47     273      58
47     147      23
48     229      56
48      66      54
48     240      82
48      52      45
49     217       2
49      80      78
50     160      23
50     389      53
50     371      54
50     106      53
51     208      37
51     186      36
51     396      64
51     216      86
52     218      38
52      93      63
53     101      40
53     246      70
54     214      37
54      60      37
54     146      41
54     257      57
55     180      40
55      96      11
55     115      42
55     224      46
56     387      82
56     208      17
56     321      42
56     236      62
57     244      30
57     148      58
57     396      69
57      91      31
58     203      66
58     153      35
58     328      50
58     302       4
59     280      46
59     320      31
59     336      41
59     101      58
60      88       4
60     157      83
60     206      79
61     174      60
61     341      76
61     117      47
62     183      52
62     168      10
62     108      49
63     328      46
63     239      50
64      73      76
64     251       2
64     378      53
64     337      48
65     289      19
65     156      65
65     272      24
65     355      72
66      92      21
66      73      67
66     162      47
67     314      71
67     363      12
67     375      62
68      88      60
68     113      47
68     195      46
68      94      52
69     318      41
69     225      68
69     243      69
69     289      82
70     161      33
70     192      48
70     245      31
70     244      33
71     330      37
71     129      28
71     101      39
72     195      59
72     172      58
72      91      58
73     316      45
73     368      24
74     360      90
74     225      88
74     242      68
74      96      46
75     146      55
75     187      14
75     223      61
75     154       9
76     282      30
76     316      38
76     220      28
77      79      54
77     355      73
77     229      19
77     314      35
78     394      49
78     127      63
78     302      32
78     277      73
79     216      14
79     249      66
79     174      35
80     189      36
80     160      16
80     240      12
81     329      23
81     162      14
81     262      66
81     137      12
82     156      47
82     322      11
82     146      46
83     371      18
83     202      40
83     330      74
83     291      19
84     231      32
84     164      44
84     180      14
84     348      71
85     150      72
85     151      45
85     153      39
85     188      68
86     352      57
86     361      42
86     106      26
87     353      51
87     346      25
87     206      75
87     298      47
88     307      55
88     192      50
89     154      72
89     312      26
89     188      39
90     190      50
90     218      66
90     279      32
90     375      62
91     222      51
92     133      26
92     318      38
93     286      36
93     149      43
93     357      54
94     282      62
94     108      51
94      95      81
95     249      73
95     250      10
95     366      78
96     169      52
96     398      52
97     364      58
97     327      58
97     193      38
97     365      36
98     253      57
98     169      38
98     161      71
98     176      50
99     340      71
99     244      50
99     173      16
99     231      51
100     178      41
100     345      46
100     243      29
101     343      12
102     371      59
102     316      35
102     333      15
103     167      27
103     371      73
103     351      78
103     176      43
104     130      83
104     343      21
104     231      61
104     234      85
105     166       9
105     224      46
105     222      21
105     336      54
107     120      75
107     165      21
107     166      44
108     283      76
108     350      50
109     118      72
109     195       6
109     135      18
110     337      39
110     173      58
110     392      53
110     357      47
111     393      34
111     129      17
112     209      27
112     317      55
112     247      64
112     337      50
113     324      10
113     182      56
114     157      80
114     345      54
115     378      45
115     265      44
115     245      59
116     369      11
116     240      52
116     245      19
116     338      14
117     264      62
117     279      52
117     201      10
118     336      22
118     226       2
118     160      58
119     365      33
119     180       8
119     182      63
120     123      41
120     170      65
121     245      21
121     340      26
121     169      39
121     225      64
122     142      36
122     305      60
122     175      83
123     130      39
123     367      18
123     364      54
124     262      83
124     233      55
124     175      93
125     229      44
125     290      42
125     250      79
125     389      56
126     343      57
126     314      36
126     175      59
126     287      39
127     214      54
127     372      67
128     366      26
128     140      37
128     193      72
129     189      48
129     164      59
130     327      51
130     287      70
131     240      37
131     335      31
131     399      40
131     158      18
132     349      10
132     228      64
132     257      46
132     273      88
133     264      20
133     209      45
134     357      31
135     264      38
135     255      42
136     325      53
136     350      51
136     369      29
136     308      26
137     266      38
137     225      65
138     308      66
138     155      51
138     191      44
138     145      44
139     199      44
139     145      52
139     318      64
139     270      46
140     201      76
140     204      33
140     259      84
141     189      27
141     327      29
141     162       6
142     229      62
142     344      78
142     204      43
143     351      53
143     202      22
143     216      42
144     235      25
144     236      78
144     253      33
145     201      58
145     178      51
147     165      61
147     192      46
147     327      28
148     367      26
148     211      68
149     192      18
149     292      39
150     254      26
150     338      27
150     227      16
151     193      58
151     374      44
152     259      66
152     351      70
152     309      52
152     360      69
153     277      55
153     360      63
154     331      82
154     265      77
155     255      57
155     365      59
156     278      58
156     373      75
157     232      60
157     255      48
158     293      53
158     340      67
158     184      56
159     358     100
159     233      38
159     255      29
159     256      24
163     215      48
163     188      69
163     269      49
165     312      78
166     296      38
167     307      47
167     350      45
167     232       5
168     269       9
168     304      39
168     171      53
170     244      43
170     304      79
170     339      32
171     354      12
171     213      34
172     173      42
172     219      66
172     337      12
173     376      70
174     385      39
174     392      68
176     206      55
176     325      50
178     367      58
178     310      26
179     302      66
179     366      59
179     311      23
181     393      30
181     274      34
181     352      40
181     186      36
183     368      72
183     396      35
184     237      52
184     197      66
184     246      49
185     386      53
185     357      73
185     358      80
185     331      48
186     215      61
186     269      10
187     202      33
187     332      32
187     265      63
188     282      67
189     353      58
190     193      68
190     231      17
190     250      52
191     347      13
191     386      70
191     220      67
194     396      77
194     310       4
194     287      56
195     374      46
196     246      29
196     346      61
196     295      53
196     293      44
197     373      65
198     264      31
198     210      51
198     274      71
198     253      35
199     252      44
199     298      17
199     320      39
200     235      71
200     221      92
200     307      84
200     347      73
202     252      32
203     246      67
203     395      44
203     393      18
204     314      17
204     364      43
205     258      52
205     301      45
205     243      50
205     322      62
206     252      72
207     212      30
207     210      29
207     294      19
207     350      56
210     289      83
211     263      47
211     260      69
211     359      20
212     361      18
212     359      58
213     279      89
213     381      51
213     258       8
214     395      65
214     217      47
215     305      73
215     251      24
218     388      56
218     259      41
219     385      56
219     220      61
220     311      20
221     390      30
221     301      83
221     372      66
222     295      55
222     372      45
223     256      25
223     395      90
226     364      31
226     273      41
227     347      32
227     353      12
228     346      72
228     269      26
228     288      57
230     375      44
230     233      70
230     232      47
230     381      34
232     369      43
234     369      17
234     287      70
234     301      56
235     352      45
235     272      15
236     342      61
237     248       7
237     345      55
238     399      37
238     385      11
238     382      47
238     336      44
239     322      58
239     324      27
239     358      60
241     297      57
241     274      46
241     317      16
241     250      46
242     251      10
242     309      61
243     289      33
247     324      66
248     384      13
248     273      27
249     334      48
249     300      62
251     359      13
252     372      43
253     381      25
254     299      63
254     346      68
256     258      46
257     305      26
257     354      33
260     349      60
261     306      21
261     271      14
261     325      73
261     352      26
263     394      19
263     271      22
266     268      23
266     318      43
266     387      48
267     303      93
267     356      55
267     378      27
267     354      67
268     388      36
268     380      43
270     379      65
270     331      40
271     395      20
272     293      23
274     342      70
275     306      36
275     362      21
275     389      44
275     323      31
276     343      79
276     281      37
277     368      86
277     297      78
278     382      48
278     311      38
278     353      45
280     308      47
280     284      64
280     285      79
281     341      11
281     288      42
281     332      28
283     344      84
283     362      33
284     304      45
284     333      49
285     399       9
285     342      17
285     333      36
286     310      24
286     307      60
286     317      41
288     370      84
290     356      33
290     377      42
290     345      33
291     320       5
291     349      62
292     297      44
292     394      90
292     305      72
293     382      21
294     342      35
294     308      37
294     382      47
296     391      27
296     370      42
296     344       6
297     344      10
299     320      65
299     383      72
299     339      24
300     333      43
300     311      30
300     354      21
303     397      25
303     329      77
303     385      43
304     393       5
306     349      28
306     315      64
309     384      73
309     379      20
310     392      62
312     380      28
312     319      13
313     335      41
313     373      56
313     392      89
313     341      23
315     388      61
315     317      52
315     377      19
319     379      71
319     330      40
319     391      69
323     362      52
323     325      12
323     379      43
324     341      38
328     397      29
328     334      12
329     375      48
329     397      62
331     380      40
332     370      63
332     377       5
334     356      21
335     394      38
335     339      38
338     398      21
338     367      27
339     362      55
348     391      68
348     365      38
348     384      12
360     397      30
363     374      36
363     387      30
363     370      54
373     384      82
374     390      44
376     387      94
376     398      30
376     390      43
377     391      12
383     398      22
