100 3636 
1 2   736 
2 3   219 
3 4   100 
4 5   372 
5 6   347 
6 7   563 
7 8   607 
8 9   714 
9 10   562 
10 11   166 
11 12   150 
12 13   145 
13 14   386 
14 15   404 
15 16   515 
16 17   602 
17 18   679 
18 19   595 
19 20   126 
20 21   544 
21 22   544 
22 23   133 
23 24   540 
24 25   317 
25 26   751 
26 27   843 
27 28   741 
28 29   409 
29 30   616 
30 31   331 
31 32   654 
32 33   551 
33 34   497 
34 35   306 
35 36   792 
36 37   394 
37 38   363 
38 39   741 
39 40   421 
40 41   450 
41 42    58 
42 43   462 
43 44   568 
44 45   740 
45 46   602 
46 47   362 
47 48   782 
48 49   255 
49 50   186 
50 51   321 
51 52   823 
52 53   904 
53 54   846 
54 55   417 
55 56   402 
56 57   174 
57 58   152 
58 59   605 
59 60   619 
60 61  1015 
61 62   550 
62 63   502 
63 64   606 
64 65   596 
65 66   414 
66 67   289 
67 68   475 
68 69   494 
69 70   429 
70 71   619 
71 72   335 
72 73   916 
73 74   512 
74 75   122 
75 76   459 
76 77   414 
77 78   586 
78 79    64 
79 80   297 
80 81   622 
81 82   305 
82 83   265 
83 84   380 
84 85   427 
85 86   487 
86 87   545 
87 88   455 
88 89   457 
89 90   316 
90 91   800 
91 92   411 
92 93   620 
93 94   961 
94 95   715 
95 96   918 
96 97   622 
97 98   693 
98 99   520 
99 100   316 
1 3   685 
1 4   636 
1 5   573 
1 6   683 
1 7   984 
1 8   484 
1 9   600 
1 10   353 
1 11   515 
1 13   542 
1 14   157 
1 15   271 
1 17   367 
1 18   531 
1 20   541 
1 21    99 
1 22   461 
1 23   589 
1 24   319 
1 26   726 
1 28   642 
1 29   602 
1 30   635 
1 31   655 
1 33   309 
1 34   638 
1 37   472 
1 39   873 
1 40   526 
1 41   620 
1 42   678 
1 43   407 
1 45   541 
1 46   157 
1 47   262 
1 48   532 
1 49   594 
1 50   576 
1 52   250 
1 53   689 
1 54   620 
1 55   807 
1 56   556 
1 57   676 
1 58   586 
1 60   563 
1 61   711 
1 62   642 
1 63   456 
1 64   217 
1 66   283 
1 67   273 
1 68   740 
1 70   660 
1 71   107 
1 72   441 
1 75   627 
1 77    73 
1 78   553 
1 79   544 
1 81   113 
1 82   236 
1 84   559 
1 85   625 
1 86   323 
1 87   779 
1 88   352 
1 91   773 
1 92   367 
1 93   703 
1 95   215 
1 96   754 
1 97   509 
1 98   214 
1 99   311 
1 100   499 
2 4   152 
2 6   671 
2 7   414 
2 8   261 
2 9   822 
2 10   390 
2 11   224 
2 13   201 
2 14   582 
2 15   934 
2 17   759 
2 18   278 
2 19   583 
2 21   798 
2 22   328 
2 23   210 
2 24   597 
2 25   795 
2 26   363 
2 27   887 
2 28   467 
2 29   135 
2 30   694 
2 31   374 
2 33   529 
2 35   470 
2 36   742 
2 37   355 
2 38   680 
2 40   569 
2 41   130 
2 42    84 
2 43   476 
2 46   894 
2 47   662 
2 48   940 
2 49   760 
2 51   470 
2 52   868 
2 53   372 
2 54   586 
2 55   273 
2 56   198 
2 57   245 
2 58   378 
2 61   838 
2 62   291 
2 63   753 
2 65   410 
2 66   824 
2 69   361 
2 74   638 
2 75   573 
2 76   394 
2 77   808 
2 78   604 
2 80   825 
2 81   655 
2 82   716 
2 86   426 
2 87   607 
2 88   465 
2 89   922 
2 90   880 
2 91   803 
2 92   618 
2 93    69 
2 94   947 
2 97   345 
2 98   947 
2 99   427 
2 100   412 
3 6   819 
3 7   633 
3 8   228 
3 9   929 
3 10   398 
3 11   274 
3 12   233 
3 13   194 
3 14   530 
3 16   579 
3 17   813 
3 20   586 
3 21   767 
3 23   106 
3 24   647 
3 25   759 
3 26   552 
3 28   626 
3 29   216 
3 30   828 
3 31   543 
3 33   569 
3 35   302 
3 37   447 
3 39   646 
3 40   686 
3 41   258 
3 45   886 
3 46   837 
3 49   875 
3 50   709 
3 52   871 
3 53   153 
3 54   727 
3 55   486 
3 56   166 
3 57    27 
3 60   221 
3 61   970 
3 64   870 
3 65   459 
3 66   845 
3 67   561 
3 69   279 
3 70   470 
3 71   588 
3 73   652 
3 74   753 
3 75   718 
3 77   759 
3 78   726 
3 80   961 
3 81   634 
3 83   374 
3 85   843 
3 86   434 
3 87   784 
3 88   514 
3 89   954 
3 91   954 
3 92   684 
3 93   151 
3 95   875 
3 96   179 
3 97   456 
3 98   899 
3 99   415 
4 6   719 
4 9   834 
4 10   320 
4 11   179 
4 12   141 
4 13   105 
4 15   861 
4 16   566 
4 18   130 
4 19   599 
4 20   487 
4 21   709 
4 22   190 
4 25   704 
4 26   455 
4 27   791 
4 28   525 
4 30   728 
4 31   443 
4 32   264 
4 33   485 
4 35   319 
4 36   743 
4 37   350 
4 38   611 
4 40   588 
4 41   159 
4 42   172 
4 43   330 
4 44   855 
4 45   792 
4 47   526 
4 49   778 
4 51   576 
4 52   802 
4 53   240 
4 54   627 
4 56    83 
4 57   118 
4 58   228 
4 60   265 
4 61   871 
4 62   360 
4 65   370 
4 66   770 
4 69   235 
4 70   371 
4 71   546 
4 72   401 
4 74   655 
4 75   618 
4 77   709 
4 78   628 
4 79   565 
4 80   862 
4 81   571 
4 82   582 
4 84   322 
4 86   357 
4 88   427 
4 89   876 
4 90   785 
4 91   854 
4 93    87 
4 95   836 
4 97   357 
4 100   260 
5 7   413 
5 8   305 
5 9   491 
5 13   295 
5 14   454 
5 15   691 
5 16   658 
5 18   406 
5 19   253 
5 20   127 
5 21   597 
5 22   396 
5 23   386 
5 25   603 
5 27   696 
5 28   155 
5 29   256 
5 30   363 
5 32   565 
5 33   278 
5 34   391 
5 35   557 
5 37   103 
5 40   237 
5 41   220 
5 45   461 
5 46   718 
5 47   627 
5 48   623 
5 50   246 
5 52   618 
5 53   598 
5 54   258 
5 55   244 
5 58   547 
5 59   108 
5 60   567 
5 61   508 
5 62    74 
5 63   435 
5 64   789 
5 65   195 
5 66   555 
5 67   306 
5 68   169 
5 69   378 
5 70    90 
5 73   340 
5 75   247 
5 76   287 
5 77   631 
5 79   207 
5 81   464 
5 82   661 
5 83   418 
5 85   383 
5 87   322 
5 89   636 
5 90   686 
5 92   321 
5 93   358 
5 94   619 
5 96   645 
5 97    64 
5 98   755 
5 100   523 
6 8   631 
6 10   516 
6 11   552 
6 12   609 
6 13   634 
6 14   637 
6 16   865 
6 18   737 
6 20   236 
6 21   654 
6 22   711 
6 23   728 
6 25   669 
6 26   338 
6 27   744 
6 28   204 
6 29   604 
6 30    66 
6 33   401 
6 34   738 
6 36   226 
6 40   169 
6 41   567 
6 42   589 
6 44   916 
6 45   239 
6 46   781 
6 48   421 
6 50   124 
6 51   323 
6 52   589 
6 53   939 
6 54    92 
6 57   834 
6 58   876 
6 61   178 
6 62   380 
6 63   286 
6 64   866 
6 65   427 
6 66   507 
6 67   440 
6 68   406 
6 69   677 
6 70   378 
6 71   703 
6 72   902 
6 75   100 
6 77   712 
6 79   171 
6 80   160 
6 81   574 
6 82   860 
6 84   396 
6 85    94 
6 86   503 
6 88   401 
6 89   527 
6 90   732 
6 91   135 
6 92   316 
6 94   362 
6 95   857 
6 96   989 
6 99   544 
6 100   836 
7 9   781 
7 10   646 
7 11   524 
7 12   424 
7 14   856 
7 18   669 
7 19   591 
7 21  1010 
7 22   698 
7 23   611 
7 25  1016 
7 27  1109 
7 32   822 
7 34   578 
7 36   745 
7 37   512 
7 39   163 
7 40   573 
7 42   394 
7 43   850 
7 44  1240 
7 45   778 
7 47  1001 
7 48   961 
7 49   716 
7 50   546 
7 51   240 
7 52  1021 
7 53   786 
7 54   522 
7 56   574 
7 58   787 
7 60   823 
7 62   342 
7 63   787 
7 65   604 
7 66   952 
7 67   719 
7 68   244 
7 70   324 
7 71   939 
7 72   937 
7 73   120 
7 74   623 
7 76   670 
7 77  1044 
7 78   585 
7 83   782 
7 85   647 
7 88   636 
7 89  1018 
7 90  1099 
7 93   483 
7 94   921 
7 95  1198 
7 96   802 
7 97   475 
7 98  1168 
8 10   170 
8 15   706 
8 17   585 
8 18   106 
8 19   489 
8 20   395 
8 22    95 
8 23   121 
8 24   419 
8 25   550 
8 26   433 
8 27   638 
8 28   458 
8 30   628 
8 31   396 
8 33   341 
8 36   618 
8 37   245 
8 38   456 
8 39   562 
8 40   481 
8 41   173 
8 42   225 
8 44   711 
8 45   667 
8 47   406 
8 48   783 
8 49   663 
8 50   512 
8 53   312 
8 54   538 
8 55   429 
8 58   245 
8 59   360 
8 63   608 
8 65   235 
8 66   618 
8 67   333 
8 69   104 
8 71   399 
8 72   333 
8 74   545 
8 75   532 
8 76   157 
8 77   557 
8 78   523 
8 79   465 
8 82   457 
8 86   206 
8 87   627 
8 88   288 
8 90   632 
8 91   765 
8 93   219 
8 94   817 
8 95   689 
8 97   266 
8 98   698 
8 100   220 
9 11   655 
9 13   735 
9 16   826 
9 17   236 
9 18   818 
9 19   238 
9 20   363 
9 21   542 
9 23   828 
9 24   330 
9 26   535 
9 27   615 
9 28   387 
9 29   727 
9 31   478 
9 32   946 
9 33   399 
9 34   850 
9 37   483 
9 38   438 
9 39   619 
9 40   253 
9 41   702 
9 42   737 
9 43   841 
9 44   796 
9 45    59 
9 46   658 
9 47   816 
9 50   251 
9 51   544 
9 52   435 
9 53  1025 
9 54   263 
9 55   679 
9 56   764 
9 57   939 
9 59   386 
9 61   121 
9 63   145 
9 64   743 
9 65   480 
9 66   355 
9 67   429 
9 68   597 
9 70   550 
9 72   921 
9 73   664 
9 75   279 
9 76   592 
9 79   283 
9 80   139 
9 82   815 
9 84   530 
9 85   134 
9 86   536 
9 87   375 
9 88   433 
9 89   337 
9 90   603 
9 91   214 
9 92   276 
9 93   841 
9 94   139 
9 95   732 
9 96  1083 
9 98   649 
9 100   888 
10 12   316 
10 14   210 
10 15   546 
10 17   416 
10 18   263 
10 19   355 
10 20   292 
10 21   407 
10 27   499 
10 28   381 
10 29   256 
10 32   384 
10 33   174 
10 34   329 
10 35   341 
10 37   157 
10 38   293 
10 39   559 
10 41   268 
10 43   297 
10 45   511 
10 48   616 
10 49   518 
10 50   392 
10 51   534 
10 52   484 
10 53   468 
10 54   426 
10 55   465 
10 56   237 
10 57   400 
10 58   384 
10 59   258 
10 60   387 
10 62   312 
10 64   568 
10 67   163 
10 69   167 
10 70   331 
10 71   293 
10 72   387 
10 73   591 
10 75   424 
10 76    34 
10 77   422 
10 78   393 
10 79   345 
10 83   168 
10 84   226 
10 87   548 
10 88   128 
10 89   556 
10 91   643 
10 92   295 
10 94   656 
10 96   529 
10 97   195 
10 98   559 
10 99    46 
10 100   328 
11 14   364 
11 15   710 
11 16   516 
11 17   553 
11 18   190 
11 19   422 
11 21   573 
11 22   188 
11 24   387 
11 26   340 
11 27   664 
11 28   371 
11 29    91 
11 30   556 
11 31   304 
11 32   350 
11 33   313 
11 34   194 
11 37   173 
11 38   456 
11 39   470 
11 40   412 
11 43   333 
11 44   757 
11 45   613 
11 46   672 
11 47   478 
11 48   745 
11 49   601 
11 50   438 
11 51   468 
11 52   646 
11 53   386 
11 55   343 
11 57   285 
11 58   331 
11 59   284 
11 60   352 
11 61   697 
11 62   232 
11 63   562 
11 65   195 
11 66   605 
11 68   309 
11 69   186 
11 70   249 
11 71   443 
11 72   424 
11 73   493 
11 74   479 
11 77   586 
11 78   453 
11 79   392 
11 80   689 
11 81   431 
11 82   525 
11 83   260 
11 84   166 
11 85   570 
11 86   201 
11 87   538 
11 88   252 
11 89   708 
11 90   656 
11 92   417 
11 93   207 
11 94   768 
11 95   727 
11 97   186 
11 98   724 
12 14   513 
12 15   857 
12 17   681 
12 18   245 
12 19   511 
12 20   389 
12 21   723 
12 22   282 
12 23   187 
12 24   519 
12 26   320 
12 27   814 
12 28   408 
12 30   628 
12 31   318 
12 32   398 
12 33   451 
12 35   437 
12 37   278 
12 38   604 
12 39   415 
12 40   497 
12 41    52 
12 42    31 
12 44   905 
12 45   716 
12 46   823 
12 47   608 
12 49   690 
12 50   510 
12 53   381 
12 54   521 
12 56   152 
12 57   256 
12 58   366 
12 59   364 
12 60   400 
12 61   772 
12 62   233 
12 63   677 
12 64   876 
12 65   332 
12 68   264 
12 69   306 
12 70   241 
12 71   590 
12 72   517 
12 74   567 
12 76   322 
12 77   736 
12 78   534 
12 79   469 
12 80   760 
12 83   395 
12 84   220 
12 85   647 
12 86   351 
12 87   557 
12 88   387 
12 89   844 
12 91   743 
12 92   541 
12 93    96 
12 94   874 
12 96   413 
12 97   271 
12 99   355 
12 100   383 
13 17   623 
13 18   117 
13 19   503 
13 20   399 
13 21   611 
13 22   138 
13 23    94 
13 24   456 
13 25   606 
13 29    80 
13 30   638 
13 33   379 
13 34   117 
13 37   255 
13 38   507 
13 40   494 
13 41   125 
13 42   171 
13 44   771 
13 45   692 
13 46   699 
13 47   463 
13 49   682 
13 50   520 
13 54   542 
13 55   386 
13 56    29 
13 57   203 
13 58   255 
13 60   281 
13 61   779 
13 62   301 
13 65   266 
13 67   376 
13 68   367 
13 69   161 
13 70   316 
13 71   458 
13 72   376 
13 73   545 
13 74   560 
13 75   534 
13 76   208 
13 77   615 
13 78   535 
13 79   474 
13 81   471 
13 83   254 
13 84   245 
13 85   652 
13 87   616 
13 88   321 
13 90   689 
13 91   770 
13 92   490 
13 93   160 
13 94   845 
13 95   748 
13 96   354 
13 97   268 
13 98   755 
13 99   242 
13 100   250 
14 17   397 
14 19   464 
14 21   238 
14 23   432 
14 26   612 
14 27   312 
14 28   551 
14 29   448 
14 31   545 
14 32   422 
14 33   236 
14 36   508 
14 37   351 
14 38   195 
14 39   759 
14 40   469 
14 41   470 
14 43   275 
14 44   393 
14 46   313 
14 47   211 
14 49   584 
14 51   726 
14 54   559 
14 55   675 
14 56   399 
14 57   522 
14 58   443 
14 60   424 
14 61   703 
14 62   517 
14 63   467 
14 65   260 
14 68   615 
14 70   536 
14 71    83 
14 72   333 
14 73   794 
14 74   502 
14 75   562 
14 76   193 
14 79   477 
14 83   159 
14 84   432 
14 85   597 
14 86   188 
14 87   706 
14 88   252 
14 89   476 
14 92   338 
14 93   547 
14 94   662 
14 96   609 
14 99   165 
14 100   359 
15 18   773 
15 20   611 
15 21   172 
15 22   706 
15 23   822 
15 24   372 
15 25   188 
15 26   823 
15 27   163 
15 29   801 
15 30   598 
15 32   824 
15 34   867 
15 35   732 
15 36   440 
15 37   608 
15 38   253 
15 41   807 
15 42   863 
15 43   674 
15 44   330 
15 45   447 
15 46   207 
15 48   350 
15 49   520 
15 50   590 
15 51   899 
15 52    75 
15 53   949 
15 54   631 
15 55   936 
15 57   920 
15 58   847 
15 59   602 
15 60   827 
15 61   618 
15 62   766 
15 63   377 
15 64   279 
15 65   530 
15 66   154 
15 67   401 
15 68   857 
15 70   781 
15 71   377 
15 73  1002 
15 74   527 
15 75   643 
15 77   216 
15 78   556 
15 80   635 
15 81   291 
15 82   495 
15 83   563 
15 85   577 
15 86   509 
15 87   792 
15 88   481 
15 89   174 
15 90   156 
15 91   706 
15 92   387 
15 94   458 
15 95   266 
15 96  1014 
15 97   637 
15 98   169 
16 18   438 
16 19   692 
16 20   674 
16 21   350 
16 23   508 
16 25   330 
16 27   366 
16 28   771 
16 29   580 
16 30   828 
16 31   753 
16 33   464 
16 35   291 
16 36   728 
16 37   557 
16 38   391 
16 39   960 
16 40   697 
16 42   670 
16 43   249 
16 44   329 
16 47    40 
16 48   781 
16 49   807 
16 50   745 
16 51   935 
16 52   503 
16 54   786 
16 55   854 
16 56   503 
16 57   561 
16 58   431 
16 60   395 
16 61   927 
16 62   712 
16 64   330 
16 67   425 
16 69   342 
16 71   173 
16 72   234 
16 73   990 
16 74   730 
16 75   789 
16 78   732 
16 79   704 
16 80   932 
16 81   316 
16 83   256 
16 84   626 
16 85   824 
16 86   392 
16 87   930 
16 88   474 
16 89   638 
16 90   368 
16 92   563 
16 93   650 
16 95   340 
16 98   404 
16 99   357 
16 100   346 
17 20   356 
17 21   306 
17 23   707 
17 24   166 
17 25   325 
17 26   569 
17 27   383 
17 28   433 
17 30   312 
17 31   496 
17 32   782 
17 33   243 
17 34   740 
17 35   713 
17 36   157 
17 39   692 
17 41   629 
17 42   678 
17 43   656 
17 44   563 
17 46   425 
17 47   597 
17 48   201 
17 49   242 
17 50   309 
17 52   215 
17 54   348 
17 55   697 
17 56   648 
17 59   357 
17 60   785 
17 61   352 
17 62   533 
17 64   510 
17 66   132 
17 67   256 
17 68   614 
17 69   570 
17 70   545 
17 72   726 
17 74   241 
17 76   438 
17 77   371 
17 78   273 
17 80   365 
17 81   286 
17 82   590 
17 84   482 
17 85   292 
17 87   507 
17 88   301 
17 89   177 
17 90   371 
17 93   759 
17 94   265 
17 95   500 
17 96   944 
17 97   422 
17 99   410 
17 100   720 
18 20   501 
18 21   613 
18 23    70 
18 25   605 
18 26   523 
18 27   687 
18 28   561 
18 30   735 
18 31   494 
18 33   437 
18 34   122 
18 35   192 
18 36   721 
18 37   352 
18 38   532 
18 39   644 
18 40   588 
18 42   275 
18 43   199 
18 44   736 
18 45   770 
18 46   683 
18 47   397 
18 48   880 
18 49   769 
18 51   650 
18 53   207 
18 54   644 
18 55   499 
18 57   146 
18 60   164 
18 61   873 
18 62   418 
18 63   708 
18 65   338 
18 66   700 
18 67   423 
18 68   484 
18 70   433 
18 71   434 
18 72   274 
18 73   660 
18 75   638 
18 76   241 
18 80   867 
18 81   482 
18 83   219 
18 84   357 
18 85   747 
18 86   297 
18 88   388 
18 89   810 
18 90   683 
18 91   871 
18 93   217 
18 94   919 
18 95   722 
18 96   266 
18 97   372 
18 98   744 
18 99   271 
18 100   137 
19 22   560 
19 23   597 
19 24   196 
19 29   490 
19 30   145 
19 31   256 
19 32   735 
19 33   228 
19 36   164 
19 37   248 
19 38   355 
19 39   439 
19 40    18 
19 41   463 
19 42   498 
19 43   649 
19 44   757 
19 45   208 
19 47   672 
19 48   379 
19 50    61 
19 51   373 
19 53   801 
19 54   105 
19 55   461 
19 56   532 
19 57   707 
19 58   729 
19 60   738 
19 61   277 
19 62   313 
19 63   196 
19 64   708 
19 67   267 
19 68   377 
19 69   520 
19 71   530 
19 72   737 
19 73   484 
19 74    56 
19 75   114 
19 76   388 
19 77   551 
19 78    40 
19 79    54 
19 80   272 
19 82   687 
19 83   512 
19 84   291 
19 87   267 
19 88   232 
19 89   428 
19 92   153 
19 95   700 
19 96   856 
19 97   243 
19 99   378 
19 100   681 
20 22   477 
20 23   493 
20 24   242 
20 25   554 
20 27   643 
20 28   101 
20 29   374 
20 30   241 
20 31   140 
20 33   231 
20 35   627 
20 37   150 
20 39   347 
20 40   110 
20 41   343 
20 43   587 
20 44   794 
20 45   335 
20 46   671 
20 48   503 
20 49   301 
20 50   122 
20 51   293 
20 52   536 
20 53   702 
20 54   143 
20 55   341 
20 56   428 
20 57   600 
20 60   654 
20 61   385 
20 62   186 
20 63   316 
20 64   749 
20 65   207 
20 66   465 
20 67   268 
20 69   446 
20 71   530 
20 73   390 
20 74   179 
20 78   145 
20 79    80 
20 80   375 
20 81   427 
20 82   673 
20 83   460 
20 84   169 
20 85   258 
20 86   288 
20 87   257 
20 88   200 
20 90   632 
20 91   370 
20 92   225 
20 93   482 
20 94   493 
20 97   130 
20 99   328 
20 100   603 
21 24   305 
21 26   744 
21 27    99 
21 30   600 
21 31   670 
21 33   320 
21 35   561 
21 36   459 
21 38   146 
21 39   888 
21 40   509 
21 41   675 
21 42   733 
21 43   502 
21 44   262 
21 45   484 
21 46   128 
21 49   545 
21 50   558 
21 51   838 
21 52   153 
21 54   602 
21 56   627 
21 58   678 
21 59   526 
21 60   657 
21 61   658 
21 62   669 
21 63   400 
21 64   211 
21 65   413 
21 71   205 
21 72   540 
21 73   928 
21 75   611 
21 76   404 
21 77    65 
21 78   530 
21 79   532 
21 80   670 
21 81   142 
21 82   331 
21 83   397 
21 84   591 
21 87   764 
21 88   374 
21 89   292 
21 90    88 
21 91   729 
21 92   343 
21 93   770 
21 95   203 
21 96   846 
21 97   536 
21 99   370 
21 100   593 
22 26   528 
22 27   618 
22 28   547 
22 29   218 
22 32   175 
22 35   165 
22 36   676 
22 37   326 
22 38   468 
22 39   657 
22 41   262 
22 42   309 
22 43   152 
22 44   668 
22 47   336 
22 48   825 
22 49   729 
22 51   656 
22 52   655 
22 54   619 
22 55   522 
22 56   130 
22 57   215 
22 58   171 
22 59   441 
22 60   178 
22 61   837 
22 62   420 
22 64   649 
22 65   295 
22 67   367 
22 68   496 
22 69    57 
22 70   437 
22 72   239 
22 73   678 
22 74   615 
22 76   187 
22 77   535 
22 78   596 
22 80   833 
22 81   415 
22 82   391 
22 83   150 
22 84   349 
22 85   712 
22 88   342 
22 89   748 
22 90   613 
22 92   508 
22 93   273 
22 94   869 
22 95   653 
22 97   352 
23 28   542 
23 32   211 
23 33   463 
23 37   349 
23 39   598 
23 40   588 
23 41   191 
23 42   218 
23 43   270 
23 44   801 
23 45   783 
23 46   743 
23 48   904 
23 49   775 
23 50   614 
23 51   611 
23 53   212 
23 54   636 
23 55   446 
23 56    65 
23 58   179 
23 62   385 
23 65   353 
23 69   183 
23 70   399 
23 72   341 
23 73   611 
23 75   628 
23 77   662 
23 78   629 
23 79   568 
23 80   866 
23 81   531 
23 82   524 
23 84   336 
23 86   328 
23 87   705 
23 88   408 
23 89   847 
23 90   740 
23 91   863 
23 92   578 
23 93   147 
23 94   936 
23 99   309 
23 100   201 
24 26   452 
24 27   402 
24 28   339 
24 29   474 
24 31   377 
24 33    78 
24 37   247 
24 38   160 
24 41   467 
24 42   518 
24 44   563 
24 45   274 
24 46   434 
24 47   494 
24 48   364 
24 50   256 
24 51   535 
24 52   298 
24 53   720 
24 54   300 
24 55   564 
24 56   482 
24 57   650 
24 58   632 
24 59   230 
24 60   630 
24 61   420 
24 62   394 
24 63   198 
24 64   515 
24 65   191 
24 66   235 
24 68   485 
24 70   409 
24 71   341 
24 72   591 
24 73   632 
24 75   308 
24 76   276 
24 77   356 
24 80   424 
24 81   209 
24 82   501 
24 83   371 
24 84   331 
24 85   316 
24 86   219 
24 87   461 
24 88   135 
24 89   326 
24 90   391 
24 91   465 
24 92    55 
24 93   593 
24 96   781 
24 97   270 
24 98   457 
24 99   251 
24 100   567 
25 27    94 
25 28   653 
25 29   660 
25 30   616 
25 31   678 
25 33   327 
25 34   707 
25 35   547 
25 37   506 
25 38   156 
25 41   674 
25 42   732 
25 43   489 
25 44   247 
25 46   117 
25 47   343 
25 48   470 
25 49   562 
25 50   571 
25 51   847 
25 55   843 
25 57   751 
25 58   666 
25 60   644 
25 61   676 
25 62   674 
25 63   419 
25 65   416 
25 67   296 
25 68   772 
25 70   692 
25 71   190 
25 72   525 
25 76   401 
25 77    46 
25 78   544 
25 79   545 
25 81   142 
25 82   312 
25 83   387 
25 84   595 
25 85   602 
25 87   777 
25 90    85 
25 93   766 
25 95   191 
25 97   541 
25 98   154 
25 99   368 
26 29   344 
26 30   380 
26 31    74 
26 32   685 
26 33   424 
26 34   476 
26 35   693 
26 36   484 
26 37   260 
26 38   599 
26 39   147 
26 41   296 
26 42   292 
26 43   668 
26 44   983 
26 45   522 
26 46   868 
26 48   701 
26 49   469 
26 50   287 
26 51   128 
26 52   748 
26 53   695 
26 54   272 
26 55   144 
26 57   573 
26 58   661 
26 59   221 
26 60   688 
26 63   520 
26 64   941 
26 65   352 
26 67   456 
26 68    69 
26 71   694 
26 73   184 
26 74   363 
26 75   257 
26 76   442 
26 77   783 
26 78   323 
26 79   270 
26 80   498 
26 81   616 
26 82   818 
26 83   570 
26 85   407 
26 86   426 
26 88   375 
26 90   833 
26 91   460 
26 92   439 
26 93   413 
26 96   732 
26 97   222 
26 98   901 
26 99   458 
27 31   769 
27 33   419 
27 34   794 
27 38   245 
27 39   987 
27 40   604 
27 41   767 
27 42   826 
27 43   557 
27 44   181 
27 45   560 
27 46    45 
27 47   387 
27 48   497 
27 49   625 
27 50   652 
27 54   695 
27 55   937 
27 56   711 
27 57   832 
27 58   739 
27 59   625 
27 61   734 
27 62   768 
27 63   479 
27 64   128 
27 65   511 
27 66   260 
27 67   389 
27 69   563 
27 70   785 
27 73  1027 
27 74   602 
27 75   705 
27 76   493 
27 77    83 
27 78   623 
27 79   629 
27 80   748 
27 81   236 
27 82   344 
27 83   468 
27 85   671 
27 86   466 
27 87   858 
27 88   473 
27 89   325 
27 90    11 
27 91   811 
27 92   437 
27 93   856 
27 94   601 
27 95   117 
27 96   907 
27 97   634 
27 98    60 
27 99   459 
27 100   652 
28 31    95 
28 32   718 
28 35   704 
28 37   226 
28 38   496 
28 39   259 
28 40   162 
28 41   369 
28 42   386 
28 44   895 
28 46   771 
28 47   744 
28 48   554 
28 50   139 
28 52   626 
28 53   754 
28 54   126 
28 55   291 
28 56   478 
28 57   642 
28 58   702 
28 62   176 
28 63   376 
28 64   849 
28 65   299 
28 66   551 
28 67   369 
28 68   210 
28 69   523 
28 70   174 
28 71   630 
28 72   761 
28 73   304 
28 74   215 
28 75   111 
28 78   176 
28 79   128 
28 80   361 
28 81   528 
28 82   771 
28 83   549 
28 84   205 
28 85   261 
28 86   381 
28 87   170 
28 88   300 
28 89   609 
28 91   336 
28 92   314 
28 94   525 
28 95   843 
28 96   800 
28 97   195 
28 98   796 
28 100   674 
29 31   328 
29 32   349 
29 33   403 
29 35   378 
29 36   640 
29 37   246 
29 38   548 
29 40   478 
29 42    90 
29 43   371 
29 45   689 
29 46   759 
29 47   541 
29 50   497 
29 52   737 
29 54   513 
29 56    93 
29 58   320 
29 59   345 
29 61   759 
29 62   245 
29 65   284 
29 66   696 
29 68   297 
29 69   239 
29 70   257 
29 72   456 
29 73   471 
29 74   546 
29 75   503 
29 77   673 
29 78   517 
29 80   749 
29 84   207 
29 85   633 
29 86   292 
29 88   340 
29 90   745 
29 91   739 
29 94   845 
29 95   812 
29 96   392 
29 97   247 
29 98   812 
29 100   326 
30 33   367 
30 34   746 
30 36   160 
30 37   384 
30 38   469 
30 39   457 
30 40   148 
30 41   583 
30 42   610 
30 43   795 
30 44   862 
30 46   726 
30 47   811 
30 49   100 
30 52   527 
30 53   940 
30 54   110 
30 55   525 
30 56   667 
30 57   840 
30 58   871 
30 59   272 
30 61   144 
30 62   407 
30 66   445 
30 67   405 
30 68   446 
30 69   665 
30 71   663 
30 73   501 
30 75   124 
30 76   533 
30 78   106 
30 81   529 
30 82   822 
30 83   657 
30 84   409 
30 85    28 
30 87   215 
30 88   377 
30 89   461 
30 90   675 
30 91   146 
30 94   301 
30 96   992 
30 97   371 
30 99   523 
31 34   464 
31 35   652 
31 36   420 
31 37   196 
31 38   524 
31 39   218 
31 40   238 
31 45   460 
31 46   794 
31 48   636 
31 50   227 
31 51   182 
31 52   674 
31 53   678 
31 54   221 
31 55   204 
31 57   562 
31 58   634 
31 62    85 
31 63   452 
31 64   869 
31 65   285 
31 66   604 
31 67   383 
31 68   121 
31 70    79 
31 71   627 
31 72   716 
31 73   258 
31 75   207 
31 76   384 
31 78   261 
31 79   203 
31 83   515 
31 84   140 
31 85   356 
31 86   362 
31 87   240 
31 88   303 
31 89   674 
31 90   759 
31 92   365 
31 93   414 
31 94   615 
31 96   720 
31 97   158 
31 100   616 
32 34   247 
32 37   501 
32 38   607 
32 39   805 
32 40   730 
32 41   398 
32 43   154 
32 44   719 
32 45   895 
32 49   903 
32 50   765 
32 51   812 
32 52   784 
32 53   136 
32 54   794 
32 55   656 
32 57   195 
32 58    43 
32 59   616 
32 62   579 
32 63   825 
32 65   469 
32 68   645 
32 69   217 
32 70   595 
32 71   453 
32 72   171 
32 73   820 
32 76   354 
32 77   630 
32 78   772 
32 80  1008 
32 81   543 
32 83   269 
32 85   887 
32 86   411 
32 87   887 
32 88   513 
32 89   891 
32 91  1018 
32 92   676 
32 94  1035 
32 95   720 
32 97   525 
32 99   376 
32 100    63 
33 37   190 
33 38   175 
33 39   568 
33 42   452 
33 44   563 
33 46   444 
33 47   444 
33 48   442 
33 49   363 
33 51   522 
33 52   347 
33 54   324 
33 56   405 
33 58   555 
33 59   208 
33 61   480 
33 62   352 
33 63   274 
33 64   519 
33 66   295 
33 67    39 
33 68   447 
33 70   368 
33 71   305 
33 72   523 
33 73   608 
33 74   269 
33 75   328 
33 76   198 
33 78   268 
33 79   243 
33 81   196 
33 82   459 
33 83   300 
33 85   366 
33 86   141 
33 90   409 
33 91   513 
33 92   124 
33 93   521 
33 94   484 
33 96   703 
33 98   477 
33 99   175 
33 100   491 
34 36   758 
34 37   367 
34 38   618 
34 39   577 
34 40   605 
34 41   180 
34 42   193 
34 43   320 
34 44   853 
34 46   793 
34 47   519 
34 48   936 
34 51   597 
34 52   809 
34 54   646 
34 55   421 
34 56    92 
34 57    98 
34 59   474 
34 60   248 
34 61   889 
34 62   380 
34 63   755 
34 64   833 
34 67   492 
34 68   424 
34 69   234 
34 71   546 
34 72   389 
34 74   672 
34 76   318 
34 77   712 
34 79   583 
34 81   577 
34 82   576 
34 83   332 
34 84   342 
34 87   704 
34 88   439 
34 89   886 
34 90   788 
34 92   608 
34 93   101 
34 94   962 
34 95   836 
34 96   256 
34 97   375 
34 98   852 
34 99   352 
34 100   246 
35 37   479 
35 38   526 
35 40   693 
35 42   466 
35 43    59 
35 44   616 
35 46   597 
35 47   253 
35 48   913 
35 50   732 
35 51   821 
35 54   765 
35 55   685 
35 57   280 
35 58   140 
35 59   591 
35 60   104 
35 61   968 
35 64   611 
35 65   430 
35 66   697 
35 70   602 
35 71   357 
35 72    82 
35 73   843 
35 75   762 
35 77   532 
35 78   734 
35 79   685 
35 81   458 
35 82   312 
35 83   196 
35 84   511 
35 85   847 
35 87   874 
35 88   466 
35 89   810 
35 90   611 
35 91   985 
35 94   972 
35 95   618 
35 97   509 
35 99   321 
35 100    61 
36 38   345 
36 40   182 
36 41   618 
36 43   740 
36 44   719 
36 45    49 
36 46   581 
36 47   717 
36 49    85 
36 50   198 
36 51   515 
36 52   371 
36 53   928 
36 54   225 
36 55   624 
36 56   671 
36 57   845 
36 60   849 
36 61   201 
36 62   477 
36 63    62 
36 64   667 
36 65   383 
36 67   327 
36 68   541 
36 69   629 
36 70   484 
36 71   556 
36 72   819 
36 73   632 
36 74   121 
36 75   241 
36 76   492 
36 77   523 
36 78   160 
36 79   217 
36 80   211 
36 81   414 
36 82   718 
36 83   598 
36 85   137 
36 86   436 
36 87   369 
36 88   334 
36 89   301 
36 90   528 
36 91   271 
36 92   174 
36 93   756 
36 94   205 
36 96   987 
36 97   397 
36 98   580 
36 99   472 
36 100   788 
37 40   239 
37 41   227 
37 42   273 
37 43   442 
37 44   728 
37 45   443 
37 46   620 
37 47   527 
37 49   427 
37 50   267 
37 51   378 
37 52   537 
37 53   555 
37 55   337 
37 56   284 
37 57   458 
37 59   115 
37 60   504 
37 61   524 
37 62   169 
37 63   399 
37 64   689 
37 65    92 
37 66   481 
37 67   212 
37 70   188 
37 72   535 
37 74   305 
37 75   287 
37 76   190 
37 77   533 
37 78   280 
37 79   220 
37 81   366 
37 82   560 
37 84    89 
37 85   397 
37 87   396 
37 89   572 
37 94   599 
37 96   608 
37 97    38 
37 99   200 
37 100   453 
38 41   553 
38 42   610 
38 44   402 
38 45   379 
38 46   274 
38 47   387 
38 48   397 
38 49   428 
38 50   416 
38 53   721 
38 54   460 
38 55   698 
38 56   527 
38 57   678 
38 58   622 
38 59   379 
38 60   609 
38 61   546 
38 62   527 
38 63   293 
38 64   354 
38 65   279 
38 66   171 
38 67   151 
38 68   623 
38 69   411 
38 71   218 
38 73   782 
38 75   468 
38 77   195 
38 78   391 
38 79   388 
38 80   555 
38 82   379 
38 83   337 
38 84   452 
38 85   458 
38 87   621 
38 88   234 
38 89   284 
38 90   234 
38 91   606 
38 92   203 
38 93   661 
38 95   347 
38 96   785 
38 97   395 
38 99   266 
39 42   385 
39 43   803 
39 45   618 
39 48   802 
39 49   555 
39 50   390 
39 51    77 
39 52   883 
39 54   363 
39 55   163 
39 56   548 
39 58   776 
39 60   807 
39 62   248 
39 63   632 
39 64  1087 
39 65   500 
39 66   810 
39 67   601 
39 69   655 
39 70   229 
39 71   842 
39 73    45 
39 74   467 
39 75   347 
39 78   428 
39 79   387 
39 80   552 
39 81   762 
39 83   712 
39 84   333 
39 85   485 
39 86   573 
39 87   264 
39 88   521 
39 90   976 
39 94   758 
39 96   825 
39 97   369 
39 99   604 
40 42   484 
40 43   648 
40 44   769 
40 46   638 
40 47   676 
40 48   397 
40 49   192 
40 51   355 
40 52   472 
40 53   793 
40 55   443 
40 56   523 
40 57   697 
40 58   723 
40 59   133 
40 60   733 
40 61   285 
40 62   296 
40 63   214 
40 64   720 
40 65   263 
40 66   394 
40 69   516 
40 71   537 
40 72   736 
40 73   466 
40 74    69 
40 76   385 
40 77   563 
40 78    41 
40 80   279 
40 81   414 
40 82   692 
40 83   512 
40 85   159 
40 86   336 
40 87   254 
40 88   232 
40 89   447 
40 90   593 
40 91   291 
40 92   167 
40 93   589 
40 94   383 
40 95   713 
40 98   656 
40 100   677 
41 43   415 
41 44   862 
41 45   666 
41 46   777 
41 47   577 
41 49   642 
41 50   465 
41 51   420 
41 53   398 
41 54   478 
41 55   261 
41 56   141 
41 57   278 
41 58   369 
41 59   316 
41 60   400 
41 63   626 
41 66   694 
41 67   407 
41 68   248 
41 69   277 
41 70   211 
41 71   549 
41 72   501 
41 73   422 
41 74   519 
41 75   467 
41 76   277 
41 78   488 
41 79   423 
41 80   716 
41 81   533 
41 82   626 
41 83   360 
41 84   174 
41 85   602 
41 87   525 
41 89   792 
41 90   759 
41 91   702 
41 92   489 
41 93   139 
41 94   824 
41 95   832 
41 96   436 
41 97   221 
41 99   309 
41 100   374 
42 45   705 
42 46   836 
42 47   631 
42 48   857 
42 49   676 
42 52   796 
42 53   411 
42 54   502 
42 55   229 
42 57   286 
42 58   397 
42 59   351 
42 61   755 
42 62   210 
42 63   669 
42 64   891 
42 65   334 
42 66   747 
42 68   235 
42 70   217 
42 73   394 
42 74   553 
42 75   491 
42 76   336 
42 77   749 
42 78   520 
42 79   455 
42 82   681 
42 83   416 
42 84   207 
42 86   360 
42 88   388 
42 89   844 
42 90   818 
42 91   722 
42 92   537 
42 93   120 
42 94   863 
42 95   891 
42 96   442 
42 97   261 
42 98   886 
42 100   412 
43 45   786 
43 48   856 
43 49   804 
43 50   689 
43 51   796 
43 53   289 
43 54   723 
43 55   673 
43 56   282 
43 57   311 
43 59   552 
43 60   157 
43 62   560 
43 63   711 
43 64   559 
43 65   386 
43 66   638 
43 67   413 
43 69   149 
43 71   300 
43 73   826 
43 74   700 
43 75   721 
43 76   262 
43 77   475 
43 79   642 
43 80   918 
43 82   268 
43 85   799 
43 86   312 
43 87   838 
43 88   418 
43 89   751 
43 91   939 
43 92   565 
43 93   416 
43 94   917 
43 96   352 
43 97   474 
44 46   137 
44 47   364 
44 50   818 
44 51  1086 
44 52   369 
44 53   855 
44 54   862 
44 55  1062 
44 56   780 
44 57   872 
44 58   754 
44 59   772 
44 60   721 
44 61   915 
44 62   898 
44 63   658 
44 64    53 
44 65   635 
44 66   442 
44 68   996 
44 69   620 
44 71   314 
44 73  1168 
44 75   871 
44 76   586 
44 78   792 
44 79   790 
44 80   928 
44 82   307 
44 83   521 
44 84   814 
44 85   847 
44 86   575 
44 87  1024 
44 88   608 
44 89   501 
44 91   990 
44 93   930 
44 94   780 
44 95    65 
44 96   916 
44 98   161 
44 99   557 
45 47   757 
45 48   184 
45 50   235 
45 51   545 
45 55   664 
45 56   720 
45 58   896 
45 62   521 
45 63    85 
45 64   687 
45 65   433 
45 66   302 
45 67   373 
45 68   581 
45 70   527 
45 71   594 
45 74   160 
45 75   272 
45 76   540 
45 77   549 
45 78   199 
45 79   259 
45 80   189 
45 81   451 
45 83   645 
45 84   497 
45 86   484 
45 87   388 
45 88   383 
45 89   296 
45 90   548 
45 92   221 
45 93   804 
45 94   158 
45 97   445 
45 99   520 
45 100   836 
46 48   543 
46 49   666 
46 50   687 
46 51   965 
46 52   235 
46 53   830 
46 54   730 
46 57   826 
46 58   726 
46 59   652 
46 60   699 
46 61   777 
46 62   789 
46 64    85 
46 66   305 
46 67   412 
46 68   887 
46 69   560 
46 70   807 
46 73  1052 
46 76   500 
46 78   659 
46 80   790 
46 83   463 
46 84   708 
46 85   711 
46 87   893 
46 88   494 
46 89   371 
46 90    56 
46 91   853 
46 92   471 
46 93   860 
46 94   646 
46 95    75 
46 96   894 
46 97   655 
46 98    67 
46 99   468 
46 100   639 
47 49   794 
47 51   904 
47 54   765 
47 56   463 
47 57   520 
47 59   616 
47 61   914 
47 62   679 
47 63   673 
47 65   444 
47 66   539 
47 67   406 
47 68   772 
47 72   200 
47 73   956 
47 74   712 
47 75   767 
47 76   339 
47 77   315 
47 78   712 
47 79   682 
47 80   919 
47 81   311 
47 82    59 
47 84   593 
47 85   808 
47 87   905 
47 88   450 
47 89   645 
47 90   388 
47 91   956 
47 92   549 
47 93   609 
47 94   862 
47 95   371 
47 96   552 
47 97   564 
47 98   429 
47 100   307 
48 50   415 
48 51   729 
48 52   308 
48 53  1083 
48 54   439 
48 55   840 
48 57  1015 
48 58   992 
48 60   987 
48 62   689 
48 63   188 
48 65   552 
48 66   249 
48 67   457 
48 68   757 
48 70   698 
48 71   612 
48 72   923 
48 74   338 
48 75   455 
48 76   639 
48 77   514 
48 79   432 
48 81   473 
48 82   766 
48 83   718 
48 84   653 
48 85   327 
48 86   583 
48 87   571 
48 88   496 
48 89   176 
48 91   410 
48 93   947 
48 94   109 
48 95   610 
48 96  1145 
48 98   517 
48 99   612 
48 100   922 
49 51   479 
49 53   976 
49 54   197 
49 56   710 
49 58   900 
49 59   325 
49 61   119 
49 62   482 
49 64   752 
49 65   433 
49 68   531 
49 69   685 
49 70   485 
49 72   887 
49 73   599 
49 74   123 
49 75   213 
49 76   549 
49 78   156 
49 79   221 
49 80   127 
49 81   495 
49 82   798 
49 84   469 
49 85    71 
49 86   494 
49 87   315 
49 88   390 
49 90   613 
49 92   246 
49 93   781 
49 94   205 
49 95   741 
49 96  1032 
49 98   664 
49 99   533 
49 100   846 
50 53   822 
50 54    44 
50 56   549 
50 57   722 
50 60   768 
50 61   262 
50 62   295 
50 63   242 
50 64   769 
50 66   436 
50 67   321 
50 68   346 
50 69   554 
50 70   299 
50 71   587 
50 72   778 
50 74    76 
50 76   426 
50 78    38 
50 79    47 
50 80   252 
50 81   464 
50 82   741 
50 83   555 
50 84   291 
50 85   136 
50 86   378 
50 87   206 
50 88   277 
50 89   481 
50 90   641 
50 92   215 
50 93   604 
50 95   762 
50 97   252 
50 98   703 
50 99   419 
50 100   713 
51 53   817 
51 54   290 
51 56   556 
51 57   693 
51 58   787 
51 59   313 
51 60   814 
51 61   496 
51 62   236 
51 63   563 
51 64  1041 
51 65   466 
51 66   748 
51 67   557 
51 71   808 
51 72   889 
51 73   120 
51 74   396 
51 75   274 
51 76   565 
51 77   882 
51 78   359 
51 79   322 
51 80   475 
51 82   938 
51 84   314 
51 85   410 
51 86   544 
51 88   480 
51 89   801 
51 90   926 
51 91   419 
51 92   512 
51 93   526 
51 94   683 
51 95  1036 
51 96   851 
51 98   992 
51 99   578 
51 100   780 
52 55   862 
52 56   719 
52 57   867 
52 58   803 
52 60   786 
52 61   555 
52 62   692 
52 63   308 
52 64   316 
52 65   461 
52 67   333 
52 68   783 
52 70   707 
52 71   350 
52 72   684 
52 76   491 
52 79   502 
52 80   571 
52 81   241 
52 82   485 
52 83   517 
52 86   447 
52 88   410 
52 90   178 
52 91   640 
52 92   312 
52 93   852 
52 95   304 
52 96   968 
52 98   215 
52 99   457 
52 100   721 
53 55   638 
53 57   127 
53 58   103 
53 59   669 
53 61  1079 
53 62   596 
53 63   915 
53 64   848 
53 65   545 
53 66   891 
53 67   625 
53 69   312 
53 70   609 
53 71   584 
53 72   303 
53 75   838 
53 76   444 
53 77   760 
53 78   835 
53 79   776 
53 80  1072 
53 81   662 
53 83   386 
53 84   548 
53 86   500 
53 87   918 
53 88   595 
53 89  1004 
53 90   840 
53 91  1073 
53 92   764 
53 93   304 
53 94  1125 
53 97   572 
53 98   895 
53 100   191 
54 57   742 
54 58   783 
54 60   796 
54 62   297 
54 63   274 
54 66   476 
54 67   363 
54 68   336 
54 70   298 
54 71   629 
54 73   408 
54 74   107 
54 76   461 
54 77   656 
54 78    74 
54 79    83 
54 80   239 
54 81   508 
54 86   415 
54 87   163 
54 88   316 
54 92   259 
54 93   616 
54 95   805 
54 96   896 
54 97   273 
54 98   746 
54 99   456 
55 57   511 
55 58   625 
55 59   340 
55 60   658 
55 61   660 
55 62   170 
55 63   656 
55 64  1024 
55 65   427 
55 66   797 
55 67   548 
55 68    83 
55 69   529 
55 71   758 
55 72   761 
55 73   166 
55 77   869 
55 78   465 
55 79   407 
55 80   641 
55 82   862 
55 83   600 
55 84   248 
55 85   551 
55 86   487 
55 88   464 
55 89   873 
55 90   927 
55 91   600 
55 93   336 
55 94   816 
55 95  1021 
55 97   302 
55 99   511 
56 59   395 
56 63   665 
56 66   687 
56 67   400 
56 68   388 
56 73   564 
56 74   589 
56 76   228 
56 77   629 
56 78   564 
56 79   503 
56 80   800 
56 81   489 
56 83   260 
56 84   272 
56 86   274 
56 87   643 
56 88   348 
56 90   705 
56 91   798 
56 92   517 
56 93   149 
56 94   873 
56 96   325 
56 97   297 
56 98   770 
56 100   233 
57 60   195 
57 62   478 
57 63   838 
57 64   857 
57 65   464 
57 66   844 
57 68   520 
57 69   271 
57 70   489 
57 71   576 
57 73   677 
57 75   733 
57 76   382 
57 77   749 
57 78   738 
57 79   676 
57 82   579 
57 83   364 
57 84   438 
57 87   802 
57 88   519 
57 94  1047 
57 98   889 
57 100   219 
58 61  1007 
58 62   557 
58 63   829 
58 65   466 
58 66   794 
58 67   535 
58 68   618 
58 69   220 
58 70   572 
58 71   480 
58 72   213 
58 74   785 
58 75   777 
58 76   357 
58 77   657 
58 78   765 
58 79   709 
58 80  1002 
58 81   561 
58 82   451 
58 83   286 
58 84   498 
58 85   881 
58 87   870 
58 88   513 
58 89   906 
58 91  1009 
58 92   679 
58 93   309 
58 95   752 
58 96   167 
58 97   512 
58 98   792 
58 99   381 
59 61   414 
59 62   176 
59 63   326 
59 64   728 
59 66   459 
59 67   244 
59 69   410 
59 70   187 
59 71   501 
59 72   643 
59 73   403 
59 74   202 
59 77   568 
59 78   171 
59 79   108 
59 81   404 
59 83   426 
59 84   144 
59 85   287 
59 87   291 
59 88   171 
59 90   614 
59 91   404 
59 92   220 
59 93   456 
59 94   512 
59 95   723 
59 97    99 
59 99   294 
59 100   567 
60 63   828 
60 64   715 
60 66   781 
60 69   220 
60 70   597 
60 73   821 
60 74   792 
60 75   791 
60 76   357 
60 77   632 
60 78   774 
60 80  1011 
60 81   545 
60 82   416 
60 83   272 
60 84   518 
60 88   516 
60 89   894 
60 92   678 
60 93   349 
60 94  1038 
60 95   722 
60 96   196 
60 97   528 
60 99   379 
61 63   257 
61 65   542 
61 66   476 
61 67   514 
61 68   583 
61 69   796 
61 70   550 
61 72  1003 
61 73   616 
61 74   222 
61 78   244 
61 79   306 
61 80    24 
61 81   615 
61 82   917 
61 83   779 
61 84   553 
61 86   607 
61 87   312 
61 89   457 
61 90   722 
61 91   104 
61 92   365 
61 93   866 
61 95   851 
61 96  1133 
61 97   513 
61 98   770 
61 99   647 
61 100   957 
62 64   858 
62 65   262 
62 67   378 
62 69   411 
62 71   600 
62 73   278 
62 74   363 
62 76   339 
62 77   702 
62 79   263 
62 80   536 
62 81   535 
62 82   717 
62 83   464 
62 86   329 
62 87   324 
62 88   295 
62 90   758 
62 91   512 
62 92   394 
62 94   678 
62 95   855 
62 96   637 
62 97   133 
62 98   827 
62 99   358 
63 65   373 
63 66   226 
63 67   298 
63 68   573 
63 70   511 
63 71   509 
63 73   677 
63 74   166 
63 75   289 
63 76   472 
63 77   464 
63 78   203 
63 79   250 
63 80   269 
63 81   365 
63 82   671 
63 83   569 
63 84   464 
63 85   199 
63 86   415 
63 87   426 
63 88   320 
63 89   243 
63 90   467 
63 91   333 
63 94   210 
63 95   596 
63 97   407 
63 98   518 
63 100   765 
64 66   389 
64 68   956 
64 70   877 
64 71   288 
64 72   563 
64 73  1126 
64 75   822 
64 76   555 
64 77   159 
64 79   742 
64 80   875 
64 82   308 
64 83   500 
64 84   776 
64 85   795 
64 86   540 
64 87   975 
64 88   566 
64 89   449 
64 90   139 
64 91   938 
64 92   554 
64 93   906 
64 94   728 
64 95    13 
64 98   112 
64 99   524 
64 100   658 
65 68   360 
65 69   254 
65 70   280 
65 71   342 
65 72   475 
65 73   535 
65 74   320 
65 75   336 
65 76   123 
65 77   441 
65 78   304 
65 79   256 
65 80   539 
65 81   275 
65 82   473 
65 83   254 
65 84   179 
65 85   418 
65 86    81 
65 88    56 
65 89   513 
65 90   501 
65 93   402 
65 94   582 
65 95   594 
65 96   603 
65 97   130 
65 99   121 
65 100   415 
66 68   717 
66 69   580 
66 70   643 
66 71   370 
66 72   695 
66 73   853 
66 74   372 
66 75   489 
66 76   462 
66 77   266 
66 78   401 
66 79   426 
66 80   491 
66 81   240 
66 82   519 
66 83   509 
66 84   566 
66 86   412 
66 88   359 
66 89   112 
66 90   249 
66 92   239 
66 93   813 
66 94   345 
66 96   956 
66 98   294 
67 69   314 
67 70   396 
67 71   266 
67 72   492 
67 73   640 
67 75   367 
67 76   182 
67 78   307 
67 79   282 
67 80   517 
67 81   161 
67 83   271 
67 84   301 
67 85   403 
67 87   514 
67 94   506 
67 95   481 
67 96   687 
67 97   245 
67 100   468 
68 70    79 
68 72   733 
68 73   185 
68 74   421 
68 75   321 
68 78   382 
68 79   324 
68 80   566 
68 81   633 
68 82   812 
68 83   555 
68 84   183 
68 85   471 
68 86   427 
68 87   314 
68 88   392 
68 89   791 
68 91   529 
68 92   479 
68 93   353 
68 94   734 
68 97   231 
68 98   924 
68 99   454 
68 100   616 
69 71   312 
69 72   242 
69 73   679 
69 74   574 
69 76   137 
69 77   480 
69 78   558 
69 79   506 
69 80   793 
69 81   357 
69 82   355 
69 83    98 
69 84   334 
69 87   693 
69 88   296 
69 90   558 
69 91   807 
69 93   312 
69 94   819 
69 95   602 
69 97   327 
69 98   621 
69 99   160 
70 73   259 
70 74   368 
70 75   284 
70 77   720 
70 79   268 
70 81   553 
70 82   736 
70 83   483 
70 84   105 
70 85   431 
70 86   348 
70 87   315 
70 88   312 
70 90   776 
70 91   509 
70 92   407 
70 93   337 
70 94   684 
70 95   873 
70 96   648 
70 99   377 
71 73   877 
71 75   634 
71 76   274 
71 77   176 
71 78   570 
71 80   762 
71 81   143 
71 82   162 
71 83   214 
71 84   515 
71 85   657 
71 86   271 
71 87   780 
71 88   330 
71 91   806 
71 92   394 
71 93   618 
71 94   693 
71 96   648 
71 97   472 
71 98   313 
71 99   247 
71 100   393 
72 74   786 
72 76   352 
72 77   504 
72 78   776 
72 82   256 
72 83   224 
72 85   885 
72 88   504 
72 89   806 
72 92   644 
72 93   489 
72 94   990 
72 95   571 
72 96   360 
72 97   567 
72 98   626 
72 100   143 
73 75   392 
73 78   474 
73 79   432 
73 80   594 
73 81   801 
73 82   995 
73 83   740 
73 85   530 
73 86   607 
73 87   305 
73 89   913 
73 90  1017 
73 91   536 
73 92   614 
73 93   502 
73 95  1122 
73 96   829 
73 99   637 
73 100   796 
74 76   440 
74 77   569 
74 78    39 
74 79   100 
74 80   219 
74 81   433 
74 84   346 
74 85    99 
74 86   387 
74 88   282 
74 89   408 
74 90   590 
74 92   173 
74 95   714 
74 96   912 
74 97   299 
74 98   649 
75 77   664 
75 78    88 
75 79    85 
75 80   252 
75 82   786 
75 83   590 
75 85   150 
75 86   415 
75 87   153 
75 88   317 
75 90   694 
75 91   236 
75 92   268 
75 93   605 
75 98   756 
76 78   426 
76 79   379 
76 80   659 
76 81   263 
76 84   254 
76 85   539 
76 86    56 
76 87   582 
76 88   159 
76 89   571 
76 90   485 
76 92   322 
76 93   366 
76 94   683 
76 95   555 
76 96   506 
76 98   553 
76 99    34 
76 100   297 
77 80   734 
77 81   167 
77 82   278 
77 84   621 
77 85   646 
77 86   391 
77 88   408 
77 89   353 
77 90    79 
77 91   791 
77 92   398 
77 93   776 
77 94   611 
77 95   154 
77 96   825 
77 97   568 
77 98   140 
77 99   381 
77 100   570 
78 80   237 
78 81   443 
78 83   552 
78 84   314 
78 85   117 
78 86   376 
78 88   272 
78 89   443 
78 91   250 
78 92   188 
78 93   627 
78 94   353 
78 96   888 
78 97   270 
78 100   718 
79 81   431 
79 82   700 
79 83   509 
79 88   232 
79 89   481 
79 90   617 
79 91   301 
79 92   193 
79 93   562 
79 94   415 
79 95   736 
79 96   828 
79 97   207 
79 99   374 
79 100   666 
80 83   779 
80 84   542 
80 86   606 
80 87   290 
80 88   500 
80 89   476 
80 90   736 
80 92   369 
80 94   242 
80 96  1126 
80 99   646 
81 83   275 
81 84   454 
81 85   521 
81 86   230 
81 87   666 
81 89   352 
81 91   670 
81 92   259 
81 93   629 
81 95   321 
81 96   727 
81 97   401 
81 99   229 
82 84   631 
82 86   394 
82 88   473 
82 89   621 
82 90   347 
82 91   966 
82 92   555 
82 94   851 
82 95   317 
82 97   598 
82 100   366 
83 85   661 
83 86   176 
83 87   716 
83 88   280 
83 90   464 
83 93   409 
83 94   776 
83 95   503 
83 98   525 
83 99   135 
84 86   243 
84 87   372 
84 89   653 
84 92   340 
84 93   313 
84 94   655 
84 95   773 
85 87   243 
85 89   437 
85 90   659 
85 91   149 
85 92   262 
85 94   273 
85 95   786 
85 96  1006 
85 97   386 
85 98   714 
85 99   527 
85 100   833 
86 89   520 
86 90   458 
86 92   265 
86 93   405 
86 94   626 
86 96   562 
86 97   204 
86 98   526 
86 99    41 
86 100   352 
87 89   669 
87 90   847 
87 91   231 
87 92   421 
87 96   961 
87 98   909 
87 100   844 
88 90   463 
88 91   523 
88 92   170 
88 93   458 
88 94   530 
88 95   562 
88 96   655 
88 97   161 
88 98   532 
88 99   145 
89 91   551 
89 92   315 
89 94   284 
89 95   436 
89 96  1068 
89 98   341 
89 99   539 
90 93   850 
90 94   590 
90 96   904 
90 97   625 
90 98    69 
90 99   452 
90 100   649 
91 93   839 
91 95   928 
91 96  1124 
91 98   851 
91 99   668 
92 94   361 
92 96   824 
92 97   280 
92 98   488 
92 99   300 
92 100   616 
93 95   908 
93 96   327 
93 98   916 
93 99   400 
93 100   347 
94 96  1185 
94 97   602 
95 97   722 
95 99   524 
95 100   664 
96 98   959 
96 100   255 
97 99   238 
97 100   479 
98 100   704 
0 
0 
0 
0 
0 
0 
0 
0 
0 
0 
0 
0 
0 
0 
0 
0 
0 
0 
0 
0 
0 
0 
0 
0 
0 
0 
0 
0 
0 
0 
0 
0 
0 
0 
0 
0 
0 
0 
0 
0 
0 
0 
0 
0 
0 
0 
0 
0 
0 
0 
0 
0 
0 
0 
0 
0 
0 
0 
0 
0 
0 
0 
0 
0 
0 
0 
0 
0 
0 
0 
0 
0 
0 
0 
0 
0 
0 
0 
0 
0 
0 
0 
0 
0 
0 
0 
0 
0 
0 
0 
0 
0 
0 
0 
0 
0 
0 
0 
0 
0 
  241   798 
  927   529 
  925   748 
  864   668 
  631   378 
  387   130 
  950   115 
  709   673 
  173   201 
  547   621 
  708   580 
  849   527 
  761   643 
  395   767 
    3   668 
  401   995 
  173   437 
  771   760 
  389   303 
  513   330 
  158   743 
  702   768 
  824   713 
  331   491 
  166   762 
  707   240 
   85   810 
  559   240 
  799   572 
  333   169 
  645   282 
  788   921 
  398   531 
  870   688 
  686   933 
  225   288 
  577   466 
  254   632 
  787   116 
  407   298 
  797   523 
  849   496 
  634   905 
   72   991 
  185   259 
   94   855 
  436   974 
   10   318 
  239   204 
  420   250 
  710   112 
   63   622 
  923   901 
  436   209 
  849   267 
  781   664 
  917   774 
  820   892 
  523   364 
  790   923 
  214    87 
  699   348 
  197   344 
   75   938 
  517   537 
  103   550 
  392   570 
  766   276 
  646   756 
  708   331 
  343   832 
  635   998 
  830   102 
  345   267 
  452   207 
  553   655 
  168   808 
  384   263 
  442   292 
  236    77 
  293   697 
  379   990 
  553   789 
  655   422 
  305   176 
  510   618 
  526    73 
  462   524 
    5   494 
   89   799 
  299    27 
  315   438 
  915   597 
   34   211 
   68   926 
  986   917 
  595   432 
   30   835 
  519   658 
  732   892 
