50 1225 
1 2   909 
2 3   562 
3 4   443 
4 5   565 
5 6   869 
6 7   619 
7 8   333 
8 9   361 
9 10   573 
10 11   596 
11 12   518 
12 13   938 
13 14   172 
14 15   187 
15 16   383 
16 17   321 
17 18   180 
18 19   629 
19 20   853 
20 21   756 
21 22   627 
22 23   635 
23 24   576 
24 25   499 
25 26   670 
26 27    30 
27 28   495 
28 29   127 
29 30    83 
30 31    26 
31 32   638 
32 33   570 
33 34   336 
34 35   515 
35 36   613 
36 37   315 
37 38   945 
38 39   821 
39 40   973 
40 41   499 
41 42   446 
42 43   521 
43 44   852 
44 45  1048 
45 46   538 
46 47   503 
47 48   369 
48 49   350 
49 50   405 
1 3   353 
1 4   353 
1 5   372 
1 6   825 
1 7   339 
1 8   667 
1 9   666 
1 10   451 
1 11   799 
1 12   635 
1 13   590 
1 14   525 
1 15   711 
1 16   329 
1 17   385 
1 18   498 
1 19   305 
1 20   807 
1 21    59 
1 22   642 
1 23   450 
1 24   141 
1 25   582 
1 26   915 
1 27   932 
1 28   840 
1 29   907 
1 30   889 
1 31   877 
1 32   581 
1 33   682 
1 34   565 
1 35   898 
1 36   533 
1 37   479 
1 38   986 
1 39   237 
1 40  1118 
1 41   626 
1 42   772 
1 43   417 
1 44   952 
1 45   310 
1 46   260 
1 47   393 
1 48   213 
1 49   555 
1 50   519 
2 4   854 
2 5   628 
2 6   757 
2 7   576 
2 8   243 
2 9   503 
2 10  1021 
2 11   639 
2 12  1051 
2 13   380 
2 14   384 
2 15   202 
2 16   584 
2 17   697 
2 18   520 
2 19   869 
2 20   251 
2 21   869 
2 22   444 
2 23  1052 
2 24   833 
2 25   334 
2 26   647 
2 27   676 
2 28   184 
2 29    65 
2 30    26 
2 31    33 
2 32   668 
2 33   241 
2 34   452 
2 35   845 
2 36   413 
2 37   497 
2 38   790 
2 39   938 
2 40   756 
2 41   546 
2 42   138 
2 43   638 
2 44   404 
2 45   878 
2 46   843 
2 47   610 
2 48   747 
2 49   453 
2 50   853 
3 5   155 
3 6   713 
3 7   102 
3 8   323 
3 9   461 
3 10   614 
3 11   641 
3 12   736 
3 13   245 
3 14   183 
3 15   369 
3 16    93 
3 17   240 
3 18   202 
3 19   428 
3 20   458 
3 21   308 
3 22   406 
3 23   633 
3 24   273 
3 25   229 
3 26   736 
3 27   761 
3 28   519 
3 29   566 
3 30   540 
3 31   530 
3 32   477 
3 33   329 
3 34   323 
3 35   806 
3 36   244 
3 37   160 
3 38   848 
3 39   451 
3 40   932 
3 41   446 
3 42   426 
3 43   212 
3 44   683 
3 45   365 
3 46   381 
3 47   158 
3 48   248 
3 49   310 
3 50   547 
4 6   502 
4 7   351 
4 8   628 
4 9   438 
4 10   176 
4 11   507 
4 12   304 
4 13   665 
4 14   519 
4 15   658 
4 16   355 
4 17   624 
4 18   646 
4 19    50 
4 20   852 
4 21   382 
4 22   452 
4 23   201 
4 24   446 
4 25   599 
4 26   626 
4 27   636 
4 28   722 
4 29   826 
4 30   842 
4 31   821 
4 32   288 
4 33   685 
4 34   409 
4 35   562 
4 36   443 
4 37   603 
4 38   668 
4 39   153 
4 40   821 
4 41   386 
4 42   724 
4 43   626 
4 44   745 
4 45   631 
4 46    94 
4 47   578 
4 48   211 
4 49   405 
4 50   167 
5 7   253 
5 8   414 
5 9   613 
5 10   727 
5 11   795 
5 12   867 
5 13   255 
5 14   293 
5 15   460 
5 16   241 
5 17    87 
5 18   131 
5 19   541 
5 20   464 
5 21   315 
5 22   555 
5 23   740 
5 24   245 
5 25   302 
5 26   888 
5 27   914 
5 28   626 
5 29   647 
5 30   603 
5 31   599 
5 32   631 
5 33   387 
5 34   473 
5 35   962 
5 36   387 
5 37   133 
5 38  1002 
5 39   538 
5 40  1081 
5 41   601 
5 42   503 
5 43    61 
5 44   815 
5 45   251 
5 46   489 
5 47    21 
5 48   355 
5 49   460 
5 50   688 
6 8   646 
6 9   287 
6 10   555 
6 11   117 
6 12   445 
6 13   811 
6 14   642 
6 15   641 
6 16   633 
6 17   953 
6 18   877 
6 19   551 
6 20   898 
6 21   834 
6 22   359 
6 23   590 
6 24   872 
6 25   704 
6 26   175 
6 27   167 
6 28   573 
6 29   700 
6 30   761 
6 31   734 
6 32   249 
6 33   733 
6 34   418 
6 35    97 
6 36   516 
6 37   826 
6 38   166 
6 39   655 
6 40   331 
6 41   276 
6 42   686 
6 43   925 
6 44   426 
6 45  1038 
6 46   579 
6 47   870 
6 48   621 
6 49   429 
6 50   353 
7 9   382 
7 10   526 
7 11   554 
7 12   637 
7 13   316 
7 14   196 
7 15   375 
7 16    14 
7 17   334 
7 18   301 
7 19   343 
7 20   516 
7 21   308 
7 22   336 
7 23   547 
7 24   301 
7 25   266 
7 26   655 
7 27   679 
7 28   501 
7 29   569 
7 30   558 
7 31   543 
7 32   378 
7 33   364 
7 34   253 
7 35   711 
7 36   197 
7 37   254 
7 38   760 
7 39   382 
7 40   855 
7 41   360 
7 42   438 
7 43   312 
7 44   633 
7 45   432 
7 46   300 
7 47   258 
7 48   178 
7 49   240 
7 50   446 
8 10   801 
8 11   538 
8 12   857 
8 13   206 
8 14   142 
8 15    46 
8 16   341 
8 17   493 
8 18   332 
8 19   638 
8 20   256 
8 21   628 
8 22   289 
8 23   830 
8 24   597 
8 25   113 
8 26   590 
8 27   619 
8 28   215 
8 29   243 
8 30   225 
8 31   210 
8 32   491 
8 33    87 
8 34   257 
8 35   742 
8 36   186 
8 37   294 
8 38   729 
8 39   700 
8 40   751 
8 41   387 
8 42   105 
8 43   439 
8 44   432 
8 45   663 
8 46   608 
8 47   399 
8 48   505 
8 49   252 
8 50   654 
9 11   188 
9 12   559 
9 13   526 
9 14   360 
9 15   360 
9 16   396 
9 17   700 
9 18   602 
9 19   474 
9 20   615 
9 21   657 
9 22    72 
9 23   608 
9 24   672 
9 25   417 
9 26   275 
9 27   300 
9 28   331 
9 29   455 
9 30   502 
9 31   476 
9 32   176 
9 33   447 
9 34   141 
9 35   384 
9 36   236 
9 37   551 
9 38   393 
9 39   571 
9 40   473 
9 41    53 
9 42   411 
9 43   664 
9 44   307 
9 45   814 
9 46   474 
9 47   610 
9 48   453 
9 49   153 
9 50   375 
10 12   195 
10 13   841 
10 14   695 
10 15   829 
10 16   528 
10 17   777 
10 18   816 
10 19   186 
10 20  1029 
10 21   497 
10 22   601 
10 23    36 
10 24   572 
10 25   775 
10 26   708 
10 27   712 
10 28   879 
10 29   990 
10 30  1011 
10 31   989 
10 32   402 
10 33   860 
10 34   571 
10 35   589 
10 36   615 
10 37   775 
10 38   716 
10 39   214 
10 40   886 
10 41   519 
10 42   895 
10 43   786 
10 44   872 
10 45   756 
10 46   237 
10 47   741 
10 48   372 
10 49   569 
10 50   211 
11 13   713 
11 14   548 
11 15   530 
11 16   568 
11 17   881 
11 18   790 
11 19   554 
11 20   787 
11 21   801 
11 22   258 
11 23   632 
11 24   828 
11 25   604 
11 26   118 
11 27   132 
11 28   456 
11 29   582 
11 30   644 
11 31   617 
11 32   223 
11 33   625 
11 34   328 
11 35   207 
11 36   424 
11 37   739 
11 38   207 
11 39   658 
11 40   318 
11 41   194 
11 42   571 
11 43   848 
11 44   318 
11 45   983 
11 46   571 
11 47   794 
11 48   588 
11 49   340 
11 50   385 
12 14   776 
12 15   876 
12 16   644 
12 17   928 
12 18   938 
12 19   340 
12 20  1103 
12 21   675 
12 22   608 
12 23   214 
12 24   745 
12 25   855 
12 26   616 
12 27   611 
12 28   888 
12 29  1009 
12 30  1045 
12 31  1021 
12 32   385 
12 33   928 
12 34   604 
12 35   450 
12 36   673 
12 37   892 
12 38   588 
12 39   399 
12 40   768 
12 41   510 
12 42   938 
12 43   928 
12 44   827 
12 45   930 
12 46   393 
12 47   879 
12 48   516 
12 49   606 
12 50   203 
13 15   245 
13 16   316 
13 17   318 
13 18   140 
13 19   659 
13 20   216 
13 21   539 
13 22   455 
13 23   863 
13 24   485 
13 25   109 
13 26   780 
13 27   809 
13 28   416 
13 29   408 
13 30   354 
13 31   354 
13 32   614 
13 33   146 
13 34   394 
13 35   908 
13 36   297 
13 37   122 
13 38   913 
13 39   693 
13 40   952 
13 41   537 
13 42   269 
13 43   258 
13 44   639 
13 45   502 
13 46   616 
13 47   235 
13 48   489 
13 49   384 
13 50   738 
14 16   202 
14 17   379 
14 18   246 
14 19   522 
14 20   333 
14 21   486 
14 22   291 
14 23   721 
14 24   456 
14 25    80 
14 26   624 
14 27   652 
14 28   339 
14 29   384 
14 30   364 
14 31   351 
14 32   442 
14 33   169 
14 34   223 
14 35   739 
14 36   126 
14 37   197 
14 38   752 
14 39   573 
14 40   807 
14 41   366 
14 42   246 
14 43   330 
14 44   522 
14 45   535 
14 46   486 
14 47   283 
14 48   373 
14 49   213 
14 50   574 
15 17   539 
15 18   375 
15 19   671 
15 20   257 
15 21   673 
15 22   290 
15 23   858 
15 24   643 
15 25   158 
15 26   573 
15 27   602 
15 28   172 
15 29   197 
15 30   186 
15 31   169 
15 32   502 
15 33   108 
15 34   271 
15 35   736 
15 36   214 
15 37   339 
15 38   714 
15 39   737 
15 40   726 
15 41   391 
15 42    66 
15 43   484 
15 44   397 
15 45   710 
15 46   643 
15 47   445 
15 48   544 
15 49   269 
15 50   674 
16 18   294 
16 19   344 
16 20   518 
16 21   296 
16 22   350 
16 23   549 
16 24   287 
16 25   271 
16 26   670 
16 27   693 
16 28   512 
16 29   579 
16 30   566 
16 31   551 
16 32   391 
16 33   369 
16 34   267 
16 35   723 
16 36   210 
16 37   249 
16 38   774 
16 39   379 
16 40   869 
16 41   374 
16 42   446 
16 43   301 
16 44   647 
16 45   417 
16 46   300 
16 47   247 
16 48   175 
16 49   254 
16 50   454 
17 19   595 
17 20   513 
17 21   325 
17 22   642 
17 23   787 
17 24   245 
17 25   381 
17 26   975 
17 27  1001 
17 28   707 
17 29   721 
17 30   672 
17 31   670 
17 32   713 
17 33   458 
17 34   560 
17 35  1045 
17 36   475 
17 37   202 
17 38  1088 
17 39   578 
17 40  1169 
17 41   687 
17 42   578 
17 43    59 
17 44   901 
17 45   187 
17 46   542 
17 47    95 
17 48   412 
17 49   548 
17 50   757 
18 20   335 
18 21   442 
18 22   536 
18 23   833 
18 24   377 
18 25   221 
18 26   870 
18 27   898 
18 28   547 
18 29   547 
18 30   494 
18 31   494 
18 32   657 
18 33   285 
18 34   462 
18 35   973 
18 36   366 
18 37    51 
18 38   996 
18 39   642 
18 40  1053 
18 41   602 
18 42   406 
18 43   120 
18 44   758 
18 45   366 
18 46   580 
18 47   110 
18 48   446 
18 49   450 
18 50   747 
19 21   338 
19 22   482 
19 23   204 
19 24   405 
19 25   600 
19 26   672 
19 27   683 
19 28   745 
19 29   845 
19 30   856 
19 31   836 
19 32   333 
19 33   690 
19 34   432 
19 35   612 
19 36   457 
19 37   589 
19 38   717 
19 39   104 
19 40   868 
19 41   423 
19 42   737 
19 43   600 
19 44   781 
19 45   590 
19 46    53 
19 47   555 
19 48   185 
19 49   427 
19 50   217 
20 22   544 
20 23  1054 
20 24   701 
20 25   253 
20 26   826 
20 27   856 
20 28   379 
20 29   306 
20 30   225 
20 31   241 
20 32   745 
20 33   175 
20 34   511 
20 35   993 
20 36   430 
20 37   334 
20 38   968 
20 39   898 
20 40   966 
20 41   643 
20 42   223 
20 43   454 
20 44   621 
20 45   700 
20 46   815 
20 47   443 
20 48   693 
20 49   505 
20 50   900 
21 23   498 
21 24    82 
21 25   538 
21 26   914 
21 27   933 
21 28   809 
21 29   870 
21 30   848 
21 31   836 
21 32   587 
21 33   637 
21 34   547 
21 35   912 
21 36   505 
21 37   426 
21 38   993 
21 39   283 
21 40  1117 
21 41   621 
21 42   732 
21 43   358 
21 44   934 
21 45   259 
21 46   288 
21 47   335 
21 48   213 
21 49   536 
21 50   545 
22 24   634 
22 25   346 
22 26   335 
22 27   362 
22 28   282 
22 29   401 
22 30   441 
22 31   416 
22 32   223 
22 33   375 
22 34    84 
22 35   456 
22 36   170 
22 37   485 
22 38   460 
22 39   574 
22 40   526 
22 41   102 
22 42   344 
22 43   603 
22 44   311 
22 45   766 
22 46   475 
22 47   551 
22 48   432 
22 49    96 
22 50   415 
23 25   800 
23 26   744 
23 27   747 
23 28   912 
23 29  1022 
23 30  1041 
23 31  1019 
23 32   438 
23 33   887 
23 34   602 
23 35   622 
23 36   644 
23 37   793 
23 38   750 
23 39   215 
23 40   921 
23 41   554 
23 42   925 
23 43   799 
23 44   907 
23 45   757 
23 46   252 
23 47   755 
23 48   387 
23 49   600 
23 50   247 
24 26   938 
24 27   958 
24 28   790 
24 29   840 
24 30   811 
24 31   801 
24 32   623 
24 33   596 
24 34   551 
24 35   954 
24 36   496 
24 37   367 
24 38  1027 
24 39   360 
24 40  1141 
24 41   641 
24 42   698 
24 43   283 
24 44   934 
24 45   185 
24 46   353 
24 47   267 
24 48   255 
24 49   539 
24 50   604 
25 27   699 
25 28   328 
25 29   346 
25 30   312 
25 31   303 
25 32   515 
25 33    99 
25 34   288 
25 35   801 
25 36   194 
25 37   181 
25 38   803 
25 39   648 
25 40   844 
25 41   430 
25 42   203 
25 43   325 
25 44   538 
25 45   553 
25 46   562 
25 47   287 
25 48   445 
25 49   279 
25 50   653 
26 28   465 
26 29   585 
26 30   656 
26 31   630 
26 32   341 
26 33   676 
26 34   415 
26 35   224 
26 36   506 
26 37   820 
26 38   144 
26 39   777 
26 40   203 
26 41   297 
26 42   603 
26 43   938 
26 44   272 
26 45  1087 
26 46   690 
26 47   885 
26 48   702 
26 49   427 
26 50   499 
27 29   614 
27 30   686 
27 31   659 
27 32   355 
27 33   705 
27 34   441 
27 35   204 
27 36   533 
27 37   847 
27 38   114 
27 39   788 
27 40   186 
27 41   319 
27 42   633 
27 43   964 
27 44   298 
27 45  1110 
27 46   702 
27 47   911 
27 48   720 
27 49   453 
27 50   503 
28 30   191 
28 31   164 
28 32   503 
28 33   274 
28 34   312 
28 35   661 
28 36   309 
28 37   509 
28 38   609 
28 39   826 
28 40   588 
28 41   379 
28 42   161 
28 43   653 
28 44   241 
28 45   873 
28 46   727 
28 47   613 
28 48   652 
28 49   317 
28 50   697 
29 31    64 
29 32   625 
29 33   263 
29 34   419 
29 35   786 
29 36   393 
29 37   519 
29 38   728 
29 39   919 
29 40   691 
29 41   501 
29 42   143 
29 43   663 
29 44   339 
29 45   898 
29 46   823 
29 47   631 
29 48   734 
29 49   421 
29 50   815 
30 32   664 
30 33   217 
30 34   444 
30 35   850 
30 36   399 
30 37   471 
30 38   800 
30 39   923 
30 40   771 
30 41   544 
30 42   120 
30 43   613 
30 44   419 
30 45   854 
30 46   829 
30 47   585 
30 48   730 
30 49   444 
30 50   847 
31 33   212 
31 34   420 
31 35   823 
31 36   379 
31 37   469 
31 38   774 
31 39   905 
31 40   746 
31 41   518 
31 42   104 
31 43   611 
31 44   394 
31 45   850 
31 46   810 
31 47   582 
31 48   714 
31 49   421 
31 50   823 
32 34   234 
32 35   335 
32 36   321 
32 37   606 
32 38   406 
32 39   436 
32 40   541 
32 41   125 
32 42   561 
32 43   690 
32 44   469 
32 45   789 
32 46   348 
32 47   635 
32 48   373 
32 49   240 
32 50   199 
33 35   829 
33 36   255 
33 37   257 
33 38   815 
33 39   743 
33 40   834 
33 41   471 
33 42   122 
33 43   400 
33 44   505 
33 45   638 
33 46   655 
33 47   370 
33 48   542 
33 49   330 
33 50   725 
34 36    97 
34 37   411 
34 38   534 
34 39   516 
34 40   609 
34 41   143 
34 42   333 
34 43   523 
34 44   387 
34 45   682 
34 46   417 
34 47   470 
34 48   359 
34 49    12 
34 50   403 
35 37   922 
35 38   140 
35 39   713 
35 40   321 
35 41   372 
35 42   779 
35 43  1018 
35 44   494 
35 45  1123 
35 46   645 
35 47   964 
35 48   700 
35 49   526 
35 50   401 
36 38   629 
36 39   527 
36 40   695 
36 41   240 
36 42   281 
36 43   433 
36 44   440 
36 45   609 
36 46   431 
36 47   381 
36 48   344 
36 49    87 
36 50   470 
37 39   608 
37 40  1004 
37 41   550 
37 42   376 
37 43   145 
37 44   714 
37 45   382 
37 46   541 
37 47   114 
37 48   408 
37 49   399 
37 50   699 
38 40   181 
38 41   401 
38 42   746 
38 43  1055 
38 44   407 
38 45  1186 
38 46   744 
38 47  1001 
38 48   780 
38 49   546 
38 50   518 
39 41   522 
39 42   803 
39 43   594 
39 44   878 
39 45   542 
39 46    99 
39 47   555 
39 48   204 
39 49   510 
39 50   313 
40 42   743 
40 43  1129 
40 44   352 
40 45  1287 
40 46   889 
40 47  1077 
40 48   905 
40 49   622 
40 50   682 
41 43   655 
41 44   359 
41 45   791 
41 46   425 
41 47   600 
41 48   413 
41 49   153 
41 50   322 
42 44   402 
42 45   754 
42 46   709 
42 47   487 
42 48   610 
42 49   332 
42 50   737 
43 45   246 
43 46   548 
43 47    54 
43 48   415 
43 49   511 
43 50   749 
44 46   780 
44 47   805 
44 48   744 
44 49   398 
44 50   665 
45 47   268 
45 48   433 
45 49   669 
45 50   786 
46 48   135 
46 49   411 
46 50   259 
47 49   457 
47 50   697 
48 50   354 
0 
0 
0 
0 
0 
0 
0 
0 
0 
0 
0 
0 
0 
0 
0 
0 
0 
0 
0 
0 
0 
0 
0 
0 
0 
0 
0 
0 
0 
0 
0 
0 
0 
0 
0 
0 
0 
0 
0 
0 
0 
0 
0 
0 
0 
0 
0 
0 
0 
0 
  964   686 
   59   780 
  621   771 
  808   369 
  672   918 
  386    97 
  625   669 
  299   738 
  370   384 
  924   236 
  329   200 
  830    65 
  417   908 
  441   737 
  254   725 
  635   679 
  725   988 
  547   960 
  844   405 
  212   979 
  927   733 
  364   456 
  960   236 
  892   808 
  393   801 
  220   153 
  221   123 
  127   609 
   57   715 
   81   795 
   91   770 
  527   303 
  296   825 
  425   514 
  384     0 
  436   611 
  539   909 
  244    11 
  938   450 
   63    24 
  422   371 
  195   756 
  666   979 
   63   376 
  912   992 
  839   458 
  652   926 
  779   579 
  433   524 
  713   231 
