100 3633 
1 2   587 
2 3   625 
3 4   223 
4 5   960 
5 6   246 
6 7   347 
7 8   190 
8 9   877 
9 10   637 
10 11   813 
11 12   706 
12 13   245 
13 14   481 
14 15   806 
15 16   563 
16 17   276 
17 18   565 
18 19   491 
19 20   447 
20 21   303 
21 22   219 
22 23   720 
23 24   398 
24 25   464 
25 26   336 
26 27   507 
27 28   502 
28 29  1105 
29 30   636 
30 31   266 
31 32   764 
32 33   135 
33 34   992 
34 35   529 
35 36   477 
36 37   704 
37 38   201 
38 39   186 
39 40   345 
40 41   321 
41 42   525 
42 43   750 
43 44  1151 
44 45   210 
45 46   423 
46 47   463 
47 48   741 
48 49   534 
49 50   636 
50 51   638 
51 52  1014 
52 53   200 
53 54   158 
54 55   651 
55 56   778 
56 57   730 
57 58   266 
58 59   377 
59 60   698 
60 61   803 
61 62   372 
62 63   343 
63 64   405 
64 65   693 
65 66   754 
66 67   473 
67 68   291 
68 69   373 
69 70   698 
70 71   184 
71 72   770 
72 73   147 
73 74   115 
74 75   547 
75 76   396 
76 77   671 
77 78   706 
78 79   881 
79 80   145 
80 81   601 
81 82   268 
82 83   377 
83 84   181 
84 85   199 
85 86   334 
86 87   322 
87 88   944 
88 89   195 
89 90   300 
90 91   463 
91 92   551 
92 93   202 
93 94   458 
94 95   335 
95 96   479 
96 97   927 
97 98   468 
98 99   536 
99 100   490 
1 3   803 
1 6   419 
1 7   518 
1 9   836 
1 11   894 
1 14   751 
1 15  1079 
1 16   567 
1 17   829 
1 18   311 
1 19   781 
1 21   917 
1 22  1055 
1 23   868 
1 24   481 
1 25   403 
1 26   705 
1 27   328 
1 28   766 
1 30  1145 
1 32   481 
1 33   614 
1 34  1255 
1 35   726 
1 37   791 
1 39   598 
1 40   932 
1 41   611 
1 44   882 
1 45   736 
1 47   581 
1 48   850 
1 49   642 
1 50   303 
1 52   915 
1 53   845 
1 54   892 
1 56   832 
1 57   204 
1 58   469 
1 59   551 
1 60   827 
1 61   801 
1 62   839 
1 64   621 
1 66   658 
1 67  1038 
1 69   938 
1 72  1060 
1 74  1080 
1 75   839 
1 76  1139 
1 77   740 
1 78  1112 
1 79   705 
1 80   842 
1 81   242 
1 82   335 
1 86   613 
1 87   936 
1 89  1023 
1 91   462 
1 93   977 
1 94   519 
1 95   578 
1 96  1058 
1 97   882 
1 98   486 
1 99   434 
1 100   714 
2 4   842 
2 5   357 
2 6   185 
2 7   479 
2 8   651 
2 11   378 
2 12   497 
2 13   292 
2 14   231 
2 15   678 
2 16   171 
2 17   379 
2 18   454 
2 19   433 
2 20   705 
2 21   502 
2 23   794 
2 24   497 
2 26   146 
2 27   446 
2 28   855 
2 29   260 
2 31   661 
2 32   640 
2 33   735 
2 35   308 
2 36   741 
2 37   213 
2 38    48 
2 40   493 
2 41   279 
2 42   612 
2 43   278 
2 44   872 
2 45   661 
2 47   743 
2 49   608 
2 51   696 
2 52   344 
2 53   360 
2 54   333 
2 55   534 
2 56   350 
2 57   431 
2 58   276 
2 60   552 
2 61   297 
2 65   468 
2 66   691 
2 68   594 
2 69   748 
2 70   585 
2 71   468 
2 73   652 
2 74   556 
2 75   631 
2 76   726 
2 77   153 
2 78   743 
2 79   199 
2 80   338 
2 81   357 
2 82   387 
2 83   375 
2 84   208 
2 85   346 
2 88   410 
2 89   505 
2 90   215 
2 91   373 
2 92   215 
2 93   393 
2 95   379 
2 96   683 
2 97   382 
2 98   103 
2 99   624 
2 100   370 
3 5   783 
3 6   563 
3 7   285 
3 8   376 
3 9   762 
3 10   633 
3 11   954 
3 12   368 
3 13   353 
3 14   833 
3 15   384 
3 16   455 
3 17   373 
3 18   492 
3 19   239 
3 21   327 
3 23   188 
3 24   324 
3 25   687 
3 26   559 
3 27   475 
3 28   361 
3 30   612 
3 31   387 
3 32   401 
3 34   641 
3 38   593 
3 39   409 
3 41   346 
3 42   592 
3 43   898 
3 44   288 
3 46   429 
3 47   402 
3 48   436 
3 49   192 
3 50   737 
3 51   374 
3 52   851 
3 53   960 
3 54   866 
3 55   336 
3 56   953 
3 57   610 
3 62   586 
3 63   430 
3 64   225 
3 65   539 
3 66   254 
3 67   240 
3 68   368 
3 69   139 
3 70   571 
3 72   586 
3 74   580 
3 75    44 
3 76   440 
3 78   372 
3 79   814 
3 80   929 
3 81   731 
3 82   479 
3 83   261 
3 87   281 
3 88   669 
3 89   540 
3 90   585 
3 91   360 
3 94   593 
3 95   269 
3 96   338 
3 97   970 
3 98   598 
3 99   437 
4 7   435 
4 9   986 
4 10   782 
4 11  1178 
4 12   563 
4 13   577 
4 14  1055 
4 15   520 
4 16   671 
4 17   589 
4 18   629 
4 19   459 
4 20   753 
4 21   522 
4 22   734 
4 23    60 
4 24   458 
4 26   782 
4 27   615 
4 28   262 
4 29  1063 
4 30   787 
4 31   531 
4 32   461 
4 34   783 
4 35   578 
4 36   670 
4 40   564 
4 41   563 
4 42   768 
4 44   114 
4 46   620 
4 47   403 
4 48   652 
4 49   290 
4 50   919 
4 51   400 
4 52  1074 
4 53  1182 
4 54  1090 
4 55   522 
4 57   757 
4 58   609 
4 59   974 
4 60   336 
4 62   807 
4 63   640 
4 64   307 
4 67   285 
4 68   535 
4 69   163 
4 70   668 
4 71   542 
4 73   726 
4 74   767 
4 75   235 
4 76   563 
4 77   893 
4 80  1152 
4 81   903 
4 82   637 
4 83   485 
4 85   579 
4 86   319 
4 87    66 
4 88   881 
4 89   734 
4 90   808 
4 91   536 
4 93   938 
4 94   805 
4 96   467 
4 98   806 
4 99   507 
4 100   494 
5 7   525 
5 8   613 
5 9   585 
5 10  1072 
5 11   621 
5 12   800 
5 14   483 
5 15   968 
5 16   407 
5 17   683 
5 18   359 
5 20  1041 
5 22   883 
5 23   901 
5 24   509 
5 27   366 
5 29   534 
5 31   954 
5 32   588 
5 37   539 
5 39   453 
5 40   796 
5 42   955 
5 43   460 
5 45   759 
5 46   356 
5 47   702 
5 48   685 
5 49   674 
5 52   655 
5 53   570 
5 54   629 
5 55   826 
5 57   243 
5 59   284 
5 61   529 
5 62   629 
5 63   391 
5 65   812 
5 66   724 
5 67   992 
5 68   890 
5 70   423 
5 71   433 
5 72   877 
5 73   987 
5 76  1024 
5 81    62 
5 82   327 
5 84   434 
5 85   382 
5 86   684 
5 87   987 
5 88   767 
5 89   847 
5 90   572 
5 91   425 
5 92   556 
5 93   748 
5 94   305 
5 95   517 
5 96   959 
5 97   607 
5 98   274 
5 99   549 
5 100   606 
6 8   495 
6 9   440 
6 10   834 
6 13   311 
6 14   400 
6 15   722 
6 16   162 
6 17   438 
6 20   802 
6 21   546 
6 22   648 
6 23   706 
6 25   124 
6 29   438 
6 31   708 
6 32   479 
6 34   858 
6 35   340 
6 37   398 
6 39   207 
6 41   247 
6 43   424 
6 44   768 
6 46   142 
6 47   589 
6 48   445 
6 49   492 
6 50   193 
6 52   529 
6 53   523 
6 55   579 
6 56   511 
6 57   247 
6 58   151 
6 59   238 
6 60   526 
6 63   146 
6 64   494 
6 65   581 
6 66   563 
6 69   699 
6 70   401 
6 72   648 
6 73   748 
6 74   670 
6 75   581 
6 79   361 
6 80   506 
6 81   217 
6 84   188 
6 85   196 
6 87   798 
6 89   614 
6 90   365 
6 92   398 
6 94   111 
6 95   293 
6 97   550 
6 98    83 
6 99   456 
6 100   361 
7 9   692 
7 10   809 
7 11   853 
7 13   326 
7 14   710 
7 15   602 
7 16   319 
7 17   434 
7 18   207 
7 19   327 
7 21   470 
7 22   665 
7 23   376 
7 24    47 
7 26   483 
7 27   190 
7 30   750 
7 31   598 
7 32   194 
7 34   824 
7 35   350 
7 37   661 
7 38   467 
7 39   299 
7 40   500 
7 42   730 
7 43   754 
7 44   424 
7 46   207 
7 48   484 
7 50   487 
7 51   227 
7 52   788 
7 53   839 
7 54   790 
7 56   830 
7 58   205 
7 59   581 
7 60   326 
7 61   775 
7 62   572 
7 64   147 
7 65   627 
7 66   216 
7 67   522 
7 68   552 
7 69   420 
7 70   297 
7 72   690 
7 73   726 
7 74   697 
7 75   322 
7 76   663 
7 77   582 
7 79   678 
7 80   816 
7 81   468 
7 82   203 
7 83   276 
7 84   292 
7 86   187 
7 88   698 
7 89   644 
7 90   543 
7 91   112 
7 92   644 
7 93   729 
7 95   137 
7 96   570 
7 97   860 
7 98   412 
8 12   673 
8 14   882 
8 17   617 
8 18   254 
8 19   500 
8 20   939 
8 21   638 
8 22   844 
8 25   598 
8 28   259 
8 29   911 
8 33   106 
8 34   986 
8 38   646 
8 39   487 
8 40   671 
8 41   442 
8 42   905 
8 44   370 
8 45   266 
8 46   370 
8 47    94 
8 48   670 
8 49   184 
8 50   588 
8 51    50 
8 52   973 
8 53  1010 
8 54   972 
8 55   660 
8 58   375 
8 59   734 
8 60   464 
8 62   762 
8 63   448 
8 66   153 
8 67   611 
8 69   484 
8 73   894 
8 74   876 
8 75   421 
8 76   805 
8 77   766 
8 78   746 
8 79   847 
8 82   298 
8 83   458 
8 84   478 
8 86   111 
8 88   888 
8 89   825 
8 90   733 
8 92   829 
8 94   586 
8 95   326 
8 97  1033 
8 99    79 
8 100   469 
9 11   200 
9 12   506 
9 13   411 
9 14   153 
9 16   374 
9 17   418 
9 18   703 
9 20   618 
9 21   530 
9 22   461 
9 23   947 
9 25   433 
9 26   212 
9 27   694 
9 32   871 
9 34   665 
9 35   408 
9 36   687 
9 37    45 
9 38   239 
9 40   503 
9 41   450 
9 42   515 
9 43   238 
9 48   365 
9 49   799 
9 50   541 
9 51   918 
9 52    95 
9 53   230 
9 55   554 
9 57   686 
9 58   506 
9 59   308 
9 61   180 
9 62   199 
9 63   429 
9 64   817 
9 65   389 
9 66   889 
9 67   847 
9 68   597 
9 69   861 
9 70   838 
9 71   707 
9 72   427 
9 73   573 
9 74   459 
9 75   754 
9 76   709 
9 77   111 
9 78   756 
9 81   597 
9 82   636 
9 83   502 
9 84   400 
9 85   581 
9 86   873 
9 87  1043 
9 88   252 
9 89   426 
9 90   179 
9 92    48 
9 93   198 
9 94   329 
9 96   703 
9 97   224 
9 99   861 
9 100   492 
10 13   538 
10 14   787 
10 15   262 
10 16   673 
10 17   404 
10 18   964 
10 20    34 
10 21   338 
10 23   784 
10 25   916 
10 26   587 
10 28   992 
10 29   753 
10 32   990 
10 33   982 
10 34    28 
10 36   122 
10 37   661 
10 38   686 
10 39   636 
10 41   624 
10 42   124 
10 43   874 
10 46   788 
10 47  1023 
10 51   987 
10 52   666 
10 53   860 
10 54   705 
10 55   314 
10 56   862 
10 59   872 
10 60   517 
10 61   817 
10 63   707 
10 65   266 
10 66   882 
10 68   267 
10 69   620 
10 71   907 
10 73    87 
10 75   593 
10 76   226 
10 77   635 
10 78   317 
10 79   804 
10 80   825 
10 81  1051 
10 82   914 
10 83   542 
10 84   656 
10 85   819 
10 86   897 
10 87   849 
10 88   388 
10 89   228 
10 90   527 
10 91   799 
10 92   623 
10 94   769 
10 95   688 
10 96   315 
10 97   843 
10 98   798 
10 99  1010 
11 13   601 
11 14   151 
11 15   877 
11 16   535 
11 17   618 
11 18   826 
11 20   797 
11 21   731 
11 22   647 
11 24   874 
11 25   500 
11 27   820 
11 28  1224 
11 30   697 
11 31   856 
11 32  1019 
11 36   874 
11 38   386 
11 39   566 
11 40   703 
11 42   694 
11 43   165 
11 46   660 
11 49   973 
11 51  1074 
11 52   147 
11 53    67 
11 54   108 
11 56    77 
11 58   654 
11 59   344 
11 60   855 
11 61    93 
11 62   400 
11 63   585 
11 64   987 
11 66  1060 
11 67  1047 
11 68   796 
11 69  1058 
11 70   951 
11 72   609 
11 73   757 
11 74   641 
11 76   905 
11 77   285 
11 78   955 
11 79   194 
11 80    52 
11 81   653 
11 82   761 
11 83   692 
11 84   567 
11 85   725 
11 86  1039 
11 87  1232 
11 91   750 
11 92   241 
11 94   447 
11 95   742 
11 98   469 
11 100   684 
12 15   182 
12 16   393 
12 17   119 
12 19   175 
12 22   178 
12 25   654 
12 26   365 
12 29   612 
12 33   693 
12 34   325 
12 35   215 
12 36   263 
12 37   510 
12 38   450 
12 39   349 
12 40     4 
12 41   325 
12 42   232 
12 46   489 
12 49   511 
12 50   747 
12 51   691 
12 52   574 
12 54   602 
12 55    49 
12 56   731 
12 57   732 
12 58   467 
12 59   648 
12 60   241 
12 61   676 
12 64   542 
12 65   177 
12 66   597 
12 69   408 
12 70   783 
12 71   599 
12 72   217 
12 73   223 
12 74   212 
12 76   228 
12 77   452 
12 78   253 
12 79   627 
12 80   699 
12 81   771 
12 83   235 
12 84   368 
12 85   514 
12 86   606 
12 87   628 
12 88   330 
12 90   339 
12 91   492 
12 93   396 
12 94   513 
12 95   381 
12 96   197 
12 97   730 
12 98   536 
12 99   705 
12 100   227 
13 16   152 
13 17   134 
13 18   434 
13 19   141 
13 20   505 
13 21   234 
13 22   366 
13 23   536 
13 24   366 
13 25   418 
13 26   205 
13 27   418 
13 28   649 
13 29   486 
13 33   567 
13 34   560 
13 35    31 
13 37   393 
13 38   252 
13 39   104 
13 40   241 
13 41    88 
13 42   437 
13 43   551 
13 44   628 
13 46   249 
13 47   593 
13 49   399 
13 50   505 
13 51   547 
13 52   502 
13 53   607 
13 54   515 
13 55   268 
13 56   601 
13 57   493 
13 58   228 
13 60   263 
13 61   543 
13 62   253 
13 64   422 
13 65   313 
13 67   482 
13 69   464 
13 71   392 
13 72   380 
13 73   451 
13 74   394 
13 75   350 
13 76   465 
13 78   465 
13 79   466 
13 80   576 
13 81   527 
13 82   378 
13 83    91 
13 85   286 
13 86   483 
13 87   632 
13 88   373 
13 89   338 
13 90   238 
13 91   275 
13 92   364 
13 93   407 
13 94   285 
13 95   189 
13 97   616 
13 98   303 
13 100    83 
14 18   675 
14 19   616 
14 21   645 
14 23  1010 
14 24   728 
14 25   352 
14 26   279 
14 27   669 
14 28  1084 
14 29    53 
14 30   670 
14 32   871 
14 34   815 
14 35   487 
14 36   829 
14 37   125 
14 40   623 
14 41   494 
14 42   663 
14 43    86 
14 45   883 
14 46   512 
14 47   974 
14 48   481 
14 49   835 
14 50   448 
14 51   927 
14 52   183 
14 53   130 
14 54   149 
14 55   672 
14 57   630 
14 59   199 
14 60   743 
14 61    65 
14 63   442 
14 64   847 
14 65   531 
14 67   949 
14 68   721 
14 69   945 
14 70   800 
14 71   697 
14 72   575 
14 73   719 
14 75   832 
14 76   842 
14 77   175 
14 80   106 
14 81   509 
14 82   610 
14 83   572 
14 85   577 
14 88   404 
14 89   569 
14 90   287 
14 91   604 
14 92   164 
14 93   352 
14 99   852 
15 17   298 
15 18   784 
15 20   233 
15 21   177 
15 22   262 
15 23   523 
15 24   650 
15 25   828 
15 27   767 
15 28   735 
15 29   788 
15 30   283 
15 31    21 
15 32   766 
15 33   740 
15 34   264 
15 35   384 
15 36   154 
15 37   686 
15 39   515 
15 45   511 
15 46   637 
15 47   784 
15 48   327 
15 49   565 
15 51   752 
15 52   739 
15 53   909 
15 54   770 
15 57   875 
15 58   616 
15 59   830 
15 60   281 
15 61   853 
15 63   578 
15 64   599 
15 65   307 
15 66   638 
15 67   250 
15 68    85 
15 70   897 
15 71   714 
15 72   310 
15 73   213 
15 74   287 
15 75   341 
15 76    60 
15 78    80 
15 80   873 
15 81   934 
15 82   745 
15 85   650 
15 86   658 
15 87   586 
15 88   474 
15 89   281 
15 90   518 
15 91   620 
15 93   544 
15 94   690 
15 98   711 
15 99   793 
15 100   368 
16 18   349 
16 19   285 
16 20   641 
16 21   386 
16 23   622 
16 24   345 
16 26   172 
16 27   336 
16 29   415 
16 30   579 
16 31   548 
16 33   578 
16 34   696 
16 35   179 
16 37   342 
16 38   149 
16 39    51 
16 40   389 
16 43   449 
16 44   701 
16 45   490 
16 46   151 
16 47   591 
16 48   285 
16 49   439 
16 50   353 
16 52   470 
16 54   470 
16 59   307 
16 60   393 
16 62   289 
16 64   452 
16 65   425 
16 67   621 
16 70   487 
16 71   336 
16 73   587 
16 74   513 
16 75   464 
16 76   617 
16 77   263 
16 78   617 
16 79   368 
16 80   500 
16 81   379 
16 82   283 
16 83   217 
16 86   504 
16 87   718 
16 88   432 
16 90   245 
16 92   326 
16 94   141 
16 100   215 
17 19   136 
17 20   370 
17 21   124 
17 22   235 
17 23   560 
17 25   535 
17 26   252 
17 27   548 
17 31   281 
17 32   626 
17 34   425 
17 35   103 
17 36   377 
17 37   414 
17 38   333 
17 39   234 
17 41   221 
17 42   305 
17 43   604 
17 44   661 
17 45   472 
17 49   475 
17 50   629 
17 51   643 
17 52   496 
17 53   638 
17 54   519 
17 55   155 
17 56   634 
17 57   628 
17 58   362 
17 59   531 
17 62   223 
17 63   304 
17 64   503 
17 65   192 
17 66   567 
17 67   429 
17 68   214 
17 69   450 
17 70   696 
17 71   516 
17 72   256 
17 73   317 
17 74   265 
17 75   354 
17 76   347 
17 77   348 
17 78   365 
17 79   520 
17 80   604 
17 81   655 
17 82   511 
17 83   159 
17 84   254 
17 85   417 
17 86   567 
17 88   296 
17 89   210 
17 90   241 
17 91   402 
17 92   377 
17 93   349 
17 94   393 
17 95   301 
17 97   639 
17 98   417 
17 99   638 
18 20   930 
18 21   633 
18 22   800 
18 23   569 
18 24   172 
18 25   356 
18 26   518 
18 27    17 
18 28   510 
18 29   712 
18 31   777 
18 33   360 
18 34   983 
18 35   465 
18 36   913 
18 38   463 
18 39   359 
18 40   655 
18 41   346 
18 42   870 
18 43   696 
18 44   598 
18 46   198 
18 47   345 
18 48   600 
18 49   339 
18 50   334 
18 52   796 
18 54   787 
18 56   785 
18 57   128 
18 59   504 
18 60   521 
18 61   738 
18 62   638 
18 63   294 
18 64   323 
18 66   372 
18 67   727 
18 70   138 
18 71    87 
18 72   815 
18 73   878 
18 74   829 
18 75   528 
18 78   811 
18 80   780 
18 81   297 
18 82    67 
18 83   423 
18 85   148 
18 86   330 
18 88   779 
18 89   772 
18 91   166 
18 93   793 
18 94   381 
18 95   281 
18 97   825 
18 98   357 
18 100   431 
19 23   427 
19 24   374 
19 25   549 
19 27   473 
19 30   425 
19 31   288 
19 32   512 
19 33   526 
19 35   129 
19 37   519 
19 38   393 
19 39   234 
19 41   187 
19 42   405 
19 43   689 
19 46   339 
19 48   198 
19 49   345 
19 50   627 
19 51   520 
19 52   616 
19 53   739 
19 54   634 
19 55   172 
19 57   576 
19 58   318 
19 59   583 
19 60   128 
19 61   675 
19 62   347 
19 63   288 
19 64   375 
19 65   318 
19 66   435 
19 67   340 
19 68   233 
19 70   612 
19 71   427 
19 72   375 
19 73   398 
19 74   377 
19 75   224 
19 80   706 
19 81   641 
19 82   448 
19 83    74 
19 84   250 
19 86   439 
19 87   519 
19 89   328 
19 90   351 
19 91   325 
19 92   486 
19 93   483 
19 94   424 
19 95   210 
19 96   281 
19 99   530 
20 22   164 
20 23   753 
20 25   886 
20 26   559 
20 28   960 
20 29   733 
20 32   955 
20 33   948 
20 34    55 
20 35   474 
20 36   106 
20 37   640 
20 39   603 
20 42   103 
20 43   852 
20 46   754 
20 49   768 
20 53   843 
20 55   279 
20 58   732 
20 59   845 
20 61   798 
20 63   674 
20 65   239 
20 67   482 
20 68   233 
20 69   590 
20 71   872 
20 72   190 
20 73    54 
20 74   158 
20 76   203 
20 77   611 
20 78   294 
20 79   781 
20 80   807 
20 81  1019 
20 82   879 
20 83   507 
20 84   623 
20 87   820 
20 88   371 
20 89   201 
20 90   501 
20 91   764 
20 92   601 
20 94   739 
20 95   654 
20 96   286 
20 97   827 
20 98   768 
20 100   499 
21 23   505 
21 24   518 
21 25   650 
21 26   376 
21 27   615 
21 28   686 
21 29   633 
21 31   162 
21 34   354 
21 36   281 
21 38   456 
21 39   339 
21 41   308 
21 44   609 
21 46   470 
21 48   165 
21 50   739 
21 51   654 
21 54   628 
21 55    33 
21 56   752 
21 57   712 
21 58   448 
21 60   200 
21 63   404 
21 65   217 
21 66   558 
21 68    97 
21 70   755 
21 71   571 
21 72   259 
21 73   256 
21 74   253 
21 75   295 
21 78   241 
21 80   721 
21 81   760 
21 82   587 
21 83   210 
21 86   568 
21 87   588 
21 89   213 
21 91   466 
21 92   493 
21 94   512 
21 95   353 
21 96   182 
21 97   754 
21 98   534 
21 99   672 
21 100   203 
22 25   726 
22 27   784 
22 28   905 
22 29   576 
22 31   242 
22 32   855 
22 33   869 
22 34   217 
22 35   335 
22 36   226 
22 37   480 
22 39   456 
22 42    72 
22 43   692 
22 44   826 
22 45   664 
22 46   614 
22 48   205 
22 49   687 
22 50   829 
22 51   864 
22 52   503 
22 53   689 
22 54   539 
22 55   212 
22 56   690 
22 58   593 
22 59   681 
22 60   419 
22 61   641 
22 62   284 
22 64   718 
22 66   775 
22 68   206 
22 69   574 
22 70   932 
22 72    48 
22 73   114 
22 74    34 
22 76   270 
22 78   342 
22 81   865 
22 83   390 
22 84   476 
22 86   782 
22 88   224 
22 91   637 
22 92   440 
22 93   294 
22 94   579 
22 95   535 
22 96   305 
22 97   676 
22 100   380 
23 25   829 
23 26   741 
23 27   555 
23 28   227 
23 29  1020 
23 30   779 
23 31   532 
23 32   403 
23 34   787 
23 35   540 
23 36   676 
23 37   929 
23 38   767 
23 39   580 
23 40   546 
23 41   516 
23 42   760 
23 43  1071 
23 44   105 
23 45   142 
23 46   564 
23 47   350 
23 48   624 
23 49   230 
23 50   862 
23 51   344 
23 52  1037 
23 53  1139 
23 54  1051 
23 56  1131 
23 58   555 
23 59   923 
23 64   246 
23 67   303 
23 68   528 
23 70   608 
23 71   482 
23 72   763 
23 73   723 
23 74   754 
23 75   210 
23 78   487 
23 79   988 
23 80  1109 
23 81   845 
23 82   578 
23 83   445 
23 84   585 
23 85   522 
23 86   260 
23 87    96 
23 89   718 
23 90   771 
23 93   910 
23 94   754 
23 97  1151 
23 98   754 
23 99   448 
23 100   455 
24 26   513 
24 28   372 
24 29   755 
24 30   796 
24 31   645 
24 34   872 
24 36   790 
24 37   687 
24 38   489 
24 39   330 
24 40   547 
24 41   288 
24 42   777 
24 44   436 
24 45   259 
24 47   247 
24 49   168 
24 52   815 
24 53   857 
24 57   299 
24 59   589 
24 60   373 
24 61   794 
24 62   608 
24 63   291 
24 64   156 
24 65   671 
24 66   216 
24 68   600 
24 69   457 
24 70   251 
24 72   735 
24 73   773 
24 74   743 
24 78   665 
24 79   694 
24 80   835 
24 82   182 
24 84   321 
24 88   738 
24 89   689 
24 91   124 
24 93   766 
24 95   178 
24 96   617 
24 97   879 
25 27   356 
25 28   837 
25 30   812 
25 31   812 
25 32   579 
25 36   911 
25 37   388 
25 38   239 
25 39   315 
25 40   650 
25 41   364 
25 45   688 
25 48   531 
25 50   110 
25 51   648 
25 52   511 
25 54   489 
25 55   684 
25 56   446 
25 57   284 
25 58   275 
25 59   157 
25 60   648 
25 61   407 
25 62   469 
25 64   613 
25 66   680 
25 67   878 
25 68   747 
25 70   464 
25 73   832 
25 75   706 
25 76   881 
25 77   344 
25 78   883 
25 79   307 
25 81   164 
25 82   301 
25 84   298 
25 85   313 
25 86   645 
25 87   921 
25 89   690 
25 90   411 
25 91   354 
25 92   401 
25 93   589 
25 97   492 
25 98   118 
25 99   549 
25 100   477 
26 28   839 
26 31   528 
26 33   740 
26 34   614 
26 35   208 
26 37   188 
26 38    99 
26 39   184 
26 42   466 
26 43   354 
26 44   830 
26 48   221 
26 49   587 
26 50   445 
26 51   710 
26 53   402 
26 54   314 
26 55   406 
26 57   528 
26 59   288 
26 60   464 
26 61   338 
26 62   134 
26 63   228 
26 65   322 
26 66   677 
26 67   671 
26 69   667 
26 70   657 
26 72   384 
26 73   507 
26 74   410 
26 75   555 
26 76   590 
26 78   616 
26 80   370 
26 81   488 
26 82   452 
26 85   384 
26 86   661 
26 88   277 
26 91   395 
26 93   277 
26 94   193 
26 95   357 
26 96   558 
26 100   289 
27 29   705 
27 30   873 
27 31   759 
27 33   352 
27 34   966 
27 35   449 
27 37   655 
27 38   454 
27 41   330 
27 43   692 
27 44   586 
27 45   417 
27 46   185 
27 47   340 
27 50   339 
27 51   298 
27 52   787 
27 53   792 
27 54   779 
27 55   645 
27 56   780 
27 57   142 
27 58   202 
27 59   502 
27 60   503 
27 61   733 
27 63   281 
27 64   309 
27 65   732 
27 66   361 
27 67   710 
27 68   706 
27 69   611 
27 70   152 
27 71    73 
27 72   799 
27 73   861 
27 74   813 
27 75   511 
27 76   827 
27 77   583 
27 80   775 
27 81   305 
27 82    59 
27 83   406 
27 85   132 
27 86   320 
27 87   633 
27 88   765 
27 91   149 
27 92   648 
27 95   263 
27 96   740 
27 97   820 
27 98   351 
27 99   193 
27 100   413 
28 31   742 
28 33   153 
28 35   663 
28 36   890 
28 37  1025 
28 38   839 
28 39   659 
28 40   726 
28 41   601 
28 44   157 
28 45   241 
28 46   585 
28 47   187 
28 48   773 
28 49   252 
28 51   211 
28 52  1146 
28 53  1214 
28 54  1153 
28 55   696 
28 56  1205 
28 57   635 
28 58   584 
28 60   486 
28 61  1150 
28 62   902 
28 63   642 
28 64   236 
28 65   892 
28 66   164 
28 68   728 
28 69   393 
28 71   437 
28 72   943 
28 73   924 
28 74   939 
28 76   787 
28 77   945 
28 78   708 
28 79  1054 
28 80  1189 
28 81   807 
28 82   545 
28 83   568 
28 84   657 
28 85   526 
28 86   191 
28 87   225 
28 88  1006 
28 89   896 
28 90   887 
28 91   490 
28 92  1003 
28 96   686 
28 97  1233 
28 98   790 
28 99   334 
29 31   767 
29 32   901 
29 33   992 
29 34   781 
29 35   488 
29 37   101 
29 38   266 
29 40   608 
29 42   631 
29 43   127 
29 46   541 
29 48   467 
29 49   854 
29 50   498 
29 51   955 
29 52   130 
29 53   123 
29 54    96 
29 55   658 
29 57   674 
29 58   535 
29 60   744 
29 61    65 
29 62   307 
29 63   465 
29 64   868 
29 66   941 
29 69   947 
29 70   840 
29 71   729 
29 72   543 
29 74   575 
29 75   836 
29 76   821 
29 78   864 
29 79    97 
29 80    90 
29 82   646 
29 84   447 
29 86   920 
29 87  1116 
29 89   541 
29 90   274 
29 91   631 
29 92   141 
29 93   310 
29 94   331 
29 96   809 
29 98   354 
29 99   885 
29 100   570 
30 33   945 
30 34   145 
30 35   425 
30 36   195 
30 37   545 
30 38   578 
30 39   546 
30 40   254 
30 41   544 
30 43   757 
30 44   884 
30 45   735 
30 46   704 
30 47   983 
30 48   295 
30 50   917 
30 51   944 
30 52   550 
30 53   744 
30 54   589 
30 55   277 
30 56   745 
30 57   947 
30 58   683 
30 60   488 
30 65   157 
30 66   849 
30 67   532 
30 68   251 
30 69   625 
30 70  1020 
30 72    96 
30 73    75 
30 75   576 
30 76   271 
30 77   520 
30 79   687 
30 80   708 
30 81   953 
30 84   566 
30 85   741 
30 86   859 
30 87   853 
30 89   123 
30 90   415 
30 91   726 
30 92   506 
30 93   337 
30 94   666 
30 95   622 
30 96   334 
30 97   727 
30 98   695 
30 100   466 
31 33   742 
31 35   369 
31 37   666 
31 38   614 
31 39   501 
31 40   167 
31 41   467 
31 42   250 
31 43   870 
31 45   515 
31 46   626 
31 47   785 
31 48   308 
31 51   753 
31 53   888 
31 54   749 
31 55   128 
31 56   886 
31 57   865 
31 58   604 
31 60   280 
31 61   832 
31 62   460 
31 63   565 
31 64   600 
31 67   266 
31 68    66 
31 69   368 
31 70   892 
31 71   708 
31 74   268 
31 75   345 
31 76    69 
31 77   613 
31 80   852 
31 81   921 
31 82   736 
31 83   361 
31 86   660 
31 88   453 
31 90   498 
31 92   626 
31 93   523 
31 94   673 
31 95   495 
31 96    67 
31 97   882 
31 99   791 
31 100   357 
32 34  1003 
32 35   544 
32 37   837 
32 38   637 
32 40   685 
32 41   443 
32 42   918 
32 44   402 
32 47   114 
32 48   677 
32 49   210 
32 50   564 
32 51    77 
32 52   967 
32 56   987 
32 57   349 
32 58   366 
32 59   718 
32 60   484 
32 64   177 
32 65   819 
32 67   638 
32 68   727 
32 69   512 
32 71   175 
32 73   908 
32 74   888 
32 76   826 
32 77   760 
32 78   769 
32 79   835 
32 81   526 
32 82   277 
32 83   467 
32 84   475 
32 85   294 
32 86   142 
32 87   460 
32 89   835 
32 90   732 
32 92   823 
32 93   921 
32 94   574 
32 97  1022 
32 98   557 
32 100   478 
33 35   587 
33 36   893 
33 37   920 
33 38   725 
33 39   556 
33 42   925 
33 43  1007 
33 46   457 
33 47    49 
33 48   711 
33 49   181 
33 51    57 
33 52  1046 
33 54  1048 
33 55   672 
33 57   482 
33 58   459 
33 59   828 
33 60   465 
33 61  1032 
33 62   820 
33 63   526 
33 64   151 
33 65   844 
33 67   573 
33 68   714 
33 69   439 
33 70   343 
33 71   292 
33 72   901 
33 73   906 
33 74   902 
33 76   796 
33 78   728 
33 79   934 
33 80  1073 
33 82   399 
33 83   498 
33 87   341 
33 88   938 
33 89   854 
33 91   363 
33 92   902 
33 94   674 
33 95   384 
33 96   695 
33 97  1118 
33 98   661 
33 99   180 
33 100   509 
34 37   689 
34 38   712 
34 39   658 
34 40   328 
34 41   645 
34 42   152 
34 43   902 
34 44   890 
34 45   768 
34 46   809 
34 47  1033 
34 48   412 
34 49   813 
34 50  1043 
34 51   998 
34 53   889 
34 54   733 
34 55   328 
34 56   890 
34 57  1053 
34 58   787 
34 59   899 
34 62   500 
34 63   729 
34 64   846 
34 65   293 
34 66   891 
34 67   506 
34 69   621 
34 70  1108 
34 71   924 
34 72   239 
34 74   208 
34 75   599 
34 76   222 
34 78   313 
34 83   560 
34 84   678 
34 85   838 
34 86   908 
34 87   849 
34 88   416 
34 89   255 
34 90   554 
34 92   651 
34 94   795 
34 96   316 
34 97   871 
34 98   823 
34 99  1025 
34 100   552 
35 37   393 
35 38   266 
35 40   211 
35 41   118 
35 42   406 
35 43   560 
35 45   432 
35 46   280 
35 47   614 
35 48   136 
35 49   415 
35 51   569 
35 52   496 
35 53   611 
35 54   511 
35 55   240 
35 58   259 
35 59   459 
35 63   202 
35 64   440 
35 65   284 
35 66   508 
35 67   468 
35 69   458 
35 71   420 
35 74   364 
35 75   348 
35 76   438 
35 77   317 
35 78   441 
35 79   475 
35 81   556 
35 82   409 
35 83    96 
35 84   153 
35 85   316 
35 88   351 
35 89   307 
35 90   231 
35 94   308 
35 97   618 
35 98   328 
35 99   551 
35 100    86 
36 38   693 
36 39   611 
36 40   266 
36 42   189 
36 44   778 
36 47   936 
36 48   381 
36 50  1007 
36 51   903 
36 52   729 
36 55   250 
36 56   916 
36 58   729 
36 59   887 
36 60   430 
36 61   867 
36 62   502 
36 65   298 
36 66   791 
36 68   190 
36 69   509 
36 70  1033 
36 71   848 
36 72   266 
36 75   495 
36 76   107 
36 77   665 
36 78   198 
36 79   839 
36 80   880 
36 81  1033 
36 82   869 
36 83   491 
36 84   630 
36 86   810 
36 87   735 
36 89   261 
36 90   551 
36 91   747 
36 92   664 
36 93   519 
36 95   632 
36 96   204 
36 98   792 
36 99   938 
36 100   485 
37 41   424 
37 42   538 
37 43   212 
37 45   810 
37 46   480 
37 48   365 
37 49   773 
37 50   496 
37 52   132 
37 53   224 
37 55   556 
37 56   221 
37 57   643 
37 60   647 
37 61   166 
37 62   205 
37 63   396 
37 64   789 
37 65   406 
37 67   843 
37 68   603 
37 70   797 
37 73   594 
37 75   741 
37 76   720 
37 77    79 
37 78   762 
37 79   145 
37 80   190 
37 81   552 
37 82   596 
37 84   370 
37 85   545 
37 86   844 
37 88   281 
37 89   444 
37 91   565 
37 92    40 
37 93   234 
37 94   287 
37 95   542 
37 96   707 
37 97   226 
37 98   316 
37 99   825 
37 100   476 
38 41   250 
38 43   304 
38 44   848 
38 45   637 
38 46   279 
38 47   737 
38 48   312 
38 49   589 
38 50   348 
38 51   689 
38 52   333 
38 53   376 
38 54   327 
38 57   453 
38 58   270 
38 60   514 
38 61   311 
38 62   229 
38 63   199 
38 65   421 
38 66   675 
38 68   547 
38 69   713 
38 70   598 
38 71   469 
38 72   483 
38 73   604 
38 74   509 
38 75   597 
38 76   678 
38 77   130 
38 78   697 
38 79   221 
38 80   350 
38 81   394 
38 82   396 
38 83   338 
38 84   183 
38 85   344 
38 86   653 
38 87   863 
38 89   457 
38 90   172 
38 91   366 
38 92   195 
38 93   358 
38 94   100 
38 96   638 
38 97   394 
38 99   624 
38 100   332 
39 41    63 
39 43   490 
39 44   662 
39 45   451 
39 46   162 
39 47   573 
39 48   251 
39 49   407 
39 53   561 
39 56   553 
39 57   401 
39 59   356 
39 61   496 
39 62   283 
39 63    71 
39 64   423 
39 65   396 
39 67   570 
39 69   534 
39 70   497 
39 71   334 
39 72   464 
39 73   549 
39 76   570 
39 77   286 
39 78   568 
39 81   422 
39 82   297 
39 83   166 
39 84    19 
39 86   478 
39 87   676 
39 88   421 
39 90   247 
39 91   217 
39 92   346 
39 93   441 
39 94   191 
39 95   176 
39 96   508 
39 99   481 
39 100   164 
40 42   234 
40 43   706 
40 44   651 
40 46   485 
40 47   729 
40 48   142 
40 49   509 
40 50   743 
40 51   689 
40 54   599 
40 55    51 
40 56   728 
40 57   729 
40 59   644 
40 60   240 
40 62   303 
40 66   596 
40 67   356 
40 68   101 
40 69   409 
40 70   780 
40 71   596 
40 74   213 
40 75   336 
40 76   232 
40 77   448 
40 78   257 
40 79   623 
40 80   695 
40 81   767 
40 82   606 
40 83   232 
40 84   364 
40 86   605 
40 87   629 
40 88   328 
40 89   172 
40 90   335 
40 91   489 
40 93   393 
40 94   509 
40 96   201 
40 97   727 
40 98   532 
40 99   703 
40 100   224 
41 43   554 
41 45   388 
41 47   525 
41 50   440 
41 51   478 
41 52   545 
41 53   624 
41 54   551 
41 55   341 
41 56   616 
41 57   408 
41 58   142 
41 59   418 
41 60   285 
41 61   559 
41 62   320 
41 63   101 
41 65   401 
41 66   439 
41 67   514 
41 68   406 
41 69   472 
41 70   481 
41 71   306 
41 72   468 
41 73   537 
41 74   482 
41 75   354 
41 76   537 
41 77   345 
41 78   526 
41 79   471 
41 80   596 
41 83   113 
41 84    72 
41 85   198 
41 86   424 
41 88   450 
41 89   426 
41 90   292 
41 92   401 
41 93   477 
41 94   250 
41 95   120 
41 96   467 
41 97   638 
41 98   260 
41 99   445 
41 100   114 
42 44   865 
42 45   715 
42 46   686 
42 47   963 
42 49   743 
42 50   902 
42 52   547 
42 53   740 
42 54   586 
42 55   257 
42 56   741 
42 57   929 
42 60   468 
42 61   695 
42 62   348 
42 63   601 
42 65   144 
42 66   829 
42 68   233 
42 71   820 
42 72    87 
42 73    67 
42 75   556 
42 79   679 
42 80   704 
42 81   937 
42 82   816 
42 83   456 
42 84   549 
42 85   722 
42 86   839 
42 87   835 
42 88   268 
42 89   107 
42 90   404 
42 91   707 
42 93   335 
42 94   651 
42 95   602 
42 96   317 
42 97   724 
42 98   681 
42 99   934 
43 45   940 
43 48   563 
43 50   433 
43 52   251 
43 53   110 
43 54   212 
43 55   754 
43 56    97 
43 57   636 
43 60   814 
43 61    81 
43 62   414 
43 63   491 
43 64   895 
43 65   618 
43 66   968 
43 67  1026 
43 69  1015 
43 70   813 
43 71   728 
43 72   662 
43 76   927 
43 77   257 
43 78   963 
43 80   112 
43 81   495 
43 82   634 
43 84   486 
43 85   613 
43 86   941 
43 90   371 
43 91   644 
43 92   251 
43 93   436 
43 94   332 
43 95   658 
43 96   906 
43 97   147 
43 98   346 
43 99   881 
43 100   634 
44 46   626 
44 47   323 
44 48   724 
44 50   910 
44 51   332 
44 52  1130 
44 53  1223 
44 54  1143 
44 55   613 
44 56  1215 
44 57   727 
44 60   413 
44 61  1158 
44 62   870 
44 63   662 
44 64   280 
44 65   825 
44 66   226 
44 67   397 
44 69   269 
44 70   614 
44 71   515 
44 72   868 
44 73   827 
44 76   671 
44 78   586 
44 79  1069 
44 80  1195 
44 82   618 
44 83   538 
44 85   576 
44 86   269 
44 87    68 
44 88   957 
44 89   823 
44 90   865 
44 91   535 
44 92   991 
44 93  1010 
44 96   574 
44 97  1237 
44 99   449 
44 100   548 
45 47   278 
45 48   534 
45 49    93 
45 52   924 
45 53  1013 
45 54   935 
45 55   458 
45 56  1004 
45 58   414 
45 61   947 
45 64   119 
45 65   651 
45 67   346 
45 68   494 
45 70   485 
45 71   344 
45 72   702 
45 73   688 
45 74   698 
45 75   171 
45 76   567 
45 77   731 
45 79   858 
45 80   985 
45 81   702 
45 82   436 
45 84   454 
45 86   159 
45 87   233 
45 88   768 
45 91   336 
45 95   282 
45 97  1027 
45 98   615 
45 99   335 
45 100   346 
46 48   410 
46 52   611 
46 53   640 
46 54   607 
46 55   503 
46 56   629 
46 57   244 
46 58    21 
46 59   374 
46 60   409 
46 61   577 
46 62   439 
46 63    96 
46 64   353 
46 65   557 
46 66   423 
46 67   637 
46 68   567 
46 70   337 
46 71   189 
46 73   701 
46 74   641 
46 75   452 
46 76   696 
46 77   405 
46 79   477 
46 80   619 
46 81   309 
46 82   134 
46 84   145 
46 85    65 
46 87   656 
46 89   584 
46 91    95 
46 93   595 
46 94   217 
46 95   161 
46 96   620 
46 97   663 
46 98   205 
46 100   269 
47 50   679 
47 52  1061 
47 53  1103 
47 55   711 
47 56  1092 
47 57   462 
47 58   467 
47 62   843 
47 64   188 
47 65   877 
47 66   149 
47 68   756 
47 70   311 
47 71   286 
47 73   946 
47 77   855 
47 79   940 
47 82   391 
47 83   528 
47 84   566 
47 85   398 
47 86   125 
47 87   387 
47 89   889 
47 90   817 
47 91   371 
47 95   406 
47 96   740 
47 97  1126 
47 98   664 
47 99   154 
47 100   539 
48 51   698 
48 55   191 
48 56   587 
48 58   389 
48 59   508 
48 60   316 
48 61   531 
48 62   166 
48 63   323 
48 65   147 
48 66   626 
48 67   483 
48 68   242 
48 69   511 
48 70   734 
48 72   215 
48 73   302 
48 74   231 
48 75   416 
48 78   399 
48 80   555 
48 82   542 
48 83   213 
48 84   271 
48 85   451 
48 86   625 
48 87   714 
48 88   233 
48 89   174 
48 90   193 
48 91   440 
48 92   327 
48 93   286 
48 94   385 
48 95   348 
48 96   343 
48 99   686 
49 51   186 
49 52   893 
49 53   965 
49 56   956 
49 58   345 
49 59   722 
49 60   286 
49 61   900 
49 62   653 
49 63   395 
49 65   663 
49 66    93 
49 67   428 
49 68   535 
49 71   252 
49 72   720 
49 74   721 
49 75   236 
49 79   807 
49 80   939 
49 81   616 
49 83   323 
49 85   300 
49 86    95 
49 88   764 
49 89   673 
49 90   636 
49 91   258 
49 92   750 
49 93   805 
49 94   557 
49 95   231 
49 96   523 
49 97   983 
49 99   247 
49 100   334 
50 52   615 
50 54   591 
50 56   530 
50 58   325 
50 59   248 
50 60   714 
50 61   498 
50 62   578 
50 63   339 
50 64   630 
50 66   691 
50 68   837 
50 70   414 
50 71   402 
50 72   824 
50 76   970 
50 77   455 
50 79   402 
50 81    62 
50 82   295 
50 83   553 
50 84   381 
50 86   652 
50 87   949 
50 88   717 
50 89   794 
50 90   520 
50 92   510 
50 93   700 
50 94   252 
50 96   907 
50 97   579 
50 100   554 
51 53  1056 
51 54  1015 
51 56  1045 
51 57   426 
51 58   420 
51 59   782 
51 60   472 
51 61   993 
51 62   797 
51 63   491 
51 64   152 
51 65   835 
51 66   130 
51 69   471 
51 72   894 
51 73   909 
51 74   898 
51 75   419 
51 76   810 
51 77   808 
51 78   747 
51 79   893 
51 80  1034 
51 81   602 
51 82   348 
51 84   518 
51 85   351 
51 86    96 
51 88   920 
51 91   323 
51 94   633 
51 95   360 
51 96   710 
51 97  1079 
51 98   618 
51 99   122 
52 54    42 
52 55   623 
52 56   204 
52 57   774 
52 58   601 
52 60   743 
52 64   912 
52 65   437 
52 66   984 
52 67   922 
52 70   929 
52 72   463 
52 73   611 
52 74   495 
52 75   840 
52 76   764 
52 77   206 
52 78   818 
52 79   225 
52 84   495 
52 85   676 
52 86   968 
52 87  1132 
52 89   471 
52 92   144 
52 93   213 
52 94   418 
52 95   664 
52 97   177 
52 100   582 
53 56    13 
53 57   743 
53 58   636 
53 60   867 
53 61    65 
53 63   572 
53 64   977 
53 65   619 
53 67  1067 
53 68   826 
53 69  1069 
53 71   823 
53 72   654 
53 73   801 
53 74   686 
53 75   957 
53 76   940 
53 78   986 
53 79   162 
53 80    36 
53 81   605 
53 82   733 
53 85   704 
53 87  1235 
53 88   472 
53 89   655 
53 90   397 
53 92   263 
53 93   409 
53 94   423 
53 95   734 
53 96   931 
53 98   441 
53 99   978 
53 100   690 
54 56   162 
54 57   758 
54 58   598 
54 59   344 
54 60   762 
54 61   133 
54 64   917 
54 68   690 
54 69   964 
54 70   918 
54 71   797 
54 72   501 
54 74   533 
54 75   858 
54 76   797 
54 77   207 
54 78   849 
54 79   193 
54 82   720 
54 83   606 
54 84   498 
54 85   672 
54 88   318 
54 89   506 
54 90   282 
54 91   693 
54 92   151 
54 94   406 
54 95   670 
54 96   797 
54 97   138 
54 99   952 
54 100   596 
55 57   744 
55 58   481 
55 59   686 
55 63   438 
55 64   523 
55 65   222 
55 67   305 
55 68    64 
55 70   784 
55 71   599 
55 74   246 
55 75   301 
55 76   197 
55 78   210 
55 81   794 
55 82   618 
55 83   241 
55 84   391 
55 85   522 
55 86   586 
55 88   379 
55 89   212 
55 91   497 
55 93   444 
55 94   545 
55 95   382 
55 96   152 
55 98   567 
55 100   235 
56 59   288 
56 60   861 
56 61    57 
56 62   426 
56 64   968 
56 66  1041 
56 67  1063 
56 68   824 
56 69  1063 
56 71   812 
56 72   655 
56 74   687 
56 75   951 
56 76   939 
56 78   983 
56 79   152 
56 80    38 
56 81   592 
56 82   721 
56 83   692 
56 84   551 
56 86  1017 
56 87  1227 
56 88   474 
56 90   394 
56 91   723 
56 93   412 
56 96   929 
56 98   430 
56 99   967 
56 100   684 
57 60   626 
57 61   689 
57 62   658 
57 64   451 
57 65   797 
57 66   501 
57 69   748 
57 70   184 
57 71   215 
57 72   865 
57 74   883 
57 75   644 
57 77   581 
57 78   908 
57 79   587 
57 80   732 
57 81   181 
57 83   503 
57 84   381 
57 88   802 
57 89   826 
57 90   607 
57 91   259 
57 92   645 
57 93   805 
57 94   357 
57 95   374 
57 97   775 
57 98   327 
57 99   308 
58 60   390 
58 63    80 
58 65   536 
58 66   421 
58 68   545 
58 69   552 
58 70   354 
58 71   201 
58 72   604 
58 73   679 
58 74   620 
58 75   436 
58 76   674 
58 77   394 
58 79   474 
58 80   614 
58 83   243 
58 84   126 
58 85    75 
58 87   647 
58 88   563 
58 90   381 
58 91    96 
58 92   459 
58 93   578 
58 96   599 
58 97   658 
58 98   206 
58 99   354 
58 100   247 
59 61   251 
59 62   401 
59 67   923 
59 68   745 
59 69   890 
59 71   542 
59 74   692 
59 75   772 
59 76   876 
59 80   293 
59 81   309 
59 82   444 
59 83   521 
59 84   345 
59 85   434 
59 86   768 
59 87  1017 
59 89   643 
59 90   344 
59 92   287 
59 93   489 
59 94   169 
59 95   504 
59 96   835 
59 97   335 
59 98   170 
59 99   693 
60 64   320 
60 65   412 
60 66   365 
60 67   230 
60 68   249 
60 70   624 
60 74   453 
60 75   101 
60 77   573 
60 80   834 
60 81   719 
60 82   493 
60 83   177 
60 84   355 
60 85   403 
60 87   399 
60 88   546 
60 89   412 
60 90   479 
60 91   366 
60 92   614 
60 94   534 
60 95   253 
60 96   244 
60 97   873 
60 98   545 
60 99   512 
60 100   182 
61 63   508 
61 66   986 
61 68   769 
61 69  1006 
61 70   861 
61 71   762 
61 72   607 
61 73   753 
61 76   886 
61 79   103 
61 80    42 
61 83   634 
61 84   495 
61 86   962 
61 89   606 
61 90   338 
61 91   670 
61 92   205 
61 93   370 
61 94   361 
61 95   670 
61 96   874 
61 97    87 
61 98   381 
61 99   917 
62 64   676 
62 65   208 
62 66   746 
62 68   398 
62 69   673 
62 71   617 
62 72   262 
62 74   292 
62 75   572 
62 76   514 
62 77   163 
62 78   557 
62 79   336 
62 83   335 
62 84   297 
62 85   496 
62 87   867 
62 89   246 
62 90    58 
62 92   166 
62 93   158 
62 94   327 
62 95   437 
62 96   503 
62 99   762 
62 100   324 
63 66   478 
63 67   613 
63 69   563 
63 71   280 
63 75   444 
63 76   635 
63 77   318 
63 79   412 
63 80   548 
63 81   356 
63 83   215 
63 84    52 
63 85   155 
63 86   454 
63 87   683 
63 91   169 
63 92   381 
63 93   499 
63 95   170 
63 97   592 
63 98   167 
63 99   432 
63 100   215 
64 66    73 
64 68   568 
64 69   336 
64 70   366 
64 71   237 
64 72   750 
64 76   658 
64 78   596 
64 79   818 
64 81   607 
64 82   338 
64 83   349 
64 84   420 
64 87   323 
64 88   790 
64 90   656 
64 91   259 
64 93   830 
64 94   564 
64 97   996 
64 98   557 
64 99   216 
64 100   360 
65 67   524 
65 69   586 
65 70   882 
65 71   704 
65 72    67 
65 73   189 
65 74    89 
65 75   511 
65 76   327 
65 77   372 
65 79   544 
65 80   583 
65 82   690 
65 83   352 
65 84   415 
65 85   599 
65 86   757 
65 88   166 
65 89    38 
65 90   261 
65 92   366 
65 93   236 
65 94   508 
65 96   344 
65 97   607 
65 98   538 
65 100   341 
66 68   615 
66 73   808 
66 75   299 
66 77   782 
66 80  1025 
66 81   664 
66 82   396 
66 84   493 
66 85   367 
66 86    44 
66 87   278 
66 88   857 
66 89   762 
66 91   328 
66 92   841 
66 95   320 
66 96   593 
66 97  1069 
66 100   427 
67 69   136 
67 71   644 
67 72   545 
67 74   527 
67 75   200 
67 76   283 
67 77   775 
67 78   193 
67 79   941 
67 80  1033 
67 81   946 
67 82   709 
67 83   403 
67 85   624 
67 86   505 
67 87   348 
67 88   684 
67 90   670 
67 91   584 
67 92   806 
67 94   761 
67 96   198 
67 97  1068 
67 98   774 
67 99   675 
68 70   843 
68 71   658 
68 73   196 
68 74   236 
68 75   329 
68 76   133 
68 79   723 
68 80   790 
68 81   858 
68 82   681 
68 84   456 
68 85   585 
68 86   630 
68 87   602 
68 88   401 
68 89   217 
68 90   434 
68 91   558 
68 92   564 
68 93   470 
68 94   607 
68 98   630 
69 72   619 
69 73   563 
69 74   607 
69 76   402 
69 77   776 
69 78   318 
69 79   930 
69 80  1037 
69 81   871 
69 82   618 
69 84   544 
69 85   542 
69 86   376 
69 87   229 
69 88   733 
69 90   682 
69 91   500 
69 93   794 
69 94   723 
69 95   406 
69 96   305 
69 97  1076 
69 98   730 
69 99   553 
69 100   381 
70 73  1005 
70 74   962 
70 75   612 
70 77   728 
70 78   916 
70 79   758 
70 81   363 
70 82   204 
70 83   548 
70 84   481 
70 85   284 
70 87   671 
70 88   918 
70 89   906 
70 91   294 
70 93   931 
70 94   511 
70 95   402 
70 96   866 
70 98   485 
70 99   165 
71 73   822 
71 74   782 
71 76   775 
71 78   735 
71 80   804 
71 82   108 
71 83   365 
71 84   321 
71 85   125 
71 86   250 
71 87   560 
71 88   753 
71 89   726 
71 90   579 
71 91   118 
71 92   659 
71 96   684 
71 97   849 
71 98   382 
71 99   155 
71 100   373 
72 74    32 
72 76   317 
72 77   424 
72 80   618 
72 81   862 
72 82   757 
72 83   414 
72 84   483 
72 85   666 
72 86   814 
72 87   844 
72 88   183 
72 89    47 
72 90   318 
72 91   654 
72 94   572 
72 95   557 
72 98   603 
72 99   894 
72 100   404 
73 75   525 
73 76   196 
73 79   733 
73 80   765 
73 81   965 
73 83   457 
73 84   569 
73 85   732 
73 86   821 
73 88   330 
73 91   712 
73 92   554 
73 93   399 
73 94   686 
73 95   603 
73 96   265 
73 97   786 
74 76   290 
74 77   454 
74 80   650 
74 83   421 
74 85   680 
74 86   815 
74 87   833 
74 88   215 
74 89    56 
74 90   347 
74 91   667 
74 93   284 
74 94   597 
74 96   333 
74 97   670 
74 98   627 
74 99   902 
75 77   665 
75 80   926 
75 81   758 
75 82   512 
75 84   426 
75 85   431 
75 88   646 
75 89   509 
75 92   709 
75 94   604 
75 95   291 
75 96   294 
75 97   966 
75 98   611 
75 100   267 
76 78    91 
76 80   904 
76 81   991 
76 82   806 
76 83   431 
76 85   710 
76 86   716 
76 87   628 
76 88   491 
76 89   296 
76 90   556 
76 91   681 
76 93   562 
76 95   564 
76 96   101 
76 97   931 
76 98   764 
76 99   853 
76 100   427 
77 80   261 
77 82   526 
77 83   407 
77 84   290 
77 85   470 
77 86   764 
77 87   947 
77 88   275 
77 89   410 
77 90   115 
77 91   487 
77 92    65 
77 95   462 
77 98   256 
77 100   399 
78 80   950 
78 81   981 
78 84   586 
78 85   683 
78 86   651 
78 87   541 
78 88   554 
78 89   362 
78 90   592 
78 92   723 
78 93   624 
78 95   534 
78 96    59 
78 97   980 
78 99   800 
78 100   412 
79 81   463 
79 82   570 
79 83   556 
79 84   404 
79 85   542 
79 87  1084 
79 88   426 
79 89   582 
79 90   291 
79 91   571 
79 93   379 
79 94   260 
79 95   578 
79 96   823 
79 97   190 
79 99   815 
79 100   549 
80 82   716 
80 83   668 
80 84   533 
80 86  1002 
80 87  1205 
80 89   619 
80 92   228 
80 93   374 
80 94   403 
80 95   708 
80 96   896 
80 97    44 
80 99   959 
81 83   566 
81 84   403 
81 85   329 
81 86   624 
81 87   929 
81 88   764 
81 89   830 
81 90   566 
81 91   372 
81 92   565 
81 93   750 
81 94   295 
81 95   469 
81 98   263 
81 99   487 
81 100   568 
82 85    96 
82 87   660 
82 89   716 
82 92   591 
82 93   727 
82 94   315 
82 95   243 
82 96   722 
82 98   292 
82 99   249 
82 100   384 
83 86   412 
83 88   441 
83 89   368 
83 92   455 
83 94   358 
83 95   146 
83 96   356 
83 98   371 
83 99   480 
83 100    11 
84 86   474 
84 87   681 
84 88   436 
84 89   444 
84 91   205 
84 92   351 
84 93   454 
84 95   175 
84 98   190 
84 99   469 
84 100   179 
85 88   635 
85 89   624 
85 90   456 
85 91    43 
85 92   534 
85 93   652 
85 94   281 
85 96   628 
85 97   728 
85 98   267 
86 88   852 
86 89   767 
86 90   715 
86 91   298 
86 92   824 
86 93   891 
86 94   609 
86 95   303 
86 96   615 
86 98   598 
86 99   187 
86 100   423 
87 89   800 
87 90   866 
87 91   568 
87 92   996 
87 94   849 
87 95   513 
87 96   533 
87 97  1247 
87 98   848 
87 99   507 
87 100   550 
88 90   198 
88 91   635 
88 92   245 
88 93    70 
88 95   561 
88 96   509 
88 97   456 
88 99   895 
88 100   430 
89 91   611 
89 92   404 
89 93   265 
89 94   543 
89 96   321 
89 97   643 
89 98   573 
89 99   848 
89 100   358 
90 92   136 
90 93   199 
90 94   270 
90 95   412 
90 96   536 
90 99   728 
91 93   658 
91 94   311 
91 95   116 
91 97   755 
91 99   264 
91 100   264 
92 94   288 
92 95   521 
92 96   668 
92 97   262 
92 98   319 
92 99   813 
92 100   446 
93 96   578 
93 97   390 
93 98   491 
94 97   448 
94 98    32 
94 99   555 
94 100   355 
95 97   751 
95 98   335 
95 99   338 
95 100   155 
96 98   709 
96 100   354 
97 100   699 
98 100   369 
0 
0 
0 
0 
0 
0 
0 
0 
0 
0 
0 
0 
0 
0 
0 
0 
0 
0 
0 
0 
0 
0 
0 
0 
0 
0 
0 
0 
0 
0 
0 
0 
0 
0 
0 
0 
0 
0 
0 
0 
0 
0 
0 
0 
0 
0 
0 
0 
0 
0 
0 
0 
0 
0 
0 
0 
0 
0 
0 
0 
0 
0 
0 
0 
0 
0 
0 
0 
0 
0 
0 
0 
0 
0 
0 
0 
0 
0 
0 
0 
0 
0 
0 
0 
0 
0 
0 
0 
0 
0 
0 
0 
0 
0 
0 
0 
0 
0 
0 
0 
   32    92 
  228   646 
  787   366 
  952   215 
    4   367 
  232   461 
  520   266 
  545    77 
  243   901 
  874   994 
   61   986 
  719   728 
  515   592 
  102   840 
  901   733 
  369   548 
  605   692 
  323   202 
  654   565 
  858   963 
  729   688 
  704   906 
  892   210 
  494   226 
  110   488 
  354   720 
  337   213 
  794     5 
  128   887 
  758   978 
  882   742 
  513    72 
  644    39 
  902   997 
  535   616 
  930   885 
  226   859 
  273   663 
  420   548 
  715   727 
  474   514 
  755   958 
   16   827 
  914   107 
  753   243 
  359   397 
  607     6 
  574   747 
  662   220 
   50   395 
  587    49 
  208   990 
   15   937 
  169   974 
  760   701 
   14   924 
  195   216 
  375   412 
   76   642 
  758   490 
   63   893 
  430   831 
  375   492 
  646   190 
  632   883 
  689   131 
  988   498 
  816   733 
  926   376 
  301    65 
  410   214 
  669   940 
  816   929 
  701   940 
  811   404 
  942   778 
  271   793 
  970   691 
   95   795 
   51   934 
   56   333 
  317   269 
  586   534 
  405   535 
  385   337 
  645   126 
  967   150 
  487   964 
  669   893 
  386   793 
  428   331 
  266   858 
  421   989 
  230   572 
  520   403 
  911   681 
   31   974 
  215   543 
  466    69 
  584   545 
