100 2472 
1 2   788 
2 3   189 
3 4   268 
4 5   668 
5 6   566 
6 7   201 
7 8   691 
8 9   314 
9 10   709 
10 11   676 
11 12   377 
12 13   591 
13 14   680 
14 15   678 
15 16   320 
16 17   354 
17 18   659 
18 19   340 
19 20   363 
20 21   572 
21 22   539 
22 23   436 
23 24   130 
24 25   159 
25 26  1090 
26 27   854 
27 28   530 
28 29   693 
29 30   199 
30 31   595 
31 32    90 
32 33   251 
33 34   534 
34 35   347 
35 36   449 
36 37   116 
37 38   262 
38 39   549 
39 40   416 
40 41   738 
41 42   388 
42 43   605 
43 44   593 
44 45   783 
45 46   361 
46 47   719 
47 48   826 
48 49   978 
49 50    39 
50 51   284 
51 52   669 
52 53   773 
53 54   761 
54 55   539 
55 56   728 
56 57   854 
57 58   383 
58 59   586 
59 60   449 
60 61   763 
61 62  1105 
62 63   843 
63 64   673 
64 65   625 
65 66   700 
66 67    77 
67 68   498 
68 69   726 
69 70   749 
70 71   716 
71 72   516 
72 73   781 
73 74   723 
74 75   103 
75 76   681 
76 77   298 
77 78   773 
78 79  1011 
79 80   644 
80 81   162 
81 82   750 
82 83   771 
83 84   952 
84 85   657 
85 86   633 
86 87   170 
87 88   105 
88 89   242 
89 90   609 
90 91   397 
91 92   651 
92 93   558 
93 94   229 
94 95   859 
95 96   497 
96 97   342 
97 98   426 
98 99   721 
99 100   833 
1 3   600 
1 9   263 
1 10   923 
1 12   623 
1 14   719 
1 16   831 
1 17   796 
1 18   561 
1 19   861 
1 21   568 
1 23   213 
1 24   340 
1 27   406 
1 28   896 
1 29   252 
1 31   585 
1 33   608 
1 37   813 
1 38   776 
1 39   300 
1 42   552 
1 43   117 
1 44   641 
1 48   662 
1 51   736 
1 52   116 
1 54    73 
1 55   562 
1 57   107 
1 58   442 
1 59   190 
1 61   231 
1 64   441 
1 66   321 
1 67   256 
1 68   736 
1 73   781 
1 74  1153 
1 75  1173 
1 76   496 
1 80    91 
1 81   153 
1 82   903 
1 85   532 
1 86   551 
1 87   547 
1 88   442 
1 89   200 
1 91   726 
1 93   679 
1 94   744 
1 95  1024 
1 96   652 
1 98   385 
1 100    35 
2 4   447 
2 6   362 
2 7   166 
2 9   546 
2 12   244 
2 14   329 
2 15   459 
2 20   300 
2 23   681 
2 24   675 
2 28   163 
2 30   758 
2 31   361 
2 32   451 
2 33   211 
2 35   271 
2 36   234 
2 37   120 
2 38   142 
2 41   615 
2 42   273 
2 44   494 
2 46   372 
2 49   535 
2 51   291 
2 53   525 
2 54   785 
2 55   299 
2 56   632 
2 58   645 
2 62   399 
2 63   542 
2 64   466 
2 65   281 
2 66   468 
2 67   532 
2 69   715 
2 72   252 
2 74   365 
2 78   319 
2 81   648 
2 83   707 
2 85   527 
2 86   414 
2 87   277 
2 90    45 
2 92   417 
2 95   301 
2 100   771 
3 5   402 
3 6   464 
3 9   367 
3 10   345 
3 13   577 
3 14   285 
3 15   393 
3 16   321 
3 18   124 
3 19   261 
3 22   184 
3 24   523 
3 25   502 
3 26   600 
3 30   574 
3 32   317 
3 34   551 
3 35   446 
3 36   287 
3 37   226 
3 38   229 
3 40   313 
3 41   498 
3 42   111 
3 44   433 
3 45   356 
3 46   532 
3 47   340 
3 48   494 
3 49   504 
3 52   499 
3 53   523 
3 55   193 
3 56   552 
3 59   578 
3 61   546 
3 62   588 
3 64   300 
3 69   548 
3 73   518 
3 75   573 
3 78   423 
3 79   601 
3 80   620 
3 81   458 
3 83   518 
3 85   389 
3 87   149 
3 88   201 
3 89   410 
3 93   314 
3 94   535 
3 95   445 
3 96   363 
3 97    30 
3 98   397 
3 99   329 
4 8   178 
4 10   534 
4 12   231 
4 14   314 
4 15   539 
4 16   581 
4 19   514 
4 21   572 
4 22    85 
4 31   181 
4 32   162 
4 33   237 
4 36   426 
4 39   104 
4 40   430 
4 41   316 
4 43   479 
4 45   430 
4 49   669 
4 53   714 
4 55   364 
4 60   357 
4 61   454 
4 62   831 
4 68   342 
4 72   549 
4 73   698 
4 74   804 
4 77   201 
4 78   682 
4 79   425 
4 80   394 
4 82   499 
4 85   194 
4 90   478 
4 92   109 
4 94   693 
4 96   269 
4 98   408 
4 99   435 
5 8   841 
5 10   425 
5 11   720 
5 12   501 
5 15   418 
5 16   107 
5 18   518 
5 19   250 
5 20   542 
5 21   540 
5 23   780 
5 26   402 
5 28   371 
5 29   688 
5 32   706 
5 33   456 
5 34   466 
5 36   489 
5 37   374 
5 38   173 
5 39   721 
5 40   446 
5 42   509 
5 44   436 
5 47   308 
5 49   424 
5 50   455 
5 51   223 
5 52   857 
5 54   915 
5 55   376 
5 56   900 
5 57   944 
5 58   662 
5 59   960 
5 60   941 
5 61   803 
5 62   376 
5 64   702 
5 66   643 
5 70   838 
5 71   249 
5 73   398 
5 76   525 
5 77   778 
5 80   980 
5 81   818 
5 83   890 
5 88   496 
5 89   737 
5 90   222 
5 93   298 
5 95   464 
5 96   722 
5 97   406 
5 98   605 
5 99   546 
5 100   912 
6 8   753 
6 10   147 
6 11   761 
6 13   969 
6 16   577 
6 17   920 
6 20   461 
6 23   959 
6 24   986 
6 25   949 
6 26   381 
6 27   607 
6 28   203 
6 29   833 
6 31   428 
6 38   500 
6 41   573 
6 42   461 
6 43  1066 
6 44   854 
6 45   187 
6 47   730 
6 49   898 
6 51   652 
6 52   890 
6 53   884 
6 54  1025 
6 56   507 
6 58   978 
6 59   917 
6 60   634 
6 66   697 
6 67   774 
6 69  1004 
6 70   533 
6 71   626 
6 74   406 
6 76   521 
6 79   614 
6 81   851 
6 82   168 
6 89   841 
6 91   791 
6 93   704 
6 98   861 
7 10    54 
7 15   626 
7 17   719 
7 18   344 
7 19   129 
7 20   364 
7 21   736 
7 22   440 
7 23   818 
7 24   826 
7 27   533 
7 28     3 
7 29   696 
7 30   881 
7 31   380 
7 32   468 
7 33   291 
7 36   142 
7 37    86 
7 39   612 
7 44   660 
7 45   239 
7 47   532 
7 49   699 
7 50   737 
7 53   683 
7 57   948 
7 59   846 
7 60   665 
7 61   856 
7 63   709 
7 70   557 
7 72    88 
7 73   693 
7 79   671 
7 80   907 
7 87   431 
7 88   509 
7 91   591 
7 93   508 
7 96   433 
7 97   286 
7 98   697 
7 99   190 
7 100   886 
8 13   256 
8 16   749 
8 18   352 
8 19   692 
8 20   330 
8 21   662 
8 22   263 
8 23   402 
8 26  1013 
8 27   158 
8 28   688 
8 32   260 
8 34   928 
8 36   586 
8 37   608 
8 38   667 
8 40   547 
8 42   353 
8 43   407 
8 45   570 
8 46   895 
8 48   358 
8 50   819 
8 54   358 
8 56   453 
8 58   589 
8 59   164 
8 61   442 
8 67   247 
8 70   322 
8 71   640 
8 72   713 
8 73   824 
8 76   319 
8 78   849 
8 80   259 
8 81   178 
8 83   155 
8 84   834 
8 85   231 
8 87   473 
8 89   269 
8 90   656 
8 92   242 
8 93   659 
8 94   809 
8 99   585 
8 100   316 
9 11   129 
9 12   430 
9 14   560 
9 16   568 
9 22   292 
9 24   215 
9 25   135 
9 26   959 
9 27   296 
9 29    19 
9 32   439 
9 33   397 
9 38   518 
9 39   203 
9 41   582 
9 42   353 
9 43   270 
9 44   403 
9 46   900 
9 47   428 
9 50   526 
9 51   473 
9 54   242 
9 55   299 
9 56   699 
9 57   277 
9 58   276 
9 60   611 
9 64   337 
9 65   801 
9 66   133 
9 67    69 
9 68   536 
9 69   195 
9 70   569 
9 72   734 
9 73   542 
9 74   905 
9 78   655 
9 80   318 
9 82   744 
9 84   842 
9 89    68 
9 90   557 
9 91   474 
9 92   381 
9 93   418 
9 94   515 
9 98   163 
9 100   237 
10 23   853 
10 24   866 
10 25   845 
10 26   331 
10 28    56 
10 38   353 
10 40   628 
10 41   584 
10 42   371 
10 45   207 
10 46   196 
10 49   752 
10 51   506 
10 53   737 
10 56   552 
10 58   849 
10 62   334 
10 64   526 
10 65    99 
10 66   605 
10 68   191 
10 70   542 
10 71   481 
10 72    34 
10 73   746 
10 77   722 
10 78   496 
10 79   648 
10 80   926 
10 83   816 
10 85   534 
10 86   626 
10 87   474 
10 88   547 
10 89   745 
10 91   644 
10 94   785 
10 96   419 
10 100   912 
11 17   669 
11 18   314 
11 21   477 
11 23   242 
11 24   339 
11 28   649 
11 30   242 
11 32   333 
11 35   791 
11 36   579 
11 39    80 
11 40   371 
11 41   460 
11 42   304 
11 43   307 
11 44   513 
11 45   597 
11 47   514 
11 50   639 
11 51   541 
11 53   671 
11 54   264 
11 60   485 
11 64   226 
11 65   772 
11 66    78 
11 70   451 
11 72   696 
11 75   928 
11 77    58 
11 78   714 
11 80   264 
11 84   811 
11 86   395 
11 91   569 
11 95   777 
11 96   442 
12 15   529 
12 17   684 
12 18    63 
12 19   300 
12 22   157 
12 23   577 
12 24   617 
12 25   565 
12 26   609 
12 27   245 
12 28   285 
12 30   616 
12 33    60 
12 36   202 
12 38   339 
12 40   442 
12 43   680 
12 44   569 
12 48   366 
12 53   661 
12 54   640 
12 56   417 
12 59   558 
12 61   618 
12 62   604 
12 63   615 
12 64   232 
12 66   312 
12 68   112 
12 69   624 
12 70   339 
12 75   574 
12 76   137 
12 78   537 
12 83   514 
12 84   438 
12 85   283 
12 86   450 
12 88   303 
12 91   549 
12 94   673 
12 97   114 
13 18   529 
13 22   434 
13 23   238 
13 24   368 
13 25   209 
13 27   366 
13 28   868 
13 30   123 
13 32   501 
13 33   580 
13 34  1114 
13 36   791 
13 37   784 
13 39   264 
13 40   531 
13 42   521 
13 47   688 
13 49   748 
13 50   769 
13 52    79 
13 58   466 
13 61   262 
13 62  1165 
13 64   399 
13 67   240 
13 70   579 
13 71   689 
13 72   911 
13 76   468 
13 80    61 
13 84  1028 
13 85   486 
13 87   535 
13 89   192 
13 90   785 
13 91   731 
13 92   466 
13 93   678 
13 94   758 
13 97   593 
13 98   397 
13 99   802 
13 100    74 
14 16   553 
14 17   828 
14 18   200 
14 22   268 
14 23   705 
14 24   757 
14 26   608 
14 27   314 
14 28   289 
14 29   579 
14 30   726 
14 38   454 
14 40   592 
14 44   718 
14 47   622 
14 53   803 
14 54   747 
14 55   478 
14 56   302 
14 57   793 
14 59   619 
14 65   370 
14 69   755 
14 70   266 
14 71   529 
14 75   566 
14 81   565 
14 84   396 
14 86   601 
14 87   431 
14 89   574 
14 92   215 
14 93   595 
14 94   820 
14 95   359 
14 97   257 
14 99   133 
15 20   507 
15 24   333 
15 26   800 
15 28   623 
15 31   613 
15 34   820 
15 35   544 
15 36   661 
15 37   566 
15 39   528 
15 40   111 
15 43   579 
15 44    40 
15 49   131 
15 54   575 
15 60   893 
15 62   776 
15 66   429 
15 67   424 
15 69   419 
15 73   167 
15 75   795 
15 76   442 
15 78   363 
15 79   953 
15 80   690 
15 81   553 
15 82   826 
15 83   634 
15 84   779 
15 85   723 
15 87   249 
15 89   443 
15 91   111 
15 92   604 
15 95   760 
15 96   739 
15 97   422 
15 99   711 
15 100   588 
16 21   442 
16 27   608 
16 28   374 
16 33   385 
16 35   224 
16 36   467 
16 37   352 
16 39   626 
16 42   432 
16 46   531 
16 49   347 
16 50   382 
16 51   120 
16 52   754 
16 57   836 
16 58   559 
16 59   861 
16 64   619 
16 70   776 
16 71   141 
16 72   465 
16 74   408 
16 76   440 
16 77   678 
16 78   101 
16 85   710 
16 86   322 
16 89   632 
16 90   190 
16 91   243 
16 92   589 
16 96   665 
16 99   525 
17 19   592 
17 20   675 
17 21   235 
17 22   668 
17 27   752 
17 28   716 
17 29   562 
17 30   718 
17 35   552 
17 36   784 
17 38   419 
17 39   716 
17 40   299 
17 42   642 
17 44   157 
17 48  1026 
17 49    60 
17 50    51 
17 51   268 
17 52   765 
17 53    43 
17 54   744 
17 56  1094 
17 59   900 
17 60  1072 
17 62   795 
17 65   814 
17 66   617 
17 67   612 
17 72   808 
17 73    27 
17 74   744 
17 75   828 
17 80   869 
17 81   738 
17 84   854 
17 85   901 
17 89   627 
17 90   524 
17 91   135 
17 92   780 
17 94    58 
17 98   411 
17 99   838 
17 100   762 
18 25   502 
18 27   194 
18 28   341 
18 30   553 
18 31   120 
18 33    64 
18 34   586 
18 37   259 
18 39   267 
18 41   373 
18 45   299 
18 46   559 
18 51   427 
18 53   641 
18 54   577 
18 55   295 
18 57   620 
18 58   574 
18 60   433 
18 63   579 
18 65   461 
18 68   175 
18 69   562 
18 72   382 
18 75   628 
18 77   359 
18 78   545 
18 79   477 
18 80   563 
18 81   409 
18 82   379 
18 83   454 
18 84   498 
18 87   246 
18 88   251 
18 89   392 
18 92   145 
18 93   430 
18 94   643 
19 23   753 
19 24   743 
19 26   340 
19 27   534 
19 29   637 
19 31   413 
19 33   276 
19 36   239 
19 38   175 
19 40   481 
19 41   659 
19 42   338 
19 44   544 
19 45   344 
19 46   310 
19 49   575 
19 51   328 
19 52   761 
19 54   858 
19 55   364 
19 56   663 
19 58   710 
19 59   835 
19 62   327 
19 64   528 
19 66   541 
19 67   605 
19 69   786 
19 73   566 
19 74   293 
19 75   317 
19 76   378 
19 81   720 
19 84   268 
19 85   579 
19 87   347 
19 90    74 
19 91   467 
19 92   475 
19 95   250 
19 96   496 
19 98   612 
19 99   295 
20 24   556 
20 25   493 
20 26   684 
20 29   380 
20 34   606 
20 36   280 
20 40   410 
20 41   353 
20 42    34 
20 43   604 
20 46   578 
20 49   628 
20 50   666 
20 51   446 
20 52   432 
20 56   419 
20 57   607 
20 60   412 
20 64   165 
20 65   480 
20 68   191 
20 69   556 
20 72   399 
20 73   648 
20 74   651 
20 76    73 
20 77   342 
20 78   568 
20 79   458 
20 80   544 
20 85   243 
20 87   260 
20 88   255 
20 89   381 
20 90   336 
20 91   543 
20 93   447 
20 98   447 
20 100   536 
21 24   245 
21 26   922 
21 27   600 
21 29   351 
21 30   488 
21 31   676 
21 33   549 
21 34   938 
21 36   758 
21 38   459 
21 44   108 
21 48   902 
21 49   178 
21 53   259 
21 57   521 
21 61   353 
21 62   899 
21 64   634 
21 65   850 
21 71   320 
21 73   226 
21 74   850 
21 76   501 
21 83   609 
21 85   764 
21 86   160 
21 87   328 
21 88   321 
21 89   416 
21 90   552 
21 92   652 
21 95   872 
21 96   800 
21 99   805 
21 100   533 
22 24   496 
22 25   420 
22 27   109 
22 29   311 
22 30   463 
22 31   148 
22 32   176 
22 34   683 
22 41   353 
22 42    91 
22 44   529 
22 47   473 
22 48   363 
22 52   354 
22 55   302 
22 58   525 
22 59   408 
22 60   404 
22 61   479 
22 62   748 
22 63   569 
22 66   162 
22 68   269 
22 69   487 
22 70   326 
22 71   411 
22 72   477 
22 73   642 
22 74   720 
22 77   263 
22 81   314 
22 82   454 
22 83   358 
22 84   594 
22 87   255 
22 88   218 
22 89   306 
22 90   392 
22 91   541 
22 92   113 
22 93   449 
22 95   559 
22 98   395 
23 25    29 
23 27   426 
23 28   815 
23 30   131 
23 34  1057 
23 35   880 
23 37   734 
23 38   635 
23 39   322 
23 41   700 
23 43   158 
23 44   437 
23 45   812 
23 46  1041 
23 47   501 
23 49   529 
23 50   545 
23 51   565 
23 52   228 
23 53   605 
23 54   156 
23 55   409 
23 58   229 
23 62  1074 
23 63   440 
23 64   467 
23 65   943 
23 66   274 
23 67   199 
23 68   681 
23 69    56 
23 71   531 
23 72   879 
23 74  1033 
23 77   248 
23 78   749 
23 81   227 
23 82   890 
23 83   291 
23 84   984 
23 85   588 
23 87   410 
23 90   687 
23 92   518 
23 94   535 
23 96   680 
23 97   533 
23 98   185 
23 99   803 
23 100   177 
24 27   511 
24 28   823 
24 29   199 
24 33   573 
24 35   840 
24 36   806 
24 37   747 
24 39   417 
24 42   542 
24 43   265 
24 44   340 
24 45   857 
24 49   422 
24 50   433 
24 54   277 
24 56   914 
24 60   824 
24 61   112 
24 63   332 
24 64   552 
24 68   711 
24 70   784 
24 73   471 
24 75  1056 
24 77   360 
24 79   902 
24 80   427 
24 81   348 
24 82   938 
24 83   418 
24 84   992 
24 85   679 
24 86   299 
24 87   397 
24 89   246 
24 95   964 
24 96   755 
24 97   551 
24 98   131 
24 99   841 
25 28   809 
25 29   116 
25 31   563 
25 32   551 
25 37   728 
25 41   675 
25 42   488 
25 44   457 
25 46  1035 
25 49   550 
25 51   575 
25 56   801 
25 58   257 
25 59   335 
25 61    68 
25 67   180 
25 68   671 
25 69    83 
25 70   668 
25 71   540 
25 74  1034 
25 77   221 
25 80   270 
25 84   978 
25 85   564 
25 86   379 
25 89   119 
25 91   548 
25 97   527 
25 99   791 
26 28   327 
26 29   976 
26 30  1171 
26 32   793 
26 33   602 
26 35   270 
26 38   470 
26 40   796 
26 41   915 
26 42   664 
26 44   824 
26 46   197 
26 47   690 
26 49   825 
26 50   857 
26 51   599 
26 57  1236 
26 60   980 
26 61  1122 
26 65   244 
26 67   945 
26 68   507 
26 69  1121 
26 71   603 
26 72   335 
26 73   801 
26 74    79 
26 76   711 
26 77  1009 
26 78   480 
26 79   975 
26 80  1218 
26 82   543 
26 88   777 
26 90   403 
26 94   855 
26 99   487 
27 29   313 
27 30   421 
27 32   147 
27 34   771 
27 35   736 
27 39   109 
27 41   290 
27 44   606 
27 46   741 
27 47   566 
27 48   313 
27 49   699 
27 50   733 
27 51   563 
27 52   289 
27 55   394 
27 56   402 
27 58   561 
27 61   470 
27 63   642 
27 64    40 
27 65   644 
27 72   559 
27 74   822 
27 75   820 
27 78   710 
27 80   388 
27 83   277 
27 86   478 
27 89   285 
27 91   632 
27 92   101 
27 94   723 
27 96   256 
27 97   294 
27 100   405 
28 30   878 
28 31   377 
28 32   466 
28 33   288 
28 34   246 
28 35   313 
28 37    83 
28 39   609 
28 41   598 
28 46   225 
28 47   530 
28 48   569 
28 49   696 
28 50   734 
28 56   578 
28 60   664 
28 61   852 
28 64   515 
28 66   575 
28 67   647 
28 68   180 
28 69   854 
28 70   555 
28 73   690 
28 74   309 
28 75   290 
28 76   400 
28 80   904 
28 81   747 
28 83   796 
28 85   537 
28 86   575 
28 87   428 
28 88   506 
28 90   192 
28 91   589 
28 96   431 
28 97   283 
28 100   883 
29 31   458 
29 33   417 
29 35   779 
29 36   649 
29 38   533 
29 41   597 
29 42   373 
29 45   686 
29 46   918 
29 49   502 
29 58   265 
29 59   338 
29 60   625 
29 61   168 
29 62   961 
29 64   353 
29 66   151 
29 67    83 
29 70   585 
29 72   754 
29 74   922 
29 75   954 
29 78   667 
29 80   311 
29 82   764 
29 85   480 
29 87   303 
29 88   200 
29 90   574 
29 92   399 
29 96   561 
29 97   410 
29 99   677 
30 35   978 
30 36   819 
30 38   732 
30 39   311 
30 41   664 
30 42   541 
30 43    65 
30 45   840 
30 48   702 
30 53   735 
30 54    28 
30 59   264 
30 60   673 
30 61   144 
30 64   459 
30 65  1004 
30 67   230 
30 71   640 
30 73   705 
30 75  1147 
30 76   483 
30 77   216 
30 78   862 
30 79   756 
30 80   177 
30 86   485 
30 88   398 
30 91   656 
30 92   521 
30 94   666 
30 96   676 
30 98   311 
31 33   169 
31 35   631 
31 38   456 
31 44   653 
31 46   573 
31 47   577 
31 48   252 
31 50   772 
31 53   761 
31 55   414 
31 58   672 
31 60   322 
31 63   696 
31 64   151 
31 67   383 
31 68   198 
31 71   497 
31 74   683 
31 75   666 
31 78   654 
31 81   432 
31 85   166 
31 89   446 
31 90   402 
31 91   647 
31 94   763 
31 95   474 
31 97   224 
31 99   260 
31 100   583 
32 35   721 
32 37   395 
32 38   540 
32 40   561 
32 41   182 
32 43   631 
32 44   704 
32 46   654 
32 52   428 
32 56   267 
32 57   630 
32 63   745 
32 68   287 
32 73   813 
32 74   773 
32 75   753 
32 81   395 
32 82   367 
32 83   406 
32 86   577 
32 88   394 
32 90   491 
32 91   710 
32 94   818 
32 95   555 
32 96   109 
32 98   564 
32 99   333 
33 36   234 
33 37   204 
33 38   289 
33 39   323 
33 41   428 
33 42    62 
33 43   656 
33 45   289 
33 46   510 
33 51   379 
33 54   618 
33 56   476 
33 57   661 
33 58   576 
33 60   489 
33 61   583 
33 62   594 
33 63   555 
33 64   254 
33 65   411 
33 69   587 
33 71   332 
33 73   596 
33 74   566 
33 76   112 
33 78   486 
33 79   529 
33 83   510 
33 84   451 
33 86   392 
33 88   254 
33 92   209 
33 94   612 
33 95   417 
33 97    55 
34 36   346 
34 39   854 
34 49   868 
34 51   626 
34 53   833 
34 55   679 
34 58  1025 
34 62   170 
34 68   417 
34 69  1094 
34 70   753 
34 72   218 
34 81   994 
34 82   404 
34 83  1041 
34 86   788 
34 91   762 
34 93   694 
34 94   900 
34 98   925 
34 100  1130 
35 37   344 
35 39   780 
35 44   564 
35 45   551 
35 46   372 
35 50   588 
35 51   344 
35 54  1006 
35 55   471 
35 57  1039 
35 58   782 
35 61   907 
35 66   712 
35 67   766 
35 72   384 
35 73   531 
35 77   848 
35 78   210 
35 79   964 
35 80  1055 
35 82   601 
35 85   797 
35 86   543 
35 89   822 
35 93   419 
35 95   370 
35 97   441 
35 98   713 
35 99   501 
36 39   526 
36 43   883 
36 44   699 
36 46   311 
36 48   429 
36 49   754 
36 53   753 
36 54   843 
36 55   471 
36 58   803 
36 59   747 
36 61   816 
36 62   458 
36 63   747 
36 66   514 
36 71   482 
36 73   757 
36 74   447 
36 75   413 
36 76   337 
36 77   621 
36 81   672 
36 82   173 
36 83   709 
36 88   485 
36 89   658 
36 91   650 
36 96   294 
36 98   683 
37 40   512 
37 41   540 
37 43   857 
37 45   220 
37 48   515 
37 49   650 
37 51   409 
37 52   705 
37 54   820 
37 55   388 
37 57   862 
37 59   761 
37 60   606 
37 61   772 
37 64   436 
37 65   209 
37 69   775 
37 72   149 
37 74   378 
37 75   370 
37 76   316 
37 79   620 
37 80   821 
37 81   664 
37 85   469 
37 86   511 
37 89   630 
37 90   162 
37 91   544 
37 93   455 
37 94   683 
37 95   219 
37 96   374 
37 97   201 
37 98   619 
37 99   173 
38 42   338 
38 47   238 
38 50   437 
38 51   153 
38 52   690 
38 53   384 
38 56   751 
38 60   778 
38 61   663 
38 66   473 
38 68   324 
38 72   388 
38 73   392 
38 74   404 
38 79   814 
38 80   813 
38 83   721 
38 85   614 
38 86   315 
38 87   229 
38 88   334 
38 89   576 
38 90   105 
38 91   292 
38 93   215 
38 94   432 
38 95   426 
38 96   566 
38 98   474 
38 99   432 
38 100   753 
39 43   376 
39 44   562 
39 49   659 
39 50   690 
39 51   561 
39 53   713 
39 57   376 
39 58   478 
39 59   242 
39 60   408 
39 61   366 
39 63   591 
39 65   729 
39 67   134 
39 72   648 
39 75   894 
39 76   214 
39 77    97 
39 79   484 
39 82   603 
39 86   438 
39 89   180 
39 91   606 
39 92   209 
39 95   730 
39 96   365 
39 99   538 
39 100   297 
40 42   382 
40 45   669 
40 46   790 
40 48   749 
40 49   242 
40 53   299 
40 55   124 
40 57   512 
40 58   230 
40 61   360 
40 63   183 
40 66   317 
40 69   352 
40 70   712 
40 71   199 
40 72   660 
40 73   277 
40 81   447 
40 82   751 
40 86    24 
40 87   163 
40 88   169 
40 90   406 
40 91   201 
40 93   156 
40 94   264 
40 96   641 
41 44   883 
41 46   752 
41 47   823 
41 48    48 
41 49   971 
41 54   675 
41 57   720 
41 60    66 
41 62   918 
41 65   673 
41 66   456 
41 68   432 
41 72   580 
41 75   871 
41 77   455 
41 79   109 
41 80   566 
41 81   491 
41 82   412 
41 84   694 
41 85   122 
41 87   606 
41 90   658 
41 97   482 
41 99   429 
41 100   633 
42 44   517 
42 52   442 
42 54   565 
42 56   451 
42 59   500 
42 60   447 
42 62   657 
42 63   560 
42 64   194 
42 68   185 
42 71   362 
42 73   615 
42 76    60 
42 80   557 
42 81   401 
42 82   396 
42 83   449 
42 85   278 
42 89   380 
42 90   307 
42 92   156 
42 93   414 
42 96   263 
42 98   428 
42 99   303 
43 47   660 
43 52   211 
43 53   761 
43 54    49 
43 55   560 
43 56   858 
43 58   369 
43 59   307 
43 63   593 
43 64   524 
43 67   293 
43 70   726 
43 72   995 
43 75  1206 
43 76   546 
43 77   281 
43 79   814 
43 87   555 
43 91   689 
43 93   657 
43 95  1073 
43 97   657 
43 100    93 
44 48   893 
44 51   225 
44 52   607 
44 54   593 
44 60   931 
44 61   442 
44 63    48 
44 65   770 
44 68   619 
44 70   856 
44 74   751 
44 75   821 
44 76   482 
44 77   563 
44 79   992 
44 82   865 
44 86   128 
44 93   155 
44 94   117 
44 97   461 
44 99   750 
44 100   608 
45 49   844 
45 50   884 
45 52   719 
45 53   848 
45 54   861 
45 55   548 
45 56   346 
45 58   865 
45 59   735 
45 60   454 
45 61   855 
45 62   536 
45 65   285 
45 69   861 
45 70   350 
45 72   195 
45 73   850 
45 74   533 
45 78   654 
45 80   818 
45 81   681 
45 85   367 
45 86   674 
45 87   505 
45 90   381 
45 92   331 
45 94   876 
45 95   267 
45 97   326 
45 99    49 
45 100   831 
46 48   714 
46 50   912 
46 51   632 
46 53   845 
46 55   671 
46 57  1170 
46 59  1055 
46 60   815 
46 65    99 
46 66   799 
46 67   872 
46 68   387 
46 69  1079 
46 70   711 
46 72   182 
46 75   149 
46 76   622 
46 79   802 
46 82   358 
46 86   784 
46 87   648 
46 89   939 
46 90   385 
46 91   769 
46 92   654 
46 93   697 
46 96   593 
46 99   326 
47 50   209 
47 51    90 
47 52   630 
47 53   184 
47 54   650 
47 57   672 
47 58   356 
47 61   516 
47 64   589 
47 67   464 
47 70   791 
47 71   103 
47 72   619 
47 75   687 
47 76   418 
47 83   678 
47 84   680 
47 85   705 
47 86   136 
47 87   218 
47 88   287 
47 89   496 
47 90   339 
47 92   582 
47 96   701 
47 97   365 
48 50  1015 
48 53  1010 
48 54   714 
48 56    95 
48 57   759 
48 59   503 
48 60   101 
48 61   775 
48 64   273 
48 66   480 
48 71   749 
48 74   877 
48 77   490 
48 80   610 
48 81   528 
48 82   369 
48 83   513 
48 85   144 
48 86   765 
48 87   610 
48 89   590 
48 90   642 
48 91   896 
48 92   250 
48 93   801 
48 94  1005 
48 95   621 
48 96   142 
48 98   745 
48 100   673 
49 51   246 
49 55   319 
49 56  1048 
49 57   696 
49 59   840 
49 61   529 
49 62   799 
49 63    90 
49 64   727 
49 65   800 
49 66   560 
49 67   553 
49 68   680 
49 70   942 
49 71   272 
49 74   749 
49 75   828 
49 76   567 
49 78   353 
49 79  1080 
49 81   679 
49 82   924 
49 83   759 
49 88   409 
49 90   504 
49 91   107 
49 94    32 
49 96   859 
49 97   531 
49 98   351 
50 53    90 
50 54   701 
50 57   710 
50 59   865 
50 64   762 
50 65   837 
50 66   591 
50 67   580 
50 69   529 
50 70   979 
50 71   311 
50 73    59 
50 74   780 
50 75   861 
50 79  1116 
50 80   830 
50 84   877 
50 86   254 
50 87   406 
50 89   591 
50 97   570 
51 53   235 
51 54   706 
51 56   855 
51 60   858 
51 63   270 
51 67   498 
51 68   452 
51 69   577 
51 70   766 
51 71    50 
51 75   596 
51 76   403 
51 77   599 
51 79   905 
51 80   789 
51 83   710 
51 84   595 
51 87   216 
51 88   309 
51 89   539 
51 91   139 
51 92   564 
51 93    75 
51 95   579 
51 97   324 
51 99   572 
52 57   207 
52 60   521 
52 61   263 
52 66   221 
52 70   516 
52 71   624 
52 73   747 
52 76   388 
52 78   846 
52 81    41 
52 83    62 
52 85   418 
52 86   502 
52 88   362 
52 92   390 
52 93   619 
52 94   718 
52 95   913 
52 96   537 
52 100   121 
53 55   353 
53 60  1059 
53 61   608 
53 63   171 
53 64   770 
53 66   615 
53 70   975 
53 71   274 
53 72   772 
53 73    33 
53 74   701 
53 76   601 
53 78   299 
53 80   881 
53 81   745 
53 84   815 
53 85   888 
53 88   457 
53 90   489 
53 91   114 
53 93   210 
53 94    94 
53 95   804 
53 96   885 
53 98   424 
54 58   380 
54 60   682 
54 61   164 
54 62  1185 
54 64   477 
54 65  1029 
54 66   329 
54 67   256 
54 69   181 
54 70   677 
54 71   669 
54 73   731 
54 75  1174 
54 77   234 
54 78   890 
54 81   188 
54 86   513 
54 90   798 
54 91   684 
54 92   540 
54 94   691 
54 96   693 
55 60   706 
55 61   436 
55 65   579 
55 67   317 
55 68   385 
55 70   624 
55 72   537 
55 74   629 
55 82   630 
55 84   622 
55 88   127 
55 93   150 
55 95   597 
55 100   536 
56 60   163 
56 61   869 
56 62   882 
56 64   362 
56 69   881 
56 70   132 
56 71   808 
56 73  1067 
56 75   828 
56 81   623 
56 82   339 
56 83   608 
56 84   643 
56 85   236 
56 88   660 
56 91   961 
56 92   329 
56 93   864 
56 94  1076 
56 96   189 
56 98   830 
57 59   298 
57 62  1222 
57 67   297 
57 69   182 
57 73   743 
57 79   809 
57 80   194 
57 81   235 
57 82   978 
57 83   252 
57 86   535 
57 87   564 
57 90   835 
57 91   702 
57 93   668 
57 94   700 
57 95  1078 
57 97   662 
57 98   356 
58 61   216 
58 64   599 
58 66   394 
58 67   345 
58 72   880 
58 73   373 
58 77   436 
58 79   958 
58 83   508 
58 86   241 
58 90   636 
58 98   130 
58 99   843 
59 62  1157 
59 64   337 
59 67   292 
59 68   668 
59 69   413 
59 71   738 
59 73   881 
59 80   113 
59 81   161 
59 84   993 
59 87   574 
59 94   855 
59 99   748 
59 100   217 
60 63   968 
60 64   295 
60 67   542 
60 71   808 
60 73  1047 
60 76   459 
60 77   473 
60 78   976 
60 79    83 
60 82   471 
60 87   659 
60 89   582 
60 91   945 
60 93   853 
60 95   722 
60 96   232 
60 97   543 
60 100   639 
61 66   318 
61 71   553 
61 76   481 
61 79   844 
61 83   325 
61 84  1022 
61 89   185 
61 91   541 
61 95   991 
61 96   724 
61 98   200 
61 100   195 
62 64   837 
62 68   505 
62 70   876 
62 72   341 
62 76   702 
62 77   998 
62 78   453 
62 80  1208 
62 85   863 
62 86   763 
62 87   664 
62 88   762 
62 89   994 
62 90   387 
62 91   700 
62 92   777 
62 94   829 
62 96   752 
62 97   572 
62 99   492 
63 66   493 
63 68   667 
63 70   896 
63 73   138 
63 75   866 
63 77   585 
63 80   725 
63 81   599 
63 83   680 
63 84   860 
63 92   683 
63 96   822 
63 97   508 
63 100   615 
64 66   206 
64 67   271 
64 68   336 
64 69   522 
64 70   234 
64 72   538 
64 74   813 
64 76   180 
64 81   290 
64 82   463 
64 83   307 
64 84   659 
64 86   508 
64 87   372 
64 88   320 
64 89   326 
64 91   657 
64 92    68 
64 93   567 
64 95   622 
64 97   296 
64 98   471 
65 67   773 
65 69   982 
65 73   789 
65 76   523 
65 77   820 
65 79   731 
65 80  1024 
65 83   915 
65 84    42 
65 85   630 
65 87   554 
65 89   840 
65 90   300 
65 93   615 
65 94   833 
65 95    32 
65 98   820 
66 68   422 
66 72   627 
66 75   852 
66 77   136 
66 78   639 
66 79   564 
66 80   343 
66 83   247 
66 84   740 
66 85   336 
66 86   339 
66 87   256 
66 89   144 
66 90   488 
66 91   508 
66 95   706 
66 98   267 
66 99   536 
67 70   501 
67 74   896 
67 75   919 
67 79   618 
67 86   340 
67 90   548 
67 93   450 
67 95   780 
67 96   481 
67 97   366 
67 98   228 
68 71   412 
68 72   207 
68 73   687 
68 75   470 
68 77   533 
68 79   515 
68 81   584 
68 83   626 
68 84   326 
68 85   360 
68 87   344 
68 88   391 
68 93   484 
68 95   290 
68 99   133 
69 71   548 
69 72   921 
69 74  1061 
69 75  1103 
69 77   304 
69 78   761 
69 81   282 
69 83   342 
69 85   644 
69 88   349 
69 89   198 
69 94   519 
69 95   994 
69 97   574 
69 99   851 
69 100   212 
70 73   965 
70 76   375 
70 77   452 
70 80   577 
70 81   490 
70 82   374 
70 88   544 
70 89   551 
70 90   618 
70 91   861 
70 92   212 
70 93   766 
70 96   124 
70 97   446 
70 100   637 
71 73   274 
71 75   596 
71 79   855 
71 80   745 
71 82   654 
71 86   184 
71 87   167 
71 88   262 
71 90   237 
71 92   513 
71 93    78 
71 94   305 
71 95   560 
71 97   277 
71 98   356 
71 99   536 
71 100   668 
72 76   449 
72 77   741 
72 81   791 
72 82   222 
72 84   120 
72 87   505 
72 89   768 
72 90   283 
72 91   679 
72 92   471 
72 96   417 
72 97   346 
72 100   933 
73 78   323 
73 80   853 
73 81   720 
73 83   801 
73 85   875 
73 90   498 
73 91   108 
73 95   816 
73 98   396 
73 99   811 
74 77   966 
74 79   975 
74 80  1175 
74 81  1013 
74 82   558 
74 84   261 
74 89   957 
74 94   779 
74 98   877 
74 100  1134 
75 78   490 
75 79   930 
75 80  1188 
75 82   496 
75 83  1081 
75 85   823 
75 86   775 
75 87   663 
75 94   859 
75 96   707 
75 97   555 
76 81   347 
76 83   401 
76 84   562 
76 88   182 
76 90   337 
76 92   164 
76 93   394 
76 96   299 
76 97   131 
76 98   373 
77 79   554 
77 80   209 
77 82   701 
77 84   857 
77 86   448 
77 87   390 
77 88   290 
77 90   622 
77 91   623 
77 92   306 
77 94   678 
77 96   459 
77 99   634 
78 80   968 
78 82   720 
78 83   885 
78 85   811 
78 86   388 
78 87   383 
78 90   274 
78 92   690 
78 93   253 
78 94   381 
78 96   763 
78 97   433 
79 82   447 
79 86   864 
79 87   714 
79 88   678 
79 89   661 
79 90   749 
79 95   712 
79 97   584 
79 98   832 
79 100   722 
80 82   881 
80 83   110 
80 85   490 
80 89   250 
80 91   791 
80 92   487 
80 93   736 
80 94   820 
80 99   828 
80 100   125 
81 83    80 
81 84   908 
81 86   471 
81 89   114 
81 90   668 
81 93   585 
81 94   693 
81 95   873 
81 96   504 
81 97   474 
81 99   685 
82 86   757 
82 88   623 
82 92   396 
82 93   727 
82 96   274 
82 97   408 
82 100   901 
83 85   386 
83 89   193 
83 90   731 
83 91   729 
83 93   664 
83 97   531 
83 98   416 
83 100   165 
84 86   738 
84 87   596 
84 89   880 
84 90   342 
84 91   733 
84 92   592 
84 94   873 
84 95    37 
84 99   266 
84 100  1047 
85 87   487 
85 90   567 
85 91   774 
85 95   620 
85 99   393 
85 100   539 
86 88   188 
86 90   399 
86 91   177 
86 92   515 
86 94   244 
86 98   181 
86 99   644 
86 100   521 
87 92   365 
87 93   195 
87 94   397 
87 96   491 
87 98   266 
87 99   477 
88 92   332 
88 94   433 
88 95   646 
88 96   479 
88 97   230 
88 98   199 
88 99   522 
89 91   542 
89 97   431 
89 98   223 
89 99   680 
90 93   315 
90 94   537 
90 95   323 
90 97   207 
90 98   541 
90 100   786 
91 93    97 
91 94   140 
91 95   718 
91 96   771 
91 98   345 
91 99   704 
91 100   694 
92 96   162 
92 98   502 
92 99   343 
93 95   639 
93 97   339 
94 96   888 
94 99   840 
95 99   229 
96 100   656 
97 100   603 
0 
0 
0 
0 
0 
0 
0 
0 
0 
0 
0 
0 
0 
0 
0 
0 
0 
0 
0 
0 
0 
0 
0 
0 
0 
0 
0 
0 
0 
0 
0 
0 
0 
0 
0 
0 
0 
0 
0 
0 
0 
0 
0 
0 
0 
0 
0 
0 
0 
0 
0 
0 
0 
0 
0 
0 
0 
0 
0 
0 
0 
0 
0 
0 
0 
0 
0 
0 
0 
0 
0 
0 
0 
0 
0 
0 
0 
0 
0 
0 
0 
0 
0 
0 
0 
0 
0 
0 
0 
0 
0 
0 
0 
0 
0 
0 
0 
0 
0 
0 
  889    90 
  369   683 
  478   528 
  523   263 
  473   930 
   18   592 
  203   672 
  585    96 
  790   334 
  154   649 
  696   245 
  372   439 
  841    79 
  232   383 
  828   708 
  538   844 
  890   886 
  430   413 
  317   734 
  433   389 
  939   656 
  498   345 
  932   299 
  989   416 
  913   276 
   72   970 
  510   236 
  206   671 
  809   329 
  926   168 
  351   322 
  363   232 
  419   477 
   17   830 
  342   953 
  191   530 
  269   616 
  491   757 
  619   223 
  781   607 
  268    76 
  447   421 
  989   151 
  861   731 
  132   443 
   10   783 
  729   758 
  227   102 
  885   826 
  920   844 
  642   784 
  779   129 
  848   899 
  940   143 
  657   602 
  132    97 
  986   137 
  994   520 
  720     2 
  271    10 
  976   304 
  100   979 
  909   739 
  470   228 
   91   726 
  658   314 
  733   294 
  283   508 
  985   319 
  263   118 
  628   735 
  121   638 
  867   871 
  151   976 
   62   923 
  505   405 
  710   188 
  552   945 
  188     1 
  832    18 
  752   160 
   51   427 
  740    80 
   49   735 
  361   156 
  780   631 
  622   568 
  673   476 
  794   266 
  391   723 
  779   808 
  414   268 
  706   744 
  917   834 
   68   703 
  254   242 
  448   524 
  872   475 
  151   489 
  900   124 
