80 3160 
1 2   462 
2 3   529 
3 4   559 
4 5   375 
5 6    32 
6 7   616 
7 8   321 
8 9   596 
9 10   938 
10 11   558 
11 12   676 
12 13   215 
13 14   489 
14 15   865 
15 16   685 
16 17   864 
17 18   840 
18 19   376 
19 20   381 
20 21   599 
21 22   700 
22 23   562 
23 24   249 
24 25    69 
25 26   316 
26 27    42 
27 28   436 
28 29  1004 
29 30   422 
30 31   827 
31 32   461 
32 33   345 
33 34    81 
34 35   716 
35 36   454 
36 37   630 
37 38   909 
38 39   143 
39 40   301 
40 41   804 
41 42   257 
42 43   300 
43 44   519 
44 45   756 
45 46   153 
46 47   745 
47 48   908 
48 49   266 
49 50   768 
50 51   899 
51 52   758 
52 53   702 
53 54   507 
54 55   877 
55 56   353 
56 57   712 
57 58   493 
58 59   384 
59 60   278 
60 61   648 
61 62   926 
62 63   583 
63 64   348 
64 65   875 
65 66   879 
66 67   719 
67 68   503 
68 69   351 
69 70   371 
70 71   820 
71 72   840 
72 73   188 
73 74   362 
74 75   315 
75 76   358 
76 77   476 
77 78   533 
78 79   969 
79 80   754 
1 3   431 
1 4   397 
1 5   663 
1 6   689 
1 7   816 
1 8   700 
1 9   189 
1 10  1082 
1 11   743 
1 12   775 
1 13   822 
1 14   664 
1 15   202 
1 16   483 
1 17   820 
1 18   409 
1 19   786 
1 20   839 
1 21   636 
1 22   745 
1 23   250 
1 24   497 
1 25   528 
1 26   442 
1 27   456 
1 28   858 
1 29   689 
1 30   280 
1 31   734 
1 32   650 
1 33   634 
1 34   553 
1 35   471 
1 36   402 
1 37  1025 
1 38   149 
1 39   245 
1 40   470 
1 41   974 
1 42   838 
1 43   547 
1 44  1059 
1 45   366 
1 46   462 
1 47  1026 
1 48   493 
1 49   680 
1 50   208 
1 51   970 
1 52   502 
1 53   205 
1 54   580 
1 55   778 
1 56   735 
1 57   367 
1 58   447 
1 59   373 
1 60   507 
1 61   214 
1 62   859 
1 63   397 
1 64    55 
1 65   852 
1 66   132 
1 67   799 
1 68   475 
1 69   149 
1 70   491 
1 71   827 
1 72    87 
1 73   135 
1 74   272 
1 75   569 
1 76   244 
1 77   260 
1 78   747 
1 79   522 
1 80   392 
2 4   111 
2 5   444 
2 6   477 
2 7   355 
2 8   354 
2 9   297 
2 10   643 
2 11   318 
2 12   501 
2 13   436 
2 14   239 
2 15   662 
2 16   117 
2 17   747 
2 18   119 
2 19   364 
2 20   395 
2 21   365 
2 22   385 
2 23   409 
2 24   453 
2 25   522 
2 26   208 
2 27   170 
2 28   562 
2 29   473 
2 30   388 
2 31   501 
2 32   191 
2 33   306 
2 34   247 
2 35   481 
2 36    60 
2 37   572 
2 38   337 
2 39   218 
2 40   241 
2 41   589 
2 42   394 
2 43    94 
2 44   612 
2 45   154 
2 46   266 
2 47   572 
2 48   550 
2 49   532 
2 50   385 
2 51   517 
2 52   349 
2 53   599 
2 54   558 
2 55   354 
2 56   296 
2 57   555 
2 58    77 
2 59   333 
2 60   117 
2 61   571 
2 62   407 
2 63   210 
2 64   431 
2 65   738 
2 66   367 
2 67   356 
2 68   378 
2 69   324 
2 70   102 
2 71   718 
2 72   395 
2 73   455 
2 74   324 
2 75   272 
2 76   363 
2 77   532 
2 78   669 
2 79   309 
2 80   520 
3 5   929 
3 6   961 
3 7   773 
3 8   506 
3 9   489 
3 10   933 
3 11   841 
3 12   485 
3 13   634 
3 14   766 
3 15   501 
3 16   629 
3 17   398 
3 18   577 
3 19   886 
3 20   739 
3 21   867 
3 22   548 
3 23   190 
3 24   147 
3 25   124 
3 26   342 
3 27   384 
3 28   567 
3 29   959 
3 30   647 
3 31   421 
3 32   635 
3 33   825 
3 34   752 
3 35    91 
3 36   494 
3 37   921 
3 38   482 
3 39   410 
3 40   704 
3 41   752 
3 42   736 
3 43   554 
3 44   932 
3 45   563 
3 46   714 
3 47   927 
3 48    65 
3 49   319 
3 50   584 
3 51   874 
3 52   787 
3 53   338 
3 54   168 
3 55   876 
3 56   648 
3 57    97 
3 58   460 
3 59   690 
3 60   639 
3 61   291 
3 62   775 
3 63   633 
3 64   466 
3 65   441 
3 66   493 
3 67   703 
3 68   200 
3 69   363 
3 70   622 
3 71   416 
3 72   466 
3 73   297 
3 74   602 
3 75   776 
3 76   602 
3 77   199 
3 78   333 
3 79   776 
3 80    41 
4 6   407 
4 7   447 
4 8   463 
4 9   214 
4 10   745 
4 11   346 
4 12   604 
4 13   547 
4 14   266 
4 15   599 
4 16    87 
4 17   823 
4 18    18 
4 19   390 
4 20   498 
4 21   308 
4 22   496 
4 23   407 
4 24   509 
4 25   575 
4 26   280 
4 27   252 
4 28   669 
4 29   404 
4 30   280 
4 31   598 
4 32   290 
4 33   270 
4 34   194 
4 35   527 
4 36    84 
4 37   668 
4 38   256 
4 39   176 
4 40   153 
4 41   700 
4 42   498 
4 43   203 
4 44   712 
4 45    44 
4 46   172 
4 47   667 
4 48   591 
4 49   615 
4 50   285 
4 51   614 
4 52   254 
4 53   561 
4 54   617 
4 55   382 
4 56   403 
4 57   565 
4 58   166 
4 59   222 
4 60   110 
4 61   541 
4 62   507 
4 63   103 
4 64   357 
4 65   821 
4 66   284 
4 67   461 
4 68   439 
4 69   280 
4 70    94 
4 71   800 
4 72   319 
4 73   421 
4 74   217 
4 75   218 
4 76   258 
4 77   519 
4 78   744 
4 79   226 
4 80   541 
5 7   592 
5 8   769 
5 9   486 
5 10   898 
5 11   341 
5 12   930 
5 13   810 
5 14   327 
5 15   840 
5 16   326 
5 17  1191 
5 18   356 
5 19   348 
5 20   688 
5 21    89 
5 22   789 
5 23   763 
5 24   884 
5 25   950 
5 26   648 
5 27   614 
5 28   978 
5 29    29 
5 30   398 
5 31   940 
5 32   514 
5 33   171 
5 34   198 
5 35   902 
5 36   452 
5 37   793 
5 38   519 
5 39   524 
5 40   224 
5 41   941 
5 42   690 
5 43   492 
5 44   850 
5 45   366 
5 46   216 
5 47   786 
5 48   965 
5 49   977 
5 50   463 
5 51   749 
5 52   160 
5 53   862 
5 54   991 
5 55   350 
5 56   632 
5 57   925 
5 58   520 
5 59   291 
5 60   330 
5 61   857 
5 62   672 
5 63   297 
5 64   608 
5 65  1183 
5 66   531 
5 67   666 
5 68   813 
5 69   604 
5 70   343 
5 71  1163 
5 72   576 
5 73   740 
5 74   391 
5 75   174 
5 76   424 
5 77   860 
5 78  1112 
5 79   153 
5 80   908 
6 8   800 
6 9   515 
6 10   920 
6 11   362 
6 12   961 
6 13   838 
6 14   353 
6 15   864 
6 16   359 
6 17  1223 
6 18   389 
6 19   365 
6 20   713 
6 21   118 
6 22   818 
6 23   794 
6 24   917 
6 25   982 
6 26   680 
6 27   646 
6 28  1009 
6 29     6 
6 30   421 
6 31   972 
6 32   543 
6 33   198 
6 34   230 
6 35   934 
6 36   485 
6 37   813 
6 38   546 
6 39   555 
6 40   256 
6 41   968 
6 42   716 
6 43   523 
6 44   871 
6 45   398 
6 46   247 
6 47   806 
6 48   997 
6 49  1009 
6 50   487 
6 51   771 
6 52   187 
6 53   890 
6 54  1024 
6 55   368 
6 56   660 
6 57   956 
6 58   552 
6 59   316 
6 60   362 
6 61   886 
6 62   697 
6 63   328 
6 64   634 
6 65  1215 
6 66   558 
6 67   692 
6 68   845 
6 69   634 
6 70   375 
6 71  1195 
6 72   603 
6 73   769 
6 74   417 
6 75   206 
6 76   448 
6 77   890 
6 78  1145 
6 79   185 
6 80   940 
7 9   652 
7 10   314 
7 11   259 
7 12   472 
7 13   274 
7 14   267 
7 15  1013 
7 16   385 
7 17   825 
7 18   444 
7 19   275 
7 20   106 
7 21   505 
7 22   307 
7 23   716 
7 24   647 
7 25   712 
7 26   442 
7 27   404 
7 28   479 
7 29   610 
7 30   721 
7 31   518 
7 32   165 
7 33   423 
7 34   436 
7 35   695 
7 36   415 
7 37   223 
7 38   693 
7 39   570 
7 40   498 
7 41   366 
7 42   110 
7 43   268 
7 44   272 
7 45   490 
7 46   528 
7 47   221 
7 48   766 
7 49   616 
7 50   732 
7 51   170 
7 52   589 
7 53   932 
7 54   725 
7 55   267 
7 56   131 
7 57   831 
7 58   373 
7 59   637 
7 60   360 
7 61   898 
7 62    81 
7 63   516 
7 64   787 
7 65   786 
7 66   722 
7 67   106 
7 68   576 
7 69   672 
7 70   366 
7 71   775 
7 72   750 
7 73   790 
7 74   661 
7 75   448 
7 76   704 
7 77   841 
7 78   762 
7 79   532 
7 80   779 
8 10   427 
8 11   510 
8 12   166 
8 13   130 
8 14   468 
8 15   872 
8 16   459 
8 17   504 
8 18   473 
8 19   545 
8 20   251 
8 21   682 
8 22    45 
8 23   517 
8 24   364 
8 25   419 
8 26   258 
8 27   249 
8 28   210 
8 29   795 
8 30   725 
8 31   199 
8 32   268 
8 33   605 
8 34   574 
8 35   418 
8 36   386 
8 37   418 
8 38   626 
8 39   483 
8 40   591 
8 41   274 
8 42   247 
8 43   280 
8 44   426 
8 45   502 
8 46   618 
8 47   426 
8 48   483 
8 49   296 
8 50   704 
8 51   375 
8 52   699 
8 53   750 
8 54   421 
8 55   535 
8 56   192 
8 57   585 
8 58   303 
8 59   684 
8 60   447 
8 61   707 
8 62   292 
8 63   565 
8 64   693 
8 65   468 
8 66   654 
8 67   223 
8 68   308 
8 69   553 
8 70   439 
8 71   455 
8 72   665 
8 73   626 
8 74   659 
8 75   596 
8 76   691 
8 77   629 
8 78   441 
8 79   653 
8 80   524 
9 11   556 
9 12   705 
9 13   705 
9 14   478 
9 15   389 
9 16   297 
9 17   834 
9 18   224 
9 19   598 
9 20   690 
9 21   451 
9 22   637 
9 23   302 
9 24   499 
9 25   550 
9 26   351 
9 27   348 
9 28   782 
9 29   514 
9 30   161 
9 31   679 
9 32   489 
9 33   445 
9 34   364 
9 35   493 
9 36   240 
9 37   870 
9 38    42 
9 39   117 
9 40   283 
9 41   860 
9 42   690 
9 43   390 
9 44   910 
9 45   178 
9 46   277 
9 47   870 
9 48   540 
9 49   656 
9 50   112 
9 51   815 
9 52   328 
9 53   378 
9 54   601 
9 55   590 
9 56   589 
9 57   459 
9 58   306 
9 59   209 
9 60   322 
9 61   370 
9 62   705 
9 63   208 
9 64   144 
9 65   851 
9 66    70 
9 67   651 
9 68   450 
9 69   128 
9 70   308 
9 71   827 
9 72   106 
9 73   254 
9 74   114 
9 75   381 
9 76   116 
9 77   379 
9 78   756 
9 79   339 
9 80   458 
10 12   492 
10 13   300 
10 14   579 
10 15  1270 
10 16   693 
10 17   844 
10 18   745 
10 19   559 
10 20   248 
10 21   813 
10 22   385 
10 23   933 
10 24   789 
10 25   839 
10 26   657 
10 27   632 
10 28   444 
10 29   914 
10 30  1025 
10 31   559 
10 32   455 
10 33   732 
10 34   750 
10 35   844 
10 36   698 
10 37   111 
10 38   976 
10 39   841 
10 40   811 
10 41   228 
10 42   248 
10 43   548 
10 44    53 
10 45   790 
10 46   841 
10 47   122 
10 48   906 
10 49   681 
10 50  1028 
10 51   149 
10 52   904 
10 53  1164 
10 54   833 
10 55   555 
10 56   348 
10 57  1012 
10 58   637 
10 59   948 
10 60   669 
10 61  1124 
10 62   241 
10 63   824 
10 64  1062 
10 65   785 
10 66  1005 
10 67   286 
10 68   735 
10 69   933 
10 70   674 
10 71   784 
10 72  1028 
10 73  1031 
10 74   963 
10 75   762 
10 76  1004 
10 77  1051 
10 78   804 
10 79   846 
10 80   952 
11 13   511 
11 14    80 
11 15   944 
11 16   259 
11 17   996 
11 18   333 
11 19    46 
11 20   363 
11 21   259 
11 22   515 
11 23   727 
11 24   747 
11 25   816 
11 26   503 
11 27   460 
11 28   704 
11 29   356 
11 30   567 
11 31   705 
11 32   245 
11 33   183 
11 34   229 
11 35   783 
11 36   367 
11 37   452 
11 38   598 
11 39   517 
11 40   314 
11 41   623 
11 42   366 
11 43   290 
11 44   509 
11 45   377 
11 46   339 
11 47   445 
11 48   855 
11 49   777 
11 50   601 
11 51   409 
11 52   377 
11 53   905 
11 54   844 
11 55    36 
11 56   334 
11 57   873 
11 58   381 
11 59   463 
11 60   236 
11 61   882 
11 62   340 
11 63   365 
11 64   700 
11 65   970 
11 66   623 
11 67   349 
11 68   670 
11 69   624 
11 70   253 
11 71   955 
11 72   662 
11 73   762 
11 74   521 
11 75   231 
11 76   566 
11 77   848 
11 78   923 
11 79   319 
11 80   834 
12 14   634 
12 15   924 
12 16   613 
12 17   363 
12 18   617 
12 19   710 
12 20   385 
12 21   844 
12 22   166 
12 23   555 
12 24   339 
12 25   371 
12 26   354 
12 27   362 
12 28    85 
12 29   957 
12 30   847 
12 31    68 
12 32   434 
12 33   769 
12 34   733 
12 35   393 
12 36   522 
12 37   518 
12 38   728 
12 39   588 
12 40   743 
12 41   280 
12 42   381 
12 43   438 
12 44   508 
12 45   640 
12 46   768 
12 47   528 
12 48   442 
12 49   191 
12 50   817 
12 51   487 
12 52   850 
12 53   783 
12 54   353 
12 55   700 
12 56   351 
12 57   577 
12 58   438 
12 59   822 
12 60   603 
12 61   736 
12 62   427 
12 63   708 
12 64   778 
12 65   315 
12 66   754 
12 67   368 
12 68   316 
12 69   636 
12 70   594 
12 71   308 
12 72   756 
12 73   677 
12 74   783 
12 75   756 
12 76   810 
12 77   648 
12 78   314 
12 79   808 
12 80   513 
13 15   999 
13 16   525 
13 17   579 
13 18   554 
13 19   537 
13 20   176 
13 21   721 
13 22    86 
13 23   647 
13 24   489 
13 25   539 
13 26   381 
13 27   366 
13 28   205 
13 29   833 
13 30   821 
13 31   275 
13 32   296 
13 33   640 
13 34   624 
13 35   544 
13 36   479 
13 37   306 
13 38   737 
13 39   595 
13 40   657 
13 41   154 
13 42   171 
13 43   348 
13 44   304 
13 45   590 
13 46   686 
13 47   316 
13 48   606 
13 49   392 
13 50   808 
13 51   272 
13 52   763 
13 53   880 
13 54   535 
13 55   528 
13 56   179 
13 57   714 
13 58   401 
13 59   768 
13 60   508 
13 61   837 
13 62   217 
13 63   644 
13 64   811 
13 65   530 
13 66   766 
13 67   169 
13 68   437 
13 69   673 
13 70   504 
13 71   523 
13 72   781 
13 73   753 
13 74   756 
13 75   644 
13 76   791 
13 77   760 
13 78   526 
13 79   712 
13 80   653 
14 16   180 
14 17   939 
14 18   254 
14 19   126 
14 20   360 
14 21   239 
14 22   479 
14 23   648 
14 24   677 
14 25   747 
14 26   431 
14 27   389 
14 28   670 
14 29   347 
14 30   499 
14 31   657 
14 32   200 
14 33   156 
14 34   174 
14 35   711 
14 36   287 
14 37   480 
14 38   520 
14 39   436 
14 40   251 
14 41   615 
14 42   363 
14 43   223 
14 44   534 
14 45   299 
14 46   279 
14 47   474 
14 48   782 
14 49   720 
14 50   528 
14 51   431 
14 52   329 
14 53   824 
14 54   777 
14 55   116 
14 56   309 
14 57   795 
14 58   306 
14 59   399 
14 60   156 
14 61   801 
14 62   347 
14 63   293 
14 64   622 
14 65   918 
14 66   546 
14 67   338 
14 68   601 
14 69   543 
14 70   172 
14 71   901 
14 72   584 
14 73   681 
14 74   449 
14 75   184 
14 76   494 
14 77   768 
14 78   865 
14 79   271 
14 80   758 
15 17   898 
15 18   611 
15 19   987 
15 20  1031 
15 21   823 
15 22   917 
15 23   368 
15 24   609 
15 25   619 
15 26   617 
15 27   639 
15 28  1009 
15 29   865 
15 30   443 
15 31   874 
15 32   848 
15 33   829 
15 34   749 
15 35   568 
15 36   602 
15 37  1219 
15 38   347 
15 39   444 
15 40   664 
15 41  1146 
15 42  1029 
15 43   745 
15 44  1250 
15 45   567 
15 46   652 
15 47  1221 
15 48   566 
15 49   799 
15 50   377 
15 51  1164 
15 52   681 
15 53   165 
15 54   668 
15 55   979 
15 56   927 
15 57   411 
15 58   642 
15 59   550 
15 60   709 
15 61   211 
15 62  1054 
15 63   593 
15 64   245 
15 65   942 
15 66   324 
15 67   990 
15 68   609 
15 69   341 
15 70   693 
15 71   918 
15 72   282 
15 73   247 
15 74   453 
15 75   764 
15 76   417 
15 77   301 
15 78   835 
15 79   708 
15 80   460 
16 18    73 
16 19   303 
16 20   450 
16 21   248 
16 22   486 
16 23   488 
16 24   565 
16 25   633 
16 26   323 
16 27   287 
16 28   669 
16 29   355 
16 30   336 
16 31   617 
16 32   243 
16 33   196 
16 34   130 
16 35   588 
16 36   134 
16 37   609 
16 38   340 
16 39   262 
16 40   132 
16 41   673 
16 42   451 
16 43   180 
16 44   656 
16 45   118 
16 46   160 
16 47   606 
16 48   656 
16 49   650 
16 50   355 
16 51   555 
16 52   239 
16 53   648 
16 54   671 
16 55   295 
16 56   364 
16 57   643 
16 58   193 
16 59   254 
16 60    26 
16 61   628 
16 62   452 
16 63   131 
16 64   441 
16 65   856 
16 66   366 
16 67   417 
16 68   491 
16 69   367 
16 70    21 
16 71   836 
16 72   403 
16 73   507 
16 74   280 
16 75   155 
16 76   324 
16 77   603 
16 78   786 
16 79   195 
16 80   614 
17 19  1035 
17 20   746 
17 21  1112 
17 22   520 
17 23   570 
17 24   335 
17 25   292 
17 26   543 
17 27   577 
17 28   400 
17 29  1220 
17 30   995 
17 31   307 
17 32   752 
17 33  1049 
17 34   994 
17 35   350 
17 36   741 
17 37   880 
17 38   840 
17 39   730 
17 40   976 
17 41   619 
17 42   741 
17 43   719 
17 44   866 
17 45   845 
17 46   995 
17 47   891 
17 48   333 
17 49   219 
17 50   942 
17 51   850 
17 52  1077 
17 53   733 
17 54   239 
17 55  1025 
17 56   697 
17 57   487 
17 58   671 
17 59  1009 
17 60   864 
17 61   687 
17 62   788 
17 63   920 
17 64   847 
17 65    71 
17 66   858 
17 67   724 
17 68   389 
17 69   723 
17 70   849 
17 71    62 
17 72   840 
17 73   689 
17 74   940 
17 75  1019 
17 76   951 
17 77   597 
17 78    79 
17 79  1048 
17 80   439 
18 20   499 
18 21   289 
18 22   505 
18 23   426 
18 24   527 
18 25   593 
18 26   297 
18 27   268 
18 28   680 
18 29   386 
18 30   279 
18 31   612 
18 32   290 
18 33   252 
18 34   175 
18 35   545 
18 36    99 
18 37   666 
18 38   267 
18 39   193 
18 40   136 
18 41   706 
18 42   499 
18 43   207 
18 44   711 
18 45    47 
18 46   155 
18 47   665 
18 48   609 
18 49   631 
18 50   289 
18 51   612 
18 52   238 
18 53   577 
18 54   635 
18 55   368 
18 56   406 
18 57   584 
18 58   179 
18 59   214 
18 60    98 
18 61   558 
18 62   506 
18 63    91 
18 64   368 
18 65   837 
18 66   293 
18 67   463 
18 68   457 
18 69   295 
18 70    83 
18 71   816 
18 72   330 
18 73   437 
18 74   218 
18 75   199 
18 76   260 
18 77   537 
18 78   761 
18 79   208 
18 80   560 
19 21   272 
19 22   547 
19 23   773 
19 24   791 
19 25   860 
19 26   547 
19 27   505 
19 28   734 
19 29   359 
19 30   602 
19 31   742 
19 32   283 
19 33   204 
19 34   261 
19 35   828 
19 36   413 
19 37   451 
19 38   640 
19 39   562 
19 40   348 
19 41   641 
19 42   384 
19 43   334 
19 44   509 
19 45   419 
19 46   372 
19 47   443 
19 48   899 
19 49   816 
19 50   639 
19 51   411 
19 52   402 
19 53   949 
19 54   887 
19 55    10 
19 56   363 
19 57   919 
19 58   427 
19 59   496 
19 60   280 
19 61   927 
19 62   354 
19 63   403 
19 64   742 
19 65  1008 
19 66   665 
19 67   372 
19 68   714 
19 69   668 
19 70   297 
19 71   993 
19 72   704 
19 73   807 
19 74   559 
19 75   259 
19 76   603 
19 77   894 
19 78   964 
19 79   346 
19 80   880 
20 22   225 
20 23   709 
20 24   604 
20 25   664 
20 26   429 
20 27   398 
20 28   381 
20 29   707 
20 30   778 
20 31   438 
20 32   208 
20 33   517 
20 34   520 
20 35   655 
20 36   450 
20 37   189 
20 38   729 
20 39   596 
20 40   573 
20 41   261 
20 42     4 
20 43   300 
20 44   220 
20 45   542 
20 46   603 
20 47   193 
20 48   724 
20 49   545 
20 50   780 
20 51   137 
20 52   671 
20 53   935 
20 54   670 
20 55   373 
20 56   103 
20 57   807 
20 58   392 
20 59   704 
20 60   427 
20 61   897 
20 62    42 
20 63   580 
20 64   816 
20 65   701 
20 66   758 
20 67    40 
20 68   538 
20 69   691 
20 70   430 
20 71   692 
20 72   782 
20 73   797 
20 74   715 
20 75   536 
20 76   756 
20 77   831 
20 78   687 
20 79   615 
20 80   751 
21 23   709 
21 24   813 
21 25   880 
21 26   572 
21 27   536 
21 28   890 
21 29   113 
21 30   391 
21 31   855 
21 32   425 
21 33    82 
21 34   118 
21 35   834 
21 36   380 
21 37   710 
21 38   488 
21 39   470 
21 40   170 
21 41   852 
21 42   602 
21 43   406 
21 44   766 
21 45   308 
21 46   174 
21 47   703 
21 48   899 
21 49   897 
21 50   448 
21 51   665 
21 52   153 
21 53   829 
21 54   919 
21 55   273 
21 56   543 
21 57   870 
21 58   442 
21 59   278 
21 60   249 
21 61   819 
21 62   585 
21 63   247 
21 64   584 
21 65  1102 
21 66   504 
21 67   577 
21 68   740 
21 69   560 
21 70   263 
21 71  1083 
21 72   549 
21 73   700 
21 74   370 
21 75    93 
21 76   408 
21 77   813 
21 78  1034 
21 79   115 
21 80   849 
22 24   404 
22 25   456 
22 26   302 
22 27   291 
22 28   191 
22 29   813 
22 30   762 
22 31   212 
22 32   279 
22 33   622 
22 34   596 
22 35   459 
22 36   421 
22 37   382 
22 38   668 
22 39   524 
22 40   619 
22 41   229 
22 42   221 
22 43   306 
22 44   386 
22 45   537 
22 46   646 
22 47   391 
22 48   522 
22 49   320 
22 50   744 
22 51   342 
22 52   726 
22 53   796 
22 54   455 
22 55   537 
22 56   186 
22 57   628 
22 58   339 
22 59   718 
22 60   472 
22 61   753 
22 62   268 
22 63   596 
22 64   736 
22 65   479 
22 66   696 
22 67   204 
22 68   350 
22 69   597 
22 70   466 
22 71   468 
22 72   708 
22 73   671 
22 74   697 
22 75   617 
22 76   730 
22 77   674 
22 78   461 
22 79   679 
22 80   567 
23 25   277 
23 26   279 
23 27   312 
23 28   640 
23 29   793 
23 30   457 
23 31   505 
23 32   559 
23 33   678 
23 34   601 
23 35   220 
23 36   361 
23 37   898 
23 38   292 
23 39   239 
23 40   541 
23 41   787 
23 42   706 
23 43   463 
23 44   921 
23 45   401 
23 46   546 
23 47   902 
23 48   248 
23 49   436 
23 50   394 
23 51   846 
23 52   614 
23 53   233 
23 54   330 
23 55   763 
23 56   608 
23 57   161 
23 58   355 
23 59   508 
23 60   504 
23 61   191 
23 62   739 
23 63   466 
23 64   278 
23 65   601 
23 66   302 
23 67   669 
23 68   240 
23 69   174 
23 70   485 
23 71   576 
23 72   276 
23 73   126 
23 74   416 
23 75   623 
23 76   413 
23 77   125 
23 78   497 
23 79   609 
23 80   157 
24 26   247 
24 27   288 
24 28   423 
24 29   914 
24 30   660 
24 31   278 
24 32   523 
24 33   759 
24 34   694 
24 35    55 
24 36   433 
24 37   781 
24 38   505 
24 39   397 
24 40   662 
24 41   605 
24 42   600 
24 43   456 
24 44   790 
24 45   525 
24 46   678 
24 47   788 
24 48   120 
24 49   189 
24 50   607 
24 51   736 
24 52   757 
24 53   456 
24 54   107 
24 55   780 
24 56   519 
24 57   238 
24 58   377 
24 59   680 
24 60   570 
24 61   408 
24 62   642 
24 63   599 
24 64   518 
24 65   357 
24 66   523 
24 67   569 
24 68    76 
24 69   389 
24 70   554 
24 71   332 
24 72   508 
24 73   375 
24 74   606 
24 75   719 
24 76   616 
24 77   316 
24 78   257 
24 79   735 
24 80   174 
25 27   358 
25 28   451 
25 29   979 
25 30   712 
25 31   305 
25 32   591 
25 33   827 
25 34   762 
25 35    58 
25 36   500 
25 37   837 
25 38   552 
25 39   453 
25 40   727 
25 41   646 
25 42   660 
25 43   525 
25 44   843 
25 45   588 
25 46   742 
25 47   845 
25 48    71 
25 49   196 
25 50   655 
25 51   794 
25 52   820 
25 53   459 
25 54    52 
25 55   849 
25 56   582 
25 57   222 
25 58   446 
25 59   738 
25 60   638 
25 61   411 
25 62   703 
25 63   662 
25 64   555 
25 65   326 
25 66   568 
25 67   630 
25 68   146 
25 69   434 
25 70   622 
25 71   301 
25 72   548 
25 73   399 
25 74   660 
25 75   786 
25 76   667 
25 77   319 
25 78   219 
25 79   800 
25 80   162 
26 28   431 
26 29   677 
26 30   495 
26 31   332 
26 32   294 
26 33   514 
26 34   453 
26 35   280 
26 36   197 
26 37   619 
26 38   375 
26 39   234 
26 40   433 
26 41   531 
26 42   427 
26 43   213 
26 44   643 
26 45   306 
26 46   452 
26 47   623 
26 48   351 
26 49   335 
26 50   463 
26 51   567 
26 52   535 
26 53   507 
26 54   350 
26 55   537 
26 56   329 
26 57   390 
26 58   131 
26 59   482 
26 60   325 
26 61   468 
26 62   460 
26 63   380 
26 64   435 
26 65   541 
26 66   402 
26 67   390 
26 68   171 
26 69   294 
26 70   310 
26 71   519 
26 72   409 
26 73   374 
26 74   432 
26 75   478 
26 76   457 
26 77   402 
26 78   464 
26 79   505 
26 80   342 
27 29   643 
27 30   485 
27 31   348 
27 32   253 
27 33   476 
27 34   418 
27 35   322 
27 36   168 
27 37   588 
27 38   377 
27 39   234 
27 40   402 
27 41   518 
27 42   396 
27 43   170 
27 44   615 
27 45   283 
27 46   423 
27 47   591 
27 48   394 
27 49   364 
27 50   458 
27 51   535 
27 52   506 
27 53   536 
27 54   390 
27 55   494 
27 56   296 
27 57   430 
27 58    94 
27 59   462 
27 60   288 
27 61   499 
27 62   427 
27 63   354 
27 64   445 
27 65   570 
27 66   405 
27 67   358 
27 68   212 
27 69   307 
27 70   273 
27 71   550 
27 72   416 
27 73   399 
27 74   420 
27 75   442 
27 76   449 
27 77   436 
27 78   498 
27 79   473 
27 80   383 
28 30   921 
28 31   145 
28 32   470 
28 33   813 
28 34   784 
28 35   476 
28 36   589 
28 37   486 
28 38   806 
28 39   665 
28 40   801 
28 41   219 
28 42   377 
28 43   490 
28 44   467 
28 45   706 
28 46   827 
28 47   497 
28 48   522 
28 49   262 
28 50   893 
28 51   463 
28 52   909 
28 53   868 
28 54   428 
28 55   724 
28 56   371 
28 57   661 
28 58   505 
28 59   889 
28 60   657 
28 61   821 
28 62   422 
28 63   771 
28 64   860 
28 65   341 
28 66   833 
28 67   372 
28 68   401 
28 69   718 
28 70   649 
28 71   340 
28 72   837 
28 73   762 
28 74   856 
28 75   806 
28 76   885 
28 77   733 
28 78   364 
28 79   864 
28 80   597 
29 31   967 
29 32   538 
29 33   193 
29 34   226 
29 35   931 
29 36   481 
29 37   807 
29 38   546 
29 39   553 
29 40   254 
29 41   962 
29 42   710 
29 43   518 
29 44   865 
29 45   395 
29 46   246 
29 47   800 
29 48   994 
29 49  1005 
29 50   488 
29 51   765 
29 52   187 
29 53   890 
29 54  1021 
29 55   362 
29 56   654 
29 57   954 
29 58   549 
29 59   316 
29 60   358 
29 61   885 
29 62   691 
29 63   326 
29 64   635 
29 65  1211 
29 66   558 
29 67   686 
29 68   842 
29 69   633 
29 70   371 
29 71  1191 
29 72   603 
29 73   769 
29 74   417 
29 75   202 
29 76   449 
29 77   889 
29 78  1141 
29 79   183 
29 80   938 
30 32   569 
30 33   415 
30 34   343 
30 35   654 
30 36   342 
30 37   944 
30 38   166 
30 39   269 
30 40   254 
30 41   975 
30 42   778 
30 43   482 
30 44   990 
30 45   235 
30 46   233 
30 47   942 
30 48   700 
30 49   813 
30 50    72 
30 51   890 
30 52   241 
30 53   486 
30 54   762 
30 55   597 
30 56   683 
30 57   609 
30 58   422 
30 59   113 
30 60   362 
30 61   491 
30 62   785 
30 63   207 
30 64   225 
30 65  1010 
30 66   161 
30 67   741 
30 68   609 
30 69   283 
30 70   354 
30 71   986 
30 72   201 
30 73   388 
30 74    65 
30 75   350 
30 76    45 
30 77   519 
30 78   916 
30 79   278 
30 80   615 
31 33   784 
31 34   741 
31 35   331 
31 36   515 
31 37   581 
31 38   699 
31 39   562 
31 40   743 
31 41   348 
31 42   433 
31 43   450 
31 44   573 
31 45   631 
31 46   766 
31 47   591 
31 48   377 
31 49   123 
31 50   791 
31 51   547 
31 52   850 
31 53   729 
31 54   285 
31 55   731 
31 56   392 
31 57   516 
31 58   433 
31 59   811 
31 60   610 
31 61   681 
31 62   480 
31 63   702 
31 64   742 
31 65   268 
31 66   724 
31 67   416 
31 68   264 
31 69   600 
31 70   599 
31 71   256 
31 72   722 
31 73   630 
31 74   764 
31 75   765 
31 76   788 
31 77   592 
31 78   251 
31 79   811 
31 80   452 
32 34   328 
32 35   565 
32 36   250 
32 37   380 
32 38   529 
32 39   405 
32 40   370 
32 41   435 
32 42   209 
32 43   102 
32 44   422 
32 45   334 
32 46   400 
32 47   380 
32 48   637 
32 49   533 
32 50   574 
32 51   326 
32 52   473 
32 53   770 
32 54   613 
32 55   272 
32 56   123 
32 57   683 
32 58   209 
32 59   496 
32 60   221 
32 61   737 
32 62   216 
32 63   372 
32 64   622 
32 65   725 
32 66   559 
32 67   173 
32 68   447 
32 69   507 
32 70   223 
32 71   710 
32 72   586 
32 73   627 
32 74   508 
32 75   348 
32 76   549 
32 77   684 
32 78   681 
32 79   419 
32 80   636 
33 35   784 
33 36   330 
33 37   630 
33 38   484 
33 39   443 
33 40   166 
33 41   770 
33 42   519 
33 43   334 
33 44   686 
33 45   281 
33 46   182 
33 47   624 
33 48   852 
33 49   831 
33 50   462 
33 51   584 
33 52   198 
33 53   818 
33 54   864 
33 55   202 
33 56   461 
33 57   836 
33 58   383 
33 59   303 
33 60   189 
33 61   804 
33 62   503 
33 63   237 
33 64   585 
33 65  1035 
33 66   505 
33 67   494 
33 68   684 
33 69   541 
33 70   205 
33 71  1016 
33 72   548 
33 73   683 
33 74   381 
33 75    65 
33 76   423 
33 77   789 
33 78   971 
33 79   144 
33 80   809 
34 36   262 
34 37   653 
34 38   404 
34 39   364 
34 40    89 
34 41   763 
34 42   522 
34 43   294 
34 44   707 
34 45   201 
34 46   111 
34 47   648 
34 48   782 
34 49   779 
34 50   385 
34 51   604 
34 52   154 
34 53   737 
34 54   801 
34 55   256 
34 56   451 
34 57   759 
34 58   323 
34 59   235 
34 60   132 
34 61   723 
34 62   513 
34 63   156 
34 64   505 
34 65   985 
34 66   425 
34 67   493 
34 68   621 
34 69   460 
34 70   145 
34 71   965 
34 72   468 
34 73   602 
34 74   304 
34 75    24 
34 76   347 
34 77   709 
34 78   916 
34 79    96 
34 80   735 
35 37   834 
35 38   494 
35 39   398 
35 40   678 
35 41   661 
35 42   652 
35 43   493 
35 44   844 
35 45   538 
35 46   691 
35 47   841 
35 48    72 
35 49   234 
35 50   597 
35 51   789 
35 52   768 
35 53   411 
35 54   110 
35 55   817 
35 56   568 
35 57   184 
35 58   407 
35 59   683 
35 60   596 
35 61   363 
35 62   693 
35 63   611 
35 64   497 
35 65   381 
35 66   510 
35 67   620 
35 68   119 
35 69   376 
35 70   579 
35 71   356 
35 72   490 
35 73   343 
35 74   603 
35 75   741 
35 76   610 
35 77   271 
35 78   276 
35 79   750 
35 80   121 
36 38   279 
36 39   159 
36 40   235 
36 41   633 
36 42   450 
36 43   150 
36 44   669 
36 45   117 
36 46   255 
36 47   630 
36 48   521 
36 49   532 
36 50   333 
36 51   575 
36 52   338 
36 53   542 
36 54   539 
36 55   404 
36 56   350 
36 57   512 
36 58    84 
36 59   300 
36 60   145 
36 61   516 
36 62   465 
36 63   186 
36 64   372 
36 65   738 
36 66   308 
36 67   411 
36 68   361 
36 69   265 
36 70   127 
36 71   717 
36 72   335 
36 73   398 
36 74   277 
36 75   286 
36 76   313 
36 77   480 
36 78   662 
36 79   307 
36 80   481 
37 39   780 
37 40   720 
37 41   290 
37 42   191 
37 43   480 
37 44    59 
37 45   712 
37 46   749 
37 47    12 
37 48   901 
37 49   698 
37 50   954 
37 51    54 
37 52   808 
37 53  1124 
37 54   838 
37 55   447 
37 56   292 
37 57   992 
37 58   577 
37 59   861 
37 60   584 
37 61  1086 
37 62   165 
37 63   740 
37 64  1000 
37 65   826 
37 66   939 
37 67   229 
37 68   720 
37 69   878 
37 70   590 
37 71   822 
37 72   965 
37 73   986 
37 74   884 
37 75   664 
37 76   927 
37 77  1020 
37 78   832 
37 79   750 
37 80   935 
38 40   321 
38 41   892 
38 42   728 
38 43   429 
38 44   948 
38 45   221 
38 46   314 
38 47   909 
38 48   536 
38 49   669 
38 50   103 
38 51   855 
38 52   359 
38 53   343 
38 54   603 
38 55   632 
38 56   627 
38 57   443 
38 58   341 
38 59   235 
38 60   365 
38 61   340 
38 62   744 
38 63   247 
38 64   102 
38 65   860 
38 66    29 
38 67   689 
38 68   461 
38 69   119 
38 70   350 
38 71   835 
38 72    64 
38 73   228 
38 74   133 
38 75   420 
38 76   121 
38 77   356 
38 78   762 
38 79   374 
38 80   449 
39 41   750 
39 42   595 
39 43   302 
39 44   816 
39 45   163 
39 46   307 
39 47   782 
39 48   453 
39 49   544 
39 50   229 
39 51   726 
39 52   377 
39 53   387 
39 54   502 
39 55   553 
39 56   493 
39 57   400 
39 58   204 
39 59   284 
39 60   282 
39 61   366 
39 62   615 
39 63   226 
39 64   220 
39 65   742 
39 66   171 
39 67   556 
39 68   341 
39 69   107 
39 70   264 
39 71   718 
39 72   187 
39 73   245 
39 74   210 
39 75   385 
39 76   227 
39 77   345 
39 78   650 
39 79   370 
39 80   386 
40 42   575 
40 43   313 
40 44   771 
40 45   141 
40 46    29 
40 47   716 
40 48   740 
40 49   767 
40 50   297 
40 51   669 
40 52   107 
40 53   660 
40 54   770 
40 55   343 
40 56   493 
40 57   702 
40 58   311 
40 59   148 
40 60   150 
40 61   649 
40 62   571 
40 63    76 
40 64   420 
40 65   973 
40 66   340 
40 67   542 
40 68   593 
40 69   389 
40 70   153 
40 71   952 
40 72   384 
40 73   529 
40 74   215 
40 75   100 
40 76   258 
40 77   643 
40 78   897 
40 79    72 
40 80   684 
41 43   498 
41 44   259 
41 45   743 
41 46   833 
41 47   303 
41 48   716 
41 49   471 
41 50   963 
41 51   283 
41 52   907 
41 53  1021 
41 54   631 
41 55   634 
41 56   312 
41 57   839 
41 58   556 
41 59   919 
41 60   654 
41 61   977 
41 62   289 
41 63   795 
41 64   964 
41 65   558 
41 66   921 
41 67   276 
41 68   564 
41 69   825 
41 70   652 
41 71   558 
41 72   934 
41 73   899 
41 74   910 
41 75   781 
41 76   946 
41 77   896 
41 78   583 
41 79   855 
41 80   776 
42 44   221 
42 45   543 
42 46   604 
42 47   195 
42 48   721 
42 49   541 
42 50   780 
42 51   140 
42 52   673 
42 53   933 
42 54   666 
42 55   376 
42 56   102 
42 57   804 
42 58   390 
42 59   705 
42 60   428 
42 61   895 
42 62    46 
42 63   581 
42 64   815 
42 65   697 
42 66   758 
42 67    38 
42 68   535 
42 69   690 
42 70   431 
42 71   688 
42 72   781 
42 73   795 
42 74   716 
42 75   538 
42 76   756 
42 77   829 
42 78   683 
42 79   617 
42 80   748 
43 45   247 
43 46   340 
43 47   480 
43 48   565 
43 49   500 
43 50   480 
43 51   425 
43 52   420 
43 53   669 
43 54   554 
43 55   324 
43 56   201 
43 57   595 
43 58   108 
43 59   421 
43 60   166 
43 61   637 
43 62   315 
43 63   296 
43 64   520 
43 65   702 
43 66   459 
43 67   262 
43 68   379 
43 69   404 
43 70   159 
43 71   684 
43 72   485 
43 73   525 
43 74   418 
43 75   317 
43 76   458 
43 77   587 
43 78   644 
43 79   373 
43 80   552 
44 46   801 
44 47    69 
44 48   909 
44 49   693 
44 50   997 
44 51   102 
44 52   861 
44 53  1150 
44 54   840 
44 55   505 
44 56   324 
44 57  1008 
44 58   612 
44 59   910 
44 60   632 
44 61  1111 
44 62   205 
44 63   787 
44 64  1037 
44 65   809 
44 66   978 
44 67   260 
44 68   732 
44 69   911 
44 70   637 
44 71   806 
44 72  1002 
44 73  1014 
44 74   929 
44 75   718 
44 76   971 
44 77  1041 
44 78   822 
44 79   803 
44 80   949 
45 47   711 
45 48   599 
45 49   641 
45 50   242 
45 51   658 
45 52   232 
45 53   539 
45 54   632 
45 55   412 
45 56   448 
45 57   562 
45 58   201 
45 59   182 
45 60   144 
45 61   523 
45 62   551 
45 63    74 
45 64   323 
45 65   847 
45 66   247 
45 67   506 
45 68   458 
45 69   260 
45 70   130 
45 71   825 
45 72   285 
45 73   402 
45 74   173 
45 75   222 
45 76   214 
45 77   508 
45 78   766 
45 79   213 
45 80   542 
46 48   752 
46 49   787 
46 50   280 
46 51   698 
46 52    83 
46 53   655 
46 54   785 
46 55   367 
46 56   522 
46 57   708 
46 58   334 
46 59   123 
46 60   179 
46 61   647 
46 62   601 
46 63    81 
46 64   410 
46 65   993 
46 66   331 
46 67   572 
46 68   610 
46 69   389 
46 70   181 
46 71   972 
46 72   375 
46 73   528 
46 74   200 
46 75   117 
46 76   241 
46 77   645 
46 78   915 
46 79    63 
46 80   692 
47 49   708 
47 50   953 
47 51    56 
47 52   803 
47 53  1128 
47 54   846 
47 55   439 
47 56   295 
47 57   998 
47 58   579 
47 59   858 
47 60   581 
47 61  1090 
47 62   167 
47 63   737 
47 64  1001 
47 65   837 
47 66   939 
47 67   233 
47 68   726 
47 69   880 
47 70   588 
47 71   833 
47 72   965 
47 73   989 
47 74   883 
47 75   659 
47 76   925 
47 77  1024 
47 78   842 
47 79   745 
47 80   941 
48 50   639 
48 51   856 
48 52   828 
48 53   403 
48 54   107 
48 55   889 
48 56   639 
48 57   159 
48 58   477 
48 59   736 
48 60   664 
48 61   355 
48 62   762 
48 63   672 
48 64   526 
48 65   376 
48 66   549 
48 67   690 
48 68   191 
48 69   417 
48 70   647 
48 71   352 
48 72   524 
48 73   360 
48 74   652 
48 75   807 
48 76   655 
48 77   264 
48 78   269 
48 79   812 
48 80   106 
49 51   662 
49 52   870 
49 53   644 
49 54   166 
49 55   806 
49 56   485 
49 57   416 
49 58   457 
49 59   813 
49 60   648 
49 61   596 
49 62   587 
49 63   715 
49 64   696 
49 65   206 
49 66   691 
49 67   519 
49 68   208 
49 69   560 
49 70   634 
49 71   185 
49 72   681 
49 73   563 
49 74   753 
49 75   804 
49 76   771 
49 77   504 
49 78   147 
49 79   838 
49 80   354 
50 52   303 
50 53   414 
50 54   706 
50 55   633 
50 56   682 
50 57   542 
50 58   407 
50 59   172 
50 60   381 
50 61   419 
50 62   791 
50 63   236 
50 64   153 
50 65   961 
50 66    92 
50 67   742 
50 68   561 
50 69   222 
50 70   370 
50 71   937 
50 72   130 
50 73   318 
50 74    81 
50 75   396 
50 76    39 
50 77   449 
50 78   864 
50 79   333 
50 80   551 
51 53  1071 
51 54   797 
51 55   406 
51 56   239 
51 57   943 
51 58   523 
51 59   808 
51 60   531 
51 61  1034 
51 62   111 
51 63   687 
51 64   945 
51 65   799 
51 66   884 
51 67   177 
51 68   673 
51 69   824 
51 70   537 
51 71   793 
51 72   910 
51 73   933 
51 74   830 
51 75   615 
51 76   873 
51 77   968 
51 78   798 
51 79   700 
51 80   886 
52 54   864 
52 55   399 
52 56   596 
52 57   775 
52 58   417 
52 59   131 
52 60   255 
52 61   698 
52 62   665 
52 63   157 
52 64   448 
52 65  1076 
52 66   370 
52 67   642 
52 68   690 
52 69   449 
52 70   260 
52 71  1055 
52 72   416 
52 73   583 
52 74   230 
52 75   146 
52 76   264 
52 77   705 
52 78   997 
52 79    58 
52 80   763 
53 55   941 
53 56   832 
53 57   246 
53 58   561 
53 59   576 
53 60   669 
53 61    48 
53 62   962 
53 63   584 
53 64   260 
53 65   780 
53 66   332 
53 67   895 
53 68   466 
53 69   281 
53 70   652 
53 71   755 
53 72   288 
53 73   143 
53 74   474 
53 75   756 
53 76   448 
53 77   140 
53 78   672 
53 79   717 
53 80   298 
54 56   594 
54 57   265 
54 58   481 
54 59   786 
54 60   675 
54 61   459 
54 62   710 
54 63   707 
54 64   607 
54 65   275 
54 66   620 
54 67   639 
54 68   179 
54 69   486 
54 70   659 
54 71   250 
54 72   601 
54 73   451 
54 74   709 
54 75   826 
54 76   718 
54 77   367 
54 78   168 
54 79   843 
54 80   208 
55 57   908 
55 58   417 
55 59   491 
55 60   272 
55 61   918 
55 62   347 
55 63   397 
55 64   735 
55 65   997 
55 66   657 
55 67   363 
55 68   703 
55 69   659 
55 70   288 
55 71   982 
55 72   697 
55 73   798 
55 74   553 
55 75   255 
55 76   597 
55 77   884 
55 78   953 
55 79   343 
55 80   870 
56 58   288 
56 59   616 
56 60   344 
56 61   795 
56 62   131 
56 63   491 
56 64   713 
56 65   660 
56 66   657 
56 67    63 
56 68   449 
56 69   587 
56 70   344 
56 71   648 
56 72   679 
56 73   693 
56 74   620 
56 75   469 
56 76   660 
56 77   731 
56 78   632 
56 79   542 
56 80   657 
57 59   667 
57 60   657 
57 61   200 
57 62   841 
57 63   627 
57 64   409 
57 65   535 
57 66   449 
57 67   769 
57 68   277 
57 69   331 
57 70   639 
57 71   510 
57 72   416 
57 73   232 
57 74   572 
57 75   782 
57 76   565 
57 77   113 
57 78   427 
57 79   771 
57 80    63 
58 60   194 
58 61   529 
58 62   412 
58 63   269 
58 64   425 
58 65   663 
58 66   371 
58 67   351 
58 68   302 
58 69   301 
58 70   179 
58 71   643 
58 72   391 
58 73   418 
58 74   357 
58 75   348 
58 76   391 
58 77   480 
58 78   592 
58 79   381 
58 80   453 
59 61   574 
59 62   706 
59 63   125 
59 64   318 
59 65  1017 
59 66   243 
59 67   670 
59 68   619 
59 69   336 
59 70   274 
59 71   994 
59 72   288 
59 73   462 
59 74   102 
59 75   240 
59 76   133 
59 77   588 
59 78   930 
59 79   165 
59 80   663 
60 62   428 
60 63   156 
60 64   466 
60 65   853 
60 66   391 
60 67   394 
60 68   495 
60 69   388 
60 70    18 
60 71   834 
60 72   428 
60 73   528 
60 74   306 
60 75   156 
60 76   350 
60 77   621 
60 78   786 
60 79   207 
60 80   626 
61 63   572 
61 64   267 
61 65   732 
61 66   333 
61 67   857 
61 68   420 
61 69   263 
61 70   630 
61 71   708 
61 72   290 
61 73   121 
61 74   473 
61 75   742 
61 76   451 
61 77    92 
61 78   624 
61 79   709 
61 80   250 
62 64   835 
62 65   743 
62 66   774 
62 67    72 
62 68   575 
62 69   713 
62 70   433 
62 71   735 
62 72   799 
62 73   823 
62 74   724 
62 75   526 
62 76   765 
62 77   862 
62 78   730 
62 79   609 
62 80   786 
63 65   921 
63 66   268 
63 67   545 
63 68   533 
63 69   312 
63 70   150 
63 71   899 
63 72   311 
63 73   452 
63 74   156 
63 75   172 
63 76   201 
63 77   566 
63 78   840 
63 79   143 
63 80   611 
64 66    80 
64 67   776 
64 68   489 
64 69   142 
64 70   451 
64 71   850 
64 72    38 
64 73   177 
64 74   217 
64 75   520 
64 76   188 
64 77   307 
64 78   773 
64 79   469 
64 80   428 
65 67   682 
65 68   400 
65 69   746 
65 70   840 
65 71    25 
65 72   865 
65 73   724 
65 74   952 
65 75  1009 
65 76   967 
65 77   640 
65 78   107 
65 79  1044 
65 80   482 
66 68   483 
66 69   134 
66 70   377 
66 71   855 
66 72    45 
66 73   227 
66 74   141 
66 75   440 
66 76   119 
66 77   357 
66 78   781 
66 79   390 
66 80   459 
67 69   651 
67 70   396 
67 71   672 
67 72   742 
67 73   757 
67 74   679 
67 75   509 
67 76   719 
67 77   792 
67 78   663 
67 79   587 
67 80   714 
68 70   479 
68 71   377 
68 72   473 
68 73   365 
68 74   552 
68 75   646 
68 76   566 
68 77   334 
68 78   310 
68 79   666 
68 80   216 
69 71   721 
69 72   122 
69 73   142 
69 74   241 
69 75   480 
69 76   238 
69 77   255 
69 78   646 
69 79   452 
69 80   331 
70 72   413 
70 73   510 
70 74   296 
70 75   169 
70 76   340 
70 77   603 
70 78   771 
70 79   214 
70 80   608 
71 73   699 
71 74   929 
71 75   990 
71 76   943 
71 77   616 
71 78    83 
71 79  1024 
71 80   457 
72 74   186 
72 75   483 
72 76   161 
72 77   319 
72 78   764 
72 79   435 
72 80   430 
73 75   622 
73 76   346 
73 77   131 
73 78   619 
73 79   591 
73 80   257 
74 76    44 
74 77   489 
74 78   860 
74 79   254 
74 80   572 
75 77   731 
75 78   941 
75 79    88 
75 80   759 
76 78   873 
76 79   293 
76 80   570 
77 79   708 
77 80   158 
78 80   374 
0 
0 
0 
0 
0 
0 
0 
0 
0 
0 
0 
0 
0 
0 
0 
0 
0 
0 
0 
0 
0 
0 
0 
0 
0 
0 
0 
0 
0 
0 
0 
0 
0 
0 
0 
0 
0 
0 
0 
0 
0 
0 
0 
0 
0 
0 
0 
0 
0 
0 
0 
0 
0 
0 
0 
0 
0 
0 
0 
0 
0 
0 
0 
0 
0 
0 
0 
0 
0 
0 
0 
0 
0 
0 
0 
0 
0 
0 
0 
0 
  898   775 
  623   403 
  490   916 
  734   413 
  962   115 
  984    91 
  371   152 
  273   458 
  855   590 
   64    85 
  622    85 
  150   570 
  189   358 
  638   164 
  990   955 
  714   328 
   92   929 
  742   396 
  622    39 
  280   207 
  876   139 
  238   429 
  650   812 
  401   799 
  377   864 
  504   574 
  511   532 
   75   529 
  978    90 
  996   512 
  177   633 
  475   281 
  794   149 
  800   230 
  432   845 
  659   451 
  171    52 
  876   627 
  738   589 
  845   307 
   41   312 
  278   211 
  537   363 
  113    63 
  775   430 
  874   313 
  179    42 
  425   917 
  218   749 
  967   578 
  213    87 
  948   275 
  825   967 
  326   876 
  618    49 
  352   282 
  579   957 
  576   464 
  956   406 
  695   310 
  779   953 
  291   166 
  833   383 
  914   722 
   51   870 
  901   643 
  307   237 
  425   726 
  775   690 
  693   328 
   76   869 
  897   688 
  775   832 
  931   505 
  816   211 
  960   539 
  689   931 
  158   884 
  894   253 
  531   915 
