100 1859 
1 51   678 
1 52   271 
2 52   451 
2 53   468 
3 53   992 
3 54   868 
4 54   104 
4 55   859 
5 55   547 
5 56   354 
6 56   259 
6 57   698 
7 57   381 
7 58   200 
8 58   853 
8 59   119 
9 59   668 
9 60   132 
10 60   316 
10 61   626 
11 61   287 
11 62   567 
12 62   862 
12 63   170 
13 63   950 
13 64   844 
14 64   572 
14 65   419 
15 65   419 
15 66   500 
16 66   660 
16 67   455 
17 67   479 
17 68   175 
18 68   761 
18 69   215 
19 69   771 
19 70   140 
20 70   813 
20 71   484 
21 71   330 
21 72   167 
22 72   181 
22 73   485 
23 73   719 
23 74   686 
24 74    78 
24 75   600 
25 75   572 
25 76   127 
26 76   815 
26 77   788 
27 77   525 
27 78   488 
28 78   432 
28 79   362 
29 79   154 
29 80   743 
30 80   459 
30 81   352 
31 81   671 
31 82   636 
32 82   476 
32 83   119 
33 83   391 
33 84   233 
34 84   343 
34 85   636 
35 85   514 
35 86   154 
36 86   793 
36 87   244 
37 87   637 
37 88   671 
38 88   854 
38 89  1052 
39 89   866 
39 90   402 
40 90   377 
40 91   864 
41 91   642 
41 92   200 
42 92   709 
42 93   431 
43 93   673 
43 94   248 
44 94   276 
44 95   874 
45 95   804 
45 96   939 
46 96   687 
46 97   624 
47 97   502 
47 98   527 
48 98   801 
48 99   599 
49 99   467 
49 100   261 
50 100   153 
1 53   117 
1 54   454 
1 55   863 
1 56   630 
1 58   672 
1 59   527 
1 60   966 
1 61    27 
1 62   833 
1 63   822 
1 65   485 
1 66  1029 
1 67   824 
1 68   316 
1 69   831 
1 71   718 
1 72   362 
1 73   587 
1 76   968 
1 77   963 
1 78  1073 
1 79   650 
1 83   905 
1 84   440 
1 86   800 
1 87   500 
1 88   616 
1 89   144 
1 90   761 
1 91   432 
1 92   836 
1 93   474 
1 94   994 
1 95   624 
1 97   639 
1 98   894 
1 100   300 
2 51   135 
2 54   456 
2 55   464 
2 58   271 
2 59   467 
2 60   438 
2 61   524 
2 62   380 
2 63   422 
2 64   322 
2 65   177 
2 66   519 
2 67   314 
2 69   337 
2 71   176 
2 72   311 
2 73   465 
2 74   290 
2 76   421 
2 77   459 
2 79   147 
2 80   510 
2 81   372 
2 82   464 
2 83   371 
2 84   158 
2 85   274 
2 86   365 
2 88   350 
2 89   444 
2 90   311 
2 91   293 
2 92   294 
2 93   457 
2 94   482 
2 95   550 
2 96   683 
2 97   441 
2 98   348 
2 100   299 
3 51   402 
3 52   958 
3 55   557 
3 56   506 
3 60   194 
3 62   405 
3 64   582 
3 65   647 
3 66   246 
3 67   314 
3 68   924 
3 69   385 
3 71   364 
3 72   807 
3 73   795 
3 74   295 
3 75   802 
3 77   271 
3 78   172 
3 79   466 
3 80   863 
3 81   765 
3 82   751 
3 83   209 
3 84   653 
3 85   346 
3 87   639 
3 89   965 
3 90   429 
3 91   761 
3 92   275 
3 93   891 
3 94   244 
3 95   866 
3 97   771 
3 98   189 
3 99   795 
3 100   819 
4 51   493 
4 52   494 
4 53   239 
4 56   564 
4 57   647 
4 58   654 
4 60   719 
4 61   330 
4 62   541 
4 63   815 
4 65   476 
4 66   759 
4 67   573 
4 69   750 
4 70   422 
4 71   523 
4 72   465 
4 73   232 
4 74   581 
4 75   327 
4 76   755 
4 77   692 
4 78   820 
4 80   211 
4 81   146 
4 83   672 
4 84   255 
4 86   768 
4 87   235 
4 88   673 
4 89   214 
4 90   479 
4 91   512 
4 93   644 
4 94   727 
4 95   275 
4 96   426 
4 97   739 
4 98   687 
4 99   238 
4 100   387 
5 51   169 
5 52   755 
5 53   741 
5 54   602 
5 57   780 
5 58   442 
5 60   133 
5 61   810 
5 62   187 
5 63   519 
5 64   489 
5 66   219 
5 67    65 
5 68   659 
5 70   318 
5 73   535 
5 74    29 
5 75   575 
5 78   239 
5 79   308 
5 80   601 
5 81   499 
5 82   497 
5 85    82 
5 86   451 
5 87   374 
5 88   572 
5 89   713 
5 91   582 
5 93   736 
5 94   183 
5 97   665 
5 98    88 
5 99   535 
5 100   604 
6 51   169 
6 52   704 
6 55   403 
6 58   323 
6 61   806 
6 62   330 
6 63   378 
6 64   365 
6 65   394 
6 66   331 
6 67   208 
6 68   707 
6 70   446 
6 73   634 
6 75   550 
6 76   162 
6 79   216 
6 80   696 
6 81   576 
6 82   605 
6 84   420 
6 86   311 
6 87   431 
6 88   461 
6 91   510 
6 92    65 
6 93   649 
6 94   300 
6 95   715 
6 96   814 
6 97   551 
6 98   105 
6 99   636 
6 100   565 
7 51   516 
7 54   890 
7 55   157 
7 56   308 
7 60   730 
7 62   787 
7 63   145 
7 64   148 
7 66   828 
7 67   679 
7 68   837 
7 69   304 
7 72   403 
7 73   925 
7 74   636 
7 77   793 
7 78   806 
7 79   346 
7 80   963 
7 81   822 
7 82   929 
7 84   591 
7 85   657 
7 86   196 
7 87   677 
7 89   738 
7 90   735 
7 91   335 
7 92   441 
7 93   328 
7 94   798 
7 95  1009 
7 96  1148 
7 97   140 
7 98   602 
7 99   930 
7 100   477 
8 51   613 
8 53   490 
8 54   162 
8 55  1050 
8 60   742 
8 61   577 
8 62   531 
8 63  1008 
8 65   698 
8 66   748 
8 67   613 
8 69   908 
8 71   630 
8 72   718 
8 73   134 
8 75   582 
8 77   689 
8 78   826 
8 79   731 
8 80    75 
8 81   215 
8 83   718 
8 85   586 
8 86   951 
8 87   368 
8 88   900 
8 90   498 
8 91   757 
8 92   815 
8 93   900 
8 94   725 
8 96   170 
8 97   975 
8 99   133 
8 100   644 
9 51   407 
9 52   988 
9 53   932 
9 54   719 
9 55   761 
9 56   598 
9 57  1023 
9 62   216 
9 64   727 
9 66    38 
9 68   810 
9 69   568 
9 71   370 
9 72   849 
9 73   612 
9 74   250 
9 75   797 
9 76   236 
9 77    77 
9 78   117 
9 79   552 
9 80   682 
9 81   622 
9 82   556 
9 83   196 
9 84   598 
9 86   673 
9 89   903 
9 90   280 
9 91   823 
9 93   979 
9 94    63 
9 96   700 
9 97   907 
9 98   260 
9 100   833 
10 51    45 
10 53   560 
10 54   467 
10 55   511 
10 58   348 
10 59   456 
10 62   256 
10 63   474 
10 64   400 
10 67   186 
10 68   497 
10 69   346 
10 70   300 
10 72   440 
10 73   436 
10 74   165 
10 75   391 
10 76   317 
10 77   331 
10 81   368 
10 82   417 
10 83   252 
10 84   219 
10 85   145 
10 86   409 
10 87   220 
10 88   454 
10 89   532 
10 91   420 
10 93   583 
10 94   356 
10 96   635 
10 97   548 
10 99   438 
11 51   372 
11 52   252 
11 53   245 
11 54   387 
11 56   326 
11 57   366 
11 58   389 
11 59   434 
11 60   669 
11 63   550 
11 64   422 
11 65   197 
11 66   741 
11 70   523 
11 71   412 
11 72   171 
11 73   466 
11 76   660 
11 77   678 
11 78   776 
11 79   341 
11 80   480 
11 81   351 
11 83   604 
11 85   491 
11 88   380 
11 89   226 
11 92   524 
12 51   604 
12 52   653 
12 55   142 
12 56   413 
12 57   514 
12 61   894 
12 64   259 
12 65   477 
12 66   868 
12 67   745 
12 68   974 
12 69   336 
12 70   941 
12 71   613 
12 72   547 
12 74   701 
12 75   661 
12 76   673 
12 77   842 
12 79   443 
12 80  1085 
12 82  1042 
12 83   713 
12 84   716 
12 85   730 
12 89   881 
12 91   479 
12 92   483 
12 93   465 
12 95  1128 
12 96  1262 
12 97   276 
12 98   644 
12 99  1048 
12 100   621 
13 51   554 
13 53   464 
13 55   991 
13 56   693 
13 58   796 
13 59    65 
13 61   553 
13 62   481 
13 66   700 
13 67   559 
13 68   260 
13 69   849 
13 71   572 
13 72   670 
13 73    78 
13 74   584 
13 76   757 
13 77   639 
13 78   776 
13 79   672 
13 80    18 
13 81   158 
13 82   130 
13 83   664 
13 84   389 
13 85   530 
13 87   309 
13 88   845 
13 89   441 
13 90   444 
13 91   706 
13 92   756 
13 93   853 
13 97   922 
13 98   700 
14 51   237 
14 52   623 
14 54   306 
14 56   412 
14 58   521 
14 59   277 
14 60   396 
14 61   586 
14 62   221 
14 63   659 
14 66   434 
14 67   252 
14 68   377 
14 69   538 
14 70   153 
14 71   249 
14 72   515 
14 74   268 
14 75   417 
14 76   444 
14 77   368 
14 79   380 
14 81   203 
14 82   225 
14 83   355 
14 85   216 
14 86   596 
14 87   114 
14 89   474 
14 90   155 
14 91   520 
14 92   434 
14 93   686 
14 94   402 
14 95   330 
14 96   444 
14 97   694 
14 98   382 
14 99   250 
14 100   469 
15 51   331 
15 52   718 
15 53   840 
15 54   836 
15 57   661 
15 58   261 
15 59   832 
15 61   879 
15 62   533 
15 63   222 
15 67   410 
15 69    76 
15 70   645 
15 71   319 
15 72   569 
15 73   813 
15 74   366 
15 75   614 
15 76   303 
15 77   482 
15 78   460 
15 80   870 
15 81   741 
15 83   354 
15 84   548 
15 85   408 
15 86   170 
15 87   587 
15 88   389 
15 89   819 
15 90   507 
15 91   509 
15 92   139 
15 93   607 
15 94   476 
15 96  1006 
15 97   460 
15 98   284 
15 99   816 
16 51   326 
16 52   379 
16 53   268 
16 54   273 
16 56   362 
16 57   497 
16 58   449 
16 61   341 
16 62   467 
16 64   492 
16 65   275 
16 68   234 
16 69   553 
16 70   401 
16 71   363 
16 72   299 
16 73   338 
16 74   449 
16 76   610 
16 78   706 
16 80   357 
16 81   223 
16 82   365 
16 85   412 
16 86   564 
16 87   142 
16 92   512 
16 93   482 
16 94   625 
16 95   412 
16 96   563 
16 100   234 
17 52   579 
17 53   357 
17 55   849 
17 56   550 
17 57   716 
17 59    86 
17 60   622 
17 62   431 
17 63   807 
17 64   698 
17 65   493 
17 70   302 
17 71   458 
17 72   521 
17 73   120 
17 74   495 
17 75   389 
17 76   671 
17 77   587 
17 80   132 
17 81    25 
17 82   167 
17 83   583 
17 85   444 
17 86   752 
17 87   173 
17 88   695 
17 89   330 
17 90   375 
17 91   556 
17 92   638 
17 93   704 
17 95   187 
17 96   340 
17 97   771 
17 98   607 
17 99   126 
18 51   409 
18 53   693 
18 54   803 
18 55   140 
18 56   203 
18 59   825 
18 60   628 
18 62   680 
18 63   102 
18 64    43 
18 67   572 
18 70   742 
18 71   426 
18 72   361 
18 73   829 
18 75   458 
18 76   547 
18 77   689 
18 78   707 
18 79   240 
18 80   870 
18 81   730 
18 83   562 
18 84   500 
18 85   549 
18 86   116 
18 87   580 
18 94   695 
18 95   913 
18 96  1049 
18 97   176 
18 98   500 
19 51   478 
19 52   880 
19 54   386 
19 56   679 
19 58   787 
19 60   471 
19 61   789 
19 62   264 
19 63   913 
19 65   696 
19 66   448 
19 68   516 
19 72   785 
19 73   248 
19 74   421 
19 76   565 
19 77   399 
19 78   532 
19 80   307 
19 81   324 
19 82   185 
19 83   472 
19 84   465 
19 86   846 
19 89   670 
19 91   796 
19 92   642 
19 93   960 
19 94   433 
19 95   269 
19 96   275 
19 97   971 
19 98   529 
19 99   244 
19 100   732 
20 51   475 
20 52   606 
20 53   813 
20 54   909 
20 55    29 
20 56   294 
20 57   496 
20 58   195 
20 59   925 
20 60   645 
20 61   826 
20 62   732 
20 63    40 
20 64   155 
20 65   381 
20 66   742 
20 67   615 
20 72   481 
20 74   571 
20 76   550 
20 77   715 
20 78   710 
20 79   319 
20 80   969 
20 81   830 
20 84   604 
20 85   600 
20 86   109 
20 87   677 
20 90   688 
20 92   355 
20 93   441 
20 94   715 
20 95  1009 
20 96  1140 
20 98   517 
20 100   546 
21 51   290 
21 52   298 
21 53   349 
21 54   445 
21 55   496 
21 59   479 
21 60   592 
21 62   519 
21 64   328 
21 65   105 
21 66   672 
21 67   466 
21 68   392 
21 69   425 
21 75   126 
21 76   572 
21 77   611 
21 78   698 
21 79   237 
21 80   525 
21 81   388 
21 82   517 
21 83   525 
21 85   424 
21 86   414 
21 87   264 
21 88   304 
21 89   329 
21 90   446 
21 91   172 
21 93   336 
21 94   635 
21 95   577 
21 98   500 
21 100   145 
22 51   441 
22 53   184 
22 54   388 
22 55   646 
22 56   391 
22 57   356 
22 58   446 
22 59   445 
22 60   737 
22 61   218 
22 62   627 
22 63   604 
22 64   475 
22 65   254 
22 68   289 
22 69   594 
22 70   571 
22 71   481 
22 75    52 
22 76   730 
22 77   743 
22 79   408 
22 80   489 
22 83   673 
22 86   574 
22 87   311 
22 88   420 
22 89   169 
22 90   553 
22 91   239 
22 92   593 
22 93   354 
22 94   771 
22 95   550 
22 96   703 
22 98   657 
22 99   491 
22 100   100 
23 52   106 
23 53   382 
23 55   525 
23 57   114 
23 58   365 
23 61   359 
23 66   915 
23 67   714 
23 69   548 
23 71   567 
23 72    91 
23 75   212 
23 76   790 
23 79   414 
23 80   729 
23 81   604 
23 83   759 
23 84   409 
23 85   674 
23 87   509 
23 88   268 
23 89   382 
23 90   704 
23 91   120 
23 92   608 
23 93   114 
23 94   879 
23 95   788 
23 100   150 
24 51   219 
24 52   792 
24 53   740 
24 54   559 
24 55   638 
24 56   426 
24 58   521 
24 59   520 
24 61   816 
24 62    95 
24 64   570 
24 65   513 
24 66   185 
24 67    34 
24 68   634 
24 70   239 
24 71   188 
24 72   655 
24 76   210 
24 78   238 
24 79   380 
24 80   544 
24 81   457 
24 82   430 
24 83   115 
24 84   403 
24 87   355 
24 88   645 
24 89   711 
24 90   109 
24 91   634 
24 92   304 
24 93   794 
24 94   150 
24 96   615 
24 97   739 
24 98   171 
24 99   475 
24 100   636 
25 52   745 
25 54   630 
25 55   505 
25 56   328 
25 57   761 
25 59   604 
25 60   149 
25 61   815 
25 62   232 
25 66   243 
25 69   312 
25 70   360 
25 71   124 
25 72   599 
25 73   570 
25 77   201 
25 79   282 
25 80   635 
25 82   534 
25 83    79 
25 85   120 
25 86   410 
25 87   395 
25 89   722 
25 91   564 
25 92   166 
25 93   714 
25 94   210 
25 95   647 
25 96   735 
25 98    56 
25 99   570 
25 100   597 
26 51   531 
26 52   344 
26 53    77 
26 55   810 
26 57   510 
26 58   606 
26 59   340 
26 61   168 
26 62   650 
26 63   767 
26 64   639 
26 65   414 
26 67   654 
26 69   737 
26 70   555 
26 71   568 
26 73   396 
26 74   652 
26 75   222 
26 82   448 
26 84   278 
26 86   730 
26 87   317 
26 89    50 
26 91   412 
26 92   711 
26 94   820 
26 95   441 
26 96   590 
26 100   272 
27 51   397 
27 52   768 
27 53   902 
27 56   331 
27 57   699 
27 58   305 
27 61   938 
27 62   588 
27 64   311 
27 66   536 
27 67   465 
27 68   907 
27 69   129 
27 70   706 
27 71   383 
27 72   621 
27 73   879 
27 74   422 
27 75   673 
27 76   338 
27 79   319 
27 80   937 
27 81   808 
27 83   400 
27 85   467 
27 87   654 
27 88   424 
27 92   200 
27 95   962 
27 96  1070 
27 97   486 
27 98   331 
27 99   881 
27 100   664 
28 51   202 
28 52   657 
28 53   559 
28 54   368 
28 55   673 
28 57   735 
28 58   507 
28 60   333 
28 62   165 
28 63   636 
28 64   559 
28 65   428 
28 66   373 
28 68   440 
28 70   141 
28 71   206 
28 72   539 
28 73   300 
28 75   453 
28 76   383 
28 77   306 
28 80   365 
28 81   265 
28 83   293 
28 84   239 
28 87   168 
28 89   530 
28 91   537 
28 93   703 
28 94   340 
28 96   480 
28 97   695 
28 98   323 
28 99   301 
28 100   501 
29 51   320 
29 52   401 
29 53   571 
29 54   674 
29 57   349 
29 59   698 
29 60   581 
29 61   591 
29 62   595 
29 63   217 
29 65   136 
29 66   677 
29 67   500 
29 68   631 
29 69   243 
29 70   638 
29 71   346 
29 73   705 
29 74   461 
29 75   335 
29 78   674 
29 82   710 
29 83   512 
29 84   372 
29 85   470 
29 87   457 
29 88   111 
29 90   536 
29 92   320 
29 93   297 
29 94   643 
29 95   789 
29 96   928 
29 98   460 
29 99   710 
29 100   310 
30 51   477 
30 52   241 
30 55   703 
30 56   443 
30 57   397 
30 58   501 
30 59   417 
30 60   766 
30 61   175 
30 62   643 
30 63   660 
30 64   531 
30 66   832 
30 67   625 
30 68   244 
30 69   646 
30 71   516 
30 73   463 
30 74   615 
30 76   766 
30 77   767 
30 78   873 
30 82   506 
30 83   704 
30 85   582 
30 86   629 
30 87   316 
30 88   476 
30 89   112 
30 90   570 
30 91   295 
30 92   639 
30 94   796 
30 95   522 
31 51   364 
31 52   948 
31 53   938 
31 55   641 
31 56   521 
31 57   959 
31 58   589 
31 59   732 
31 61  1007 
31 64   630 
31 65   646 
31 67   219 
31 68   844 
31 69   453 
31 71   324 
31 72   801 
31 73   685 
31 76   110 
31 77   133 
31 78    51 
31 79   477 
31 80   754 
31 83   130 
31 85   260 
31 86   561 
31 87   562 
31 88   727 
31 91   765 
31 92   315 
31 93   912 
31 94   103 
31 95   750 
31 96   804 
31 98   163 
31 100   799 
32 51   295 
32 52   872 
32 55   685 
32 57   912 
32 58   584 
32 59   577 
32 61   895 
32 62   122 
32 63   659 
32 64   632 
32 65   590 
32 66   107 
32 67   108 
32 69   491 
32 70   277 
32 71   260 
32 72   734 
32 73   527 
32 74   141 
32 76   199 
32 77    41 
32 78   173 
32 79   448 
32 80   596 
32 81   522 
32 84   483 
32 85   149 
32 86   591 
32 88   713 
32 89   789 
32 90   172 
32 93   870 
32 95   590 
32 96   644 
32 98   189 
32 100   717 
33 52   437 
33 53   509 
33 55   380 
33 56    81 
33 57   449 
33 58   185 
33 59   550 
33 63   338 
33 65   131 
33 66   550 
33 67   355 
33 69   270 
33 70   472 
33 71   203 
33 72   287 
33 76   423 
33 77   496 
33 78   562 
33 79    76 
33 80   594 
33 81   455 
33 82   549 
33 85   320 
33 87   302 
33 89   487 
33 90   375 
33 92   260 
33 95   635 
33 98   354 
33 99   554 
33 100   298 
34 51   498 
34 52    87 
34 53   299 
34 54   547 
34 55   570 
34 56   376 
34 59   602 
34 60   801 
34 61   285 
34 62   728 
34 63   531 
34 65   226 
34 67   677 
34 69   565 
34 71   537 
34 72    70 
34 73   639 
34 74   653 
34 75   133 
34 78   906 
34 79   408 
34 80   647 
34 83   732 
34 86   517 
34 87   442 
34 88   319 
34 89   297 
34 90   654 
34 91   138 
34 92   604 
34 94   846 
34 97   342 
34 98   702 
34 99   645 
34 100    75 
35 51   427 
35 54   922 
35 55   164 
35 56   326 
35 57   659 
35 58   278 
35 59   923 
35 60   507 
35 61   926 
35 64   273 
35 65   462 
35 66   600 
35 67   516 
35 68   916 
35 69   131 
35 70   749 
35 71   419 
35 74   472 
35 75   663 
35 77   585 
35 78   554 
35 79   323 
35 81   830 
35 82   890 
35 83   459 
35 87   675 
35 88   383 
35 90   611 
35 91   532 
35 92   244 
35 94   578 
35 95   992 
35 96  1106 
35 97   436 
35 98   388 
36 52   743 
36 55   895 
36 56   606 
36 57   861 
36 59   166 
36 60   523 
36 64   765 
36 65   594 
36 66   528 
36 69   734 
36 70   157 
36 71   440 
36 73   102 
36 74   429 
36 75   541 
36 76   597 
36 77   468 
36 78   605 
36 80   170 
36 88   789 
36 89   517 
36 90   282 
36 91   681 
36 92   624 
36 93   841 
36 94   504 
36 95   157 
36 96   247 
36 97   875 
36 99    99 
36 100   601 
37 52   945 
37 53   985 
37 54   869 
37 56   491 
37 57   927 
37 58   533 
37 60   204 
37 62   413 
37 63   528 
37 66   262 
37 67   317 
37 68   921 
37 69   366 
37 70   564 
37 71   357 
37 72   794 
37 74   295 
37 75   792 
37 77   283 
37 78   190 
37 79   453 
37 81   766 
37 84   647 
37 85   347 
37 86   473 
37 89   958 
37 90   433 
37 91   746 
37 92   260 
37 93   875 
37 94   257 
37 95   870 
37 96   939 
37 97   753 
37 98   185 
37 99   798 
37 100   807 
38 51   508 
38 52  1090 
38 53  1080 
38 54   902 
38 55   740 
38 57  1095 
38 58   715 
38 59   856 
38 61  1151 
38 62   400 
38 63   729 
38 64   751 
38 65   786 
38 67   358 
38 68   981 
38 70   551 
38 71   468 
38 72   942 
38 74   363 
38 75   916 
38 77   241 
38 78   108 
38 80   874 
38 81   801 
38 84   739 
38 85   401 
38 86   670 
38 87   701 
38 90   451 
38 91   904 
38 92   437 
38 94   205 
38 95   863 
38 96   900 
38 97   941 
38 98   301 
38 100   942 
39 51   309 
39 52   833 
39 53   892 
39 54   809 
39 55   428 
39 57   809 
39 59   787 
39 60   229 
39 61   947 
39 62   403 
39 63   416 
39 64   445 
39 65   521 
39 66   316 
39 67   287 
39 68   846 
39 71   276 
39 72   681 
39 73   754 
39 74   252 
39 75   689 
39 76   119 
39 78   267 
39 80   819 
39 81   707 
39 83   198 
39 84   562 
39 86   357 
39 87   566 
39 91   631 
39 92   144 
39 93   757 
39 96   918 
39 97   634 
39 98   137 
39 99   755 
39 100   699 
40 51   456 
40 52  1042 
40 55   738 
40 56   622 
40 57  1059 
40 58   691 
40 60   154 
40 61  1090 
40 62   322 
40 64   731 
40 66   101 
40 68   909 
40 70   472 
40 71   417 
40 74   304 
40 75   862 
40 76   210 
40 77   164 
40 78    50 
40 80   796 
40 81   726 
40 82   672 
40 84   676 
40 86   660 
40 89   988 
40 93  1012 
40 96   820 
40 98   264 
40 99   724 
41 51   248 
41 52   827 
41 53   833 
41 54   701 
41 55   537 
41 56   398 
41 57   836 
41 59   670 
41 60    91 
41 61   899 
41 63   516 
41 64   511 
41 65   523 
41 66   188 
41 67   150 
41 68   757 
41 73   630 
41 74   127 
41 76    49 
41 77   167 
41 78   173 
41 79   353 
41 80   698 
41 81   598 
41 82   589 
41 83    49 
41 86   450 
41 87   473 
41 88   606 
41 89   806 
41 90   267 
41 93   788 
41 94   162 
41 95   704 
41 96   779 
41 97   696 
41 98    40 
41 99   631 
42 52   248 
42 53    68 
42 56   512 
42 57   419 
42 58   566 
42 59   434 
42 60   832 
42 62   701 
42 63   723 
42 65   374 
42 68   238 
42 69   714 
42 70   622 
42 71   585 
42 72   280 
42 73   487 
42 76   835 
42 77   830 
42 78   939 
42 79   527 
42 80   473 
42 81   381 
42 82   535 
42 83   771 
42 84   306 
42 85   647 
42 86   694 
42 88   531 
42 89    65 
42 90   629 
42 94   860 
42 95   537 
42 97   570 
42 98   761 
42 99   493 
42 100   204 
43 51   101 
43 53   676 
43 55   517 
43 58   392 
43 59   533 
43 61   743 
43 62   205 
43 63   485 
43 65   395 
43 69   330 
43 72   544 
43 73   501 
43 74    56 
43 75   507 
43 76   203 
43 78   308 
43 81   454 
43 82   470 
43 83   135 
43 85    74 
43 86   417 
43 87   319 
43 88   517 
43 89   649 
43 92   197 
43 98   132 
43 99   503 
43 100   536 
44 52   925 
44 54   867 
44 55   507 
44 56   470 
44 57   904 
44 58   508 
44 59   839 
44 60   218 
44 62   422 
44 63   500 
44 64   537 
44 65   614 
44 66   283 
44 67   320 
44 69   339 
44 70   571 
44 72   774 
44 73   800 
44 75   776 
44 76   122 
44 77   299 
44 78   215 
44 79   432 
44 80   867 
44 81   764 
44 83   217 
44 85   348 
44 86   445 
44 87   632 
44 88   646 
44 91   725 
44 92   238 
44 93   852 
44 96   947 
44 99   800 
44 100   790 
45 51   303 
45 52   456 
45 53   617 
45 56    93 
45 58    16 
45 59   717 
45 60   546 
45 61   640 
45 62   577 
45 63   178 
45 64    67 
45 65   179 
45 66   642 
45 68   665 
45 69   188 
45 70   632 
45 71   324 
45 73   720 
45 75   381 
45 76   477 
45 77   600 
45 78   634 
45 80   762 
45 81   622 
45 82   719 
45 83   477 
45 84   394 
45 85   448 
45 86   141 
45 87   471 
45 88   144 
45 89   600 
45 90   522 
45 92   274 
45 94   610 
45 98   421 
45 99   724 
45 100   360 
46 51   122 
46 52   708 
46 54   574 
46 55   520 
46 56   311 
46 57   734 
46 58   402 
46 60   180 
46 61   766 
46 62   203 
46 63   490 
46 64   451 
46 66   265 
46 67    85 
46 68   624 
46 69   330 
46 70   316 
46 71    82 
46 72   564 
46 73   517 
46 75   528 
46 76   181 
46 79   265 
46 82   483 
46 83   113 
46 84   357 
46 85    76 
46 86   421 
46 87   340 
46 88   530 
46 91   535 
46 92   193 
46 93   690 
46 95   595 
46 99   518 
46 100   557 
47 51   311 
47 52   348 
47 54   319 
47 55   614 
47 56   324 
47 57   457 
47 60   596 
47 62   479 
47 63   570 
47 64   449 
47 65   230 
47 66   663 
47 67   456 
47 68   272 
47 69   519 
47 70   427 
47 71   350 
47 72   258 
47 73   381 
47 74   445 
47 75   141 
47 76   600 
47 79   325 
47 80   402 
47 82   406 
47 83   535 
47 84    77 
47 85   413 
47 86   525 
47 87   169 
47 88   430 
47 90   405 
47 91   286 
47 92   488 
47 94   627 
47 95   456 
47 96   607 
47 99   386 
47 100   198 
48 52   149 
48 54   475 
48 55   732 
48 57   326 
48 60   884 
48 63   692 
48 64   563 
48 65   363 
48 66   956 
48 67   748 
48 68   348 
48 70   710 
48 71   627 
48 73   593 
48 74   733 
48 75   179 
48 76   874 
48 77   892 
48 78   992 
48 79   536 
48 80   582 
48 81   484 
48 82   638 
48 83   820 
48 85   705 
48 86   673 
48 87   451 
48 88   484 
48 89   169 
48 92   727 
48 94   920 
48 96   797 
48 97   507 
48 100   175 
49 52   304 
49 54   332 
49 55   819 
49 57   477 
49 58   618 
49 60   852 
49 61   102 
49 62   709 
49 63   776 
49 64   647 
49 65   425 
49 66   911 
49 67   708 
49 68   197 
49 69   760 
49 71   613 
49 72   339 
49 74   702 
49 75   224 
49 77   844 
49 78   958 
49 79   570 
49 80   440 
49 81   362 
49 82   513 
49 83   794 
49 84   326 
49 86   745 
49 87   376 
49 88   588 
49 89    15 
49 91   404 
49 92   747 
49 93   490 
49 95   504 
49 96   651 
49 97   629 
49 98   789 
50 53   187 
50 54   329 
50 56   389 
50 58   457 
50 60   694 
50 61   245 
50 62   573 
50 64   491 
50 65   266 
50 67   553 
50 70   509 
50 71   445 
50 72   230 
50 73   421 
50 74   543 
50 75    92 
50 76   695 
50 78   801 
50 79   398 
50 80   427 
50 83   632 
50 84   172 
50 85   510 
50 86   581 
50 88   450 
50 89   164 
50 90   499 
50 91   279 
50 92   573 
50 93   410 
50 95   487 
50 96   641 
50 97   508 
50 98   622 
0 
0 
0 
0 
0 
0 
0 
0 
0 
0 
0 
0 
0 
0 
0 
0 
0 
0 
0 
0 
0 
0 
0 
0 
0 
0 
0 
0 
0 
0 
0 
0 
0 
0 
0 
0 
0 
0 
0 
0 
0 
0 
0 
0 
0 
0 
0 
0 
0 
0 
0 
0 
0 
0 
0 
0 
0 
0 
0 
0 
0 
0 
0 
0 
0 
0 
0 
0 
0 
0 
0 
0 
0 
0 
0 
0 
0 
0 
0 
0 
0 
0 
0 
0 
0 
0 
0 
0 
0 
0 
0 
0 
0 
0 
0 
0 
0 
0 
0 
0 
  977   782 
  501   506 
   63   207 
  908   434 
  325   257 
  248   381 
  220   878 
  990   183 
  275    18 
  459   384 
  696   645 
   77   900 
  936   207 
  621   281 
  111   530 
  721   516 
  844   327 
  254   776 
  700    15 
  134   783 
  593   630 
  756   682 
  624   887 
  383   183 
  294   290 
  908   600 
   46   545 
  562   259 
  370   717 
  811   668 
  178   124 
  339   115 
  441   567 
  681   822 
   45   613 
  771   153 
   60   228 
   75    23 
  114   334 
  155    25 
  228   237 
  876   694 
  367   311 
   59   257 
  323   689 
  349   298 
  690   549 
  846   800 
  927   663 
  760   617 
  416   400 
  730   895 
  940   671 
  923   331 
  114   762 
  371   609 
  583   994 
  310   699 
  898   260 
  248   148 
  960   760 
  461   128 
  155   748 
  285   745 
  502   683 
  253    50 
  377   217 
  950   467 
  171   577 
  616   128 
  388   371 
  615   796 
  858   207 
  354   256 
  704   690 
  179   234 
  307    89 
  171    73 
  365   563 
  926   223 
  821   316 
  813   162 
  272   214 
  657   479 
  407   248 
  182   685 
  679   380 
  362   828 
  922   648 
  492   195 
  545   796 
  215   437 
  538   962 
  272    81 
  928   159 
  975    13 
  353   922 
  239   276 
  858   201 
  679   747 
