80 3160 
1 2   909 
2 3   562 
3 4   443 
4 5   565 
5 6   869 
6 7   619 
7 8   333 
8 9   361 
9 10   573 
10 11   596 
11 12   518 
12 13   938 
13 14   172 
14 15   187 
15 16   383 
16 17   321 
17 18   180 
18 19   629 
19 20   853 
20 21   756 
21 22   627 
22 23   635 
23 24   576 
24 25   499 
25 26   670 
26 27    30 
27 28   495 
28 29   127 
29 30    83 
30 31    26 
31 32   638 
32 33   570 
33 34   336 
34 35   515 
35 36   613 
36 37   315 
37 38   945 
38 39   821 
39 40   973 
40 41   499 
41 42   446 
42 43   521 
43 44   852 
44 45  1048 
45 46   538 
46 47   503 
47 48   369 
48 49   350 
49 50   405 
50 51   222 
51 52   574 
52 53   534 
53 54   134 
54 55   291 
55 56   725 
56 57   860 
57 58   347 
58 59   369 
59 60   750 
60 61   862 
61 62   953 
62 63   156 
63 64   479 
64 65   397 
65 66   858 
66 67   500 
67 68   321 
68 69    93 
69 70   561 
70 71   908 
71 72   542 
72 73   528 
73 74   979 
74 75   595 
75 76   734 
76 77   483 
77 78    75 
78 79   801 
79 80   578 
1 3   353 
1 4   353 
1 5   372 
1 6   825 
1 7   339 
1 8   667 
1 9   666 
1 10   451 
1 11   799 
1 12   635 
1 13   590 
1 14   525 
1 15   711 
1 16   329 
1 17   385 
1 18   498 
1 19   305 
1 20   807 
1 21    59 
1 22   642 
1 23   450 
1 24   141 
1 25   582 
1 26   915 
1 27   932 
1 28   840 
1 29   907 
1 30   889 
1 31   877 
1 32   581 
1 33   682 
1 34   565 
1 35   898 
1 36   533 
1 37   479 
1 38   986 
1 39   237 
1 40  1118 
1 41   626 
1 42   772 
1 43   417 
1 44   952 
1 45   310 
1 46   260 
1 47   393 
1 48   213 
1 49   555 
1 50   519 
1 51   426 
1 52   279 
1 53   701 
1 54   574 
1 55   862 
1 56   345 
1 57   931 
1 58   639 
1 59   915 
1 60   528 
1 61   980 
1 62    39 
1 63   196 
1 64   589 
1 65   971 
1 66   177 
1 67   503 
1 68   821 
1 69   815 
1 70   283 
1 71   957 
1 72   609 
1 73   859 
1 74   626 
1 75   909 
1 76   175 
1 77   635 
1 78   624 
1 79   247 
1 80   539 
2 4   854 
2 5   628 
2 6   757 
2 7   576 
2 8   243 
2 9   503 
2 10  1021 
2 11   639 
2 12  1051 
2 13   380 
2 14   384 
2 15   202 
2 16   584 
2 17   697 
2 18   520 
2 19   869 
2 20   251 
2 21   869 
2 22   444 
2 23  1052 
2 24   833 
2 25   334 
2 26   647 
2 27   676 
2 28   184 
2 29    65 
2 30    26 
2 31    33 
2 32   668 
2 33   241 
2 34   452 
2 35   845 
2 36   413 
2 37   497 
2 38   790 
2 39   938 
2 40   756 
2 41   546 
2 42   138 
2 43   638 
2 44   404 
2 45   878 
2 46   843 
2 47   610 
2 48   747 
2 49   453 
2 50   853 
2 51  1016 
2 52   645 
2 53   439 
2 54   451 
2 55   317 
2 56   657 
2 57   515 
2 58   365 
2 59   578 
2 60  1067 
2 61   503 
2 62   871 
2 63   724 
2 64   501 
2 65   367 
2 66   751 
2 67   743 
2 68   742 
2 69   826 
2 70   898 
2 71   123 
2 72   577 
2 73    53 
2 74  1030 
2 75   642 
2 76   777 
2 77   837 
2 78   905 
2 79   809 
2 80   497 
3 5   155 
3 6   713 
3 7   102 
3 8   323 
3 9   461 
3 10   614 
3 11   641 
3 12   736 
3 13   245 
3 14   183 
3 15   369 
3 16    93 
3 17   240 
3 18   202 
3 19   428 
3 20   458 
3 21   308 
3 22   406 
3 23   633 
3 24   273 
3 25   229 
3 26   736 
3 27   761 
3 28   519 
3 29   566 
3 30   540 
3 31   530 
3 32   477 
3 33   329 
3 34   323 
3 35   806 
3 36   244 
3 37   160 
3 38   848 
3 39   451 
3 40   932 
3 41   446 
3 42   426 
3 43   212 
3 44   683 
3 45   365 
3 46   381 
3 47   158 
3 48   248 
3 49   310 
3 50   547 
3 51   597 
3 52    84 
3 53   464 
3 54   333 
3 55   576 
3 56   163 
3 57   700 
3 58   359 
3 59   711 
3 60   684 
3 61   737 
3 62   314 
3 63   162 
3 64   383 
3 65   689 
3 66   189 
3 67   464 
3 68   704 
3 69   738 
3 70   440 
3 71   622 
3 72   448 
3 73   514 
3 74   719 
3 75   730 
3 76   261 
3 77   617 
3 78   647 
3 79   274 
3 80   324 
4 6   502 
4 7   351 
4 8   628 
4 9   438 
4 10   176 
4 11   507 
4 12   304 
4 13   665 
4 14   519 
4 15   658 
4 16   355 
4 17   624 
4 18   646 
4 19    50 
4 20   852 
4 21   382 
4 22   452 
4 23   201 
4 24   446 
4 25   599 
4 26   626 
4 27   636 
4 28   722 
4 29   826 
4 30   842 
4 31   821 
4 32   288 
4 33   685 
4 34   409 
4 35   562 
4 36   443 
4 37   603 
4 38   668 
4 39   153 
4 40   821 
4 41   386 
4 42   724 
4 43   626 
4 44   745 
4 45   631 
4 46    94 
4 47   578 
4 48   211 
4 49   405 
4 50   167 
4 51   165 
4 52   431 
4 53   496 
4 54   413 
4 55   686 
4 56   554 
4 57   684 
4 58   500 
4 59   647 
4 60   241 
4 61   740 
4 62   351 
4 63   393 
4 64   386 
4 65   778 
4 66   406 
4 67   186 
4 68   501 
4 69   477 
4 70    85 
4 71   854 
4 72   357 
4 73   801 
4 74   291 
4 75   621 
4 76   226 
4 77   288 
4 78   271 
4 79   543 
4 80   365 
5 7   253 
5 8   414 
5 9   613 
5 10   727 
5 11   795 
5 12   867 
5 13   255 
5 14   293 
5 15   460 
5 16   241 
5 17    87 
5 18   131 
5 19   541 
5 20   464 
5 21   315 
5 22   555 
5 23   740 
5 24   245 
5 25   302 
5 26   888 
5 27   914 
5 28   626 
5 29   647 
5 30   603 
5 31   599 
5 32   631 
5 33   387 
5 34   473 
5 35   962 
5 36   387 
5 37   133 
5 38  1002 
5 39   538 
5 40  1081 
5 41   601 
5 42   503 
5 43    61 
5 44   815 
5 45   251 
5 46   489 
5 47    21 
5 48   355 
5 49   460 
5 50   688 
5 51   706 
5 52   133 
5 53   611 
5 54   483 
5 55   703 
5 56    31 
5 57   844 
5 58   497 
5 59   859 
5 60   800 
5 61   877 
5 62   335 
5 63   191 
5 64   536 
5 65   815 
5 66   198 
5 67   612 
5 68   859 
5 69   893 
5 70   544 
5 71   710 
5 72   603 
5 73   587 
5 74   851 
5 75   881 
5 76   352 
5 77   766 
5 78   791 
5 79   186 
5 80   478 
6 8   646 
6 9   287 
6 10   555 
6 11   117 
6 12   445 
6 13   811 
6 14   642 
6 15   641 
6 16   633 
6 17   953 
6 18   877 
6 19   551 
6 20   898 
6 21   834 
6 22   359 
6 23   590 
6 24   872 
6 25   704 
6 26   175 
6 27   167 
6 28   573 
6 29   700 
6 30   761 
6 31   734 
6 32   249 
6 33   733 
6 34   418 
6 35    97 
6 36   516 
6 37   826 
6 38   166 
6 39   655 
6 40   331 
6 41   276 
6 42   686 
6 43   925 
6 44   426 
6 45  1038 
6 46   579 
6 47   870 
6 48   621 
6 49   429 
6 50   353 
6 51   571 
6 52   760 
6 53   332 
6 54   411 
6 55   452 
6 56   875 
6 57   308 
6 58   452 
6 59   237 
6 60   544 
6 61   361 
6 62   810 
6 63   774 
6 64   345 
6 65   475 
6 66   799 
6 67   323 
6 68    15 
6 69    79 
6 70   587 
6 71   685 
6 72   267 
6 73   716 
6 74   427 
6 75   174 
6 76   656 
6 77   236 
6 78   301 
6 79   940 
6 80   398 
7 9   382 
7 10   526 
7 11   554 
7 12   637 
7 13   316 
7 14   196 
7 15   375 
7 16    14 
7 17   334 
7 18   301 
7 19   343 
7 20   516 
7 21   308 
7 22   336 
7 23   547 
7 24   301 
7 25   266 
7 26   655 
7 27   679 
7 28   501 
7 29   569 
7 30   558 
7 31   543 
7 32   378 
7 33   364 
7 34   253 
7 35   711 
7 36   197 
7 37   254 
7 38   760 
7 39   382 
7 40   855 
7 41   360 
7 42   438 
7 43   312 
7 44   633 
7 45   432 
7 46   300 
7 47   258 
7 48   178 
7 49   240 
7 50   446 
7 51   511 
7 52   142 
7 53   397 
7 54   262 
7 55   534 
7 56   256 
7 57   635 
7 58   310 
7 59   637 
7 60   592 
7 61   677 
7 62   303 
7 63   183 
7 64   302 
7 65   646 
7 66   213 
7 67   362 
7 68   611 
7 69   641 
7 70   359 
7 71   618 
7 72   358 
7 73   525 
7 74   620 
7 75   649 
7 76   202 
7 77   515 
7 78   545 
7 79   335 
7 80   243 
8 10   801 
8 11   538 
8 12   857 
8 13   206 
8 14   142 
8 15    46 
8 16   341 
8 17   493 
8 18   332 
8 19   638 
8 20   256 
8 21   628 
8 22   289 
8 23   830 
8 24   597 
8 25   113 
8 26   590 
8 27   619 
8 28   215 
8 29   243 
8 30   225 
8 31   210 
8 32   491 
8 33    87 
8 34   257 
8 35   742 
8 36   186 
8 37   294 
8 38   729 
8 39   700 
8 40   751 
8 41   387 
8 42   105 
8 43   439 
8 44   432 
8 45   663 
8 46   608 
8 47   399 
8 48   505 
8 49   252 
8 50   654 
8 51   793 
8 52   408 
8 53   316 
8 54   259 
8 55   317 
8 56   440 
8 57   497 
8 58   195 
8 59   537 
8 60   854 
8 61   513 
8 62   629 
8 63   484 
8 64   324 
8 65   420 
8 66   512 
8 67   544 
8 68   632 
8 69   702 
8 70   664 
8 71   300 
8 72   411 
8 73   192 
8 74   836 
8 75   583 
8 76   534 
8 77   664 
8 78   723 
8 79   584 
8 80   298 
9 11   188 
9 12   559 
9 13   526 
9 14   360 
9 15   360 
9 16   396 
9 17   700 
9 18   602 
9 19   474 
9 20   615 
9 21   657 
9 22    72 
9 23   608 
9 24   672 
9 25   417 
9 26   275 
9 27   300 
9 28   331 
9 29   455 
9 30   502 
9 31   476 
9 32   176 
9 33   447 
9 34   141 
9 35   384 
9 36   236 
9 37   551 
9 38   393 
9 39   571 
9 40   473 
9 41    53 
9 42   411 
9 43   664 
9 44   307 
9 45   814 
9 46   474 
9 47   610 
9 48   453 
9 49   153 
9 50   375 
9 51   576 
9 52   524 
9 53    67 
9 54   132 
9 55   255 
9 56   625 
9 57   264 
9 58   165 
9 59   255 
9 60   600 
9 61   315 
9 62   640 
9 63   559 
9 64    80 
9 65   340 
9 66   588 
9 67   273 
9 68   274 
9 69   341 
9 70   510 
9 71   460 
9 72    85 
9 73   456 
9 74   538 
9 75   268 
9 76   491 
9 77   336 
9 78   407 
9 79   717 
9 80   138 
10 12   195 
10 13   841 
10 14   695 
10 15   829 
10 16   528 
10 17   777 
10 18   816 
10 19   186 
10 20  1029 
10 21   497 
10 22   601 
10 23    36 
10 24   572 
10 25   775 
10 26   708 
10 27   712 
10 28   879 
10 29   990 
10 30  1011 
10 31   989 
10 32   402 
10 33   860 
10 34   571 
10 35   589 
10 36   615 
10 37   775 
10 38   716 
10 39   214 
10 40   886 
10 41   519 
10 42   895 
10 43   786 
10 44   872 
10 45   756 
10 46   237 
10 47   741 
10 48   372 
10 49   569 
10 50   211 
10 51    26 
10 52   594 
10 53   637 
10 54   574 
10 55   828 
10 56   712 
10 57   793 
10 58   661 
10 59   745 
10 60    77 
10 61   851 
10 62   464 
10 63   544 
10 64   536 
10 65   910 
10 66   550 
10 67   300 
10 68   560 
10 69   507 
10 70   184 
10 71  1013 
10 72   487 
10 73   968 
10 74   193 
10 75   705 
10 76   375 
10 77   318 
10 78   261 
10 79   677 
10 80   526 
11 13   713 
11 14   548 
11 15   530 
11 16   568 
11 17   881 
11 18   790 
11 19   554 
11 20   787 
11 21   801 
11 22   258 
11 23   632 
11 24   828 
11 25   604 
11 26   118 
11 27   132 
11 28   456 
11 29   582 
11 30   644 
11 31   617 
11 32   223 
11 33   625 
11 34   328 
11 35   207 
11 36   424 
11 37   739 
11 38   207 
11 39   658 
11 40   318 
11 41   194 
11 42   571 
11 43   848 
11 44   318 
11 45   983 
11 46   571 
11 47   794 
11 48   588 
11 49   340 
11 50   385 
11 51   607 
11 52   697 
11 53   222 
11 54   319 
11 55   336 
11 56   805 
11 57   210 
11 58   347 
11 59   150 
11 60   599 
11 61   267 
11 62   779 
11 63   722 
11 64   259 
11 65   366 
11 66   749 
11 67   321 
11 68   102 
11 69   191 
11 70   591 
11 71   568 
11 72   198 
11 73   599 
11 74   499 
11 75   113 
11 76   625 
11 77   290 
11 78   364 
11 79   885 
11 80   317 
12 14   776 
12 15   876 
12 16   644 
12 17   928 
12 18   938 
12 19   340 
12 20  1103 
12 21   675 
12 22   608 
12 23   214 
12 24   745 
12 25   855 
12 26   616 
12 27   611 
12 28   888 
12 29  1009 
12 30  1045 
12 31  1021 
12 32   385 
12 33   928 
12 34   604 
12 35   450 
12 36   673 
12 37   892 
12 38   588 
12 39   399 
12 40   768 
12 41   510 
12 42   938 
12 43   928 
12 44   827 
12 45   930 
12 46   393 
12 47   879 
12 48   516 
12 49   606 
12 50   203 
12 51   221 
12 52   733 
12 53   627 
12 54   604 
12 55   809 
12 56   857 
12 57   728 
12 58   687 
12 59   667 
12 60   135 
12 61   786 
12 62   642 
12 63   698 
12 64   549 
12 65   871 
12 66   710 
12 67   312 
12 68   454 
12 69   379 
12 70   353 
12 71  1020 
12 72   477 
12 73  1000 
12 74    21 
12 75   614 
12 76   530 
12 77   231 
12 78   156 
12 79   845 
12 80   560 
13 15   245 
13 16   316 
13 17   318 
13 18   140 
13 19   659 
13 20   216 
13 21   539 
13 22   455 
13 23   863 
13 24   485 
13 25   109 
13 26   780 
13 27   809 
13 28   416 
13 29   408 
13 30   354 
13 31   354 
13 32   614 
13 33   146 
13 34   394 
13 35   908 
13 36   297 
13 37   122 
13 38   913 
13 39   693 
13 40   952 
13 41   537 
13 42   269 
13 43   258 
13 44   639 
13 45   502 
13 46   616 
13 47   235 
13 48   489 
13 49   384 
13 50   738 
13 51   827 
13 52   311 
13 53   496 
13 54   401 
13 55   524 
13 56   286 
13 57   699 
13 58   369 
13 59   733 
13 60   906 
13 61   718 
13 62   550 
13 63   394 
13 64   468 
13 65   626 
13 66   414 
13 67   638 
13 68   798 
13 69   856 
13 70   676 
13 71   475 
13 72   553 
13 73   344 
13 74   919 
13 75   773 
13 76   505 
13 77   779 
13 78   826 
13 79   441 
13 80   422 
14 16   202 
14 17   379 
14 18   246 
14 19   522 
14 20   333 
14 21   486 
14 22   291 
14 23   721 
14 24   456 
14 25    80 
14 26   624 
14 27   652 
14 28   339 
14 29   384 
14 30   364 
14 31   351 
14 32   442 
14 33   169 
14 34   223 
14 35   739 
14 36   126 
14 37   197 
14 38   752 
14 39   573 
14 40   807 
14 41   366 
14 42   246 
14 43   330 
14 44   522 
14 45   535 
14 46   486 
14 47   283 
14 48   373 
14 49   213 
14 50   574 
14 51   684 
14 52   267 
14 53   339 
14 54   231 
14 55   410 
14 56   315 
14 57   560 
14 58   215 
14 59   584 
14 60   755 
14 61   589 
14 62   487 
14 63   342 
14 64   297 
14 65   521 
14 66   370 
14 67   470 
14 68   630 
14 69   685 
14 70   544 
14 71   439 
14 72   381 
14 73   334 
14 74   756 
14 75   617 
14 76   399 
14 77   608 
14 78   657 
14 79   451 
14 80   249 
15 17   539 
15 18   375 
15 19   671 
15 20   257 
15 21   673 
15 22   290 
15 23   858 
15 24   643 
15 25   158 
15 26   573 
15 27   602 
15 28   172 
15 29   197 
15 30   186 
15 31   169 
15 32   502 
15 33   108 
15 34   271 
15 35   736 
15 36   214 
15 37   339 
15 38   714 
15 39   737 
15 40   726 
15 41   391 
15 42    66 
15 43   484 
15 44   397 
15 45   710 
15 46   643 
15 47   445 
15 48   544 
15 49   269 
15 50   674 
15 51   822 
15 52   454 
15 53   308 
15 54   272 
15 55   283 
15 56   486 
15 57   471 
15 58   197 
15 59   516 
15 60   879 
15 61   483 
15 62   673 
15 63   530 
15 64   333 
15 65   382 
15 66   558 
15 67   563 
15 68   627 
15 69   701 
15 70   698 
15 71   253 
15 72   418 
15 73   150 
15 74   855 
15 75   566 
15 76   574 
15 77   676 
15 78   737 
15 79   631 
15 80   315 
16 18   294 
16 19   344 
16 20   518 
16 21   296 
16 22   350 
16 23   549 
16 24   287 
16 25   271 
16 26   670 
16 27   693 
16 28   512 
16 29   579 
16 30   566 
16 31   551 
16 32   391 
16 33   369 
16 34   267 
16 35   723 
16 36   210 
16 37   249 
16 38   774 
16 39   379 
16 40   869 
16 41   374 
16 42   446 
16 43   301 
16 44   647 
16 45   417 
16 46   300 
16 47   247 
16 48   175 
16 49   254 
16 50   454 
16 51   513 
16 52   129 
16 53   411 
16 54   276 
16 55   547 
16 56   243 
16 57   649 
16 58   323 
16 59   651 
16 60   596 
16 61   690 
16 62   292 
16 63   169 
16 64   316 
16 65   659 
16 66   199 
16 67   372 
16 68   624 
16 69   653 
16 70   360 
16 71   628 
16 72   371 
16 73   533 
16 74   626 
16 75   663 
16 76   197 
16 77   525 
16 78   554 
16 79   321 
16 80   257 
17 19   595 
17 20   513 
17 21   325 
17 22   642 
17 23   787 
17 24   245 
17 25   381 
17 26   975 
17 27  1001 
17 28   707 
17 29   721 
17 30   672 
17 31   670 
17 32   713 
17 33   458 
17 34   560 
17 35  1045 
17 36   475 
17 37   202 
17 38  1088 
17 39   578 
17 40  1169 
17 41   687 
17 42   578 
17 43    59 
17 44   901 
17 45   187 
17 46   542 
17 47    95 
17 48   412 
17 49   548 
17 50   757 
17 51   756 
17 52   201 
17 53   699 
17 54   570 
17 55   789 
17 56    78 
17 57   931 
17 58   585 
17 59   947 
17 60   853 
17 61   964 
17 62   351 
17 63   233 
17 64   623 
17 65   900 
17 66   229 
17 67   687 
17 68   944 
17 69   975 
17 70   593 
17 71   786 
17 72   688 
17 73   659 
17 74   914 
17 75   969 
17 76   402 
17 77   841 
17 78   861 
17 79   154 
17 80   564 
18 20   335 
18 21   442 
18 22   536 
18 23   833 
18 24   377 
18 25   221 
18 26   870 
18 27   898 
18 28   547 
18 29   547 
18 30   494 
18 31   494 
18 32   657 
18 33   285 
18 34   462 
18 35   973 
18 36   366 
18 37    51 
18 38   996 
18 39   642 
18 40  1053 
18 41   602 
18 42   406 
18 43   120 
18 44   758 
18 45   366 
18 46   580 
18 47   110 
18 48   446 
18 49   450 
18 50   747 
18 51   798 
18 52   232 
18 53   586 
18 54   471 
18 55   644 
18 56   162 
18 57   805 
18 58   461 
18 59   831 
18 60   886 
18 61   831 
18 62   460 
18 63   308 
18 64   533 
18 65   751 
18 66   321 
18 67   658 
18 68   866 
18 69   913 
18 70   638 
18 71   613 
18 72   611 
18 73   484 
18 74   921 
18 75   864 
18 76   452 
18 77   808 
18 78   844 
18 79   314 
18 80   479 
19 21   338 
19 22   482 
19 23   204 
19 24   405 
19 25   600 
19 26   672 
19 27   683 
19 28   745 
19 29   845 
19 30   856 
19 31   836 
19 32   333 
19 33   690 
19 34   432 
19 35   612 
19 36   457 
19 37   589 
19 38   717 
19 39   104 
19 40   868 
19 41   423 
19 42   737 
19 43   600 
19 44   781 
19 45   590 
19 46    53 
19 47   555 
19 48   185 
19 49   427 
19 50   217 
19 51   169 
19 52   407 
19 53   530 
19 54   438 
19 55   717 
19 56   527 
19 57   725 
19 58   523 
19 59   691 
19 60   259 
19 61   781 
19 62   306 
19 63   362 
19 64   417 
19 65   813 
19 66   371 
19 67   233 
19 68   551 
19 69   528 
19 70    37 
19 71   877 
19 72   396 
19 73   816 
19 74   328 
19 75   667 
19 76   192 
19 77   339 
19 78   319 
19 79   505 
19 80   390 
20 22   544 
20 23  1054 
20 24   701 
20 25   253 
20 26   826 
20 27   856 
20 28   379 
20 29   306 
20 30   225 
20 31   241 
20 32   745 
20 33   175 
20 34   511 
20 35   993 
20 36   430 
20 37   334 
20 38   968 
20 39   898 
20 40   966 
20 41   643 
20 42   223 
20 43   454 
20 44   621 
20 45   700 
20 46   815 
20 47   443 
20 48   693 
20 49   505 
20 50   900 
20 51  1017 
20 52   527 
20 53   566 
20 54   514 
20 55   515 
20 56   495 
20 57   713 
20 58   450 
20 59   765 
20 60  1087 
20 61   715 
20 62   767 
20 63   610 
20 64   580 
20 65   593 
20 66   631 
20 67   792 
20 68   884 
20 69   957 
20 70   874 
20 71   372 
20 72   667 
20 73   245 
20 74  1083 
20 75   820 
20 76   714 
20 77   918 
20 78   974 
20 79   649 
20 80   550 
21 23   498 
21 24    82 
21 25   538 
21 26   914 
21 27   933 
21 28   809 
21 29   870 
21 30   848 
21 31   836 
21 32   587 
21 33   637 
21 34   547 
21 35   912 
21 36   505 
21 37   426 
21 38   993 
21 39   283 
21 40  1117 
21 41   621 
21 42   732 
21 43   358 
21 44   934 
21 45   259 
21 46   288 
21 47   335 
21 48   213 
21 49   536 
21 50   545 
21 51   472 
21 52   229 
21 53   687 
21 54   556 
21 55   840 
21 56   287 
21 57   920 
21 58   615 
21 59   910 
21 60   574 
21 61   968 
21 62    33 
21 63   146 
21 64   578 
21 65   951 
21 66   124 
21 67   518 
21 68   830 
21 69   830 
21 70   321 
21 71   922 
21 72   607 
21 73   820 
21 74   664 
21 75   908 
21 76   178 
21 77   657 
21 78   652 
21 79   189 
21 80   525 
22 24   634 
22 25   346 
22 26   335 
22 27   362 
22 28   282 
22 29   401 
22 30   441 
22 31   416 
22 32   223 
22 33   375 
22 34    84 
22 35   456 
22 36   170 
22 37   485 
22 38   460 
22 39   574 
22 40   526 
22 41   102 
22 42   344 
22 43   603 
22 44   311 
22 45   766 
22 46   475 
22 47   551 
22 48   432 
22 49    96 
22 50   415 
22 51   601 
22 52   475 
22 53    60 
22 54    74 
22 55   235 
22 56   569 
22 57   298 
22 58    94 
22 59   304 
22 60   636 
22 61   341 
22 62   613 
22 63   518 
22 64    65 
22 65   335 
22 66   548 
22 67   306 
22 68   346 
22 69   413 
22 70   517 
22 71   415 
22 72   132 
22 73   395 
22 74   586 
22 75   328 
22 76   470 
22 77   393 
22 78   460 
22 79   670 
22 80   103 
23 25   800 
23 26   744 
23 27   747 
23 28   912 
23 29  1022 
23 30  1041 
23 31  1019 
23 32   438 
23 33   887 
23 34   602 
23 35   622 
23 36   644 
23 37   793 
23 38   750 
23 39   215 
23 40   921 
23 41   554 
23 42   925 
23 43   799 
23 44   907 
23 45   757 
23 46   252 
23 47   755 
23 48   387 
23 49   600 
23 50   247 
23 51    36 
23 52   608 
23 53   672 
23 54   605 
23 55   863 
23 56   724 
23 57   829 
23 58   693 
23 59   781 
23 60    83 
23 61   887 
23 62   465 
23 63   554 
23 64   569 
23 65   945 
23 66   559 
23 67   335 
23 68   595 
23 69   541 
23 70   196 
23 71  1046 
23 72   522 
23 73   999 
23 74   215 
23 75   741 
23 76   387 
23 77   353 
23 78   294 
23 79   681 
23 80   558 
24 26   938 
24 27   958 
24 28   790 
24 29   840 
24 30   811 
24 31   801 
24 32   623 
24 33   596 
24 34   551 
24 35   954 
24 36   496 
24 37   367 
24 38  1027 
24 39   360 
24 40  1141 
24 41   641 
24 42   698 
24 43   283 
24 44   934 
24 45   185 
24 46   353 
24 47   267 
24 48   255 
24 49   539 
24 50   604 
24 51   548 
24 52   189 
24 53   695 
24 54   561 
24 55   834 
24 56   216 
24 57   931 
24 58   610 
24 59   928 
24 60   649 
24 61   976 
24 62   113 
24 63   118 
24 64   592 
24 65   946 
24 66    88 
24 67   564 
24 68   866 
24 69   875 
24 70   393 
24 71   896 
24 72   631 
24 73   786 
24 74   734 
24 75   932 
24 76   226 
24 77   709 
24 78   711 
24 79   107 
24 80   536 
25 27   699 
25 28   328 
25 29   346 
25 30   312 
25 31   303 
25 32   515 
25 33    99 
25 34   288 
25 35   801 
25 36   194 
25 37   181 
25 38   803 
25 39   648 
25 40   844 
25 41   430 
25 42   203 
25 43   325 
25 44   538 
25 45   553 
25 46   562 
25 47   287 
25 48   445 
25 49   279 
25 50   653 
25 51   763 
25 52   311 
25 53   387 
25 54   295 
25 55   423 
25 56   329 
25 57   592 
25 58   259 
25 59   624 
25 60   835 
25 61   613 
25 62   543 
25 63   391 
25 64   362 
25 65   529 
25 66   417 
25 67   548 
25 68   691 
25 69   751 
25 70   621 
25 71   408 
25 72   448 
25 73   289 
25 74   836 
25 75   664 
25 76   468 
25 77   684 
25 78   734 
25 79   477 
25 80   320 
26 28   465 
26 29   585 
26 30   656 
26 31   630 
26 32   341 
26 33   676 
26 34   415 
26 35   224 
26 36   506 
26 37   820 
26 38   144 
26 39   777 
26 40   203 
26 41   297 
26 42   603 
26 43   938 
26 44   272 
26 45  1087 
26 46   690 
26 47   885 
26 48   702 
26 49   427 
26 50   499 
26 51   721 
26 52   798 
26 53   284 
26 54   405 
26 55   329 
26 56   900 
26 57   147 
26 58   411 
26 59    73 
26 60   707 
26 61   192 
26 62   893 
26 63   829 
26 64   354 
26 65   322 
26 66   857 
26 67   439 
26 68   163 
26 69   252 
26 70   710 
26 71   557 
26 72   307 
26 73   614 
26 74   597 
26 75     6 
26 76   740 
26 77   396 
26 78   466 
26 79   989 
26 80   413 
27 29   614 
27 30   686 
27 31   659 
27 32   355 
27 33   705 
27 34   441 
27 35   204 
27 36   533 
27 37   847 
27 38   114 
27 39   788 
27 40   186 
27 41   319 
27 42   633 
27 43   964 
27 44   298 
27 45  1110 
27 46   702 
27 47   911 
27 48   720 
27 49   453 
27 50   503 
27 51   725 
27 52   821 
27 53   313 
27 54   431 
27 55   358 
27 56   925 
27 57   172 
27 58   440 
27 59   100 
27 60   706 
27 61   213 
27 62   911 
27 63   850 
27 64   378 
27 65   347 
27 66   878 
27 67   450 
27 68   157 
27 69   240 
27 70   720 
27 71   585 
27 72   327 
27 73   644 
27 74   593 
27 75    36 
27 76   757 
27 77   396 
27 78   465 
27 79  1012 
27 80   437 
28 30   191 
28 31   164 
28 32   503 
28 33   274 
28 34   312 
28 35   661 
28 36   309 
28 37   509 
28 38   609 
28 39   826 
28 40   588 
28 41   379 
28 42   161 
28 43   653 
28 44   241 
28 45   873 
28 46   727 
28 47   613 
28 48   652 
28 49   317 
28 50   697 
28 51   877 
28 52   604 
28 53   264 
28 54   308 
28 55   139 
28 56   651 
28 57   339 
28 58   221 
28 59   398 
28 60   917 
28 61   336 
28 62   805 
28 63   673 
28 64   345 
28 65   217 
28 66   702 
28 67   588 
28 68   558 
28 69   644 
28 70   777 
28 71   133 
28 72   411 
28 73   149 
28 74   867 
28 75   460 
28 76   687 
28 77   667 
28 78   738 
28 79   790 
28 80   356 
29 31    64 
29 32   625 
29 33   263 
29 34   419 
29 35   786 
29 36   393 
29 37   519 
29 38   728 
29 39   919 
29 40   691 
29 41   501 
29 42   143 
29 43   663 
29 44   339 
29 45   898 
29 46   823 
29 47   631 
29 48   734 
29 49   421 
29 50   815 
29 51   986 
29 52   651 
29 53   389 
29 54   416 
29 55   255 
29 56   675 
29 57   451 
29 58   329 
29 59   515 
29 60  1032 
29 61   438 
29 62   870 
29 63   727 
29 64   461 
29 65   302 
29 66   755 
29 67   705 
29 68   684 
29 69   771 
29 70   875 
29 71    68 
29 72   533 
29 73    65 
29 74   988 
29 75   580 
29 76   766 
29 77   791 
29 78   861 
29 79   824 
29 80   464 
30 32   664 
30 33   217 
30 34   444 
30 35   850 
30 36   399 
30 37   471 
30 38   800 
30 39   923 
30 40   771 
30 41   544 
30 42   120 
30 43   613 
30 44   419 
30 45   854 
30 46   829 
30 47   585 
30 48   730 
30 49   444 
30 50   847 
30 51  1005 
30 52   623 
30 53   439 
30 54   443 
30 55   328 
30 56   633 
30 57   527 
30 58   358 
30 59   589 
30 60  1058 
30 61   518 
30 62   851 
30 63   702 
30 64   496 
30 65   384 
30 66   729 
30 67   736 
30 68   746 
30 69   830 
30 70   884 
30 71   146 
30 72   574 
30 73    46 
30 74  1024 
30 75   651 
30 76   759 
30 77   834 
30 78   901 
30 79   785 
30 80   489 
31 33   212 
31 34   420 
31 35   823 
31 36   379 
31 37   469 
31 38   774 
31 39   905 
31 40   746 
31 41   518 
31 42   104 
31 43   611 
31 44   394 
31 45   850 
31 46   810 
31 47   582 
31 48   714 
31 49   421 
31 50   823 
31 51   983 
31 52   613 
31 53   413 
31 54   419 
31 55   302 
31 56   628 
31 57   501 
31 58   334 
31 59   562 
31 60  1035 
31 61   493 
31 62   838 
31 63   692 
31 64   471 
31 65   361 
31 66   719 
31 67   712 
31 68   719 
31 69   803 
31 70   865 
31 71   132 
31 72   548 
31 73    20 
31 74  1000 
31 75   625 
31 76   743 
31 77   809 
31 78   876 
31 79   779 
31 80   466 
32 34   234 
32 35   335 
32 36   321 
32 37   606 
32 38   406 
32 39   436 
32 40   541 
32 41   125 
32 42   561 
32 43   690 
32 44   469 
32 45   789 
32 46   348 
32 47   635 
32 48   373 
32 49   240 
32 50   199 
32 51   408 
32 52   516 
32 53   243 
32 54   231 
32 55   431 
32 56   634 
32 57   397 
32 58   307 
32 59   359 
32 60   425 
32 61   454 
32 62   563 
32 63   525 
32 64   169 
32 65   508 
32 66   550 
32 67   105 
32 68   243 
32 69   262 
32 70   370 
32 71   635 
32 72    92 
32 73   618 
32 74   363 
32 75   336 
32 76   409 
32 77   173 
32 78   237 
32 79   691 
32 80   196 
33 35   829 
33 36   255 
33 37   257 
33 38   815 
33 39   743 
33 40   834 
33 41   471 
33 42   122 
33 43   400 
33 44   505 
33 45   638 
33 46   655 
33 47   370 
33 48   542 
33 49   330 
33 50   725 
33 51   850 
33 52   409 
33 53   403 
33 54   340 
33 55   392 
33 56   416 
33 57   579 
33 58   281 
33 59   622 
33 60   917 
33 61   591 
33 62   643 
33 63   491 
33 64   407 
33 65   489 
33 66   516 
33 67   617 
33 68   719 
33 69   788 
33 70   713 
33 71   328 
33 72   493 
33 73   200 
33 74   908 
33 75   669 
33 76   566 
33 77   743 
33 78   799 
33 79   568 
33 80   375 
34 36    97 
34 37   411 
34 38   534 
34 39   516 
34 40   609 
34 41   143 
34 42   333 
34 43   523 
34 44   387 
34 45   682 
34 46   417 
34 47   470 
34 48   359 
34 49    12 
34 50   403 
34 51   567 
34 52   391 
34 53   144 
34 54     9 
34 55   299 
34 56   486 
34 57   382 
34 58    91 
34 59   387 
34 60   614 
34 61   424 
34 62   535 
34 63   435 
34 64    74 
34 65   406 
34 66   465 
34 67   292 
34 68   406 
34 69   462 
34 70   465 
34 71   445 
34 72   160 
34 73   400 
34 74   583 
34 75   408 
34 76   397 
34 77   407 
34 78   466 
34 79   586 
34 80    45 
35 37   922 
35 38   140 
35 39   713 
35 40   321 
35 41   372 
35 42   779 
35 43  1018 
35 44   494 
35 45  1123 
35 46   645 
35 47   964 
35 48   700 
35 49   526 
35 50   401 
35 51   607 
35 52   850 
35 53   427 
35 54   508 
35 55   534 
35 56   967 
35 57   370 
35 58   548 
35 59   296 
35 60   565 
35 61   416 
35 62   885 
35 63   860 
35 64   442 
35 65   544 
35 66   884 
35 67   394 
35 68   110 
35 69    84 
35 70   646 
35 71   767 
35 72   362 
35 73   806 
35 74   436 
35 75   226 
35 76   734 
35 77   278 
35 78   327 
35 79  1026 
35 80   494 
36 38   629 
36 39   527 
36 40   695 
36 41   240 
36 42   281 
36 43   433 
36 44   440 
36 45   609 
36 46   431 
36 47   381 
36 48   344 
36 49    87 
36 50   470 
36 51   607 
36 52   321 
36 53   224 
36 54   105 
36 55   337 
36 56   403 
36 57   457 
36 58   115 
36 59   472 
36 60   667 
36 61   493 
36 62   499 
36 63   378 
36 64   171 
36 65   450 
36 66   408 
36 67   361 
36 68   504 
36 69   559 
36 70   485 
36 71   432 
36 72   255 
36 73   359 
36 74   652 
36 75   499 
36 76   378 
36 77   491 
36 78   544 
36 79   517 
36 80   125 
37 39   608 
37 40  1004 
37 41   550 
37 42   376 
37 43   145 
37 44   714 
37 45   382 
37 46   541 
37 47   114 
37 48   408 
37 49   399 
37 50   699 
37 51   758 
37 52   204 
37 53   536 
37 54   419 
37 55   600 
37 56   164 
37 57   758 
37 58   413 
37 59   782 
37 60   844 
37 61   785 
37 62   440 
37 63   284 
37 64   481 
37 65   709 
37 66   302 
37 67   609 
37 68   815 
37 69   861 
37 70   600 
37 71   584 
37 72   559 
37 73   457 
37 74   875 
37 75   813 
37 76   417 
37 77   758 
37 78   795 
37 79   319 
37 80   427 
38 40   181 
38 41   401 
38 42   746 
38 43  1055 
38 44   407 
38 45  1186 
38 46   744 
38 47  1001 
38 48   780 
38 49   546 
38 50   518 
38 51   732 
38 52   902 
38 53   416 
38 54   525 
38 55   473 
38 56  1012 
38 57   282 
38 58   544 
38 59   213 
38 60   698 
38 61   316 
38 62   970 
38 63   924 
38 64   466 
38 65   455 
38 66   950 
38 67   488 
38 68   166 
38 69   211 
38 70   753 
38 71   698 
38 72   402 
38 73   758 
38 74   572 
38 75   149 
38 76   816 
38 77   398 
38 78   456 
38 79  1088 
38 80   524 
39 41   522 
39 42   803 
39 43   594 
39 44   878 
39 45   542 
39 46    99 
39 47   555 
39 48   204 
39 49   510 
39 50   313 
39 51   189 
39 52   411 
39 53   624 
39 54   523 
39 55   809 
39 56   519 
39 57   826 
39 58   605 
39 59   794 
39 60   291 
39 61   882 
39 62   250 
39 63   348 
39 64   510 
39 65   907 
39 66   349 
39 67   337 
39 68   655 
39 69   628 
39 70    67 
39 71   956 
39 72   495 
39 73   885 
39 74   392 
39 75   771 
39 76   190 
39 77   437 
39 78   409 
39 79   466 
39 80   477 
40 42   743 
40 43  1129 
40 44   352 
40 45  1287 
40 46   889 
40 47  1077 
40 48   905 
40 49   622 
40 50   682 
40 51   901 
40 52   997 
40 53   470 
40 54   599 
40 55   450 
40 56  1095 
40 57   255 
40 58   591 
40 59   222 
40 60   874 
40 61   253 
40 62  1097 
40 63  1031 
40 64   553 
40 65   391 
40 66  1059 
40 67   635 
40 68   326 
40 69   389 
40 70   905 
40 71   646 
40 72   510 
40 73   734 
40 74   751 
40 75   209 
40 76   943 
40 77   568 
40 78   631 
40 79  1190 
40 80   611 
41 43   655 
41 44   359 
41 45   791 
41 46   425 
41 47   600 
41 48   413 
41 49   153 
41 50   322 
41 51   522 
41 52   503 
41 53   119 
41 54   136 
41 55   309 
41 56   610 
41 57   308 
41 58   194 
41 59   289 
41 60   547 
41 61   361 
41 62   602 
41 63   532 
41 64    69 
41 65   393 
41 66   560 
41 67   219 
41 68   264 
41 69   320 
41 70   460 
41 71   510 
41 72    32 
41 73   498 
41 74   488 
41 75   290 
41 76   451 
41 77   291 
41 78   359 
41 79   693 
41 80   123 
42 44   402 
42 45   754 
42 46   709 
42 47   487 
42 48   610 
42 49   332 
42 50   737 
42 51   888 
42 52   510 
42 53   354 
42 54   334 
42 55   293 
42 56   531 
42 57   490 
42 58   254 
42 59   542 
42 60   944 
42 61   494 
42 62   734 
42 63   588 
42 64   392 
42 65   379 
42 66   615 
42 67   626 
42 68   671 
42 69   749 
42 70   765 
42 71   207 
42 72   474 
42 73    88 
42 74   917 
42 75   597 
42 76   639 
42 77   734 
42 78   797 
42 79   680 
42 80   378 
43 45   246 
43 46   548 
43 47    54 
43 48   415 
43 49   511 
43 50   749 
43 51   766 
43 52   194 
43 53   658 
43 54   533 
43 55   739 
43 56    75 
43 57   888 
43 58   541 
43 59   906 
43 60   860 
43 61   918 
43 62   382 
43 63   246 
43 64   589 
43 65   849 
43 66   249 
43 67   672 
43 68   915 
43 69   951 
43 70   603 
43 71   728 
43 72   659 
43 73   601 
43 74   912 
43 75   932 
43 76   411 
43 77   826 
43 78   852 
43 79   204 
43 80   531 
44 46   780 
44 47   805 
44 48   744 
44 49   398 
44 50   665 
44 51   877 
44 52   761 
44 53   255 
44 54   378 
44 55   114 
44 56   835 
44 57   125 
44 58   325 
44 59   199 
44 60   890 
44 61    99 
44 62   922 
44 63   816 
44 64   370 
44 65    49 
44 66   846 
44 67   573 
44 68   412 
44 69   505 
44 70   817 
44 71   297 
44 72   388 
44 73   383 
44 74   807 
44 75   269 
44 76   782 
44 77   595 
44 78   670 
44 79   957 
44 80   414 
45 47   268 
45 48   433 
45 49   669 
45 50   786 
45 51   731 
45 52   291 
45 53   826 
45 54   692 
45 55   941 
45 56   223 
45 57  1063 
45 58   724 
45 59  1068 
45 60   833 
45 61  1102 
45 62   292 
45 63   263 
45 64   734 
45 65  1053 
45 66   239 
45 67   740 
45 68  1031 
45 69  1046 
45 70   577 
45 71   961 
45 72   785 
45 73   838 
45 74   919 
45 75  1081 
45 76   408 
45 77   888 
45 78   894 
45 79    98 
45 80   675 
46 48   135 
46 49   411 
46 50   259 
46 51   218 
46 52   356 
46 53   526 
46 54   423 
46 55   710 
46 56   474 
46 57   732 
46 58   506 
46 59   703 
46 60   311 
46 61   787 
46 62   257 
46 63   309 
46 64   411 
46 65   809 
46 66   318 
46 67   256 
46 68   577 
46 69   561 
46 70    59 
46 71   858 
46 72   401 
46 73   790 
46 74   380 
46 75   684 
46 76   139 
46 77   377 
46 78   364 
46 79   452 
46 80   378 
47 49   457 
47 50   697 
47 51   721 
47 52   147 
47 53   606 
47 54   479 
47 55   693 
47 56    52 
47 57   837 
47 58   490 
47 59   854 
47 60   814 
47 61   869 
47 62   355 
47 63   209 
47 64   535 
47 65   804 
47 66   218 
47 67   619 
47 68   860 
47 69   896 
47 70   559 
47 71   694 
47 72   604 
47 73   570 
47 74   863 
47 75   878 
47 76   368 
47 77   772 
47 78   799 
47 79   206 
47 80   477 
48 50   354 
48 51   353 
48 52   222 
48 53   490 
48 54   368 
48 55   659 
48 56   342 
48 57   717 
48 58   440 
48 59   702 
48 60   445 
48 61   767 
48 62   191 
48 63   183 
48 64   377 
48 65   765 
48 66   198 
48 67   309 
48 68   617 
48 69   620 
48 70   192 
48 71   777 
48 72   396 
48 73   695 
48 74   502 
48 75   696 
48 76    38 
48 77   455 
48 78   461 
48 79   340 
48 80   329 
49 51   564 
49 52   378 
49 53   156 
49 54    22 
49 55   308 
49 56   473 
49 57   394 
49 58    95 
49 59   400 
49 60   614 
49 61   436 
49 62   524 
49 63   423 
49 64    84 
49 65   416 
49 66   452 
49 67   294 
49 68   417 
49 69   472 
49 70   460 
49 71   449 
49 72   168 
49 73   400 
49 74   585 
49 75   421 
49 76   387 
49 77   412 
49 78   470 
49 79   574 
49 80    46 
50 52   557 
50 53   442 
50 54   403 
50 55   631 
50 56   682 
50 57   583 
50 58   488 
50 59   534 
50 60   225 
50 61   641 
50 62   515 
50 63   535 
50 64   353 
50 65   706 
50 66   552 
50 67   111 
50 68   356 
50 69   317 
50 70   248 
50 71   830 
50 72   290 
50 73   802 
50 74   182 
50 75   495 
50 76   377 
50 77   123 
50 78   107 
50 79   694 
50 80   359 
51 53   639 
51 54   570 
51 55   830 
51 56   691 
51 57   802 
51 58   658 
51 59   755 
51 60   102 
51 61   860 
51 62   439 
51 63   522 
51 64   535 
51 65   914 
51 66   528 
51 67   304 
51 68   575 
51 69   525 
51 70   162 
51 71  1011 
51 72   491 
51 73   963 
51 74   218 
51 75   717 
51 76   354 
51 77   334 
51 78   281 
51 79   653 
51 80   522 
52 54   400 
52 55   657 
52 56   125 
52 57   772 
52 58   436 
52 59   777 
52 60   667 
52 61   811 
52 62   239 
52 63    83 
52 64   444 
52 65   769 
52 66   106 
52 67   486 
52 68   752 
52 69   778 
52 70   412 
52 71   707 
52 72   500 
52 73   597 
52 74   718 
52 75   791 
52 76   222 
52 77   640 
52 78   661 
52 79   196 
52 80   385 
53 55   191 
53 56   626 
53 57   237 
53 58   127 
53 59   247 
53 60   667 
53 61   281 
53 62   673 
53 63   579 
53 64   115 
53 65   283 
53 66   608 
53 67   338 
53 68   318 
53 69   394 
53 70   566 
53 71   393 
53 72   152 
53 73   393 
53 74   606 
53 75   278 
53 76   529 
53 77   403 
53 78   474 
53 79   730 
53 80   162 
54 56   496 
54 57   372 
54 58    87 
54 59   378 
54 60   616 
54 61   414 
54 62   544 
54 63   445 
54 64    67 
54 65   398 
54 66   474 
54 67   292 
54 68   399 
54 69   456 
54 70   471 
54 71   441 
54 72   154 
54 73   399 
54 74   583 
54 75   398 
54 76   405 
54 77   404 
54 78   464 
54 79   596 
54 80    47 
55 57   200 
55 58   224 
55 59   260 
55 60   856 
55 61   200 
55 62   830 
55 63   716 
55 64   300 
55 65   112 
55 66   746 
55 67   528 
55 68   437 
55 69   527 
55 70   753 
55 71   232 
55 72   341 
55 73   287 
55 74   788 
55 75   324 
55 76   696 
55 77   580 
55 78   654 
55 79   851 
55 80   333 
56 58   515 
56 59   873 
56 60   786 
56 61   895 
56 62   309 
56 63   170 
56 64   547 
56 65   837 
56 66   174 
56 67   610 
56 68   866 
56 69   897 
56 70   528 
56 71   737 
56 72   611 
56 73   616 
56 74   842 
56 75   893 
56 76   336 
56 77   763 
56 78   786 
56 79   155 
56 80   488 
57 59    73 
57 60   803 
57 61    58 
57 62   904 
57 63   816 
57 64   342 
57 65   175 
57 66   846 
57 67   502 
57 68   294 
57 69   387 
57 70   762 
57 71   416 
57 72   331 
57 73   487 
57 74   708 
57 75   144 
57 76   756 
57 77   498 
57 78   573 
57 79   968 
57 80   396 
58 60   703 
58 61   379 
58 62   606 
58 63   492 
58 64   138 
58 65   336 
58 66   522 
58 67   377 
58 68   438 
58 69   507 
58 70   555 
58 71   354 
58 72   220 
58 73   313 
58 74   666 
58 75   405 
58 76   476 
58 77   480 
58 78   544 
58 79   632 
58 80   135 
59 61   123 
59 62   892 
59 63   815 
59 64   336 
59 65   248 
59 66   844 
59 67   462 
59 68   224 
59 69   316 
59 70   729 
59 71   485 
59 72   306 
59 73   547 
59 74   648 
59 75    70 
59 76   740 
59 77   441 
59 78   514 
59 79   972 
59 80   393 
60 62   541 
60 63   619 
60 64   572 
60 65   931 
60 66   627 
60 67   330 
60 68   551 
60 69   487 
60 70   260 
60 71  1051 
60 72   515 
60 73  1014 
60 74   139 
60 75   704 
60 76   450 
60 77   311 
60 78   243 
60 79   754 
60 80   569 
61 63   859 
61 64   390 
61 65   143 
61 66   889 
61 67   559 
61 68   347 
61 69   439 
61 70   818 
61 71   396 
61 72   386 
61 73   481 
61 74   766 
61 75   190 
61 76   806 
61 77   556 
61 78   631 
61 79  1008 
61 80   442 
62 64   562 
62 65   940 
62 66   138 
62 67   491 
62 68   805 
62 69   804 
62 70   288 
62 71   920 
62 72   587 
62 73   821 
62 74   632 
62 75   887 
62 76   154 
62 77   628 
62 78   621 
62 79   221 
62 80   511 
63 65   828 
63 66    29 
63 67   479 
63 68   767 
63 69   783 
63 70   360 
63 71   781 
63 72   524 
63 73   676 
63 74   684 
63 75   822 
63 76   169 
63 77   630 
63 78   642 
63 79   165 
63 80   422 
64 66   508 
64 67   243 
64 68   333 
64 69   388 
64 70   452 
64 71   478 
64 72    87 
64 73   451 
64 74   528 
64 75   347 
64 76   415 
64 77   342 
64 78   405 
64 79   637 
64 80    58 
65 67   610 
65 68   461 
65 69   554 
65 70   849 
65 71   255 
65 72   423 
65 73   351 
65 74   851 
65 75   319 
65 76   803 
65 77   640 
65 78   715 
65 79   964 
65 80   437 
66 68   793 
66 69   807 
66 70   366 
66 71   810 
66 72   551 
66 73   703 
66 74   697 
66 75   850 
66 76   180 
66 77   650 
66 78   659 
66 79   143 
66 80   451 
67 69   312 
67 70   270 
67 71   721 
67 72   187 
67 73   691 
67 74   291 
67 75   434 
67 76   340 
67 77   153 
67 78   187 
67 79   643 
67 80   248 
68 70   587 
68 71   670 
68 72   256 
68 73   701 
68 74   436 
68 75   162 
68 76   652 
68 77   242 
68 78   308 
68 79   932 
68 80   387 
69 71   759 
69 72   304 
69 73   784 
69 74   362 
69 75   251 
69 76   653 
69 77   193 
69 78   246 
69 79   949 
69 80   436 
70 72   433 
70 73   845 
70 74   343 
70 75   705 
70 76   191 
70 77   371 
70 78   347 
70 79   495 
70 80   424 
71 73   133 
71 74   998 
71 75   552 
71 76   810 
71 77   796 
71 78   868 
71 79   884 
71 80   489 
72 74   456 
72 75   301 
72 76   434 
72 77   260 
72 78   328 
72 79   687 
72 80   132 
73 75   609 
73 76   725 
73 77   789 
73 78   855 
73 79   766 
73 80   445 
74 76   517 
74 77   211 
74 78   136 
74 79   833 
74 80   539 
75 77   393 
75 78   464 
75 79   983 
75 80   406 
76 78   485 
76 79   318 
76 80   367 
77 79   793 
77 80   367 
78 80   424 
0 
0 
0 
0 
0 
0 
0 
0 
0 
0 
0 
0 
0 
0 
0 
0 
0 
0 
0 
0 
0 
0 
0 
0 
0 
0 
0 
0 
0 
0 
0 
0 
0 
0 
0 
0 
0 
0 
0 
0 
0 
0 
0 
0 
0 
0 
0 
0 
0 
0 
0 
0 
0 
0 
0 
0 
0 
0 
0 
0 
0 
0 
0 
0 
0 
0 
0 
0 
0 
0 
0 
0 
0 
0 
0 
0 
0 
0 
0 
0 
  964   686 
   59   780 
  621   771 
  808   369 
  672   918 
  386    97 
  625   669 
  299   738 
  370   384 
  924   236 
  329   200 
  830    65 
  417   908 
  441   737 
  254   725 
  635   679 
  725   988 
  547   960 
  844   405 
  212   979 
  927   733 
  364   456 
  960   236 
  892   808 
  393   801 
  220   153 
  221   123 
  127   609 
   57   715 
   81   795 
   91   770 
  527   303 
  296   825 
  425   514 
  384     0 
  436   611 
  539   909 
  244    11 
  938   450 
   63    24 
  422   371 
  195   756 
  666   979 
   63   376 
  912   992 
  839   458 
  652   926 
  779   579 
  433   524 
  713   231 
  933   261 
  704   788 
  314   422 
  418   507 
  129   470 
  703   913 
  131   270 
  340   547 
  179   214 
  927   159 
   73   277 
  927   700 
  783   762 
  428   440 
   31   414 
  810   775 
  632   307 
  378   110 
  451    52 
  880   415 
    7   668 
  451   356 
  107   757 
  813    78 
  223   159 
  814   595 
  616   154 
  686   127 
  858   910 
  462   488 
