80 2295 
1 2   405 
2 3   550 
3 4   458 
4 5   400 
5 6   504 
6 7    96 
7 8   671 
8 9   671 
9 10   692 
10 11   770 
11 12   555 
12 13   401 
13 14   791 
14 15   762 
15 16   198 
16 17   427 
17 18   465 
18 19   609 
19 20   258 
20 21   302 
21 22   184 
22 23   896 
23 24   837 
24 25   430 
25 26   415 
26 27   369 
27 28   439 
28 29   690 
29 30   345 
30 31   347 
31 32   389 
32 33   402 
33 34   603 
34 35   390 
35 36   842 
36 37   322 
37 38   407 
38 39   692 
39 40   809 
40 41   862 
41 42   648 
42 43   286 
43 44   212 
44 45   311 
45 46   584 
46 47   376 
47 48   529 
48 49  1007 
49 50   575 
50 51   997 
51 52  1073 
52 53   839 
53 54   694 
54 55   748 
55 56  1127 
56 57   779 
57 58   664 
58 59   315 
59 60   172 
60 61   142 
61 62   403 
62 63   308 
63 64   587 
64 65   443 
65 66   706 
66 67   320 
67 68   865 
68 69   303 
69 70   421 
70 71   204 
71 72   616 
72 73   780 
73 74   669 
74 75   494 
75 76   252 
76 77   695 
77 78   844 
78 79   748 
79 80   815 
1 3   505 
1 4   633 
1 5   859 
1 8   286 
1 9   905 
1 10   629 
1 12   781 
1 13   669 
1 14   122 
1 15   639 
1 17   671 
1 18   819 
1 19   382 
1 20   137 
1 22   174 
1 23   723 
1 24   644 
1 25   471 
1 26   689 
1 27   380 
1 28   811 
1 29   150 
1 30   347 
1 31    94 
1 32   393 
1 33   595 
1 34   156 
1 35   249 
1 37   672 
1 39   191 
1 40   836 
1 42   583 
1 43   727 
1 44   924 
1 47   384 
1 48   775 
1 49   272 
1 50   585 
1 52    52 
1 53   790 
1 54   529 
1 55   887 
1 56   456 
1 57   750 
1 59   334 
1 61   259 
1 62   386 
1 64   259 
1 66   567 
1 68   428 
1 69   223 
1 70   443 
1 71   388 
1 72   864 
1 74   677 
1 75   351 
1 77   962 
1 78   592 
1 79   157 
1 80   758 
2 4   332 
2 6   582 
2 7   601 
2 8   352 
2 11   489 
2 12   704 
2 13   397 
2 14   503 
2 16   443 
2 17   296 
2 19   575 
2 20   478 
2 21   253 
2 22   435 
2 24   256 
2 28   503 
2 29   363 
2 31   381 
2 32    84 
2 33   318 
2 34   494 
2 35   233 
2 36   642 
2 37   348 
2 38   305 
2 40   458 
2 43   360 
2 44   534 
2 45   623 
2 47    24 
2 49   539 
2 50   305 
2 51   782 
2 52   449 
2 53   413 
2 54   371 
2 55   500 
2 56   646 
2 58   277 
2 59   235 
2 60   406 
2 62    74 
2 63   264 
2 64   342 
2 65   269 
2 67   686 
2 68   254 
2 69   419 
2 70    71 
2 71   134 
2 72   504 
2 75    59 
2 76   218 
2 77   656 
2 78   732 
2 79   403 
3 5   848 
3 6   552 
3 7   640 
3 10   837 
3 12   294 
3 14   612 
3 15   375 
3 16   176 
3 17   595 
3 18   414 
3 21   565 
3 22   673 
3 24   612 
3 27   288 
3 28   563 
3 29   358 
3 31   411 
3 32   615 
3 33   413 
3 34   403 
3 35   619 
3 36   494 
3 37   508 
3 38   811 
3 39   691 
3 40   967 
3 41   693 
3 44   817 
3 45   657 
3 47   530 
3 48   450 
3 49   777 
3 50   854 
3 51   705 
3 52   490 
3 53   928 
3 54   260 
3 57   598 
3 58   579 
3 59   317 
3 60   167 
3 62   476 
3 63   744 
3 65   705 
3 67   182 
3 68   761 
3 69   709 
3 70   622 
3 71   420 
3 72  1028 
3 73   548 
3 74   370 
3 76   757 
3 77   669 
3 79   648 
3 80   545 
4 9   272 
4 10   520 
4 11   565 
4 16   284 
4 17   153 
4 19   592 
4 21   544 
4 24   192 
4 25   283 
4 27   270 
4 28   181 
4 29   518 
4 30   436 
4 32   414 
4 33    47 
4 34   647 
4 37    51 
4 38   431 
4 39   743 
4 41   776 
4 44   361 
4 46   335 
4 47   332 
4 48   206 
4 49   838 
4 50   583 
4 52   658 
4 53   541 
4 55   579 
4 59   305 
4 61   539 
4 64   426 
4 65   600 
4 66   338 
4 67   638 
4 68   581 
4 69   725 
4 71   254 
4 72   643 
4 73   605 
4 74   157 
4 75   380 
4 77   335 
4 78   659 
4 79   692 
5 8   740 
5 11   896 
5 14   957 
5 16   680 
5 17   252 
5 20   921 
5 21   702 
5 22   876 
5 23  1061 
5 24   242 
5 25   667 
5 26   255 
5 27   601 
5 30   533 
5 33   439 
5 35   666 
5 36   622 
5 37   355 
5 38   226 
5 39   888 
5 40   252 
5 41   937 
5 43   247 
5 46   709 
5 47   475 
5 48   539 
5 49   969 
5 50   469 
5 51   631 
5 52   901 
5 53   255 
5 54   590 
5 55   226 
5 57   286 
5 58   725 
5 59   610 
5 61   867 
5 63   207 
5 64   743 
5 65   664 
5 66   737 
5 67  1023 
5 68   579 
5 69   848 
5 70   429 
5 71   502 
5 72   329 
5 73   794 
5 74   541 
5 75   511 
5 77   488 
5 79   847 
5 80   372 
6 8   604 
6 9   121 
6 11   739 
6 12   403 
6 15   221 
6 16   388 
6 17   339 
6 18   196 
6 19   731 
6 20   843 
6 21   790 
6 22   968 
6 23   676 
6 25   428 
6 28    99 
6 29   729 
6 30   687 
6 31   781 
6 32   664 
6 35   799 
6 36   121 
6 37   239 
6 38   624 
6 40   733 
6 41  1016 
6 44   381 
6 45   109 
6 47   583 
6 48   101 
6 49  1082 
6 50   813 
6 51   202 
6 52   877 
6 53   717 
6 55   723 
6 56   752 
6 57   238 
6 58   814 
6 59   525 
6 60   575 
6 61   717 
6 62   537 
6 63   553 
6 65   851 
6 66   410 
6 67   728 
6 68   829 
6 69   971 
6 70   623 
6 72   811 
6 74   193 
6 75   631 
6 76   655 
6 77   117 
6 79   935 
6 80   156 
7 12   499 
7 13   244 
7 14  1033 
7 15   286 
7 17   326 
7 18   291 
7 19   813 
7 23   772 
7 24   381 
7 27   538 
7 28   101 
7 29   789 
7 30   707 
7 32   678 
7 34   912 
7 36   210 
7 38   593 
7 39  1025 
7 45    22 
7 46   564 
7 48   191 
7 49  1120 
7 50   801 
7 51   197 
7 52   934 
7 55   670 
7 58   850 
7 59   579 
7 60   649 
7 62   565 
7 64   689 
7 65   870 
7 66   499 
7 67   819 
7 68   836 
7 70   632 
7 73   887 
7 74   272 
7 75   654 
7 76   640 
7 77    55 
7 78   820 
7 80   160 
8 11   157 
8 12   497 
8 14   404 
8 16   250 
8 17   504 
8 18   538 
8 19   223 
8 20   238 
8 21   323 
8 22   441 
8 24   499 
8 25   189 
8 26   514 
8 27   145 
8 28   575 
8 29   136 
8 30   374 
8 31   193 
8 32   400 
8 33   367 
8 35   379 
8 36   594 
8 37   461 
8 38   646 
8 39   460 
8 40   803 
8 41   470 
8 42   519 
8 43   545 
8 44   757 
8 46   138 
8 48   511 
8 50   640 
8 51   794 
8 52   287 
8 53   760 
8 54   260 
8 56   294 
8 57   551 
8 58   337 
8 59   130 
8 60    74 
8 61   129 
8 62   287 
8 63   590 
8 64    27 
8 65   465 
8 67   339 
8 68   529 
8 69   473 
8 70   420 
8 72   854 
8 73   313 
8 74   412 
8 77   715 
8 78   391 
8 79   414 
9 11   815 
9 14  1025 
9 17   302 
9 19   821 
9 20   905 
9 22   995 
9 24   356 
9 25   509 
9 26   277 
9 27   535 
9 28    96 
9 29   786 
9 30   689 
9 32   659 
9 33   311 
9 34   911 
9 36   239 
9 37   239 
9 39  1013 
9 42   528 
9 43   242 
9 44   272 
9 45    46 
9 46   569 
9 48   209 
9 49  1107 
9 50   775 
9 51   226 
9 52   929 
9 53   644 
9 54   420 
9 55   637 
9 56   849 
9 58   838 
9 59   575 
9 60   652 
9 61   791 
9 62   551 
9 63   498 
9 64   688 
9 65   852 
9 66   512 
9 68   815 
9 70   611 
9 71   525 
9 72   733 
9 73   877 
9 74   282 
9 76   614 
9 77    81 
9 78   836 
9 80   147 
10 12   959 
10 14   694 
10 15   620 
10 16   714 
10 18   847 
10 19   862 
10 20   733 
10 21   446 
10 22   583 
10 23  1086 
10 24   345 
10 25   669 
10 26   423 
10 27   548 
10 28   642 
10 29   632 
10 30   288 
10 32   248 
10 33   531 
10 34   751 
10 35   387 
10 37   508 
10 40   220 
10 41   643 
10 42   177 
10 44   521 
10 45   738 
10 46   682 
10 47   312 
10 48   723 
10 49   652 
10 50    97 
10 51   917 
10 52   680 
10 55   279 
10 56   934 
10 57   506 
10 60   696 
10 61   743 
10 62   361 
10 64   629 
10 65   346 
10 66   777 
10 68   238 
10 69   539 
10 71   417 
10 73   544 
10 76    88 
10 77   774 
10 78  1022 
10 80   583 
11 13   574 
11 16   358 
11 17   661 
11 19   114 
11 20   152 
11 21   387 
11 22   442 
11 24   656 
11 25   311 
11 26   671 
11 27   302 
11 28   720 
11 29   151 
11 30   489 
11 31   184 
11 32   523 
11 33   519 
11 36   712 
11 37   615 
11 38   792 
11 39   459 
11 40   947 
11 43   702 
11 44   914 
11 45   834 
11 46   250 
11 47   465 
11 50   757 
11 51   919 
11 52   240 
11 53   902 
11 54   396 
11 56   191 
11 57   706 
11 58   392 
11 59   286 
11 60   164 
11 61    29 
11 64   153 
11 65   541 
11 66   365 
11 68   626 
11 69   489 
11 71   396 
11 72   993 
11 73   335 
11 74   545 
11 75   459 
11 76   707 
11 77   853 
11 78   323 
11 79   424 
11 80   682 
12 14   895 
12 16   269 
12 17   614 
12 18   209 
12 19   487 
12 20   701 
12 21   801 
12 24   653 
12 26   602 
12 27   465 
12 29   630 
12 30   783 
12 34   695 
12 35   843 
12 36   297 
12 37   498 
12 38   889 
12 39   957 
12 41   967 
12 42   787 
12 44   762 
12 46   363 
12 47   691 
12 48   323 
12 50  1002 
12 51   487 
12 52   773 
12 53  1002 
12 54   333 
12 55  1040 
12 58   820 
12 59   512 
12 61   547 
12 62   632 
12 64   524 
12 65   921 
12 67   413 
12 68   949 
12 69   966 
12 70   770 
12 71   573 
12 72  1104 
12 74   308 
12 76   871 
12 77   505 
12 80   481 
13 15    59 
13 16   257 
13 19   586 
13 20   663 
13 21   596 
13 22   774 
13 24   259 
13 26   201 
13 27   293 
13 28   146 
13 29   545 
13 31   595 
13 32   480 
13 33    80 
13 35   607 
13 36   246 
13 38   500 
13 39   792 
13 40   634 
13 41   822 
13 42   414 
13 43   202 
13 44   387 
13 45   266 
13 47   395 
13 48   136 
13 49   887 
13 50   654 
13 51   396 
13 52   690 
13 54   183 
13 55   640 
13 56   623 
13 57   171 
13 58   620 
13 59   336 
13 62   346 
13 63   425 
13 64   445 
13 65   662 
13 67   616 
13 68   649 
13 70   445 
13 71   306 
13 74    92 
13 75   442 
13 76   504 
13 78   631 
13 79   741 
13 80   112 
14 16   655 
14 17   782 
14 18   941 
14 20   208 
14 22   135 
14 23   814 
14 24   752 
14 26   801 
14 27   502 
14 28   932 
14 30   429 
14 31   211 
14 33   715 
14 36   990 
14 37   790 
14 38   779 
14 40   910 
14 43   840 
14 44  1033 
14 45  1055 
14 46   542 
14 47   485 
14 49   186 
14 50   637 
14 52   121 
14 54   651 
14 55   964 
14 56   535 
14 57   866 
14 58   237 
14 59   456 
14 60   466 
14 61   357 
14 62   495 
14 64   378 
14 65   358 
14 66   684 
14 69   196 
14 70   531 
14 72   929 
14 73   162 
14 75   446 
14 76   669 
14 78   675 
14 80   878 
15 17   262 
15 20   623 
15 22   754 
15 23   560 
15 24   301 
15 26   251 
15 27   259 
15 28   195 
15 30   501 
15 32   487 
15 33    90 
15 35   599 
15 36   243 
15 37   149 
15 38   539 
15 39   773 
15 42   444 
15 43   257 
15 44   447 
15 45   308 
15 47   397 
15 49   869 
15 51   418 
15 53   650 
15 54   130 
15 55   688 
15 56   566 
15 57   229 
15 58   605 
15 59   306 
15 60   362 
15 62   343 
15 63   464 
15 64   404 
15 65   660 
15 66   244 
15 69   762 
15 71   296 
15 72   752 
15 73   627 
15 75   442 
15 76   532 
15 80   169 
16 19   342 
16 20   482 
16 22   681 
16 24   451 
16 25    66 
16 27   196 
16 29   387 
16 30   516 
16 34   481 
16 35   574 
16 36   353 
16 37   334 
16 38   667 
16 41   716 
16 42   552 
16 43   441 
16 44   641 
16 45   490 
16 46   114 
16 47   428 
16 49   794 
16 50   747 
16 51   561 
16 54    90 
16 55   839 
16 56   369 
16 58   555 
16 59   243 
16 60   199 
16 61   340 
16 62   369 
16 63   596 
16 65   652 
16 66    63 
16 67   358 
16 69   705 
16 70   512 
16 71   310 
16 72   885 
16 75   459 
16 76   629 
16 77   505 
16 78   375 
16 79   652 
16 80   368 
17 19   707 
17 21   544 
17 23   811 
17 24    55 
17 26    25 
17 27   360 
17 28   243 
17 29   582 
17 30   400 
17 31   620 
17 32   364 
17 33   188 
17 35   530 
17 36   435 
17 37   119 
17 38   290 
17 39   744 
17 42   228 
17 43    63 
17 44   256 
17 45   346 
17 47   308 
17 49   835 
17 50   476 
17 51   521 
17 52   705 
17 54   337 
17 55   426 
17 56   759 
17 57   111 
17 58   569 
17 59   378 
17 60   518 
17 61   633 
17 62   286 
17 63   216 
17 65   560 
17 66   486 
17 68   513 
17 69   715 
17 70   313 
17 71   285 
17 73   623 
17 74   306 
17 76   316 
17 77   382 
17 78   797 
17 80   183 
18 20   772 
18 22   954 
18 23   491 
18 25   349 
18 27   450 
18 28   271 
18 29   674 
18 30   729 
18 31   730 
18 32   717 
18 34   771 
18 35   818 
18 36    89 
18 39   973 
18 40   882 
18 42   670 
18 44   569 
18 45   300 
18 47   627 
18 48   135 
18 49  1069 
18 50   907 
18 51   294 
18 52   825 
18 54   295 
18 55   882 
18 57   390 
18 58   814 
18 59   501 
18 61   628 
18 63   679 
18 64   563 
18 66   282 
18 68   888 
18 70   690 
18 72   958 
18 73   824 
18 76   759 
18 77   296 
18 78   564 
18 79   923 
18 80   302 
19 21   499 
19 23   348 
19 24   710 
19 26   713 
19 27   351 
19 28   728 
19 30   588 
19 31   299 
19 32   618 
19 33   545 
19 35   564 
19 36   685 
19 37   643 
19 38   869 
19 39   573 
19 41   562 
19 42   743 
19 43   739 
19 45   833 
19 47   551 
19 48   630 
19 49   647 
19 50   856 
19 52   351 
19 53   983 
19 54   403 
19 55  1062 
19 56    77 
19 57   735 
19 58   505 
19 59   351 
19 62   510 
19 64   232 
19 65   652 
19 68   732 
19 69   604 
19 70   642 
19 71   466 
19 72  1078 
19 74   540 
19 75   552 
19 76   793 
19 77   848 
19 78   209 
19 79   538 
20 24   690 
20 25   424 
20 26   722 
20 28   809 
20 30   445 
20 31    98 
20 32   487 
20 33   596 
20 34    19 
20 35   371 
20 36   831 
20 37   685 
20 38   782 
20 39   321 
20 42   660 
20 43   757 
20 45   929 
20 46   368 
20 47   455 
20 48   750 
20 49   389 
20 52    95 
20 53   884 
20 54   499 
20 56   328 
20 57   771 
20 59   336 
20 61   154 
20 62   440 
20 63   742 
20 64   218 
20 65   451 
20 66   500 
20 67   404 
20 68   551 
20 70   530 
20 71   423 
20 73   223 
20 74   651 
20 75   433 
20 76   684 
20 77   952 
20 78   467 
20 79   293 
21 23   808 
21 25   469 
21 26   566 
21 27   345 
21 28   725 
21 30   172 
21 31   213 
21 32   219 
21 33   516 
21 35    69 
21 36   823 
21 37   574 
21 39   200 
21 40   657 
21 42   417 
21 43   606 
21 44   787 
21 45   848 
21 46   440 
21 47   237 
21 48   720 
21 51   993 
21 52   235 
21 53   610 
21 54   498 
21 55   710 
21 57   639 
21 58    24 
21 59   294 
21 60   397 
21 61   366 
21 62   262 
21 64   299 
21 66   583 
21 67   640 
21 69   181 
21 70   274 
21 72   682 
21 73    97 
21 74   628 
21 75   193 
21 76   413 
21 77   879 
21 78   698 
21 79   151 
21 80   666 
22 25   615 
22 26   750 
22 27   504 
22 29   314 
22 30   343 
22 31   264 
22 32   389 
22 33   694 
22 35   209 
22 36   993 
22 37   757 
22 38   682 
22 39    19 
22 40   802 
22 42   588 
22 43   790 
22 44   969 
22 45  1030 
22 49   114 
22 50   516 
22 51  1170 
22 52   210 
22 53   756 
22 54   659 
22 57   823 
22 58   159 
22 59   453 
22 61   432 
22 64   414 
22 68   350 
22 69    60 
22 70   446 
22 73   131 
22 74   798 
22 75   375 
22 76   569 
22 77  1060 
22 78   766 
22 79    32 
22 80   848 
23 25   419 
23 26   806 
23 27   539 
23 28   720 
23 29   586 
23 30   850 
23 31   632 
23 32   867 
23 33   623 
23 34   592 
23 35   866 
23 36   581 
23 37   708 
23 40  1204 
23 41   907 
23 42   932 
23 44  1004 
23 46   405 
23 47   782 
23 48   584 
23 51   776 
23 52   697 
23 54   477 
23 55  1225 
23 56   289 
23 57   790 
23 58   820 
23 61   464 
23 64   510 
23 67   211 
23 68  1012 
23 69   939 
23 71   669 
23 72  1269 
23 73   780 
23 74   534 
23 76  1004 
23 79   875 
23 80   720 
24 29   566 
24 31   600 
24 32   318 
24 33   219 
24 34   702 
24 36   487 
24 37   167 
24 40   377 
24 42   173 
24 43   114 
24 45   401 
24 46   469 
24 47   270 
24 48   383 
24 49   795 
24 51   576 
24 52   681 
24 57   165 
24 59   369 
24 60   522 
24 62   257 
24 63   166 
24 65   513 
24 66   511 
24 67   783 
24 69   675 
24 70   264 
24 71   267 
24 73   591 
24 74   349 
24 75   316 
24 76   261 
24 79   659 
24 80   237 
25 27   134 
25 28   415 
25 29   324 
25 30   457 
25 31   381 
25 32   464 
25 33   237 
25 34   425 
25 35   510 
25 36   407 
25 37   335 
25 39   634 
25 40   787 
25 41   650 
25 43   437 
25 45   524 
25 47   373 
25 48   330 
25 50   696 
25 52   476 
25 54    90 
25 56   352 
25 57   426 
25 58   489 
25 60   147 
25 61   289 
25 62   316 
25 63   564 
25 66   117 
25 67   356 
25 69   638 
25 71   256 
25 73   484 
25 75   401 
25 77   543 
25 78   383 
25 79   586 
26 28   219 
26 29   597 
26 32   389 
26 33   184 
26 34   732 
26 35   554 
26 36   414 
26 37   104 
26 38   311 
26 40   435 
26 43    39 
26 44   243 
26 45   321 
26 46   462 
26 47   330 
26 48   314 
26 49   857 
26 52   722 
26 55   439 
26 60   525 
26 61   643 
26 63   238 
26 64   522 
26 65   584 
26 69   738 
26 70   338 
26 73   643 
26 74   293 
26 75   378 
26 76   341 
26 77   356 
26 78   797 
26 80   160 
27 29   251 
27 30   323 
27 32   332 
27 34   377 
27 36   490 
27 37   317 
27 38   529 
27 39   523 
27 40   686 
27 43   400 
27 45   560 
27 46   133 
27 47   243 
27 48   395 
27 49   619 
27 50   567 
27 51   677 
27 52   397 
27 53   646 
27 54   155 
27 57   406 
27 60   163 
27 61   274 
27 62   188 
27 64   156 
27 67   438 
27 69   520 
27 71   131 
27 72   744 
27 73   374 
27 74   297 
27 75   268 
27 76   469 
27 77   585 
27 78   478 
27 79   473 
28 30   609 
28 32   582 
28 33   216 
28 34   815 
28 35   728 
28 36   212 
28 39   924 
28 41   957 
28 42   471 
28 43   193 
28 45   123 
28 46   474 
28 47   507 
28 48   141 
28 49  1019 
28 50   719 
28 51   281 
28 52   834 
28 53   618 
28 55   626 
28 57   139 
28 58   749 
28 63   455 
28 64   592 
28 65   773 
28 67   745 
28 69   905 
28 71   435 
28 72   713 
28 73   785 
28 75   555 
28 76   560 
28 77   154 
28 78   753 
28 79   873 
29 31    56 
29 32   383 
29 33   475 
29 37   562 
29 38   668 
29 40   820 
29 41   337 
29 42   545 
29 43   632 
29 44   839 
29 45   811 
29 46   274 
29 53   774 
29 55   864 
29 57   647 
29 58   241 
29 59   213 
29 60   201 
29 65   389 
29 66   417 
29 67   406 
29 68   475 
29 69   354 
29 70   421 
29 72   861 
29 74   541 
29 75   324 
29 76   575 
29 80   642 
30 32    47 
30 33   420 
30 34   462 
30 35   135 
30 36   742 
30 37   454 
30 38   351 
30 39   356 
30 41   403 
30 42   245 
30 44   628 
30 47   104 
30 48   634 
30 49   441 
30 50   268 
30 51   888 
30 52   396 
30 53   443 
30 56   663 
30 57   504 
30 58   193 
30 59   283 
30 60   439 
30 61   462 
30 64   358 
30 65   163 
30 66   574 
30 67   713 
30 68   167 
30 70   103 
30 71   212 
30 72   521 
30 73   269 
30 74   553 
30 75    59 
30 76   243 
30 77   762 
30 80   547 
31 33   524 
31 35   282 
31 37   607 
31 38   684 
31 39   282 
31 40   831 
31 41   282 
31 42   563 
31 43   672 
31 44   876 
31 45   861 
31 46   331 
31 47   358 
31 49   366 
31 50   606 
31 51   977 
31 52    96 
31 53   785 
31 54   444 
31 55   878 
31 56   375 
31 59   260 
31 60   257 
31 61   170 
31 62   346 
31 63   645 
31 64   167 
31 65   366 
31 66   474 
31 67   445 
31 70   432 
31 71   334 
31 73   151 
31 74   595 
31 75   334 
31 76   585 
31 77   887 
31 80   690 
32 34   504 
32 36   725 
32 37   428 
32 38   304 
32 39   401 
32 40   444 
32 41   449 
32 44   586 
32 45   700 
32 48   616 
32 49   484 
32 50   241 
32 51   863 
32 52   441 
32 54   452 
32 55   494 
32 58   240 
32 59   297 
32 60   461 
32 61   496 
32 62   151 
32 65   195 
32 66   580 
32 67   739 
32 69   363 
32 70    57 
32 72   479 
32 73   316 
32 74   540 
32 75    67 
32 76   198 
32 77   734 
32 78   789 
32 79   359 
33 35   526 
33 36   323 
33 37    98 
33 39   712 
33 42   355 
33 43   200 
33 44   407 
33 45   340 
33 46   288 
33 47   315 
33 48   213 
33 49   808 
33 52   618 
33 54   152 
33 56   589 
33 58   540 
33 59   264 
33 60   362 
33 61   493 
33 62   265 
33 63   378 
33 64   382 
33 68   572 
33 69   697 
33 70   370 
33 72   668 
33 73   571 
33 74   143 
33 75   362 
33 76   442 
33 77   368 
33 78   614 
33 79   662 
33 80   166 
34 36   832 
34 37   693 
34 38   798 
34 39   339 
34 40   947 
34 41   321 
34 42   676 
34 43   767 
34 44   975 
34 45   934 
34 47   470 
34 48   753 
34 49   405 
34 50   720 
34 51  1035 
34 53   901 
34 54   502 
34 55   993 
34 56   312 
34 57   780 
34 58   317 
34 61   148 
34 62   454 
34 63   757 
34 64   222 
34 65   470 
34 66   497 
34 67   389 
34 68   571 
34 69   378 
34 70   547 
34 71   435 
34 72   983 
34 73   243 
34 74   654 
34 75   449 
34 76   701 
34 77   957 
34 78   452 
34 79   312 
34 80   770 
35 37   574 
35 38   474 
35 39   222 
35 40   602 
35 41   270 
35 43   593 
35 44   763 
35 46   487 
35 47   224 
35 48   736 
35 50   337 
35 52   301 
35 53   555 
35 55   657 
35 56   642 
35 57   631 
35 59   330 
35 60   452 
35 61   432 
35 63   461 
35 64   356 
35 67   703 
35 69   185 
35 70   237 
35 72   622 
35 73   159 
35 74   648 
35 75   175 
35 77   882 
35 78   761 
36 38   725 
36 40   843 
36 41  1036 
36 42   654 
36 43   396 
36 44   503 
36 45   216 
36 46   464 
36 47   638 
36 49  1108 
36 51   211 
36 53   824 
36 55   837 
36 56   695 
36 58   846 
36 59   540 
36 60   551 
36 62   586 
36 64   618 
36 65   902 
36 67   660 
36 68   895 
36 70   691 
36 71   540 
36 73   864 
36 74   195 
36 77   209 
36 78   651 
36 79   961 
36 80   257 
37 39   774 
37 40   538 
37 41   809 
37 42   332 
37 43   108 
37 45   275 
37 46   387 
37 47   352 
37 48   216 
37 50   577 
37 51   435 
37 57    92 
37 58   599 
37 59   349 
37 62   312 
37 65   618 
37 66   386 
37 67   689 
37 68   590 
37 71   287 
37 72   613 
37 73   639 
37 75   401 
37 76   422 
37 78   709 
37 79   724 
37 80    92 
38 41   743 
38 42   126 
38 44   376 
38 45   610 
38 46   658 
38 48   623 
38 49   764 
38 50   242 
38 52   744 
38 53   117 
38 55   195 
38 56   936 
38 58   542 
38 60   689 
38 61   763 
38 62   360 
38 64   641 
38 65   455 
38 66   729 
38 67   967 
38 69   646 
38 70   253 
38 72   218 
38 74   589 
38 77   646 
38 78  1007 
38 79   655 
38 80   469 
39 41    53 
39 42   600 
39 43   806 
39 44   983 
39 45  1047 
39 46   594 
39 47   436 
39 48   911 
39 50   521 
39 51  1188 
39 52   225 
39 53   764 
39 54   678 
39 55   867 
39 56   646 
39 57   840 
39 58   175 
39 59   473 
39 61   450 
39 63   682 
39 64   433 
39 65   244 
39 68   356 
39 69    56 
39 70   459 
39 72   820 
39 73   150 
39 74   817 
39 77  1078 
39 78   783 
39 79    50 
40 42   283 
40 43   447 
40 44   417 
40 45   699 
40 46   814 
40 47   482 
40 48   748 
40 49   873 
40 50   304 
40 51   878 
40 52   886 
40 54   729 
40 55    61 
40 56  1093 
40 59   676 
40 60   847 
40 62   516 
40 63   223 
40 64   797 
40 65   566 
40 66   881 
40 67  1125 
40 68   458 
40 69   759 
40 70   400 
40 71   561 
40 72    78 
40 74   725 
40 75   497 
40 77   734 
40 78  1163 
41 43   846 
41 44  1027 
41 46   607 
41 47   478 
41 48   938 
41 50   575 
41 51  1217 
41 53   816 
41 54   700 
41 55   919 
41 56   633 
41 57   878 
41 58   216 
41 59   496 
41 60   538 
41 61   444 
41 63   731 
41 65   297 
41 66   751 
41 69   109 
41 70   507 
41 72   874 
41 73   173 
41 74   842 
41 79    90 
42 44   401 
42 47   205 
42 48   546 
42 49   680 
42 50   248 
42 51   749 
42 53   241 
42 55   321 
42 58   438 
42 59   392 
42 60   563 
42 61   637 
42 63    84 
42 65   377 
42 67   842 
42 68   305 
42 69   559 
42 70   142 
42 71   277 
42 73   511 
42 74   497 
42 75   232 
42 77   609 
42 78   883 
42 80   410 
43 46   486 
43 49   897 
43 51   464 
43 52   760 
43 55   445 
43 57    54 
43 58   630 
43 59   423 
43 60   553 
43 61   674 
43 62   346 
43 64   554 
43 65   623 
43 66   495 
43 67   793 
43 68   576 
43 69   778 
43 70   376 
43 72   524 
43 73   682 
43 74   294 
43 75   418 
43 76   372 
43 77   323 
43 78   815 
43 79   758 
43 80   139 
44 46   696 
44 48   439 
44 50   616 
44 51   478 
44 52   961 
44 54   558 
44 55   387 
44 56   997 
44 57   219 
44 58   811 
44 59   633 
44 60   764 
44 61   886 
44 62   538 
44 63   335 
44 64   765 
44 65   776 
44 68   706 
44 70   529 
44 72   493 
44 73   871 
44 74   470 
44 77   340 
44 78  1017 
44 79   937 
44 80   285 
45 47   627 
45 48   208 
45 49  1142 
45 51   180 
45 52   956 
45 53   690 
45 54   437 
45 55   681 
45 58   873 
45 59   602 
45 60   670 
45 62   588 
45 64   711 
45 65   892 
45 66   517 
45 70   653 
45 71   559 
45 72   778 
45 73   909 
45 74   292 
45 75   676 
45 76   659 
45 78   837 
45 79   997 
46 48   390 
46 49   687 
46 50   701 
46 51   669 
46 52   424 
46 53   775 
46 55   842 
46 56   301 
46 58   458 
46 59   167 
46 60    87 
46 62   322 
46 63   592 
46 65   569 
46 66   145 
46 68   615 
46 69   603 
46 70   468 
46 72   874 
46 75   397 
46 76   602 
46 77   603 
46 79   547 
46 80   442 
47 51   784 
47 52   427 
47 53   437 
47 54   358 
47 55   524 
47 56   622 
47 57   407 
47 58   262 
47 60   383 
47 62    58 
47 63   287 
47 65   267 
47 66   489 
47 68   262 
47 71   118 
47 74   450 
47 75    49 
47 76   242 
47 78   711 
47 79   389 
47 80   445 
48 51   283 
48 52   790 
48 54   251 
48 59   443 
48 60   478 
48 61   620 
48 62   478 
48 64   533 
48 65   794 
48 66   309 
48 67   628 
48 68   785 
48 69   901 
48 70   582 
48 71   433 
48 73   765 
48 74    99 
48 75   575 
48 76   636 
48 77   218 
48 78   629 
48 79   861 
48 80   166 
49 51  1284 
49 53   828 
49 54   774 
49 56   717 
49 57   932 
49 58   269 
49 60   620 
49 61   529 
49 62   556 
49 63   761 
49 64   524 
49 65   309 
49 66   832 
49 67   793 
49 68   414 
49 69   121 
49 70   542 
49 72   876 
49 73   245 
49 74   913 
49 75   479 
49 76   651 
49 77  1173 
49 78   856 
49 79   146 
49 80   960 
50 52   637 
50 54   670 
50 56   931 
50 57   585 
50 58   413 
50 59   536 
50 60   702 
50 61   731 
50 62   380 
50 63   285 
50 64   625 
50 65   279 
50 66   809 
50 67   979 
50 68   165 
50 69   467 
50 74   730 
50 76   161 
50 78  1030 
50 79   496 
50 80   657 
51 54   534 
51 55   857 
51 56   906 
51 57   411 
51 58  1017 
51 60   757 
51 61   899 
51 62   739 
51 63   724 
51 64   816 
51 65  1052 
51 66   568 
51 67   870 
51 68  1025 
51 69  1174 
51 72   957 
51 74   382 
51 75   833 
51 77   145 
51 79  1137 
52 55   936 
52 56   422 
52 57   781 
52 62   424 
52 63   712 
52 64   262 
52 65   374 
52 66   564 
52 67   498 
52 68   481 
52 70   490 
52 71   421 
52 74   691 
52 76   639 
52 77   982 
52 78   560 
52 80   783 
53 55   103 
53 56  1051 
53 57   479 
53 59   634 
53 60   805 
53 61   874 
53 62   473 
53 66   846 
53 67  1084 
53 69   714 
53 70   354 
53 72   102 
53 73   708 
53 74   698 
53 75   451 
53 76   200 
53 78  1124 
53 79   732 
54 56   441 
54 58   520 
54 59   206 
54 61   373 
54 64   282 
54 65   600 
54 66   152 
54 67   440 
54 68   619 
54 69   675 
54 70   437 
54 71   242 
54 72   796 
54 75   395 
54 76   545 
54 77   457 
54 78   462 
54 79   628 
54 80   295 
55 57   493 
55 58   728 
55 62   554 
55 63   250 
55 64   835 
55 65   624 
55 66   900 
55 67  1155 
55 69   817 
55 70   447 
55 71   596 
55 74   732 
55 75   544 
55 76   297 
55 77   714 
55 78  1192 
55 79   834 
55 80   581 
56 58   582 
56 60   247 
56 61   210 
56 63   877 
56 64   306 
56 65   729 
56 66   342 
56 67    78 
56 70   714 
56 73   527 
56 74   567 
56 75   625 
56 76   864 
56 77   870 
56 78   140 
56 79   613 
57 60   552 
57 62   377 
57 63   316 
57 64   563 
57 65   666 
57 66   472 
57 67   779 
57 68   624 
57 70   421 
57 71   362 
57 72   575 
57 73   711 
57 75   456 
57 76   425 
57 77   271 
57 78   798 
58 60   411 
58 61   372 
58 62   287 
58 63   522 
58 64   312 
58 65   153 
58 67   647 
58 68   256 
58 73    83 
58 77   904 
58 80   690 
59 62   164 
59 63   461 
59 64   133 
59 65   409 
59 66   297 
59 67   452 
59 68   448 
59 70   306 
59 71   115 
59 72   730 
59 73   324 
59 75   230 
59 76   449 
59 77   628 
59 78   497 
59 80   430 
60 62   336 
60 63   629 
60 64   100 
60 67   280 
60 69   546 
60 70   476 
60 71   286 
60 72   902 
60 73   385 
60 74   381 
60 75   394 
60 76   621 
60 77   689 
60 78   327 
60 79   486 
60 80   521 
61 65   519 
61 66   350 
61 67   276 
61 68   602 
61 69   477 
61 71   367 
61 73   320 
61 75   431 
61 76   679 
61 77   830 
61 79   412 
61 80   656 
62 64   281 
62 65   316 
62 66   431 
62 69   440 
62 71    59 
62 72   567 
62 74   395 
62 75    98 
62 76   285 
62 77   620 
62 78   661 
62 79   414 
62 80   405 
63 65   456 
63 66   658 
63 67   904 
63 68   374 
63 69   641 
63 70   226 
63 73   596 
63 74   514 
63 75   316 
63 76   129 
63 77   580 
63 78   942 
63 79   642 
63 80   397 
64 67   355 
64 68   510 
64 69   446 
64 70   409 
64 72   846 
64 74   434 
64 77   734 
64 78   409 
65 67   791 
65 69   193 
65 70   249 
65 71   365 
65 73   231 
65 74   711 
65 75   219 
65 76   341 
65 78   848 
65 79   217 
66 68   741 
66 69   748 
66 70   574 
66 71   371 
66 74   231 
66 75   518 
66 76   692 
66 77   528 
66 78   328 
66 79   692 
66 80   412 
67 69   751 
67 70   756 
67 71   565 
67 72  1181 
67 73   596 
67 74   551 
67 75   671 
67 77   845 
67 78    63 
68 70   205 
68 71   377 
68 73   338 
68 75   224 
68 76   250 
68 77   892 
68 78   920 
68 80   680 
69 71   471 
69 74   808 
69 75   360 
69 77  1059 
69 79    66 
70 72   440 
70 73   369 
70 75    97 
70 76   154 
70 77   688 
70 78   803 
70 79   417 
70 80   475 
71 73   352 
71 75   153 
71 77   589 
71 78   608 
71 79   438 
71 80   377 
72 75   537 
72 76   286 
72 77   812 
72 78  1223 
72 79   792 
72 80   663 
73 75   283 
73 78   657 
73 79   102 
73 80   729 
74 77   309 
74 78   559 
74 80   185 
75 77   709 
75 78   721 
75 79   343 
75 80   494 
76 78   946 
76 79   542 
76 80   499 
77 79  1028 
77 80   215 
0 
0 
0 
0 
0 
0 
0 
0 
0 
0 
0 
0 
0 
0 
0 
0 
0 
0 
0 
0 
0 
0 
0 
0 
0 
0 
0 
0 
0 
0 
0 
0 
0 
0 
0 
0 
0 
0 
0 
0 
0 
0 
0 
0 
0 
0 
0 
0 
0 
0 
0 
0 
0 
0 
0 
0 
0 
0 
0 
0 
0 
0 
0 
0 
0 
0 
0 
0 
0 
0 
0 
0 
0 
0 
0 
0 
0 
0 
0 
0 
  728   109 
  694   513 
  233   212 
  388   643 
  628   963 
  166   760 
  197   851 
  473   239 
  228   864 
  904   713 
  461    82 
    0   392 
  317   638 
  816    24 
  297   582 
  269   385 
  505   742 
   65   591 
  350    52 
  608    42 
  794   280 
  901   130 
    5   103 
  559   731 
  332   365 
  482   753 
  465   384 
  264   775 
  588   165 
  781   452 
  637   136 
  777   499 
  386   596 
  593    29 
  841   331 
   74   680 
  396   694 
  789   803 
  919   123 
  879   932 
  912    70 
  728   692 
  457   784 
  466   996 
  182   868 
  354   309 
  684   491 
  182   660 
  997    67 
  971   642 
    2   879 
  701    64 
  872   886 
  327   455 
  853   988 
  281    16 
  403   786 
  810   261 
  512   364 
  399   234 
  469   110 
  626   482 
  719   776 
  499   231 
  921   367 
  215   352 
  204    32 
  946   478 
  942   175 
  754   552 
  569   464 
  957   943 
  781   183 
  243   582 
  722   460 
  818   693 
  147   876 
  141    32 
  879   154 
  322   750 
