100 1202 
1 51   248 
1 52   785 
2 52    54 
2 53   340 
3 53   949 
3 54   394 
4 54   269 
4 55   984 
5 55   960 
5 56   462 
6 56   101 
6 57   735 
7 57    78 
7 58   330 
8 58   446 
8 59   917 
9 59   906 
9 60   311 
10 60   317 
10 61    77 
11 61   774 
11 62   469 
12 62   985 
12 63   122 
13 63   466 
13 64   782 
14 64   851 
14 65   537 
15 65   494 
15 66   178 
16 66   639 
16 67    80 
17 67   920 
17 68   146 
18 68   546 
18 69   467 
19 69    52 
19 70    79 
20 70    31 
20 71   764 
21 71   798 
21 72   206 
22 72    30 
22 73   226 
23 73   179 
23 74   431 
24 74    77 
24 75   319 
25 75   987 
25 76   172 
26 76   357 
26 77   868 
27 77   497 
27 78   497 
28 78   630 
28 79   153 
29 79    41 
29 80   148 
30 80    63 
30 81   331 
31 81   803 
31 82   973 
32 82    95 
32 83   685 
33 83   920 
33 84   655 
34 84   282 
34 85   506 
35 85   316 
35 86   799 
36 86   454 
36 87   394 
37 87   539 
37 88   840 
38 88   669 
38 89    93 
39 89   945 
39 90   493 
40 90   715 
40 91   857 
41 91   407 
41 92   925 
42 92   901 
42 93   710 
43 93   730 
43 94   913 
44 94   265 
44 95    46 
45 95   489 
45 96   125 
46 96   606 
46 97   346 
47 97   841 
47 98   890 
48 98   454 
48 99   746 
49 99    12 
49 100   281 
50 100   130 
1 53   328 
1 54    42 
1 55   108 
1 57   360 
1 62   452 
1 63   107 
1 64   186 
1 66   113 
1 68   324 
1 71   268 
1 72    45 
1 74    30 
1 75   274 
1 77   430 
1 78   382 
1 80   286 
1 81    92 
1 82   103 
1 83   432 
1 88   456 
1 90   458 
1 97   242 
1 98   294 
2 51   116 
2 54    90 
2 55   268 
2 60   105 
2 63   304 
2 64   246 
2 69   433 
2 71   187 
2 73   121 
2 77   368 
2 78   457 
2 79    64 
2 81   436 
2 82   272 
2 83    34 
2 86   305 
2 87    72 
2 88   162 
2 92   220 
2 93   172 
2 95   319 
2 98   403 
2 99   414 
3 56    28 
3 58    39 
3 59   140 
3 60   194 
3 64     1 
3 67   238 
3 69   453 
3 74   400 
3 76   338 
3 79    50 
3 87   200 
3 96   410 
3 98   378 
3 99   224 
4 52    41 
4 57    30 
4 58    56 
4 60   115 
4 61   159 
4 62   140 
4 64   377 
4 65   126 
4 68   138 
4 70   338 
4 72   308 
4 73    32 
4 75   140 
4 78   400 
4 79   237 
4 81   343 
4 82   171 
4 84    77 
4 86   193 
4 91   425 
4 92   440 
4 94   334 
4 95    93 
4 96   286 
4 97   169 
4 98   169 
4 99    95 
5 52    86 
5 58    21 
5 62   387 
5 63   173 
5 69   403 
5 70    51 
5 73   328 
5 75   229 
5 78   192 
5 80   236 
5 84    89 
5 85   130 
5 86   102 
5 92    45 
5 93   105 
5 94   206 
5 96   385 
5 99   390 
5 100   167 
6 51   428 
6 52   449 
6 54    87 
6 55   270 
6 58   405 
6 59   168 
6 60     3 
6 67   262 
6 68   275 
6 69   164 
6 73    46 
6 74   354 
6 86   192 
6 90   400 
6 92   457 
6 97    87 
6 98   375 
6 99   393 
7 52   334 
7 53   206 
7 56   366 
7 63   454 
7 67   163 
7 70   308 
7 71   184 
7 74   420 
7 75   394 
7 77   393 
7 78   111 
7 83   193 
7 84   330 
7 85   348 
7 89   415 
7 90   437 
7 91   213 
7 94    47 
7 95   242 
7 97   172 
7 99   280 
7 100   270 
8 56   306 
8 61   125 
8 62   403 
8 64    75 
8 67    19 
8 72   390 
8 75    38 
8 77   273 
8 80   167 
8 90   116 
8 91    85 
8 95   382 
8 97   115 
9 52   314 
9 54   354 
9 55   249 
9 56   237 
9 65    98 
9 67    64 
9 69   124 
9 71   392 
9 72   224 
9 78   313 
9 79   433 
9 80   240 
9 81   314 
9 84   184 
9 85   287 
9 86   405 
9 87   370 
9 89   382 
9 90   384 
9 91   154 
9 92    81 
9 95   352 
9 96   204 
9 100   366 
10 54   163 
10 67   285 
10 79   273 
10 81    58 
10 82   213 
10 83   190 
10 86   244 
10 88   198 
10 93   406 
11 53   204 
11 56    74 
11 57   221 
11 58     8 
11 59   411 
11 60   445 
11 63   257 
11 66   259 
11 72   244 
11 73   307 
11 74   406 
11 75   184 
11 78   294 
11 80   110 
11 81    86 
11 86   178 
11 88   417 
11 91   438 
11 93    25 
11 97    33 
11 98   125 
11 100   339 
12 53   324 
12 55   137 
12 56   314 
12 59   210 
12 60   117 
12 64    91 
12 66   309 
12 69    28 
12 71   109 
12 72   302 
12 75    23 
12 77    77 
12 78   169 
12 79   246 
12 80    18 
12 83    87 
12 84   335 
12 85   262 
12 88     5 
12 90   378 
12 91   181 
12 93   114 
12 97   258 
12 98    39 
12 99   341 
12 100   208 
13 51   273 
13 56   348 
13 58   430 
13 61   128 
13 66   325 
13 67   453 
13 68   170 
13 74   162 
13 75    64 
13 76   106 
13 78   173 
13 80   223 
13 84   224 
13 85   251 
13 86   321 
13 88    98 
13 89    57 
13 92   192 
13 93    10 
13 94   212 
13 95    59 
13 96    91 
13 97    69 
13 98   143 
13 100   336 
14 51   368 
14 52   155 
14 57   212 
14 58   402 
14 59   359 
14 61   354 
14 63   385 
14 69   159 
14 70   286 
14 74    18 
14 78   272 
14 79   168 
14 80   185 
14 82   122 
14 83   149 
14 85   205 
14 90   100 
14 91   123 
14 98    12 
14 99   204 
15 52   309 
15 53   262 
15 54    20 
15 59    24 
15 62   181 
15 63   198 
15 70   429 
15 76   236 
15 77   100 
15 79    91 
15 84   405 
15 86   361 
15 89   103 
15 91   394 
15 92   261 
15 95   424 
16 53    10 
16 55    94 
16 56   402 
16 59   403 
16 60   351 
16 62    41 
16 63   433 
16 64   117 
16 65   431 
16 68   266 
16 70    89 
16 71   369 
16 72   374 
16 77    52 
16 80   137 
16 82    86 
16 84   438 
16 85   157 
16 87   272 
16 89   298 
16 90   113 
16 91    77 
16 93    93 
16 94   160 
16 97   421 
16 98    51 
16 99    54 
17 52   292 
17 53     3 
17 54   350 
17 59   388 
17 61   450 
17 62    44 
17 63   117 
17 65   279 
17 66   358 
17 69   362 
17 74   248 
17 75   212 
17 77    39 
17 78    10 
17 79   261 
17 85    37 
17 92   123 
17 94   366 
17 96   259 
17 97   273 
17 98   447 
18 52     0 
18 53    60 
18 54   222 
18 58   290 
18 59    68 
18 61   460 
18 62   444 
18 63   244 
18 66   418 
18 67    71 
18 71    39 
18 73   452 
18 77   155 
18 78   225 
18 82    82 
18 83   420 
18 85   162 
18 86   335 
18 87    20 
18 88   245 
18 89   128 
18 92   448 
18 95   227 
18 96   301 
18 97   435 
18 98   104 
19 51   121 
19 52   409 
19 53   415 
19 54   368 
19 55   326 
19 56   298 
19 58   375 
19 61   404 
19 62   426 
19 63    94 
19 64   167 
19 65   121 
19 66   415 
19 67    27 
19 68   327 
19 71   172 
19 73   373 
19 75   239 
19 76   298 
19 80   309 
19 84   436 
19 89   144 
19 92   440 
19 94   288 
19 95    35 
19 97   331 
19 98   385 
19 99   153 
20 52    22 
20 53   284 
20 61   281 
20 62   457 
20 63   220 
20 67   414 
20 68   440 
20 72   229 
20 73    74 
20 76   140 
20 78    15 
20 82   351 
20 83   414 
20 85   340 
20 86   205 
20 88   418 
20 89   252 
20 96   224 
20 97   272 
20 98   318 
20 100   207 
21 52    75 
21 53   426 
21 55   396 
21 57   407 
21 58   280 
21 59   224 
21 61    36 
21 63    68 
21 64   206 
21 65   440 
21 66     2 
21 68   116 
21 69   144 
21 70    23 
21 74   254 
21 76   124 
21 77    76 
21 78    87 
21 80   114 
21 82   427 
21 83   151 
21 84   336 
21 85   285 
21 87   404 
21 91   144 
21 94   237 
21 95   394 
21 96   396 
21 97   178 
21 98   185 
21 99   106 
21 100   308 
22 53   148 
22 56    88 
22 57    62 
22 60    80 
22 61    25 
22 62   182 
22 66   320 
22 67   165 
22 74   183 
22 77   167 
22 78   427 
22 79   242 
22 83    78 
22 86   282 
22 87   419 
22 89   173 
22 91   309 
22 93   196 
22 94   183 
22 95   436 
22 96   131 
22 97   244 
22 99   280 
23 53    58 
23 54   177 
23 55   186 
23 58   220 
23 60   122 
23 62    62 
23 65   451 
23 66   162 
23 70   291 
23 75   287 
23 76   179 
23 82    90 
23 83   123 
23 90   427 
23 91   321 
23 92    23 
23 93   409 
23 98   331 
23 99   258 
23 100   344 
24 53   144 
24 55    67 
24 59   415 
24 60   401 
24 62   441 
24 63   288 
24 65   369 
24 67   214 
24 68    26 
24 71   203 
24 77    51 
24 82   236 
24 85   261 
24 86   365 
24 87   387 
24 88   336 
24 90   341 
24 92   144 
24 93   410 
24 96    39 
24 97   447 
24 100     8 
25 53   347 
25 54   288 
25 55   167 
25 57   229 
25 58   226 
25 59    10 
25 60    41 
25 61   451 
25 64   258 
25 65   422 
25 66    78 
25 69   451 
25 70   279 
25 73   113 
25 77   342 
25 83    41 
25 84   115 
25 86   128 
25 90   228 
25 91    83 
25 95   421 
25 96   140 
26 52   302 
26 54   250 
26 55   245 
26 57   388 
26 63   117 
26 68   197 
26 72   385 
26 73   254 
26 79   250 
26 83   219 
26 84     1 
26 85   127 
26 90   268 
26 91   209 
26 94   338 
26 97   185 
26 98    45 
27 53   371 
27 54   353 
27 55   382 
27 56    36 
27 59   187 
27 61    18 
27 63   455 
27 64    16 
27 66   215 
27 67   269 
27 68   330 
27 70   165 
27 71   222 
27 76    36 
27 81   278 
27 83   267 
27 84   283 
27 85   255 
27 86   276 
27 87   301 
27 88   216 
27 89   407 
27 91   346 
27 92   185 
27 93   277 
27 99   397 
28 51   231 
28 52    74 
28 53   224 
28 55   162 
28 56   412 
28 59   442 
28 61   333 
28 62   443 
28 64   387 
28 67    85 
28 68   448 
28 70   147 
28 74   135 
28 77   310 
28 80   339 
28 83   312 
28 84   166 
28 89   457 
28 90   163 
28 92    34 
28 94    77 
28 96   218 
29 51   130 
29 52   303 
29 53    10 
29 54   169 
29 57   248 
29 58   114 
29 59   119 
29 60   334 
29 64   235 
29 65   379 
29 66   430 
29 70   356 
29 74    28 
29 75    60 
29 77   436 
29 83    11 
29 85   428 
29 86   302 
29 90   369 
29 91    95 
29 92   253 
29 95   406 
29 96   407 
29 97   423 
29 98     6 
29 99    95 
29 100   145 
30 53   126 
30 55   215 
30 56   427 
30 58    15 
30 59   318 
30 61   243 
30 62   232 
30 63   195 
30 65   326 
30 70   289 
30 73   446 
30 74   171 
30 76   385 
30 78    60 
30 82   284 
30 84   402 
30 85   134 
30 88   419 
30 92   306 
30 94   155 
30 95   405 
30 97   140 
30 98   155 
30 99   398 
30 100   366 
31 51   452 
31 56   253 
31 60   260 
31 61   352 
31 63    74 
31 66   122 
31 67   135 
31 69    68 
31 72   201 
31 77   227 
31 78   294 
31 84    81 
31 87   199 
31 88   190 
31 94   402 
31 95   440 
31 96   112 
31 97   116 
31 98    82 
32 58   360 
32 59   162 
32 60   189 
32 62   287 
32 63   391 
32 65    70 
32 66   437 
32 69   264 
32 73   378 
32 74   275 
32 79   344 
32 84   142 
32 85    46 
32 86   226 
32 90   400 
32 91   401 
32 92   457 
33 51   109 
33 52   341 
33 56   437 
33 60   265 
33 61   258 
33 62   290 
33 63   397 
33 66   317 
33 68   179 
33 72   426 
33 74   312 
33 77   263 
33 79   353 
33 81    36 
33 92   369 
33 96    12 
33 97   217 
33 99   171 
34 60   221 
34 61   397 
34 63   439 
34 64   297 
34 65   395 
34 66   425 
34 67   203 
34 68    99 
34 71   450 
34 76   222 
34 77   325 
34 80     7 
34 81     4 
34 83   212 
34 87   290 
34 89   221 
34 90   263 
34 91   226 
34 92   336 
34 93    94 
34 96   231 
35 51   412 
35 53   326 
35 55   242 
35 56   215 
35 58   380 
35 61   106 
35 62    42 
35 69   215 
35 71   436 
35 72   152 
35 74   434 
35 75   201 
35 76   457 
35 77   194 
35 81   227 
35 88   291 
35 91   441 
35 92   309 
35 93    28 
35 94   195 
35 96   407 
35 98    19 
35 100   332 
36 51   201 
36 52   323 
36 53   339 
36 54   273 
36 55   430 
36 56   117 
36 61   247 
36 65   298 
36 66    80 
36 68   299 
36 70    65 
36 71   415 
36 75   395 
36 76    73 
36 77     1 
36 79    84 
36 84   452 
36 88   202 
36 89   326 
36 92   265 
36 95    86 
37 53   322 
37 55   357 
37 56    68 
37 60   118 
37 61   313 
37 62   267 
37 63   259 
37 64    57 
37 66   192 
37 67   374 
37 68    17 
37 69    50 
37 75   430 
37 76   223 
37 77    33 
37 79   439 
37 81    75 
37 83   201 
37 89   101 
37 92   204 
37 94   253 
37 96   200 
37 97   200 
38 52   157 
38 55   147 
38 56    66 
38 60    10 
38 63    11 
38 64   146 
38 68   307 
38 71   405 
38 72   290 
38 73    65 
38 74   311 
38 75   275 
38 76   104 
38 78   256 
38 82    48 
38 84   118 
38 86   307 
38 91   421 
38 94   398 
38 95   196 
38 97   135 
38 100    12 
39 51   295 
39 52   158 
39 56    79 
39 57    21 
39 58     7 
39 60   253 
39 62   106 
39 63   459 
39 64   308 
39 66    67 
39 68   399 
39 69   392 
39 70    33 
39 73   167 
39 75   323 
39 77   406 
39 79    76 
39 81   130 
39 84   346 
39 86   119 
39 88   274 
39 93   307 
39 94   419 
39 96   295 
39 97   238 
39 99    57 
40 51    49 
40 52   303 
40 53   373 
40 55   116 
40 57   428 
40 62    24 
40 63   442 
40 64   388 
40 66   300 
40 70   178 
40 73    32 
40 74   249 
40 75   111 
40 76    87 
40 77   375 
40 78    70 
40 79   236 
40 80   378 
40 81   208 
40 82   120 
40 83    21 
40 84   351 
40 86    68 
40 87   143 
40 92    68 
40 94   452 
40 95    16 
40 98   289 
41 54   368 
41 56   247 
41 59   346 
41 60   118 
41 61   432 
41 63   299 
41 66   262 
41 67     1 
41 68     3 
41 69   191 
41 71    11 
41 72   357 
41 73   354 
41 74   347 
41 78   235 
41 81   225 
41 86    74 
41 88    63 
41 93   436 
41 94   418 
41 96   362 
41 100   170 
42 54   197 
42 55   383 
42 62     2 
42 64   313 
42 66   251 
42 67   135 
42 70    15 
42 74   101 
42 78    20 
42 83   212 
42 84   108 
42 86   207 
42 90   391 
42 94   435 
42 95     5 
42 98   112 
43 51    86 
43 52   106 
43 55   206 
43 56   183 
43 58    98 
43 59   455 
43 61   259 
43 63   303 
43 65   176 
43 70    30 
43 71   318 
43 72   114 
43 73   312 
43 74   251 
43 75   272 
43 77   131 
43 79   338 
43 81    46 
43 84   185 
43 86     5 
43 87   132 
43 88   250 
43 91   359 
43 92   310 
43 95    30 
43 98   110 
43 99   159 
44 51   160 
44 52   384 
44 53   229 
44 54   400 
44 58   162 
44 59   429 
44 62    99 
44 65   455 
44 66    47 
44 67    84 
44 69   398 
44 70    88 
44 71   226 
44 78   327 
44 79   440 
44 81   379 
44 85   356 
44 87   155 
44 88   320 
44 90   451 
44 93   271 
45 53   116 
45 54   152 
45 55    71 
45 56   224 
45 62   241 
45 63    38 
45 65   169 
45 66   270 
45 68    34 
45 69   148 
45 70   208 
45 71   243 
45 73   339 
45 74    44 
45 77   406 
45 79    46 
45 81   437 
45 84   362 
45 85   210 
45 89   183 
45 93   353 
45 97   382 
45 98   218 
45 99   103 
45 100   190 
46 51    31 
46 54   126 
46 55    41 
46 56   203 
46 58    24 
46 59   284 
46 61    25 
46 64   132 
46 69   275 
46 70   161 
46 71   401 
46 72   440 
46 76    64 
46 78    86 
46 87    19 
46 88   204 
46 89   383 
46 91   218 
46 93   124 
46 95   169 
46 98   443 
46 99   312 
47 51   327 
47 53   363 
47 54   266 
47 55   245 
47 58   145 
47 61   272 
47 63   295 
47 64   152 
47 65   279 
47 67   430 
47 69   358 
47 71   302 
47 73    61 
47 74   211 
47 75   148 
47 76   371 
47 81   310 
47 85   399 
47 86   401 
47 91   146 
47 95   213 
47 99   258 
47 100   457 
48 51   175 
48 52    30 
48 53   457 
48 55   349 
48 57   417 
48 58   334 
48 59   418 
48 61    12 
48 62   428 
48 63    83 
48 67   231 
48 69   179 
48 70    55 
48 73   442 
48 78    54 
48 79   102 
48 83   450 
48 84   207 
48 85   268 
48 87   435 
48 90   123 
48 95   360 
48 96   377 
49 51    43 
49 52    55 
49 55   346 
49 56   250 
49 57   258 
49 58    10 
49 60   251 
49 61    39 
49 62   237 
49 63   451 
49 65   159 
49 66   157 
49 69    77 
49 70   178 
49 76    79 
49 79   370 
49 85   335 
49 86   276 
49 89   415 
49 91   380 
49 94    56 
49 97   428 
49 98    30 
50 51   199 
50 52   280 
50 55    68 
50 56    78 
50 58   201 
50 60   373 
50 64   432 
50 65   368 
50 67   244 
50 68   221 
50 69   444 
50 70   392 
50 73   458 
50 74   219 
50 76   128 
50 81   158 
50 85   223 
50 87   127 
50 89   171 
50 90   217 
50 93    36 
50 94    93 
50 97    49 
0 
0 
0 
0 
0 
0 
0 
0 
0 
0 
0 
0 
0 
0 
0 
0 
0 
0 
0 
0 
0 
0 
0 
0 
0 
0 
0 
0 
0 
0 
0 
0 
0 
0 
0 
0 
0 
0 
0 
0 
0 
0 
0 
0 
0 
0 
0 
0 
0 
0 
0 
0 
0 
0 
0 
0 
0 
0 
0 
0 
0 
0 
0 
0 
0 
0 
0 
0 
0 
0 
0 
0 
0 
0 
0 
0 
0 
0 
0 
0 
0 
0 
0 
0 
0 
0 
0 
0 
0 
0 
0 
0 
0 
0 
0 
0 
0 
0 
0 
0 
   96   464 
   59   208 
  666   430 
  706   162 
  500   477 
    3   583 
  886   484 
   53   742 
  762   188 
  934   504 
  214   944 
  696   847 
  853   474 
  145   707 
  832   221 
  117   578 
  231   898 
  652   616 
  575    15 
  177   412 
  635   234 
  695   244 
   27   760 
  163   403 
   58   227 
  707   153 
   80   223 
  311   861 
  787   519 
  358   877 
   35   425 
  950   842 
  829    21 
  876   912 
  104   907 
  243   917 
  116   352 
  326   872 
  217   288 
  123   579 
  960   142 
  204   749 
  875   304 
  416   719 
  296   195 
  454   669 
  303   629 
  119   561 
  378   279 
  108   354 
  763   798 
  380    22 
  747   511 
  746   709 
  472   706 
   35   638 
  429   968 
  261   819 
  525   672 
  388   733 
   95   282 
   90   736 
  325   919 
  100   497 
  777   376 
  639   705 
  893   845 
  598   223 
  297   245 
  562   543 
  692   630 
  747   894 
  567   400 
  601   972 
  543   482 
  737   941 
  370   997 
  522   913 
  795   752 
  504   997 
  563    79 
  869   190 
  859   192 
  640    90 
  674   520 
  146    42 
  726   585 
  700   417 
   54   627 
  688   874 
  866   691 
  599   153 
  603   546 
  159   819 
  802   531 
  158   144 
  868   147 
    5   659 
  658   814 
  319   383 
100 2399 
1 2   728 
2 3   844 
3 4   381 
4 5   742 
5 6   946 
6 7   375 
7 8   130 
8 9   308 
9 10   996 
10 11   878 
11 12   196 
12 13   192 
13 14   380 
14 15   271 
15 16   658 
16 17   623 
17 18   318 
18 19   570 
19 20   956 
20 21    28 
21 22   618 
22 23   452 
23 24   127 
24 25    23 
25 26   565 
26 27   863 
27 28   602 
28 29   826 
29 30   635 
30 31   322 
31 32   595 
32 33   269 
33 34   956 
34 35   639 
35 36   169 
36 37    82 
37 38   750 
38 39   630 
39 40   463 
40 41   229 
41 42   228 
42 43   407 
43 44   937 
44 45     8 
45 46   952 
46 47   985 
47 48   581 
48 49    21 
49 50   449 
50 51   649 
51 52   423 
52 53   775 
53 54   421 
54 55   348 
55 56   889 
56 57   738 
57 58   777 
58 59   310 
59 60   148 
60 61   823 
61 62   142 
62 63   678 
63 64    90 
64 65   221 
65 66   555 
66 67   956 
67 68   353 
68 69   652 
69 70   928 
70 71    89 
71 72   956 
72 73   594 
73 74   947 
74 75   602 
75 76    92 
76 77   327 
77 78   993 
78 79   665 
79 80    17 
80 81   159 
81 82   374 
82 83   810 
83 84   671 
84 85    66 
85 86   621 
86 87   896 
87 88   331 
88 89   884 
89 90   504 
90 91   950 
91 92   499 
92 93   138 
93 94   962 
94 95   598 
95 96   414 
96 97     3 
97 98   815 
98 99   753 
99 100   858 
1 3   942 
1 4   840 
1 6    35 
1 7   413 
1 8   189 
1 9   275 
1 11   328 
1 12    83 
1 14   367 
1 16   318 
1 17   213 
1 18   305 
1 19   543 
1 20   116 
1 23   389 
1 24    45 
1 25   791 
1 26   263 
1 27   731 
1 30   655 
1 31   830 
1 32   547 
1 34   319 
1 35   557 
1 38   725 
1 39   753 
1 40    90 
1 41   794 
1 42   330 
1 43   759 
1 44   577 
1 45   368 
1 46   950 
1 49   300 
1 59   560 
1 60   911 
1 63   646 
1 66   127 
1 71   156 
1 73   702 
1 77   136 
1 79   547 
1 80   789 
1 81    78 
1 82   742 
1 83   382 
1 84   296 
1 85   442 
1 89    54 
1 93   994 
1 98   636 
1 99   363 
2 4   263 
2 5   355 
2 7   236 
2 8   267 
2 12   565 
2 13   129 
2 19   998 
2 25   719 
2 26   444 
2 29   541 
2 30   103 
2 35   111 
2 40   390 
2 45   945 
2 47   501 
2 48   615 
2 49   488 
2 50   132 
2 52   548 
2 54   150 
2 55   740 
2 56    95 
2 58   355 
2 60   951 
2 61   443 
2 64   533 
2 65   154 
2 66   272 
2 69   123 
2 70   675 
2 72   124 
2 75   652 
2 76    28 
2 79   281 
2 80    58 
2 82   333 
2 83   628 
2 86   593 
2 88   581 
2 90   617 
2 91   141 
2 93   778 
2 94   713 
2 95   912 
2 97   786 
2 98   465 
3 6    84 
3 7   309 
3 9   248 
3 10   991 
3 11   560 
3 12   685 
3 13   277 
3 15   751 
3 19   434 
3 22   673 
3 27   517 
3 28   951 
3 29   171 
3 33   125 
3 34   553 
3 35   915 
3 36   587 
3 39    93 
3 40   509 
3 41   639 
3 44   400 
3 48    45 
3 49   132 
3 52    83 
3 53   289 
3 54    92 
3 55   885 
3 59   213 
3 60   544 
3 61   237 
3 68   493 
3 73   658 
3 77   955 
3 79   698 
3 80   325 
3 81   332 
3 84   412 
3 86   855 
3 88   322 
3 91   410 
3 92   387 
3 93   775 
3 95   610 
3 98   428 
3 99   730 
3 100   541 
4 8   192 
4 12   427 
4 17   387 
4 18   259 
4 21   283 
4 28   141 
4 31    65 
4 33   128 
4 34   211 
4 37   377 
4 40   779 
4 41   519 
4 42   742 
4 47   342 
4 48   274 
4 50   681 
4 53   207 
4 54   545 
4 55   936 
4 56   285 
4 57   113 
4 59   798 
4 61   849 
4 62   505 
4 63   423 
4 64   342 
4 67   164 
4 69     2 
4 71   939 
4 74   465 
4 75   405 
4 76   411 
4 77   857 
4 78   802 
4 79   286 
4 80   996 
4 85   720 
4 89   984 
4 90   663 
4 91   540 
4 95   539 
4 96   375 
4 100   503 
5 12   857 
5 13   195 
5 14   540 
5 17   745 
5 25   542 
5 26   146 
5 30    34 
5 32   667 
5 33   586 
5 35   380 
5 36   313 
5 39   542 
5 43   827 
5 47   950 
5 49   868 
5 50   716 
5 53    20 
5 59   799 
5 61   505 
5 62   704 
5 65   144 
5 67   769 
5 68   597 
5 72   336 
5 75   522 
5 76   971 
5 77   696 
5 79   484 
5 81   357 
5 82   592 
5 83   681 
5 84    99 
5 85   613 
5 86   425 
5 88   110 
5 89   243 
5 90   749 
5 94   851 
5 95   323 
5 99    21 
5 100   323 
6 10   956 
6 15   529 
6 17   451 
6 18   515 
6 21   344 
6 24   626 
6 25   984 
6 26     5 
6 28   382 
6 30     2 
6 40   562 
6 42   575 
6 43   959 
6 46   940 
6 49   191 
6 51   598 
6 53   955 
6 54   213 
6 56   243 
6 57    18 
6 58   956 
6 59    84 
6 60   928 
6 66   231 
6 67   874 
6 68   407 
6 69   549 
6 73   144 
6 74   946 
6 75   191 
6 76   686 
6 77   478 
6 80   610 
6 81   367 
6 84    41 
6 87   503 
6 88   292 
6 89   624 
6 90   385 
6 91   731 
6 92   623 
6 93    58 
6 94   369 
6 99   763 
7 9   490 
7 12   260 
7 16   281 
7 19   961 
7 20   654 
7 22   138 
7 23   909 
7 25   954 
7 26   433 
7 27   525 
7 28   448 
7 29   547 
7 30   306 
7 32   447 
7 33   241 
7 34   611 
7 36   698 
7 37   746 
7 41   182 
7 42   176 
7 47   776 
7 48   665 
7 50   322 
7 52   248 
7 54   954 
7 57   774 
7 59   754 
7 63   616 
7 64   453 
7 67    12 
7 68   974 
7 70   127 
7 73   203 
7 74   610 
7 76   396 
7 77    50 
7 79   997 
7 84   397 
7 87   444 
7 89   721 
7 91   836 
7 92   590 
7 93   643 
7 94   404 
7 95   793 
7 96   798 
7 98   391 
7 100   331 
8 13   371 
8 15   225 
8 19    30 
8 20   239 
8 22   788 
8 26   637 
8 28    86 
8 29    33 
8 33   369 
8 34   201 
8 37   849 
8 39   605 
8 40   145 
8 42   316 
8 45   822 
8 47   306 
8 48   385 
8 49    55 
8 52   993 
8 54   824 
8 56   580 
8 59   625 
8 60   606 
8 64   598 
8 68   625 
8 70   916 
8 78   762 
8 80   990 
8 82   532 
8 84   758 
8 85   728 
8 87   630 
8 90   467 
8 93   123 
8 95   140 
8 96   689 
9 11   151 
9 12   599 
9 13   660 
9 15   814 
9 18   553 
9 19    40 
9 21   267 
9 22   518 
9 26   950 
9 28   860 
9 35   806 
9 36   809 
9 37    17 
9 38   117 
9 44   312 
9 45   969 
9 46   951 
9 49   278 
9 50   716 
9 52   582 
9 53   350 
9 58   452 
9 61    53 
9 62   690 
9 63   496 
9 65   225 
9 66   662 
9 68   783 
9 71   352 
9 72   321 
9 73   373 
9 79   466 
9 80   774 
9 82   468 
9 84   394 
9 85   215 
9 91   838 
9 92   738 
9 93   482 
9 94   269 
9 95   856 
9 96    73 
9 97   580 
9 100   769 
10 12   463 
10 15   405 
10 16   674 
10 17   985 
10 21   851 
10 24    97 
10 27   845 
10 28   774 
10 31   514 
10 32   543 
10 33   991 
10 34   295 
10 36    50 
10 37   103 
10 38   977 
10 41   465 
10 43    70 
10 44   855 
10 45   495 
10 46   534 
10 48   918 
10 49   536 
10 52   574 
10 53   941 
10 60    15 
10 61    17 
10 64   370 
10 66   326 
10 68   326 
10 69   191 
10 70   440 
10 71   634 
10 75   438 
10 77   698 
10 81   190 
10 83   730 
10 84   541 
10 93   886 
10 95   790 
10 96   661 
10 100   487 
11 13   782 
11 14   666 
11 15   910 
11 19   245 
11 21   587 
11 23    81 
11 24   805 
11 25    29 
11 26   647 
11 28   439 
11 31    66 
11 33    12 
11 37   610 
11 40   281 
11 42   239 
11 44   268 
11 45   330 
11 46   259 
11 50   355 
11 63   701 
11 65   133 
11 66   692 
11 68   764 
11 71   409 
11 74   477 
11 77   383 
11 79   941 
11 80    66 
11 82   389 
11 87     1 
11 88   585 
11 89   641 
11 90   124 
11 96   185 
11 97   172 
11 98    88 
11 100   143 
12 17   542 
12 18     6 
12 23   554 
12 25   366 
12 29   590 
12 31   718 
12 35   636 
12 39   573 
12 41   798 
12 51   949 
12 52   546 
12 53   709 
12 55   670 
12 58    25 
12 61    49 
12 62   276 
12 66   331 
12 67   197 
12 69   342 
12 71   464 
12 74   333 
12 78   316 
12 79   630 
12 80   145 
12 83   282 
12 84   395 
12 85   804 
12 87   558 
12 88   547 
12 90    63 
12 91    43 
12 92   169 
12 93   937 
12 94    29 
12 95   473 
12 98   415 
12 100   711 
13 15   971 
13 17   823 
13 23   934 
13 25   594 
13 27   486 
13 28   293 
13 29   468 
13 34   893 
13 38   678 
13 42   342 
13 48   669 
13 49   581 
13 50   560 
13 52   352 
13 53   479 
13 54   686 
13 55   404 
13 56   624 
13 57   201 
13 58   790 
13 59   436 
13 61   441 
13 62   392 
13 63   665 
13 66   127 
13 67   151 
13 69   744 
13 71   158 
13 72   441 
13 74   223 
13 76   450 
13 77   872 
13 78   463 
13 81   565 
13 84   561 
13 85   148 
13 86   268 
13 87   182 
13 89     0 
13 90   825 
13 91   195 
13 92   976 
13 93   395 
13 94   856 
13 96   238 
13 97    21 
13 98   421 
13 99   675 
13 100   943 
14 16    53 
14 18   509 
14 19    66 
14 21    52 
14 24   239 
14 26   333 
14 28   963 
14 30   689 
14 32   817 
14 34   931 
14 38   682 
14 43   993 
14 45   662 
14 46   310 
14 47   911 
14 55   646 
14 59   160 
14 60   364 
14 63   305 
14 64   920 
14 66   993 
14 70   601 
14 73    40 
14 75   563 
14 77   941 
14 79   187 
14 81   878 
14 84   382 
14 87   980 
14 88   400 
14 89   165 
14 90    29 
14 92    90 
14 93   269 
14 97   431 
14 99   975 
14 100   551 
15 19   434 
15 20   736 
15 21   521 
15 23   340 
15 24   298 
15 25   733 
15 26   507 
15 28   896 
15 29   635 
15 30   720 
15 32   314 
15 33   998 
15 34   626 
15 36   697 
15 37   539 
15 38   983 
15 39    86 
15 44   278 
15 45   220 
15 52   220 
15 55   287 
15 56   869 
15 57   391 
15 58   606 
15 61   976 
15 62   105 
15 63   192 
15 65   408 
15 66   253 
15 69    95 
15 70   695 
15 73   667 
15 75   965 
15 76    15 
15 78   786 
15 79   892 
15 80   155 
15 81   812 
15 82   773 
15 85   387 
15 88   712 
15 90   633 
15 93   764 
15 96   106 
15 97   590 
15 98   261 
15 99   419 
15 100   363 
16 18   185 
16 21   801 
16 23    74 
16 24   230 
16 26   694 
16 29   620 
16 30   238 
16 33    40 
16 34   441 
16 36   294 
16 39    35 
16 42   807 
16 44   360 
16 46   961 
16 47   320 
16 50   805 
16 53   655 
16 55   766 
16 56   869 
16 58   823 
16 63   225 
16 64   991 
16 65   360 
16 66   789 
16 67   879 
16 69   210 
16 70   599 
16 71   816 
16 73    97 
16 75   203 
16 80   261 
16 82   749 
16 84   672 
16 85   409 
16 87   370 
16 90   668 
16 92   833 
16 93   863 
16 94   481 
16 95   829 
16 100   576 
17 20   233 
17 21   194 
17 24   263 
17 25   113 
17 28   610 
17 29   442 
17 31    48 
17 34   791 
17 36   277 
17 38   899 
17 40   511 
17 41    95 
17 42   140 
17 44   500 
17 45   687 
17 46   292 
17 49    12 
17 51   473 
17 56   228 
17 59    53 
17 60   969 
17 61   369 
17 62   784 
17 63   997 
17 67   773 
17 68   490 
17 74   559 
17 75    51 
17 76    62 
17 78   675 
17 80   207 
17 82   506 
17 83    47 
17 84   434 
17 85   307 
17 86   724 
17 88   548 
17 89   916 
17 90   285 
17 91   528 
17 92   852 
17 93   369 
17 94   126 
17 96    34 
17 97   640 
17 98   325 
18 20   904 
18 21   911 
18 24   478 
18 25   760 
18 26   265 
18 27   956 
18 30   327 
18 32   316 
18 34   386 
18 35   455 
18 41   502 
18 42   859 
18 43   603 
18 46   141 
18 47   445 
18 48   242 
18 50   524 
18 51   811 
18 54   656 
18 57   129 
18 59   649 
18 60   146 
18 66    71 
18 69   153 
18 70    75 
18 71   835 
18 72   444 
18 74   872 
18 75   870 
18 76   989 
18 78    13 
18 81   460 
18 82   147 
18 83   707 
18 88   588 
18 94   924 
18 97   479 
19 21    34 
19 23   841 
19 25   500 
19 28    29 
19 29   175 
19 30   746 
19 31     3 
19 37   851 
19 40   770 
19 42   298 
19 45   913 
19 46   712 
19 49   883 
19 51   363 
19 52   464 
19 54   161 
19 57   286 
19 59    14 
19 64   446 
19 67   138 
19 69   325 
19 74   899 
19 75   944 
19 76   481 
19 77   797 
19 78   296 
19 87   337 
19 88   670 
19 91   130 
19 92   175 
19 93   895 
19 95   927 
19 96   566 
19 97   581 
19 98   772 
19 99   888 
20 22   932 
20 26    84 
20 27    77 
20 29   665 
20 30   372 
20 32   686 
20 33   364 
20 35   572 
20 39   483 
20 42   610 
20 43   888 
20 49   371 
20 52   392 
20 53   741 
20 55   660 
20 56   508 
20 60    54 
20 62   255 
20 65   967 
20 70   718 
20 73    93 
20 74   599 
20 77    98 
20 80   678 
20 81   329 
20 82   550 
20 84   998 
20 88   139 
20 89   940 
20 90   603 
20 91   339 
20 95   839 
20 96   785 
20 99     1 
20 100   910 
21 23   485 
21 26   688 
21 27   342 
21 32   773 
21 33   586 
21 34   797 
21 37   479 
21 38   198 
21 39    90 
21 42   144 
21 44   862 
21 45   421 
21 48   453 
21 49   738 
21 54   888 
21 56   672 
21 57   583 
21 58   231 
21 60   306 
21 63   319 
21 65   945 
21 67   246 
21 68   634 
21 74   117 
21 77   856 
21 78    64 
21 81   566 
21 83   499 
21 94   610 
21 96   766 
21 97   588 
21 98   773 
21 99     2 
21 100   433 
22 24   782 
22 25   426 
22 27   214 
22 28   796 
22 33   977 
22 37   401 
22 41   603 
22 42   256 
22 44   637 
22 47   986 
22 53   524 
22 54    86 
22 58   571 
22 61   472 
22 63   735 
22 65   800 
22 66   858 
22 70   154 
22 72    70 
22 77   717 
22 80   877 
22 82   983 
22 85   856 
22 86   116 
22 90   525 
22 91   313 
22 97   235 
22 99   415 
22 100   614 
23 26   100 
23 28   588 
23 31   325 
23 36   289 
23 37   674 
23 41   637 
23 43   356 
23 44   907 
23 47   711 
23 48   549 
23 49   631 
23 52   430 
23 54   227 
23 55   915 
23 57   828 
23 61   528 
23 63   696 
23 64   161 
23 65   546 
23 67   650 
23 69   666 
23 70   669 
23 73   778 
23 74   872 
23 75   279 
23 76   380 
23 79   156 
23 80   546 
23 81   356 
23 86   657 
23 87   901 
23 90   725 
23 91   992 
23 93   558 
23 95   295 
23 96   988 
23 97     4 
23 98   525 
24 26   640 
24 28     9 
24 29   673 
24 33   671 
24 35   561 
24 36   246 
24 37   993 
24 38    28 
24 40   479 
24 43   315 
24 44   310 
24 46   359 
24 47   332 
24 48   533 
24 50   155 
24 51    55 
24 53   776 
24 54   334 
24 55   950 
24 57   642 
24 59    21 
24 60   396 
24 63   431 
24 64   852 
24 68   556 
24 69   433 
24 72   281 
24 74   788 
24 76    42 
24 77   729 
24 79   769 
24 81   937 
24 84   117 
24 85   740 
24 89   803 
24 93   894 
24 94   199 
24 95   304 
24 99   979 
25 29   448 
25 31   145 
25 32   675 
25 33   556 
25 36   668 
25 39   488 
25 45    84 
25 47   130 
25 49   521 
25 50    45 
25 51   516 
25 52    73 
25 56   749 
25 60   663 
25 61   453 
25 63   326 
25 64   118 
25 66   225 
25 69   103 
25 72   739 
25 73   806 
25 74   229 
25 75   376 
25 76   748 
25 77   447 
25 80   222 
25 88   652 
25 89   692 
25 90   973 
25 93   369 
25 96   276 
25 98   136 
25 99   652 
26 29   973 
26 31   112 
26 33   769 
26 34   619 
26 36   548 
26 47    28 
26 49   320 
26 56   498 
26 57   393 
26 58   947 
26 60   778 
26 62   605 
26 63   518 
26 64   175 
26 65   557 
26 67   189 
26 68   520 
26 70   179 
26 71   124 
26 75    31 
26 76     7 
26 77   719 
26 78   450 
26 81   837 
26 85   826 
26 86   835 
26 89   901 
26 91   692 
26 92   861 
26 95   775 
26 96   679 
26 97   260 
27 30   327 
27 33   103 
27 35   577 
27 36   667 
27 37   117 
27 38   311 
27 39   734 
27 41   804 
27 43   698 
27 45    58 
27 46   752 
27 47   857 
27 48   162 
27 49     9 
27 52   114 
27 53   278 
27 54   932 
27 61   332 
27 69   410 
27 71    78 
27 72    20 
27 74   691 
27 75   363 
27 76   273 
27 77   781 
27 78   817 
27 79   429 
27 81   995 
27 83   754 
27 86   298 
27 88   490 
27 90   716 
27 91   478 
27 92   856 
27 95   550 
27 97   963 
27 100   115 
28 31   920 
28 34   724 
28 35   589 
28 36   812 
28 39   220 
28 40   445 
28 41   924 
28 42    80 
28 47   407 
28 48   730 
28 49   736 
28 50   299 
28 53   480 
28 55     1 
28 56   916 
28 63    22 
28 64   466 
28 66   319 
28 67   462 
28 70   976 
28 72   971 
28 74   157 
28 75   504 
28 78   466 
28 79   375 
28 85   582 
28 86   151 
28 89   327 
28 90   182 
28 92   785 
28 93   797 
28 97   449 
28 99   892 
28 100   670 
29 31   612 
29 34   538 
29 35   562 
29 36   440 
29 38   244 
29 39   810 
29 40   911 
29 41   752 
29 43   469 
29 49   285 
29 50   918 
29 51   239 
29 52   818 
29 54   547 
29 55   248 
29 56   378 
29 57   543 
29 59   924 
29 61   726 
29 65   651 
29 68   269 
29 71   558 
29 73   863 
29 75   513 
29 76   751 
29 82    72 
29 83    82 
29 84   357 
29 90   199 
29 94    45 
29 95   117 
29 96   596 
30 32   501 
30 35   802 
30 36   972 
30 38   433 
30 39   219 
30 40   148 
30 41   606 
30 42   673 
30 43   567 
30 46   401 
30 47   221 
30 52   168 
30 54   961 
30 55   744 
30 59   882 
30 61   171 
30 62    85 
30 66   456 
30 68   897 
30 72   570 
30 73   205 
30 74   198 
30 75   104 
30 76   480 
30 77   457 
30 79    16 
30 81   214 
30 82   455 
30 83   955 
30 86   841 
30 87   979 
30 88   886 
30 89   306 
30 93   151 
30 96   766 
30 97   984 
30 98   414 
30 100   899 
31 34   890 
31 36   476 
31 37   984 
31 38   504 
31 39   622 
31 40   645 
31 42   137 
31 44   675 
31 45   474 
31 46   474 
31 47   816 
31 48   972 
31 50   288 
31 51   560 
31 53    40 
31 55    40 
31 59   956 
31 61    65 
31 62    38 
31 63   851 
31 65   727 
31 68   731 
31 70   436 
31 72   276 
31 74   954 
31 76   233 
31 77   780 
31 79    37 
31 81   446 
31 83   601 
31 84    46 
31 88   478 
31 89   599 
31 92   906 
31 94   468 
31 95   406 
31 97   678 
31 98   108 
32 34   746 
32 35   624 
32 38   297 
32 41   786 
32 43   748 
32 45   473 
32 46   209 
32 51    93 
32 52   548 
32 54   859 
32 56   885 
32 57   513 
32 59   571 
32 60   164 
32 61   906 
32 62    11 
32 64   861 
32 65   906 
32 66   146 
32 67   419 
32 70   532 
32 71   302 
32 73   746 
32 75   686 
32 76   177 
32 77   953 
32 81    42 
32 83   986 
32 85   434 
32 86   210 
32 87   431 
32 88   848 
32 91   749 
32 92   343 
32 95   144 
32 97   195 
33 35   764 
33 38   937 
33 41   465 
33 42    72 
33 44   939 
33 45    91 
33 48   432 
33 49   709 
33 52   163 
33 53   226 
33 54   893 
33 56   119 
33 57   438 
33 63   370 
33 66   495 
33 67   446 
33 69   217 
33 70   928 
33 72   784 
33 75   551 
33 76   365 
33 77   279 
33 79   893 
33 80   677 
33 83   903 
33 84   327 
33 86     4 
33 87   450 
33 89   189 
33 90   627 
33 91   355 
33 93   422 
33 99   976 
33 100   814 
34 37   491 
34 41   205 
34 43    19 
34 44   870 
34 46   346 
34 47    20 
34 48   561 
34 50   267 
34 52   334 
34 54   244 
34 55   701 
34 56   719 
34 58   603 
34 60   291 
34 61   805 
34 63   731 
34 65   229 
34 71   610 
34 73    88 
34 75   282 
34 76    85 
34 77   835 
34 79   542 
34 80   337 
34 84   172 
34 87   991 
34 89   724 
34 91   931 
34 92   966 
34 93   699 
34 94   216 
34 95   807 
34 97   264 
34 99    62 
34 100    88 
35 39   540 
35 40   998 
35 43   746 
35 44   265 
35 45   942 
35 48   610 
35 49   528 
35 50     3 
35 53   267 
35 55   881 
35 56   256 
35 63   706 
35 64   639 
35 65   426 
35 66   692 
35 67   116 
35 68   267 
35 69   846 
35 70   271 
35 71   392 
35 78   907 
35 83   424 
35 84   493 
35 85   246 
35 88   552 
35 89    87 
35 90   183 
35 92   795 
35 94   879 
35 95   906 
35 97   726 
35 100   976 
36 38   229 
36 40   634 
36 42   617 
36 44   333 
36 46   423 
36 50   594 
36 51   816 
36 56   563 
36 59   221 
36 61   788 
36 63   418 
36 64   120 
36 65   817 
36 68   358 
36 69   871 
36 72   377 
36 74   299 
36 75   361 
36 76   910 
36 78   432 
36 84   357 
36 85   677 
36 89   238 
36 94   338 
36 95   248 
36 96   405 
36 97   972 
36 98   938 
36 99   989 
36 100   634 
37 39   831 
37 42   603 
37 43   814 
37 45   210 
37 48   994 
37 49    91 
37 52   987 
37 53   207 
37 54   940 
37 55   161 
37 58   644 
37 59   257 
37 61   764 
37 62   315 
37 63   185 
37 66    91 
37 67   357 
37 68   626 
37 71   248 
37 72   567 
37 73   374 
37 75   337 
37 76   968 
37 77   819 
37 80   794 
37 81   381 
37 85   493 
37 86   766 
37 87   414 
37 88   142 
37 91   990 
37 92   458 
37 95   372 
37 96   851 
37 97     8 
37 98   654 
37 99   603 
38 40   880 
38 41   547 
38 42   365 
38 46   503 
38 47   740 
38 48    90 
38 49   483 
38 50   660 
38 51   149 
38 52   785 
38 53   728 
38 54   994 
38 56   700 
38 57   121 
38 58   300 
38 59   736 
38 62   517 
38 63   816 
38 65   264 
38 66   407 
38 67   397 
38 69   667 
38 70   917 
38 71   781 
38 74    43 
38 76   846 
38 78   541 
38 80   995 
38 83   377 
38 84     7 
38 85   349 
38 87   942 
38 89   132 
38 91   571 
38 92   374 
38 93   599 
38 100   655 
39 42   627 
39 45   440 
39 50    44 
39 52   372 
39 56   198 
39 58    24 
39 59   795 
39 60   942 
39 61   195 
39 72   537 
39 74    33 
39 77   174 
39 84   762 
39 85   762 
39 87   769 
39 88   269 
39 89   856 
39 91   292 
39 93   858 
39 94   269 
39 95   936 
39 96   940 
39 97   721 
39 98    63 
39 99   980 
40 42   130 
40 43   739 
40 45   721 
40 47   164 
40 48   128 
40 52    24 
40 53     8 
40 55   346 
40 56   874 
40 60   652 
40 61   484 
40 64   212 
40 70   701 
40 72   988 
40 75   725 
40 80   662 
40 81   920 
40 82   420 
40 83   808 
40 84   141 
40 89   249 
40 92   585 
40 99   453 
40 100   991 
41 43   676 
41 44   845 
41 48   528 
41 50    10 
41 51   866 
41 52   123 
41 53    38 
41 62   130 
41 64   209 
41 69   209 
41 70   969 
41 71   918 
41 77   367 
41 78    80 
41 79   481 
41 89   227 
41 93   281 
41 96   111 
41 99   676 
42 44    32 
42 46   926 
42 48    75 
42 51   962 
42 53   858 
42 59   356 
42 62   474 
42 65   866 
42 67   634 
42 70    47 
42 72   444 
42 73   268 
42 76   579 
42 84   972 
42 88   476 
42 90   996 
42 92   971 
42 93   544 
42 94   747 
43 47   553 
43 52   965 
43 54   601 
43 57   467 
43 58   245 
43 60   442 
43 61   454 
43 62   170 
43 64    39 
43 66    74 
43 68   686 
43 70    27 
43 71   225 
43 72   446 
43 73    44 
43 75   852 
43 76   269 
43 77   507 
43 79   750 
43 80   821 
43 83   911 
43 88   392 
43 93   890 
43 99   419 
44 46   375 
44 56   231 
44 59   441 
44 71   961 
44 74   155 
44 75   382 
44 76   321 
44 78   447 
44 79   328 
44 80   522 
44 82   675 
44 83   913 
44 86   108 
44 87    84 
44 90   268 
44 91   436 
44 96   476 
44 98   207 
44 99   987 
44 100   913 
45 48   517 
45 52   372 
45 53   131 
45 54   144 
45 56   365 
45 59   314 
45 60   141 
45 61   169 
45 62   872 
45 63   871 
45 64   387 
45 66     1 
45 67   914 
45 69   914 
45 70   657 
45 72   973 
45 81   818 
45 82   115 
45 83   771 
45 84   274 
45 90   312 
45 91   756 
45 92   340 
45 95   925 
45 96   889 
45 97   266 
45 99   225 
45 100   578 
46 48    25 
46 50   426 
46 54   753 
46 57   593 
46 58   176 
46 61   147 
46 62   902 
46 63   187 
46 64   643 
46 65   942 
46 68   559 
46 72   178 
46 74   222 
46 77   223 
46 78   492 
46 80   894 
46 81   415 
46 84   652 
46 85   895 
46 87   274 
46 88   370 
46 92    69 
46 94   691 
46 95   518 
46 97   193 
47 49    96 
47 50   108 
47 51   678 
47 55   479 
47 56   945 
47 57   525 
47 59   963 
47 61   799 
47 62   585 
47 71   138 
47 72   447 
47 75   140 
47 76   499 
47 79   368 
47 81   153 
47 82   705 
47 83   398 
47 85   977 
47 86   926 
47 90   679 
47 91   562 
47 97   967 
47 98   588 
47 99   373 
48 50   855 
48 51   472 
48 54   160 
48 56   318 
48 58   278 
48 59   485 
48 60   187 
48 61   467 
48 68    31 
48 69   338 
48 76   772 
48 78   453 
48 80   397 
48 82   145 
48 83   174 
48 89    16 
48 92   518 
48 94   619 
48 95   771 
48 97   702 
48 98   952 
48 99   826 
48 100    24 
49 51   580 
49 52   557 
49 53   549 
49 54   620 
49 55   644 
49 56   642 
49 57   376 
49 60   488 
49 63   395 
49 64   908 
49 65   474 
49 67   726 
49 69   745 
49 70   296 
49 78   418 
49 79   764 
49 81   311 
49 82   692 
49 84   306 
49 85   820 
49 86   632 
49 90   992 
49 91   476 
49 92    73 
49 95   603 
49 96   591 
49 99   984 
49 100   207 
50 52   612 
50 53   947 
50 54   787 
50 55   423 
50 57   648 
50 58   568 
50 60   192 
50 61   737 
50 64   414 
50 65   736 
50 66   581 
50 67    86 
50 72   261 
50 73    22 
50 76   382 
50 77   972 
50 78   267 
50 82   810 
50 83   869 
50 84   310 
50 87   793 
50 92   849 
50 93   259 
50 94   139 
50 95   106 
50 97   921 
50 98   313 
50 100   654 
51 54    94 
51 56   568 
51 57   896 
51 61   727 
51 62   213 
51 63   651 
51 65   446 
51 66   527 
51 67   510 
51 71   688 
51 72   450 
51 75   776 
51 76   524 
51 79   398 
51 81   442 
51 82   125 
51 85    93 
51 91   463 
51 92   781 
51 100   701 
52 55   987 
52 58    42 
52 60   237 
52 63   409 
52 65   359 
52 67   423 
52 68   419 
52 69   123 
52 70   819 
52 72   847 
52 76   534 
52 78   522 
52 79   675 
52 81   706 
52 82   537 
52 85   970 
52 86   808 
52 88   210 
52 89   558 
52 91   204 
52 95   222 
52 98    78 
52 99   242 
52 100   163 
53 55   851 
53 56   825 
53 58   794 
53 62   851 
53 66   836 
53 67   757 
53 68   327 
53 71   508 
53 73   147 
53 74   148 
53 75   253 
53 77     1 
53 79   706 
53 80    41 
53 81   472 
53 82   949 
53 85   542 
53 87   329 
53 89   746 
53 90   627 
53 92   933 
53 94   279 
53 96   291 
53 97   137 
53 100   796 
54 56   463 
54 59   850 
54 60   530 
54 63   565 
54 64   564 
54 65   241 
54 66   634 
54 68    10 
54 72   969 
54 73   318 
54 76   787 
54 80   759 
54 82    98 
54 84   465 
54 86   731 
54 87   411 
54 90    35 
54 92   189 
54 96    55 
55 57   487 
55 58   625 
55 62   561 
55 63   125 
55 68   386 
55 73   539 
55 74   614 
55 75   162 
55 77   885 
55 78   199 
55 81   813 
55 85   466 
55 87   467 
55 94   613 
55 95   367 
55 96   970 
55 100   848 
56 58   146 
56 59   344 
56 60   568 
56 61   772 
56 63   339 
56 64   485 
56 65   395 
56 69   680 
56 73   517 
56 74   409 
56 75   383 
56 76   963 
56 77    77 
56 80   875 
56 81    49 
56 85   233 
56 94   544 
56 99   256 
57 61   334 
57 63   575 
57 66   163 
57 69   196 
57 71   851 
57 72   174 
57 73    43 
57 75   999 
57 76   585 
57 79   530 
57 80   541 
57 88    53 
57 89   420 
57 91   994 
57 94   235 
57 97   648 
57 99   209 
58 60   911 
58 61   225 
58 62   741 
58 63   934 
58 64   874 
58 66   884 
58 67   946 
58 68   177 
58 69    50 
58 71   789 
58 72   503 
58 73   813 
58 76   496 
58 78   213 
58 80   803 
58 81   703 
58 83   156 
58 86   314 
58 87    73 
58 90    52 
58 91   179 
58 93   223 
58 94   575 
58 95   396 
58 96    71 
58 98   668 
59 62   852 
59 65    34 
59 69   987 
59 70   371 
59 71    27 
59 72   469 
59 76   778 
59 77   659 
59 78   147 
59 80   478 
59 81   635 
59 84   761 
59 86   641 
59 90   881 
59 95   941 
59 96   989 
60 62   454 
60 64   719 
60 66   329 
60 70   508 
60 76   752 
60 80   927 
60 81   164 
60 82   555 
60 84    61 
60 89   730 
60 90   164 
60 91   506 
60 92    56 
60 93   841 
60 96   884 
60 98   177 
61 64     8 
61 67   591 
61 69   434 
61 70   511 
61 71   774 
61 72   705 
61 75   246 
61 77   100 
61 80   957 
61 83   238 
61 85   852 
61 88   807 
61 89   113 
61 92   933 
61 93   130 
61 95   366 
61 98   864 
61 100   898 
62 64   534 
62 65   630 
62 68   833 
62 73   986 
62 74    26 
62 75   862 
62 80   689 
62 82   500 
62 83   928 
62 84   369 
62 86   319 
62 87   639 
62 88   940 
62 94    38 
62 96   258 
62 97    24 
62 99   121 
62 100   230 
63 66   651 
63 68   133 
63 69   381 
63 71   238 
63 72   497 
63 74   787 
63 76   689 
63 78   929 
63 81   295 
63 82   709 
63 83   479 
63 84     2 
63 85   358 
63 90    96 
63 92   312 
63 94   502 
63 95   839 
63 96   545 
63 98    13 
63 99   832 
64 66   937 
64 67   787 
64 69   687 
64 70   684 
64 73   173 
64 75   403 
64 76   352 
64 78   996 
64 79   419 
64 81   792 
64 82   824 
64 83   417 
64 85   404 
64 87   347 
64 88   468 
64 90   582 
64 92   455 
64 94   504 
64 99   369 
65 69   245 
65 77   572 
65 79   591 
65 81   899 
65 82    43 
65 88   754 
65 90   722 
65 93   144 
65 97   885 
65 100    96 
66 68   635 
66 72   513 
66 73   496 
66 74   167 
66 77   213 
66 80   342 
66 86   500 
66 87   820 
66 90     0 
66 92   503 
66 93   440 
66 94   958 
66 96   621 
66 98   809 
66 100   898 
67 71   309 
67 72   208 
67 73   369 
67 74   614 
67 77   131 
67 82    13 
67 84   979 
67 85   191 
67 86   977 
67 88   649 
67 89   579 
67 91   221 
67 93   255 
67 94    51 
67 95   145 
67 96   990 
67 98   899 
67 99   983 
67 100    55 
68 71   872 
68 73   508 
68 79   373 
68 80   285 
68 81   732 
68 83   403 
68 84   346 
68 85    63 
68 86   628 
68 87   920 
68 89   466 
68 90   189 
68 91   314 
68 92   914 
68 94   292 
68 95   966 
68 96    99 
68 99   709 
69 71   804 
69 72   255 
69 73   714 
69 75   919 
69 76   757 
69 78   570 
69 82   695 
69 85   272 
69 87   856 
69 88   411 
69 90   760 
69 91   698 
69 95   770 
69 97   575 
69 100   650 
70 73   482 
70 74   724 
70 75   679 
70 77   597 
70 79   628 
70 80   238 
70 84    55 
70 86   883 
70 90   679 
70 91   361 
70 93   242 
70 94   923 
70 97   475 
71 74   335 
71 76   752 
71 78   832 
71 79   398 
71 80   406 
71 82   880 
71 87   693 
71 88   529 
71 91   541 
71 92    19 
71 94   217 
71 98   581 
71 99   152 
71 100   328 
72 76   793 
72 88   397 
72 89   489 
72 91   736 
72 94   290 
72 96   913 
72 97   663 
72 99   425 
73 83   673 
73 84   497 
73 85   724 
73 86   949 
73 88   146 
73 90   759 
73 96   914 
73 100   674 
74 77    46 
74 78   147 
74 80   480 
74 87   575 
74 88   924 
74 92   353 
74 95   805 
74 100   754 
75 77   480 
75 79   692 
75 80   555 
75 81   332 
75 83   513 
75 87   977 
75 90   508 
75 92   828 
75 93   701 
75 95   129 
75 100   670 
76 79   407 
76 80    50 
76 81   968 
76 84   612 
76 87    54 
76 88   328 
76 89   215 
76 98   114 
77 79   988 
77 82   172 
77 84   815 
77 88   432 
77 92    54 
77 93   822 
77 94    32 
77 96   786 
77 97   261 
77 98   828 
77 100   384 
78 80   467 
78 82   699 
78 83   213 
78 84   508 
78 85   779 
78 86   434 
78 87   548 
78 89   532 
78 90   264 
78 91   211 
78 93   367 
79 81   526 
79 82   100 
79 86    61 
79 89    79 
79 94   468 
79 95   162 
79 96   317 
79 98   213 
80 82    59 
80 86   856 
80 87   138 
80 91    80 
80 93   540 
80 94   516 
80 97   233 
80 98   424 
80 99   908 
81 83   886 
81 84   189 
81 85   270 
81 87   939 
81 88    16 
81 89   987 
81 93   625 
81 97   238 
81 98    73 
81 99   909 
81 100   970 
82 88   481 
82 92   461 
82 93   261 
82 95   733 
83 85   719 
83 86    85 
83 87   342 
83 90   365 
83 91   642 
83 92   782 
83 95   339 
83 96   657 
83 99   201 
83 100   514 
84 88   958 
84 93   796 
84 95   620 
84 96   165 
84 97   855 
84 100   536 
85 89   542 
85 90   161 
85 91   253 
85 92   334 
85 96   992 
85 97    88 
85 98   474 
85 100   128 
86 88   512 
86 89   472 
86 90   482 
86 91   878 
86 92   462 
86 94   440 
86 95   579 
86 98   118 
86 100   781 
87 90   412 
87 94   258 
87 96   572 
87 99   227 
88 91   862 
88 92   828 
88 94   801 
88 96   871 
88 97   959 
88 99   784 
89 91    16 
89 92    98 
89 97     6 
89 98     1 
89 100   792 
90 92   492 
90 95   629 
90 97   473 
91 93    62 
91 95   625 
91 97   494 
91 98   537 
91 100   705 
92 98   204 
92 99   137 
93 95   156 
93 97   802 
94 96   144 
94 97   956 
94 99   340 
94 100   438 
95 97   234 
96 98   149 
96 99   780 
96 100   529 
97 99   365 
97 100   767 
0 
0 
0 
0 
0 
0 
0 
0 
0 
0 
0 
0 
0 
0 
0 
0 
0 
0 
0 
0 
0 
0 
0 
0 
0 
0 
0 
0 
0 
0 
0 
0 
0 
0 
0 
0 
0 
0 
0 
0 
0 
0 
0 
0 
0 
0 
0 
0 
0 
0 
0 
0 
0 
0 
0 
0 
0 
0 
0 
0 
0 
0 
0 
0 
0 
0 
0 
0 
0 
0 
0 
0 
0 
0 
0 
0 
0 
0 
0 
0 
0 
0 
0 
0 
0 
0 
0 
0 
0 
0 
0 
0 
0 
0 
0 
0 
0 
0 
0 
0 
  551   992 
  107   449 
  722   298 
  551   498 
  303   718 
   41   596 
   64     5 
  460   240 
  291   147 
  162   988 
  207    96 
  780   406 
  379   827 
  583   919 
  134   358 
   77   978 
  683   385 
  439   286 
  575   346 
    2   904 
   29   500 
  219   609 
  925   316 
  718   640 
   38   992 
  591   425 
  615   253 
  364   876 
  606   365 
   94   604 
  285     1 
  510   151 
  684   552 
  622   642 
  433   745 
  833   206 
  622   687 
   55   994 
  961   933 
  878   829 
  647   625 
  322   319 
  797   867 
  289   517 
  733   875 
  826   332 
  154   619 
  628    45 
  423   381 
  666   475 
  264   188 
  560    72 
  161   683 
  313   608 
  915   961 
  776   858 
  365   996 
  551   940 
  982   782 
   99   521 
   28   184 
  417   809 
   34   698 
  790   121 
  588   408 
  759   287 
  441   707 
  875   389 
  973   467 
  480   689 
  559   826 
  232   468 
  348   844 
  882   815 
  686   784 
  284   763 
  112   578 
  493   756 
  652   102 
  614    53 
  936   986 
  668   772 
   97    96 
  211   753 
  860   711 
  207    77 
  215    34 
  773   675 
   84   831 
  147   999 
  722   893 
  933   804 
  146   665 
  692   845 
  939   117 
  333   876 
   40   936 
  683   874 
  836   526 
  831   902 
