100 604 
1 51   229 
1 52   982 
2 52   722 
2 53   274 
3 53   285 
3 54   174 
4 54   473 
4 55   223 
5 55   445 
5 56   964 
6 56   943 
6 57   671 
7 57   135 
7 58   945 
8 58    11 
8 59   636 
9 59   302 
9 60   756 
10 60   676 
10 61   204 
11 61   895 
11 62   890 
12 62   246 
12 63   357 
13 63   243 
13 64   734 
14 64     8 
14 65   395 
15 65   330 
15 66   385 
16 66   249 
16 67   837 
17 67   604 
17 68   277 
18 68   720 
18 69   300 
19 69   273 
19 70   847 
20 70   894 
20 71   583 
21 71   905 
21 72    62 
22 72   453 
22 73   288 
23 73    80 
23 74   290 
24 74   649 
24 75   323 
25 75   743 
25 76   744 
26 76   475 
26 77   204 
27 77   356 
27 78   853 
28 78   263 
28 79   510 
29 79   942 
29 80   271 
30 80   776 
30 81   129 
31 81   307 
31 82   651 
32 82   435 
32 83     8 
33 83   504 
33 84   457 
34 84   425 
34 85   748 
35 85    78 
35 86   811 
36 86   771 
36 87   567 
37 87   802 
37 88   170 
38 88   312 
38 89   344 
39 89   952 
39 90   784 
40 90   773 
40 91   362 
41 91   246 
41 92   967 
42 92   377 
42 93   764 
43 93   829 
43 94   634 
44 94   396 
44 95   574 
45 95    53 
45 96   150 
46 96   467 
46 97   491 
47 97   476 
47 98   856 
48 98   762 
48 99   284 
49 99   499 
49 100   265 
50 100    28 
1 54    93 
1 58    33 
1 63    89 
1 64   188 
1 66    76 
1 67   142 
1 80   147 
1 82    12 
1 87     8 
1 93   183 
1 94   181 
2 55    70 
2 60     5 
2 63    75 
2 68   189 
2 70    27 
2 72   103 
2 75   145 
2 77   196 
2 82   105 
2 87   145 
2 88     4 
2 100   200 
3 51    17 
3 56    59 
3 57    51 
3 60    32 
3 70     5 
3 95     5 
3 97    97 
4 53   127 
4 66   129 
4 71    84 
4 72   129 
4 79     3 
4 81   197 
4 90    99 
4 91   176 
4 98    88 
5 51   149 
5 54    92 
5 62   108 
5 82    95 
5 92    58 
5 97   153 
5 100    17 
6 55    14 
6 74   182 
6 79   159 
6 80   101 
6 85    56 
6 86    27 
6 93   156 
6 94    70 
7 52   168 
7 55    62 
7 62    43 
7 65   139 
7 66    94 
7 67    29 
7 72   142 
7 73    51 
7 76   191 
7 78    83 
7 82   112 
7 84   142 
7 93   129 
7 96   107 
8 53     8 
8 61    16 
8 63    40 
8 79    89 
8 80    14 
8 81     8 
8 82    55 
8 90    27 
8 97    37 
9 55   129 
9 72   184 
9 73    65 
9 77   184 
9 80   171 
9 89    81 
9 94   109 
9 96    79 
10 56   167 
10 57    35 
10 59    36 
10 64     0 
10 65   207 
10 67    68 
10 69    74 
10 70   122 
10 73    15 
10 74   134 
10 82    80 
10 83   204 
10 88    87 
10 93   164 
10 98    83 
11 69    72 
11 73   178 
11 76   202 
11 79    53 
11 81   168 
11 97   174 
12 56   185 
12 57    10 
12 59   207 
12 66   202 
12 71   197 
12 81    18 
12 84   160 
12 100    71 
13 68   115 
13 70    17 
13 72   185 
13 73   109 
13 84    49 
13 87   171 
13 100   165 
14 51    83 
14 56    95 
14 58    83 
14 59    65 
14 61    45 
14 63   178 
14 75   104 
14 78     7 
14 81     5 
14 85     2 
14 87    59 
14 97   102 
14 98   198 
15 51   145 
15 56    62 
15 57    70 
15 60    39 
15 68   202 
15 74   111 
15 77    44 
15 78    63 
15 82    82 
15 84     4 
15 87   180 
15 88    99 
15 90   176 
15 91   112 
15 94   207 
15 100   120 
16 52   118 
16 71    26 
16 80   189 
16 86    74 
16 97   101 
17 54   115 
17 55   131 
17 57   134 
17 62   155 
17 85    11 
17 86   138 
17 98   139 
18 51   176 
18 65     5 
18 71   128 
18 73    60 
18 75   181 
18 78    40 
18 83    41 
18 93    33 
18 98   175 
19 51    43 
19 53   153 
19 55   197 
19 57   197 
19 60   192 
19 67    33 
19 68    20 
19 74    56 
19 81   141 
19 90   200 
19 94    12 
19 97    57 
20 61    53 
20 62    68 
20 65   197 
20 77    38 
20 79   118 
20 82     9 
20 83    23 
20 85   147 
20 86   192 
20 87   172 
20 89   102 
20 96    98 
20 98   167 
21 54   207 
21 70    17 
21 75   198 
21 97    76 
22 52   121 
22 56    69 
22 57   197 
22 65    17 
22 69     0 
22 70    85 
22 71    37 
22 75   112 
22 76   109 
22 77   188 
22 81    92 
22 84   104 
22 86    56 
22 91    48 
23 61   185 
23 62    57 
23 65   207 
23 71   125 
23 78     0 
23 81   193 
23 83   135 
23 97    22 
24 51    10 
24 52   124 
24 53   162 
24 59    32 
24 78   140 
24 85   206 
24 89    56 
24 98    43 
25 52    64 
25 54   190 
25 55   198 
25 66   144 
25 69   127 
25 70   166 
25 77    91 
25 82    23 
25 88   191 
25 92   169 
25 94    15 
25 95   123 
25 96   209 
26 52    92 
26 59   110 
26 60   102 
26 64    37 
26 66   132 
26 69    38 
26 70    45 
26 72   141 
26 74   104 
26 80   202 
26 85   120 
26 91     3 
26 92   176 
26 95   102 
26 100   122 
27 53   184 
27 55     8 
27 68    38 
27 84   118 
27 88   205 
27 92    24 
27 94    20 
27 96     7 
27 99   174 
28 58     0 
28 62    19 
28 63   105 
28 67   203 
28 68   196 
28 71    98 
28 73     0 
28 74    62 
28 77    83 
28 80    66 
28 81   136 
28 100   206 
29 52     9 
29 57    90 
29 61   174 
29 67   209 
29 77    26 
29 81   140 
29 87    16 
29 89    15 
29 90   101 
29 92   201 
29 93   102 
29 100     1 
30 52   159 
30 64   132 
30 67    13 
30 68   131 
30 69    56 
30 71    37 
30 75    82 
30 76    78 
30 82   115 
30 92    83 
31 54     2 
31 55    63 
31 61    96 
31 66   199 
31 67    71 
31 68   152 
31 72   130 
31 79     5 
31 86   170 
31 88   198 
31 91   208 
31 96   135 
32 52   125 
32 54    61 
32 58    71 
32 72    60 
32 74    49 
32 77   128 
32 80   192 
32 84   144 
32 89   177 
32 91     0 
32 92    13 
32 93    91 
32 94   199 
32 99    80 
32 100    48 
33 57   156 
33 59   110 
33 60    28 
33 62   191 
33 68   206 
33 69    60 
33 71    37 
33 76   195 
33 77    45 
33 78   109 
33 81     2 
33 85   135 
33 86   143 
33 88     8 
33 92   194 
33 99   131 
34 52   113 
34 54    68 
34 64    99 
34 73    74 
34 76   166 
34 79    39 
34 81    60 
34 83   194 
35 66   203 
35 67   201 
35 72    15 
35 73   130 
35 74    63 
35 77   113 
35 87    26 
35 91   150 
36 57   201 
36 58    25 
36 61   138 
36 65    31 
36 72     3 
36 78    49 
36 95   143 
36 96   210 
36 99   101 
37 52   168 
37 60   206 
37 64    94 
37 69   209 
37 70   193 
37 80    67 
37 81   187 
38 51     8 
38 59   149 
38 62   142 
38 66   114 
38 80   185 
38 95    87 
39 52    15 
39 57    54 
39 64   207 
39 76   202 
39 81   103 
39 84    41 
40 53   117 
40 60   141 
40 61   184 
40 63    30 
40 69   131 
40 76   179 
40 89     2 
40 92   169 
41 52    78 
41 61     0 
41 75    30 
41 79   165 
41 82    54 
41 87    54 
41 93   125 
42 52   138 
42 53    43 
42 54   129 
42 61    21 
42 62   154 
42 66   108 
42 67     5 
42 70   124 
42 78   150 
42 79   139 
42 87    11 
42 89    33 
42 98   207 
42 100    78 
43 52    17 
43 58   177 
43 60    98 
43 65    51 
43 67   205 
43 70    62 
43 71    73 
43 72   113 
43 74    75 
43 75   202 
43 76    63 
43 91    70 
43 92   166 
43 95    14 
43 99   191 
44 60   182 
44 63    89 
44 65   155 
44 66    15 
44 71   152 
44 78   178 
44 84    28 
44 85   105 
44 87   167 
44 99    34 
45 52    82 
45 61    73 
45 67    29 
45 70   110 
45 72    22 
45 84    99 
45 85    40 
45 98   144 
46 52   110 
46 54   144 
46 58   119 
46 68   189 
46 70    81 
46 72    48 
46 73   151 
46 78    78 
46 79    51 
46 82    93 
46 85   173 
46 86   118 
46 95    42 
47 61   117 
47 64   149 
47 70   101 
47 71   203 
47 77    51 
47 78   182 
47 79   140 
47 80   127 
47 81    88 
47 82   192 
47 87     8 
47 91   195 
47 99   186 
48 54    67 
48 59   104 
48 65   210 
48 67   184 
48 73    73 
48 75    70 
48 76     9 
48 88    14 
48 97   163 
49 55   166 
49 61    79 
49 62   162 
49 65    53 
49 68    24 
49 70     3 
49 72    44 
49 74    43 
49 79    94 
49 85    88 
49 87    32 
49 90   174 
50 53    65 
50 54   189 
50 55    22 
50 57    37 
50 58   124 
50 74   197 
50 79    24 
50 97   198 
0 
0 
0 
0 
0 
0 
0 
0 
0 
0 
0 
0 
0 
0 
0 
0 
0 
0 
0 
0 
0 
0 
0 
0 
0 
0 
0 
0 
0 
0 
0 
0 
0 
0 
0 
0 
0 
0 
0 
0 
0 
0 
0 
0 
0 
0 
0 
0 
0 
0 
0 
0 
0 
0 
0 
0 
0 
0 
0 
0 
0 
0 
0 
0 
0 
0 
0 
0 
0 
0 
0 
0 
0 
0 
0 
0 
0 
0 
0 
0 
0 
0 
0 
0 
0 
0 
0 
0 
0 
0 
0 
0 
0 
0 
0 
0 
0 
0 
0 
0 
  227   301 
   15   103 
  816   940 
   17   597 
  234   108 
  956   997 
  365   838 
  999   861 
  413   184 
  636   430 
  481   463 
  874   226 
  111   110 
  980   955 
  451   766 
  771   575 
  603   641 
  689   983 
  761   511 
  526   615 
  875   566 
  863   323 
  305   935 
  375   857 
   23   101 
  345   909 
  919   799 
  929   965 
  174   903 
   41   393 
  151   696 
  759   124 
  662   245 
  548   112 
  200   543 
  825   885 
  325   650 
  921   356 
  863   338 
  374   675 
  721   451 
  394   513 
  313   471 
  769   664 
  982   935 
  948   717 
  611   490 
  515   733 
  776   856 
  948   397 
  749   574 
  150   605 
  277   253 
  589   711 
  816   649 
  898   752 
  114   236 
   38    48 
  440   171 
  389   389 
  420   975 
  353   617 
  929   918 
  750   883 
  913   920 
  742   239 
  468   768 
   89   833 
  847   853 
  551   805 
  416   335 
  260   886 
  834   299 
  824   363 
  907   135 
  282   588 
   10   227 
   90   455 
   66   202 
   50   800 
  471   237 
  125   824 
  499   307 
  316   986 
  701   534 
  609   913 
   86   888 
  152   739 
  581   131 
  810   248 
  148   318 
  671   429 
   73   601 
   82   867 
  166   895 
  923   329 
  132    92 
  865   131 
  145   119 
  592   135 
100 1147 
1 2   929 
2 3   161 
3 4   934 
4 5   560 
5 6   741 
6 7    17 
7 8   738 
8 9   521 
9 10   583 
10 11    13 
11 12   873 
12 13   734 
13 14   852 
14 15   891 
15 16   639 
16 17   121 
17 18   752 
18 19   756 
19 20   802 
20 21   181 
21 22   570 
22 23   281 
23 24   401 
24 25   182 
25 26   819 
26 27   977 
27 28   518 
28 29   850 
29 30   902 
30 31   803 
31 32   323 
32 33   281 
33 34   350 
34 35   275 
35 36   108 
36 37   497 
37 38   367 
38 39   407 
39 40   124 
40 41    17 
41 42   232 
42 43   275 
43 44   997 
44 45   437 
45 46   159 
46 47    69 
47 48    42 
48 49   346 
49 50   575 
50 51   317 
51 52   306 
52 53   844 
53 54   528 
54 55    24 
55 56   265 
56 57   905 
57 58   266 
58 59   791 
59 60   395 
60 61   949 
61 62   559 
62 63   256 
63 64   153 
64 65   983 
65 66   812 
66 67   379 
67 68   542 
68 69    34 
69 70   852 
70 71   689 
71 72   720 
72 73   460 
73 74   415 
74 75   517 
75 76   786 
76 77   879 
77 78   514 
78 79   962 
79 80   976 
80 81   997 
81 82   925 
82 83   627 
83 84   734 
84 85   543 
85 86   452 
86 87    44 
87 88   659 
88 89   362 
89 90   134 
90 91   596 
91 92   184 
92 93   171 
93 94   296 
94 95   636 
95 96    84 
96 97   498 
97 98   325 
98 99   789 
99 100   942 
1 3   522 
1 9   596 
1 16   652 
1 25   758 
1 29    26 
1 33    81 
1 38   265 
1 41   114 
1 48   723 
1 52   340 
1 56   253 
1 57   816 
1 74   184 
1 76   882 
1 80   645 
1 84   948 
1 96   641 
2 4   139 
2 8   941 
2 10   819 
2 11   528 
2 16   989 
2 17   163 
2 27   647 
2 33    22 
2 36   739 
2 37   804 
2 39   496 
2 42   964 
2 46   781 
2 47   292 
2 53   248 
2 55    34 
2 56   524 
2 67   807 
2 69   180 
2 70   670 
2 78   905 
2 80   252 
2 88   928 
2 95   641 
2 98   227 
3 7   967 
3 11   263 
3 12   871 
3 14   992 
3 15    40 
3 18   307 
3 19   435 
3 25   912 
3 34   765 
3 37   954 
3 45   641 
3 49    62 
3 54   804 
3 59   358 
3 62    88 
3 68   335 
3 75   479 
3 78   901 
3 79   704 
3 91   240 
3 93   124 
3 99   397 
4 16   353 
4 18   298 
4 19   430 
4 24   739 
4 30   951 
4 36   762 
4 42   454 
4 43   779 
4 44   728 
4 46   903 
4 53   325 
4 60   607 
4 66    73 
4 68   630 
4 73   674 
4 74   596 
4 77   109 
4 85   541 
4 86   398 
4 88   590 
4 95   957 
5 10   978 
5 13   648 
5 16   126 
5 17   385 
5 19   528 
5 22   544 
5 24   412 
5 25   931 
5 30   415 
5 33   372 
5 34   441 
5 42    15 
5 44   722 
5 46   854 
5 47   368 
5 48   327 
5 51   904 
5 52   430 
5 65   872 
5 67   341 
5 80   322 
5 85   411 
5 86   298 
5 91   758 
5 94   363 
5 96   872 
5 97   567 
5 99   485 
6 8   404 
6 15   454 
6 27   699 
6 29   110 
6 36   913 
6 51   662 
6 52   219 
6 57   260 
6 70   753 
6 71   453 
6 77   749 
6 82   175 
6 89   656 
6 90   985 
6 98   473 
7 14   430 
7 22   219 
7 28   129 
7 30    48 
7 31   630 
7 32   420 
7 37   768 
7 49   660 
7 52   195 
7 61   994 
7 68   630 
7 69   322 
7 72   822 
7 73   796 
7 74   837 
7 75   532 
7 79    60 
7 80   520 
7 89   846 
7 91   970 
8 11    19 
8 14   655 
8 20   814 
8 31   279 
8 35    23 
8 37   810 
8 39   701 
8 42   167 
8 44   345 
8 48   985 
8 57   267 
8 58   231 
8 59   875 
8 66   569 
8 68   328 
8 76   185 
8 78   230 
8 83   263 
8 92   936 
8 95   444 
9 13    39 
9 14   764 
9 16   161 
9 21   949 
9 24   462 
9 25    30 
9 27   779 
9 33   744 
9 40   342 
9 42   454 
9 48   733 
9 55   630 
9 61   707 
9 62   444 
9 63   163 
9 71   736 
9 79   987 
9 93   124 
10 12   499 
10 14   412 
10 19   243 
10 20   716 
10 29   527 
10 33   583 
10 37    93 
10 44   528 
10 47   653 
10 55    19 
10 61   662 
10 65     2 
10 74   152 
10 75    48 
10 77   664 
10 82   737 
10 89   347 
10 90    36 
10 91   628 
10 92   288 
10 93   408 
10 98   239 
11 17    47 
11 25   133 
11 26   210 
11 32   798 
11 41   841 
11 49   160 
11 61    93 
11 63   734 
11 64    46 
11 65   641 
11 66   296 
11 68   712 
11 73    43 
11 81   605 
12 14   393 
12 19    66 
12 20   328 
12 24   806 
12 25   203 
12 27   669 
12 28   211 
12 30   229 
12 31   842 
12 32   189 
12 33   906 
12 35    20 
12 37   960 
12 49   826 
12 58   624 
12 59   195 
12 60   255 
12 69   867 
12 74   730 
12 80     7 
12 81     8 
12 84    46 
12 85   566 
12 86   936 
12 93   501 
13 23   786 
13 33   335 
13 36   657 
13 47   716 
13 56    80 
13 63   378 
13 70   541 
13 76   807 
13 78   494 
13 94   234 
14 18   877 
14 35     2 
14 37   996 
14 39   834 
14 42   159 
14 44   813 
14 47   564 
14 48   983 
14 50     1 
14 51   410 
14 55   737 
14 62   526 
14 70   842 
14 72   908 
14 76   984 
14 77   116 
14 78   445 
14 81   865 
14 89   568 
14 93   446 
14 98   430 
14 99   945 
15 21   158 
15 26   773 
15 28   635 
15 30   462 
15 36   423 
15 37   150 
15 40   325 
15 44   770 
15 49   512 
15 57   686 
15 58   551 
15 60   200 
15 67   751 
15 71   961 
15 73   807 
15 78   881 
15 86   339 
15 94    81 
15 97   370 
15 99   879 
16 24    68 
16 30   327 
16 31   421 
16 33   282 
16 35   162 
16 37   675 
16 46   939 
16 47    34 
16 60   866 
16 61   498 
16 62   354 
16 64   935 
16 71    83 
16 74    51 
16 83   498 
16 91   103 
17 19   551 
17 21   792 
17 23   847 
17 32   417 
17 44   693 
17 57   798 
17 60   799 
17 71   199 
17 78   325 
17 79   708 
17 83   919 
17 84   636 
17 86    83 
17 88   404 
17 92   245 
17 97   858 
17 98   798 
17 99   173 
18 31   937 
18 35   810 
18 40   945 
18 42   328 
18 52   343 
18 56   134 
18 58   155 
18 61   262 
18 63   593 
18 65    85 
18 66    82 
18 68   595 
18 70   865 
18 76   816 
18 79   999 
18 82   796 
18 83   367 
18 93   318 
18 96   456 
19 25   313 
19 36   531 
19 37   979 
19 39   384 
19 43   668 
19 54   337 
19 55   135 
19 56   872 
19 59   716 
19 66    60 
19 68   616 
19 88   453 
19 90   432 
19 94   165 
20 35   522 
20 50   264 
20 54   904 
20 55   207 
20 57   812 
20 59   876 
20 62   602 
20 76   478 
20 78   290 
20 79   293 
20 91   494 
20 94   223 
20 97   383 
20 99   238 
21 26   228 
21 29   759 
21 33   698 
21 38   621 
21 50   967 
21 52   356 
21 55   818 
21 58   696 
21 65   533 
21 67    41 
21 71   256 
21 72   459 
21 73   183 
21 77   877 
21 80    88 
21 84   971 
21 89   539 
22 38   640 
22 58   372 
22 72   933 
22 73   928 
22 76    10 
22 77   410 
22 86   362 
22 94   904 
23 28   531 
23 32   568 
23 34   437 
23 36   458 
23 37    96 
23 44   846 
23 48   161 
23 59   212 
23 62   824 
23 63   819 
23 67   656 
23 70   242 
23 77   950 
23 84    93 
23 90    29 
23 94   502 
23 96   295 
24 29   723 
24 43   711 
24 47   929 
24 50   214 
24 54    14 
24 65   484 
24 70    12 
24 71    72 
24 81   412 
24 84   544 
24 90    27 
24 92   920 
24 96   843 
24 99   199 
25 30   534 
25 48   375 
25 50   269 
25 53   739 
25 56   555 
25 61    17 
25 64   755 
25 66   751 
25 67   313 
25 87   323 
25 90   878 
25 92   674 
25 97   939 
25 98   884 
25 99   525 
26 30   913 
26 31   812 
26 32   789 
26 33   881 
26 35   252 
26 43    62 
26 51   285 
26 54   221 
26 55   652 
26 57    69 
26 59   617 
26 60   801 
26 73   586 
26 78   333 
26 80   263 
26 81   873 
26 83   354 
26 92   851 
26 94   900 
26 96   328 
27 29   619 
27 49   285 
27 50   916 
27 52   575 
27 53   671 
27 56   265 
27 57   355 
27 60   316 
27 61   780 
27 67    75 
27 69     8 
27 73   943 
27 74   293 
27 75   106 
27 79   529 
27 86   260 
27 87   790 
27 93   371 
27 100   851 
28 36   165 
28 37   633 
28 42   371 
28 55   438 
28 56    93 
28 59   184 
28 76   532 
28 83   231 
28 85   419 
28 91    51 
28 96   279 
28 97   335 
28 98   593 
28 99   814 
29 38   408 
29 40   559 
29 50   818 
29 57   798 
29 68   536 
29 70   990 
29 72    27 
29 77   819 
29 83   101 
29 84   545 
29 88   181 
29 100    19 
30 35   443 
30 40   785 
30 41    26 
30 42   537 
30 45    18 
30 47   978 
30 52   727 
30 55   210 
30 61   385 
30 62   311 
30 64   244 
30 66   930 
30 67   596 
30 71   255 
30 76   639 
30 81   547 
30 84   136 
30 85   396 
30 98   318 
31 33   371 
31 34   572 
31 35   969 
31 37   478 
31 40   277 
31 41   835 
31 42   464 
31 45   371 
31 49   144 
31 56   801 
31 58   610 
31 60   627 
31 61   741 
31 62   606 
31 63   573 
31 64   103 
31 65    12 
31 75    48 
31 76   954 
31 77   514 
31 85   354 
31 87   336 
31 90   953 
31 91   290 
31 93   529 
32 52   578 
32 57   824 
32 59   982 
32 74   656 
32 75   445 
32 82   611 
32 83   675 
32 88   756 
32 99   464 
33 37   203 
33 45   838 
33 49   144 
33 52   658 
33 64   161 
33 69   875 
33 78   953 
33 84   626 
33 87   608 
33 99   771 
33 100   683 
34 36   857 
34 38   797 
34 42   902 
34 44   933 
34 50   159 
34 69   776 
34 70   742 
34 72   972 
34 76   641 
34 88   112 
34 100   772 
35 42   372 
35 53   743 
35 59   619 
35 61   138 
35 70    86 
35 72   131 
35 73   913 
35 77   372 
35 79   360 
35 80   164 
35 82   354 
35 84   278 
35 85   922 
35 87   616 
35 93   249 
35 99   930 
35 100   119 
36 38   713 
36 39   580 
36 43   789 
36 44   437 
36 55   535 
36 66   294 
36 70   234 
36 74   237 
36 82   640 
36 86   760 
36 97   329 
36 99   147 
37 39   451 
37 61    28 
37 71   630 
37 74   448 
37 78   770 
37 79   829 
37 83   214 
37 87    99 
37 90    72 
37 94   349 
37 95   241 
37 96   500 
38 44   144 
38 45   792 
38 49    21 
38 56   865 
38 60   199 
38 61   291 
38 72   265 
38 74   133 
38 78   240 
38 80   185 
38 81   726 
38 83    60 
38 86    50 
38 96   288 
38 97   687 
38 98   749 
39 47   443 
39 57   346 
39 62   377 
39 69   148 
39 71   479 
39 77   749 
39 79    98 
39 93   735 
39 94   898 
40 42    78 
40 43   674 
40 47   863 
40 48   289 
40 51   567 
40 57   374 
40 60   444 
40 74   643 
40 84   891 
40 86   685 
40 92   264 
40 100   236 
41 44   656 
41 49   163 
41 51   421 
41 55   237 
41 57   307 
41 62   259 
41 64   504 
41 69   769 
41 78   230 
41 87   961 
41 90   336 
41 92   772 
41 98   139 
41 100   984 
42 44   713 
42 45     1 
42 47   407 
42 49    56 
42 50   983 
42 52   516 
42 54   872 
42 57    34 
42 61   102 
42 64   938 
42 65   144 
42 66    21 
42 69   397 
43 46   427 
43 49   709 
43 58   539 
43 59   783 
43 73   840 
43 76   104 
43 82   537 
43 86   863 
43 88   919 
43 89   540 
43 90   796 
43 95   470 
43 98   131 
44 57   230 
44 59   773 
44 62   129 
44 66   267 
44 67   500 
44 68   645 
44 84   696 
44 88   615 
44 89   229 
45 47   957 
45 48   928 
45 56   862 
45 58   493 
45 68   996 
45 77    56 
45 81    77 
45 83   267 
45 89    20 
45 91   486 
45 100   753 
46 52   259 
46 55   152 
46 63    83 
46 66   412 
46 70   559 
46 71   334 
46 77   775 
46 78   716 
46 81   392 
46 82   244 
46 92   444 
47 53   686 
47 56   573 
47 60   755 
47 63   190 
47 66   964 
47 67   821 
47 68   919 
47 69   423 
47 74   572 
47 77   799 
47 84   574 
47 86   773 
47 88   721 
48 51   809 
48 64   569 
48 65   424 
48 66   593 
48 67   442 
48 72   587 
48 75   396 
48 78   596 
48 79   380 
48 80    64 
48 83   846 
48 84   521 
48 89   600 
48 91   261 
48 92   640 
48 94   576 
48 97   701 
49 51   915 
49 52    63 
49 63   507 
49 67   578 
49 68   438 
49 69   181 
49 83   571 
49 84   207 
49 87   849 
49 88   440 
49 90   465 
50 57   334 
50 64   882 
50 66   909 
50 68    22 
50 71   375 
50 75   521 
50 77   599 
50 79   939 
50 82   729 
50 86    43 
50 95   742 
50 96   874 
51 55   370 
51 57   983 
51 75    72 
51 76   962 
51 79   788 
51 83   310 
51 88   537 
51 89   243 
51 91   501 
51 94    32 
51 95   514 
51 99   172 
52 60   910 
52 62   583 
52 63   519 
52 66   623 
52 77   348 
52 80   484 
52 86   295 
52 87    46 
52 90   494 
53 60   271 
53 65   675 
53 71   305 
53 73   344 
53 79   379 
53 80   246 
53 83   444 
53 91   314 
53 94   408 
53 99   923 
54 57   367 
54 63   568 
54 66   823 
54 73   437 
54 79   276 
54 85   234 
54 94   842 
54 97   934 
54 98   724 
54 100   650 
55 60   701 
55 61   891 
55 66   249 
55 74   982 
55 76    49 
55 77   847 
55 79   200 
55 85   730 
55 88   418 
55 93   473 
55 94   503 
55 95   207 
56 58   536 
56 59    46 
56 60   273 
56 71    68 
56 73   976 
56 77   887 
56 80   815 
56 82   529 
56 83   313 
56 87   543 
56 89   835 
56 91   965 
56 92   417 
56 99    64 
57 66   947 
57 87   915 
57 97   849 
57 98   267 
58 66   152 
58 68   828 
58 72   511 
58 75   641 
58 78     1 
58 81   921 
58 88   549 
58 100    11 
59 61   535 
59 67   706 
59 70   467 
59 72   528 
59 74    63 
59 75   578 
59 77   824 
59 80   150 
59 88   307 
59 93   491 
59 98     2 
60 67   511 
60 69   698 
60 76   248 
60 77   587 
60 81   733 
60 82    52 
60 90   535 
60 93   122 
60 97   856 
61 66   397 
61 70   353 
61 73   380 
61 80   579 
61 84    55 
61 91   889 
61 93   738 
62 72   868 
62 76   321 
62 86   380 
62 87   380 
62 91   544 
62 93   618 
62 94   715 
63 65   448 
63 68   549 
63 69   893 
63 72   299 
63 75    17 
63 77   148 
63 86   538 
63 88   801 
63 94   630 
63 96   460 
63 97   784 
64 70    54 
64 74   422 
64 76    19 
64 82   445 
64 83   389 
64 84   100 
64 91   866 
64 92   445 
64 99   117 
65 79   814 
65 90   422 
65 91   815 
65 100   926 
66 68   896 
66 69   659 
66 70    58 
66 74   932 
66 83   338 
66 85   664 
66 86   868 
66 90   135 
66 93   381 
66 96   153 
67 77   343 
67 78   364 
67 79   413 
67 83   332 
67 90   903 
67 93   341 
67 94   449 
68 70   654 
68 74   226 
68 76   876 
68 90   186 
68 91   768 
68 92   427 
68 97   864 
68 99   879 
69 83   142 
69 88   832 
69 89   586 
69 94   248 
69 97   471 
69 98   803 
69 100   795 
70 79   125 
70 83   268 
70 94   680 
70 96    39 
71 87   844 
71 93   916 
71 97   409 
71 98   926 
71 100   863 
72 86   998 
73 78   510 
73 84   333 
73 88   819 
73 90   805 
73 92   761 
73 93    87 
73 94   878 
73 96   745 
74 76   493 
74 78   873 
74 86   200 
74 87   587 
74 90   748 
74 100   510 
75 77   391 
75 83   606 
75 84   892 
75 92   120 
76 80   474 
76 81   309 
76 99   537 
77 79   597 
77 84   778 
77 95   100 
77 97   904 
77 99   765 
78 82    48 
78 92   376 
78 97   739 
79 88   360 
79 93   574 
79 94   779 
79 98   610 
79 99   229 
80 87   853 
80 93   660 
80 95   329 
80 96   945 
81 93   461 
81 95   900 
81 96   916 
81 97   271 
81 99   975 
82 85    74 
82 89   784 
82 93   808 
83 86   489 
83 95   310 
83 98    69 
84 87   287 
84 94   980 
84 95   458 
84 96   575 
85 94   165 
85 97   600 
86 90   185 
86 91   927 
86 92   670 
86 100   316 
87 94   566 
87 98   973 
87 99   153 
88 100   251 
89 94   915 
89 95     9 
89 98   373 
89 99   757 
90 97   776 
90 98   791 
90 99   620 
91 96   930 
91 100   969 
93 95   744 
94 96   322 
95 97   556 
97 100   886 
0 
0 
0 
0 
0 
0 
0 
0 
0 
0 
0 
0 
0 
0 
0 
0 
0 
0 
0 
0 
0 
0 
0 
0 
0 
0 
0 
0 
0 
0 
0 
0 
0 
0 
0 
0 
0 
0 
0 
0 
0 
0 
0 
0 
0 
0 
0 
0 
0 
0 
0 
0 
0 
0 
0 
0 
0 
0 
0 
0 
0 
0 
0 
0 
0 
0 
0 
0 
0 
0 
0 
0 
0 
0 
0 
0 
0 
0 
0 
0 
0 
0 
0 
0 
0 
0 
0 
0 
0 
0 
0 
0 
0 
0 
0 
0 
0 
0 
0 
0 
  233   597 
   60    12 
  313   186 
  641   121 
  333   698 
  367   490 
   42   348 
  756   511 
  151   244 
  558   262 
  387   331 
  256   490 
  246   917 
  288   304 
  303   456 
  411   274 
  148   121 
  579   290 
   35    52 
  513   692 
  364   386 
  348    26 
  771   967 
  998   348 
  915   717 
  434   964 
  309   460 
  289   867 
    0   743 
  893   913 
  185   914 
  799   499 
  416   884 
  918   373 
  462   105 
  149   630 
    8   327 
  888    37 
  305   191 
  652   748 
  166   700 
  495   967 
  361   172 
  437   246 
   78    17 
  327   243 
  865   374 
    7   360 
  179   758 
  150    16 
   28   303 
  204   252 
  725   722 
  847   122 
  548   756 
  443   254 
   63   533 
   48    50 
  706   481 
  210   120 
   75   189 
  168   594 
  728   685 
  707   189 
  506   683 
  606   583 
  149   892 
  167    41 
  430   458 
  751   204 
  401   238 
   25   460 
   50   714 
  318   446 
  605   572 
  546   804 
   60   990 
  708    64 
  936   745 
  519   933 
  574   190 
   62   611 
  949   670 
   71   944 
  409   362 
  922   919 
  705   610 
  794   483 
  750   858 
   19   649 
  181   392 
  514   520 
  539   895 
  809   893 
  628   252 
  267   456 
  274   141 
   84   618 
  926   146 
  933   575 
