80 783 
1 2   202 
2 3   731 
3 4   624 
4 5   254 
5 6   716 
6 7   539 
7 8   233 
8 9   877 
9 10   780 
10 11   710 
11 12   729 
12 13   470 
13 14    50 
14 15   205 
15 16   881 
16 17     6 
17 18    36 
18 19   698 
19 20   938 
20 21     3 
21 22   338 
22 23     8 
23 24   941 
24 25   154 
25 26   201 
26 27   293 
27 28   934 
28 29   763 
29 30   569 
30 31   754 
31 32   936 
32 33   101 
33 34   707 
34 35   608 
35 36   629 
36 37   804 
37 38   956 
38 39   848 
39 40   444 
40 41   190 
41 42   989 
42 43   401 
43 44   558 
44 45   953 
45 46   772 
46 47   694 
47 48   191 
48 49     1 
49 50   880 
50 51   176 
51 52   146 
52 53    10 
53 54   922 
54 55   806 
55 56   680 
56 57   857 
57 58   241 
58 59   989 
59 60   605 
60 61   146 
61 62   424 
62 63   300 
63 64    44 
64 65   473 
65 66    20 
66 67   326 
67 68   845 
68 69   357 
69 70   913 
70 71   190 
71 72   412 
72 73   451 
73 74   700 
74 75   857 
75 76   860 
76 77   734 
77 78   803 
78 79   122 
79 80   683 
1 3    99 
1 5   412 
1 6   845 
1 9   562 
1 15    73 
1 20   373 
1 24   235 
1 32   170 
1 39   194 
1 40   275 
1 44   313 
1 45   368 
1 56   998 
1 62   640 
1 66   641 
1 69   199 
1 77    40 
2 4   159 
2 13   613 
2 15    52 
2 16   857 
2 17   184 
2 20   815 
2 21   845 
2 27   723 
2 36   489 
2 37   402 
2 50   881 
2 53   292 
2 54    86 
2 58   440 
2 60   499 
2 65   280 
2 67   786 
2 69   192 
2 72    39 
2 76   235 
2 78    35 
2 80    39 
3 8   567 
3 9    54 
3 21    84 
3 25   296 
3 40   713 
3 41   271 
3 43   657 
3 50   273 
3 60   910 
3 67   116 
3 69   612 
3 70    81 
3 77   869 
3 78   221 
4 10   467 
4 14   384 
4 17   508 
4 22   390 
4 26    11 
4 29   139 
4 37   999 
4 47   505 
4 49   456 
4 50   626 
4 68   473 
4 72   886 
5 12   764 
5 13   734 
5 24   755 
5 37   525 
5 38   624 
5 39   189 
5 41   294 
5 43   841 
5 44   472 
5 54   452 
5 59   600 
5 61   360 
5 62   661 
5 78   375 
6 9   345 
6 17   869 
6 18   343 
6 19   728 
6 21    24 
6 26   575 
6 31   536 
6 35   528 
6 40   564 
6 44   872 
6 45   207 
6 50   483 
6 51   960 
6 60   930 
6 61   809 
6 62    39 
6 69   784 
6 76   118 
6 80   258 
7 10   100 
7 12   143 
7 13   542 
7 17   348 
7 34   623 
7 37   625 
7 40   561 
7 49   165 
7 53   377 
7 55   987 
7 62   419 
7 70   116 
7 75   599 
7 78   135 
8 11   376 
8 17   735 
8 23   508 
8 26   652 
8 33   352 
8 35   169 
8 41    69 
8 42   901 
8 52   427 
8 57   273 
8 60   924 
8 62   228 
8 66   489 
8 69    52 
9 13   832 
9 20   589 
9 21   615 
9 28   496 
9 32   330 
9 35   539 
9 38   179 
9 42   851 
9 46   845 
9 49   160 
9 52   657 
9 54   864 
9 60   486 
9 61   973 
9 62   213 
9 65   255 
9 69   203 
9 71     2 
9 73   248 
9 75   225 
9 76   959 
10 12   982 
10 13   609 
10 25   465 
10 29    28 
10 30   157 
10 31   479 
10 34   566 
10 40   802 
10 42   538 
10 44   129 
10 46   329 
10 55   408 
10 56   599 
10 59   964 
10 61   712 
10 65   753 
10 72   976 
10 74   976 
11 17   283 
11 19   796 
11 22   860 
11 25   963 
11 40   977 
11 41   775 
11 42   961 
11 43   171 
11 45   334 
11 49   564 
11 50    69 
11 55   811 
11 59   374 
12 15   607 
12 18    92 
12 22   200 
12 34   735 
12 37    89 
12 38   970 
12 39   329 
12 52   117 
12 54   785 
12 60   308 
12 64   156 
12 66   517 
12 67   542 
12 69   879 
12 70   651 
12 73   272 
12 78   587 
13 19   788 
13 21   949 
13 28   911 
13 30   786 
13 34   521 
13 35   843 
13 40   814 
13 42   925 
13 44   920 
13 45   708 
13 54   701 
13 57   520 
13 59   299 
13 60   993 
13 63   217 
13 66   154 
13 70    98 
13 72   791 
13 73   777 
14 19   763 
14 21   522 
14 35   371 
14 36   754 
14 38   343 
14 40   564 
14 42     1 
14 43   694 
14 44   156 
14 46   924 
14 51   986 
14 55   990 
14 63   878 
14 67   915 
14 71   542 
14 73    60 
14 74   438 
14 75    60 
14 78   757 
14 80   576 
15 21   442 
15 25   127 
15 27   785 
15 29   555 
15 33   635 
15 34   579 
15 39   973 
15 43   527 
15 46   415 
15 47   433 
15 58   473 
15 60   813 
15 63   854 
15 64   637 
15 65   914 
15 69   602 
15 80    92 
16 28   957 
16 30   651 
16 41   662 
16 45   675 
16 49   425 
16 55   116 
16 64   543 
16 67   872 
16 69   187 
16 70   615 
16 72   845 
16 76   343 
16 78   540 
16 79   279 
17 24   856 
17 28   378 
17 37   885 
17 46   649 
17 47   340 
17 53   435 
17 57   796 
17 60   994 
17 61   585 
17 63   245 
17 69   403 
17 75   304 
17 76   797 
17 78   392 
17 79   921 
18 20   493 
18 22   888 
18 25   556 
18 31   924 
18 34   619 
18 36   241 
18 38   569 
18 52   865 
18 60   621 
18 63    87 
18 64   972 
18 71   534 
19 34   813 
19 44   769 
19 48   135 
19 49   606 
19 58   807 
19 63   873 
19 65   103 
19 66   573 
19 76   244 
19 77     4 
19 79   602 
20 25   619 
20 29   975 
20 31   364 
20 32   937 
20 34   742 
20 36   244 
20 38   827 
20 48   388 
20 61    38 
20 62   307 
20 65   126 
20 70   765 
20 71    47 
20 74   615 
20 77   394 
20 79   776 
21 25   670 
21 31   811 
21 35   169 
21 47    76 
21 49    25 
21 59   876 
21 61   952 
21 63   741 
21 66   918 
21 73   967 
21 75   506 
21 76   588 
21 80   475 
22 24   224 
22 25   110 
22 27   955 
22 32   888 
22 41    45 
22 42   893 
22 46   289 
22 47    76 
22 50   669 
22 52   742 
22 58   746 
22 59   522 
22 61   132 
22 68   947 
22 69   511 
23 29   235 
23 30   403 
23 40    66 
23 43   829 
23 47   294 
23 48    36 
23 56   444 
23 63   416 
23 75   981 
24 26   832 
24 34   420 
24 40   924 
24 49   592 
24 53   578 
24 55   763 
24 61   422 
24 69   708 
24 72   493 
24 73   151 
24 75   665 
24 76   398 
24 77   754 
25 33   857 
25 37   377 
25 41   511 
25 48   431 
25 49   529 
25 54   420 
25 70   799 
25 78   403 
25 80   141 
26 29   325 
26 33   947 
26 55   176 
26 57   439 
26 60   207 
26 61   192 
26 64   296 
26 65   301 
26 66   994 
26 69   634 
26 77   665 
26 79   493 
27 33   866 
27 34   696 
27 39   896 
27 47    88 
27 50   668 
27 52   764 
27 55   300 
27 57   682 
27 62   664 
27 66    51 
27 74   330 
27 75   883 
28 31   388 
28 37     5 
28 44   984 
28 45   917 
28 51   687 
28 52   136 
28 53   738 
28 57    92 
28 71   598 
28 72   750 
28 73   564 
28 76   547 
28 77   879 
28 78   574 
29 33   421 
29 36   768 
29 43   938 
29 45   620 
29 50   622 
29 53   973 
29 59   500 
29 64   127 
29 67   692 
29 73    31 
29 76   831 
29 80   144 
30 33   514 
30 35   759 
30 36   661 
30 44   272 
30 53   747 
30 61    99 
30 70   628 
30 72   921 
30 75    53 
30 78   545 
30 80   528 
31 33   959 
31 36   473 
31 38   863 
31 40   198 
31 41   556 
31 42   932 
31 44   832 
31 47   389 
31 50   525 
31 54   245 
31 58   403 
31 64   296 
31 67   592 
31 72   779 
31 77   534 
31 78   875 
32 35   534 
32 39   958 
32 44   394 
32 48   664 
32 59   368 
32 64   311 
32 71   218 
32 73    37 
32 76   856 
32 77   879 
33 37   430 
33 46   481 
33 49    38 
33 55   979 
33 63   810 
33 64   803 
33 66   524 
33 67   681 
33 74   238 
33 76   604 
34 36   330 
34 38   398 
34 40   998 
34 43   935 
34 47   599 
34 49   156 
34 51    91 
34 53   620 
34 54   400 
34 60   693 
34 65   568 
34 69   770 
34 73   728 
34 74   821 
34 76   631 
35 54   105 
35 58   758 
35 61   475 
35 65    48 
35 66   767 
35 67   532 
35 69   619 
35 72   512 
35 73   230 
35 76   996 
36 38   310 
36 39   959 
36 41   407 
36 43   770 
36 45   102 
36 46   105 
36 50   154 
36 52   908 
36 54   566 
36 55   200 
36 57   989 
36 64   240 
36 70   967 
36 71    85 
36 75   223 
37 42   152 
37 59    43 
37 60   156 
37 65   878 
37 69   183 
37 70   245 
37 71   376 
38 43   418 
38 44   201 
38 47   729 
38 50   390 
38 59   525 
38 66   506 
38 71    90 
38 72   769 
38 74   902 
38 75     2 
39 45   309 
39 47   603 
39 56   130 
39 59   146 
39 60   322 
39 61    42 
39 65   791 
39 72    47 
39 75   142 
40 51    44 
40 53   235 
40 65   677 
40 66   129 
40 67   875 
41 52   298 
41 55   672 
41 58   634 
41 59   274 
41 67   655 
41 74    94 
41 75   881 
41 78    96 
42 59    36 
42 61    38 
42 65   712 
42 74   357 
42 76   134 
42 79   506 
43 48   321 
43 49   847 
43 53    47 
43 59   639 
43 60   180 
43 65   643 
43 71   657 
43 76    32 
43 79    59 
44 49   122 
44 50    24 
44 52   450 
44 54   661 
44 60   335 
44 61   682 
44 64   532 
44 68   603 
44 69   424 
44 75   874 
45 49   889 
45 55   522 
45 57   533 
45 59   977 
45 65   515 
45 79   696 
45 80   371 
46 62   633 
46 68   445 
46 69   608 
46 71   218 
46 73    85 
46 77   497 
46 79    85 
46 80   622 
47 49   715 
47 58   906 
47 64   809 
47 72   169 
47 77   270 
47 80   892 
48 50   855 
48 66   188 
48 73   272 
49 56   756 
49 68    43 
49 77   486 
49 79   403 
50 54   829 
50 59   401 
50 73   946 
50 77   404 
50 79   135 
50 80   586 
51 56   629 
51 61   325 
51 65   615 
51 71   339 
51 74   969 
51 79   831 
52 61   610 
52 62   110 
52 65   395 
52 74    98 
52 78   922 
53 55   649 
53 63   204 
53 67   538 
53 70   621 
54 61   432 
54 62   166 
54 63   827 
54 80   675 
55 58   836 
55 59   980 
55 67   686 
55 75    69 
55 77   909 
55 78   781 
56 60   889 
56 62   937 
56 64   331 
56 65   996 
56 77   358 
56 79   938 
57 62   812 
57 64   760 
58 60    30 
58 73   966 
58 77   642 
58 78   545 
59 67   996 
59 68   348 
59 73   146 
59 75   166 
60 65   558 
60 67   205 
60 75    74 
60 78    94 
61 66   348 
61 67   209 
61 68   153 
61 76   295 
62 66    12 
62 67   177 
62 74   642 
62 75   732 
63 66   476 
63 72   433 
63 77   738 
63 79   113 
64 70   239 
64 74   419 
64 76   489 
64 80    50 
65 67   765 
65 68   625 
65 70   644 
65 74   455 
65 75   882 
65 78   229 
65 80   847 
66 72   512 
66 76    45 
66 79   337 
67 69   751 
67 70   490 
67 73   295 
67 74   778 
67 77   773 
67 78   255 
68 72   527 
69 75   943 
70 73   577 
70 75   821 
70 80   953 
71 77   303 
72 74   784 
72 75   974 
73 76   114 
73 78   664 
75 80   836 
76 79   342 
76 80   954 
77 79   714 
0 
0 
0 
0 
0 
0 
0 
0 
0 
0 
0 
0 
0 
0 
0 
0 
0 
0 
0 
0 
0 
0 
0 
0 
0 
0 
0 
0 
0 
0 
0 
0 
0 
0 
0 
0 
0 
0 
0 
0 
0 
0 
0 
0 
0 
0 
0 
0 
0 
0 
0 
0 
0 
0 
0 
0 
0 
0 
0 
0 
0 
0 
0 
0 
0 
0 
0 
0 
0 
0 
0 
0 
0 
0 
0 
0 
0 
0 
0 
0 
  507     0 
  255   841 
  115   116 
   47   996 
  405   974 
  187   698 
  407   646 
  338   319 
  533   633 
  197   880 
  281   502 
  402   366 
  999   648 
  477   292 
  362   115 
  179   983 
  697   131 
  496   686 
  210   355 
  359   571 
  885   366 
  292   614 
  340   647 
  749    64 
  704   593 
  592   904 
  577   431 
  348   282 
  532   494 
  454   576 
  102   340 
  216   112 
   51   973 
   89   868 
  846   196 
  967   735 
  537   807 
  657   357 
  392   222 
  341   160 
  211   852 
  829   484 
  723   271 
  760   889 
  440   307 
  407   859 
  707   681 
  322   863 
  126   660 
  313   732 
  272   532 
  993   641 
  568   117 
  638   171 
  115   672 
  965   939 
  585   640 
  921   248 
   30   136 
  233   950 
  605   288 
  867   827 
  888   484 
  632   807 
  455   948 
   64   458 
  625   478 
  529   535 
  410   731 
  914   781 
  497   355 
  430   147 
  299   239 
  389   878 
  124   658 
  861   999 
  206   849 
  395   102 
  903   625 
   68   226 
