80 1153 
1 41   611 
1 42   163 
2 42   887 
2 43   296 
3 43   699 
3 44   817 
4 44    82 
4 45   629 
5 45   997 
5 46   643 
6 46   683 
6 47   250 
7 47   411 
7 48   162 
8 48    98 
8 49   162 
9 49   688 
9 50   761 
10 50   940 
10 51    48 
11 51   352 
11 52   101 
12 52   761 
12 53   672 
13 53   497 
13 54   190 
14 54    58 
14 55   960 
15 55   347 
15 56   844 
16 56    29 
16 57   582 
17 57   928 
17 58   198 
18 58   803 
18 59   962 
19 59   288 
19 60   193 
20 60   818 
20 61   536 
21 61    83 
21 62   972 
22 62    78 
22 63    55 
23 63   732 
23 64   681 
24 64   204 
24 65   246 
25 65   287 
25 66   905 
26 66   980 
26 67   524 
27 67   134 
27 68   966 
28 68   991 
28 69   560 
29 69   439 
29 70   140 
30 70    77 
30 71   177 
31 71   448 
31 72   958 
32 72   891 
32 73   223 
33 73   197 
33 74   565 
34 74   592 
34 75   314 
35 75   885 
35 76   980 
36 76   550 
36 77   461 
37 77   642 
37 78   785 
38 78   552 
38 79   856 
39 79   167 
39 80   317 
40 80   622 
1 45   438 
1 48    80 
1 49   219 
1 51   149 
1 53   216 
1 54   352 
1 55   399 
1 57   251 
1 58   490 
1 59   248 
1 60   601 
1 61    23 
1 62   247 
1 63    12 
1 64   513 
1 65     8 
1 67   326 
1 69   277 
1 70   527 
1 71   328 
1 72   121 
1 75   295 
1 76   456 
1 78   109 
1 80   100 
2 44   370 
2 45   611 
2 48   201 
2 49   158 
2 50   380 
2 52   608 
2 53   543 
2 54   415 
2 55   320 
2 56   532 
2 57   135 
2 58   515 
2 59   686 
2 60   605 
2 61    15 
2 62    70 
2 64   192 
2 67    16 
2 68   593 
2 69   187 
2 70   361 
2 73     4 
2 74   105 
2 77   153 
2 78    37 
2 79   178 
3 42   181 
3 45   132 
3 46   197 
3 48   438 
3 53   253 
3 54   593 
3 55   420 
3 56   611 
3 57   429 
3 58   221 
3 59   584 
3 61   644 
3 62   338 
3 63   408 
3 64   633 
3 67   357 
3 68   388 
3 69   584 
3 70   649 
3 71   102 
3 72   166 
3 73     3 
3 75   261 
3 76   352 
4 42   461 
4 46   595 
4 47    96 
4 49   412 
4 51   257 
4 52   201 
4 53   314 
4 55   287 
4 56   591 
4 57   122 
4 59   689 
4 60   651 
4 61   181 
4 63    57 
4 64   140 
4 65   489 
4 66   375 
4 69   511 
4 70   627 
4 71   577 
4 72    28 
4 74    62 
4 75   648 
4 76   689 
4 77   367 
4 78   241 
4 79   354 
4 80   698 
5 41   232 
5 43   374 
5 44   507 
5 47   153 
5 48   228 
5 49    66 
5 51   144 
5 54   442 
5 57   689 
5 58   345 
5 61   109 
5 62    73 
5 64   235 
5 65    57 
5 66   140 
5 67   125 
5 69    60 
5 71   518 
5 72   616 
5 73   233 
5 74   576 
5 76   683 
5 78   647 
5 79   283 
5 80   483 
6 41   343 
6 43   252 
6 45   188 
6 48   166 
6 49   300 
6 50    76 
6 52   411 
6 54   585 
6 55   583 
6 56   622 
6 57   530 
6 59   696 
6 61   392 
6 62   246 
6 64   128 
6 66   643 
6 67   148 
6 68    48 
6 69    31 
6 70   660 
6 71   455 
6 72   133 
6 73    55 
6 74   235 
6 75    62 
6 76   506 
6 77   226 
6 78    86 
6 79    72 
6 80   366 
7 45   353 
7 46   522 
7 49   665 
7 50   398 
7 51    12 
7 52   387 
7 53   423 
7 54   107 
7 55   658 
7 57     1 
7 60   286 
7 61    52 
7 62   411 
7 63   100 
7 65   374 
7 66   340 
7 68   519 
7 69     1 
7 70   439 
7 71    81 
7 73   539 
7 75   674 
7 76   631 
7 78    60 
7 79   499 
7 80   216 
8 41    48 
8 42    69 
8 44    28 
8 45   414 
8 46   321 
8 50   287 
8 51   423 
8 52   227 
8 53   652 
8 54   387 
8 55   147 
8 56   400 
8 58   130 
8 59   162 
8 60     5 
8 62   563 
8 63   246 
8 64   469 
8 65   499 
8 66   180 
8 67   115 
8 68   644 
8 70   191 
8 71   407 
8 72   203 
8 73    36 
8 77    81 
8 78   650 
8 80   565 
9 43    25 
9 44   278 
9 45   461 
9 47   491 
9 48   509 
9 52   659 
9 53   195 
9 54   688 
9 55    83 
9 56   218 
9 57   513 
9 58   438 
9 60   663 
9 61   550 
9 62   686 
9 66   127 
9 67   232 
9 69   329 
9 70   461 
9 71    37 
9 72   640 
9 73   245 
9 74   405 
9 76   661 
10 43    97 
10 44   521 
10 45   291 
10 46   394 
10 47   416 
10 48   468 
10 53   344 
10 54   676 
10 55   305 
10 56   363 
10 57   515 
10 58   356 
10 61   101 
10 62   569 
10 63   600 
10 64    54 
10 65   155 
10 67    44 
10 68   261 
10 69   259 
10 72   296 
10 74   170 
10 75   336 
10 76   360 
10 77   557 
10 78   145 
10 79   380 
11 41   100 
11 42   351 
11 43   512 
11 45   230 
11 46   294 
11 47   369 
11 48   254 
11 50   363 
11 55   224 
11 57   615 
11 59   237 
11 60   456 
11 62   535 
11 63   371 
11 64   472 
11 65   428 
11 66    94 
11 67   260 
11 68   416 
11 69   494 
11 73   436 
11 74   464 
11 76   590 
11 77   514 
11 79   523 
11 80   311 
12 41   351 
12 43   576 
12 45   666 
12 49   203 
12 50   632 
12 51   311 
12 55   571 
12 56   152 
12 57   434 
12 58   495 
12 59   676 
12 60   591 
12 61   106 
12 62    10 
12 64   120 
12 66    78 
12 67   318 
12 68   491 
12 69   540 
12 70   244 
12 72   439 
12 73    66 
12 74    40 
12 75   522 
12 77   122 
12 79   186 
12 80   367 
13 41   369 
13 42   691 
13 43   507 
13 46   161 
13 47   108 
13 48    17 
13 50   480 
13 51   214 
13 52   301 
13 56   263 
13 58   209 
13 59   134 
13 60   432 
13 61   495 
13 62   311 
13 63   586 
13 65   445 
13 66   698 
13 67   449 
13 68   115 
13 71    61 
13 72   163 
13 74   636 
13 75   699 
13 77     7 
13 78   612 
13 79   674 
13 80   208 
14 42   389 
14 43   586 
14 44   172 
14 45   229 
14 46   336 
14 47   352 
14 49   442 
14 50   141 
14 51   152 
14 52   174 
14 53   172 
14 56    34 
14 57   565 
14 58   685 
14 59     1 
14 60   534 
14 65   452 
14 66    88 
14 67   547 
14 68   260 
14 69   291 
14 70   439 
14 72   582 
14 73   547 
14 75   220 
14 76   673 
14 77   403 
14 78   115 
14 79   490 
14 80   592 
15 42   610 
15 43   344 
15 44   585 
15 45   180 
15 47   279 
15 48   692 
15 49    92 
15 50   183 
15 51   501 
15 53   277 
15 54   269 
15 57   202 
15 58   449 
15 61   365 
15 62   134 
15 64   519 
15 65   175 
15 66    31 
15 67   506 
15 68   125 
15 70   301 
15 72   286 
15 73   443 
15 74   551 
15 75   526 
15 76   642 
15 78   305 
15 80   331 
16 44   261 
16 45   279 
16 47   131 
16 48   436 
16 51   102 
16 53    31 
16 55   562 
16 58   465 
16 59   475 
16 60   253 
16 61   255 
16 62   633 
16 63     7 
16 65    71 
16 66   370 
16 67   551 
16 68   621 
16 69   264 
16 70   413 
16 71   642 
16 72   104 
16 73   101 
16 75   358 
16 77   531 
16 78    29 
16 79   476 
16 80   223 
17 41   350 
17 42   188 
17 43   479 
17 44   119 
17 45   442 
17 46   611 
17 47   538 
17 48   661 
17 49   539 
17 50   526 
17 51   652 
17 52   643 
17 53   571 
17 54   534 
17 55   302 
17 56   401 
17 62   354 
17 63   647 
17 64   281 
17 65   383 
17 69   374 
17 70   283 
17 72   609 
17 73   533 
17 75   297 
17 76   424 
17 77   315 
17 79   334 
17 80   645 
18 41   380 
18 42   368 
18 43   543 
18 44   684 
18 45   261 
18 47   491 
18 48   546 
18 50   212 
18 52   327 
18 53   684 
18 54   286 
18 56     2 
18 57   369 
18 60   326 
18 61   241 
18 63   101 
18 65   266 
18 67   658 
18 68   305 
18 69   329 
18 70   255 
18 74    57 
18 75   695 
18 78   292 
18 80   150 
19 42   153 
19 44   276 
19 45   404 
19 46   625 
19 47   399 
19 49   429 
19 50   417 
19 51   557 
19 52   263 
19 53   303 
19 54   405 
19 56   149 
19 57   329 
19 58    20 
19 63   333 
19 64   530 
19 65   230 
19 67   498 
19 69   454 
19 72   677 
19 73   698 
19 74   110 
19 75   167 
19 77    61 
19 78   590 
19 80   606 
20 41   336 
20 43   293 
20 44   603 
20 45   313 
20 48    46 
20 49   666 
20 52   224 
20 53   532 
20 55   339 
20 57   165 
20 59   581 
20 62   305 
20 65   628 
20 66   304 
20 67   140 
20 68   471 
20 69   667 
20 70    82 
20 71   254 
20 72   530 
20 73   403 
20 74   267 
20 75   151 
20 76   481 
20 77   351 
20 78    14 
21 41   304 
21 42   654 
21 43   363 
21 44   372 
21 45   330 
21 46    66 
21 47   274 
21 48   396 
21 49    43 
21 51   320 
21 53    36 
21 54   359 
21 55   598 
21 56   388 
21 57    32 
21 59   306 
21 60   574 
21 63   696 
21 64   407 
21 65   612 
21 66   559 
21 68    23 
21 69   279 
21 70   425 
21 71   568 
21 72   655 
21 73   438 
21 74   258 
21 75    85 
21 76   149 
21 77   277 
21 78   470 
21 79   318 
22 41   234 
22 44   485 
22 46   122 
22 47   457 
22 48   363 
22 49   682 
22 51    57 
22 52   587 
22 54   695 
22 55   163 
22 57   199 
22 58   531 
22 59   393 
22 60    41 
22 61   387 
22 64   204 
22 65    68 
22 66   381 
22 69   359 
22 72   336 
22 73    22 
22 75   146 
22 76   697 
22 77   552 
22 78   362 
22 79    90 
22 80   266 
23 41   417 
23 42   593 
23 43   281 
23 44    60 
23 45   683 
23 46   695 
23 50   464 
23 51    65 
23 52   673 
23 53   386 
23 55   301 
23 56   542 
23 59   517 
23 60   137 
23 61   349 
23 65   261 
23 66   677 
23 67   236 
23 69   550 
23 72   267 
23 74   389 
23 75   102 
23 77   128 
23 78   230 
23 79   615 
23 80   540 
24 42   398 
24 43   606 
24 44   223 
24 45   544 
24 46    90 
24 47   291 
24 48    36 
24 49   206 
24 50   665 
24 52   435 
24 55   654 
24 56   309 
24 57   454 
24 58   501 
24 59   510 
24 61   203 
24 62   266 
24 63   330 
24 66     2 
24 67   105 
24 68   273 
24 69   203 
24 70    79 
24 73    51 
24 74   570 
24 78    62 
24 80   668 
25 41   152 
25 42   162 
25 43   539 
25 47    38 
25 48   493 
25 49   551 
25 50   522 
25 51   510 
25 52   290 
25 55   110 
25 56   272 
25 57   177 
25 58    98 
25 59   653 
25 60   413 
25 61   317 
25 62    93 
25 63   225 
25 64    38 
25 67    67 
25 69   553 
25 70   607 
25 72   575 
25 74   651 
25 76   352 
25 78   109 
25 79   182 
25 80   545 
26 41   327 
26 42    36 
26 43    46 
26 44   627 
26 46   181 
26 48   508 
26 49   406 
26 50   389 
26 51   222 
26 52   628 
26 53   462 
26 54   188 
26 55    10 
26 56   138 
26 57   371 
26 58   689 
26 59   262 
26 60   493 
26 61   237 
26 63    65 
26 65   277 
26 68   244 
26 70   418 
26 73   436 
26 74   690 
26 75    95 
26 76    55 
26 77   429 
26 78   549 
26 80   331 
27 42    60 
27 43   277 
27 45    64 
27 46   129 
27 47   134 
27 48   214 
27 51   314 
27 53   446 
27 54   601 
27 55   301 
27 57   622 
27 58    44 
27 61   327 
27 62     8 
27 63   676 
27 64   627 
27 66   456 
27 70   379 
27 72   630 
27 73   259 
27 74   218 
27 75   333 
27 76   462 
27 77   122 
27 78     5 
28 41   181 
28 42    54 
28 44   463 
28 45   230 
28 49   365 
28 50   430 
28 51   112 
28 52   280 
28 55    48 
28 56   190 
28 58   128 
28 60   651 
28 62   270 
28 63   692 
28 64   115 
28 66   376 
28 70   595 
28 71   378 
28 74   213 
28 75   355 
28 77   691 
28 79   510 
28 80   155 
29 41   402 
29 43    59 
29 47    85 
29 49     6 
29 51   460 
29 53   433 
29 56   167 
29 57   650 
29 58   179 
29 59   266 
29 60   294 
29 61   296 
29 63   388 
29 65   140 
29 66   608 
29 71   316 
29 74   133 
29 75   667 
29 76   607 
29 77   279 
29 79   326 
29 80   550 
30 41    29 
30 42    70 
30 44   430 
30 47   262 
30 48   504 
30 50   171 
30 51   455 
30 53   660 
30 54   345 
30 56    35 
30 57   130 
30 59   255 
30 60   543 
30 61    47 
30 62   391 
30 64   509 
30 65    67 
30 66   298 
30 67   599 
30 68   378 
30 69   292 
30 72    39 
30 73   135 
30 74   327 
30 78    67 
30 79   687 
30 80   535 
31 43   350 
31 45   540 
31 46   692 
31 47   552 
31 48   258 
31 49   248 
31 50   633 
31 51   378 
31 52   376 
31 53   335 
31 54   690 
31 55   304 
31 59   424 
31 60   668 
31 62   614 
31 64   312 
31 65   216 
31 66   328 
31 68   247 
31 70   163 
31 74   322 
31 75   459 
31 76   631 
31 77   387 
31 78   136 
31 79   374 
31 80    58 
32 42   441 
32 43   225 
32 44    12 
32 46   664 
32 48   598 
32 49    30 
32 51   429 
32 53   402 
32 54   555 
32 55   366 
32 56    42 
32 57    85 
32 63   153 
32 64   450 
32 65   431 
32 66   319 
32 67    16 
32 68    12 
32 69   556 
32 70   577 
32 71   479 
32 74   684 
32 75   597 
32 77    14 
32 79   161 
33 41   223 
33 42   365 
33 44   157 
33 47   149 
33 48    85 
33 51    85 
33 52   215 
33 53   177 
33 54   342 
33 55   656 
33 57    19 
33 58    20 
33 59    28 
33 60   561 
33 62   133 
33 63   429 
33 64    12 
33 65   319 
33 66   316 
33 67   661 
33 69   299 
33 70   150 
33 71   576 
33 72   118 
33 75   160 
33 76   642 
33 78   331 
33 79    98 
33 80   213 
34 41   623 
34 43   271 
34 45   270 
34 46   525 
34 48    55 
34 49   524 
34 50   472 
34 51   287 
34 54   325 
34 55   538 
34 56   563 
34 57    40 
34 59   268 
34 60   236 
34 62   576 
34 65   276 
34 66   389 
34 67   643 
34 69   211 
34 70   214 
34 71   415 
34 73    24 
34 78   655 
34 79    60 
34 80   463 
35 41     1 
35 43   532 
35 44    82 
35 45   102 
35 46   448 
35 47   227 
35 48   558 
35 49   334 
35 50   266 
35 51   119 
35 52   505 
35 53   412 
35 56   618 
35 57   520 
35 58   181 
35 60   437 
35 62   113 
35 63   442 
35 64   543 
35 65   611 
35 66   595 
35 67    62 
35 68   600 
35 69   652 
35 71   103 
35 72   668 
35 73   301 
35 77    99 
35 78   152 
35 79   180 
35 80   223 
36 41   343 
36 42   581 
36 43   381 
36 45    73 
36 46   178 
36 53   699 
36 55    21 
36 56   408 
36 57   280 
36 58    49 
36 59   315 
36 60   165 
36 61    31 
36 62    84 
36 63    23 
36 64   658 
36 65   587 
36 66   576 
36 68   694 
36 69   417 
36 73   282 
36 74   273 
36 75   238 
36 78   313 
36 80   198 
37 42    59 
37 46    63 
37 47   145 
37 48   194 
37 49   113 
37 50   425 
37 51   168 
37 52   447 
37 55   455 
37 56   144 
37 57   609 
37 58   261 
37 59   343 
37 60    10 
37 62   628 
37 63   120 
37 64   156 
37 65   188 
37 67   510 
37 68   448 
37 69   408 
37 70   649 
37 71   143 
37 72   220 
37 73    24 
37 74   166 
37 75   293 
37 76   148 
37 80   277 
38 42   586 
38 43   551 
38 44    68 
38 45    30 
38 46   496 
38 48   184 
38 49   672 
38 50    58 
38 51   681 
38 52   620 
38 53   589 
38 54   629 
38 55    72 
38 56   463 
38 57   164 
38 58   184 
38 59   515 
38 61   429 
38 62    93 
38 65    87 
38 66   198 
38 68   134 
38 69   572 
38 70   469 
38 71   603 
38 72   659 
38 73   332 
38 76    64 
38 77   395 
39 41   489 
39 42   297 
39 43   652 
39 44   194 
39 45   456 
39 48   632 
39 49   201 
39 52   278 
39 55    46 
39 56   358 
39 57    31 
39 60     1 
39 61   634 
39 62   535 
39 63   125 
39 64   239 
39 65   517 
39 66   230 
39 67   398 
39 68   278 
39 69   571 
39 71   685 
39 72   651 
39 73   144 
39 74    18 
39 77   461 
39 78   272 
40 41   512 
40 44   387 
40 46   471 
40 51   481 
40 53   121 
40 56    55 
40 58    67 
40 60   156 
40 61    35 
40 63   563 
40 64   112 
40 66   193 
40 67   132 
40 68   634 
40 69   294 
40 70   216 
40 71    74 
40 72   364 
40 74   429 
40 76   228 
40 77   564 
40 78   425 
40 79   419 
0 
0 
0 
0 
0 
0 
0 
0 
0 
0 
0 
0 
0 
0 
0 
0 
0 
0 
0 
0 
0 
0 
0 
0 
0 
0 
0 
0 
0 
0 
0 
0 
0 
0 
0 
0 
0 
0 
0 
0 
0 
0 
0 
0 
0 
0 
0 
0 
0 
0 
0 
0 
0 
0 
0 
0 
0 
0 
0 
0 
0 
0 
0 
0 
0 
0 
0 
0 
0 
0 
0 
0 
0 
0 
0 
0 
0 
0 
0 
0 
  517   389 
  625    79 
  125   552 
  881   998 
  684   826 
  178   980 
  618    11 
  858   560 
  334   339 
  424   768 
  161    10 
  656   697 
  528   305 
  945   114 
  971     3 
  154   663 
   87   280 
  889   174 
  782   711 
  543    93 
  970   268 
   54   548 
  784   594 
  179   785 
  463   969 
  611   169 
    0   340 
  671   419 
  313    57 
  445   758 
  429   790 
  294   449 
  493   344 
  709   116 
  786   700 
   74   260 
  969   994 
  710   609 
  609    80 
  108   772 
  350   830 
   49   190 
  915   768 
  539   468 
  906    55 
  226   324 
  411   186 
  914   601 
  329   886 
  769   738 
  599   589 
  841   895 
  539   715 
  164   668 
  308   361 
  415    20 
  406   805 
  784   431 
  892   157 
  815   107 
   22   559 
  490   234 
  130   786 
   18   148 
  757   944 
  461   488 
  353    51 
  495   882 
  797   157 
  650   915 
   94   733 
  265    69 
  592   876 
  613   998 
  216   476 
  102    59 
  827   131 
  464   601 
  912   445 
  485   518 
80 2216 
1 2   640 
2 3   609 
3 4   220 
4 5   216 
5 6   953 
6 7   184 
7 8   369 
8 9    73 
9 10   828 
10 11   776 
11 12   395 
12 13   213 
13 14   535 
14 15   106 
15 16   287 
16 17   840 
17 18   123 
18 19   446 
19 20    18 
20 21   782 
21 22   381 
22 23   201 
23 24     0 
24 25   399 
25 26   642 
26 27   317 
27 28   437 
28 29    15 
29 30   803 
30 31   908 
31 32   956 
32 33   189 
33 34   291 
34 35    93 
35 36   746 
36 37   648 
37 38   667 
38 39   106 
39 40   187 
40 41    86 
41 42   323 
42 43    83 
43 44    86 
44 45   550 
45 46   292 
46 47   540 
47 48   254 
48 49   845 
49 50   265 
50 51   397 
51 52   108 
52 53   432 
53 54   686 
54 55   932 
55 56   770 
56 57   841 
57 58   446 
58 59   589 
59 60   863 
60 61   885 
61 62   678 
62 63   348 
63 64   585 
64 65   564 
65 66   562 
66 67   394 
67 68   652 
68 69   813 
69 70   377 
70 71   976 
71 72   177 
72 73   887 
73 74    50 
74 75    21 
75 76   322 
76 77   585 
77 78   752 
78 79    49 
79 80   276 
1 3   375 
1 6   339 
1 7   100 
1 9   584 
1 11   466 
1 14    89 
1 15   504 
1 16   815 
1 18   792 
1 19   809 
1 21   348 
1 22   855 
1 23   261 
1 24   869 
1 26   138 
1 29   919 
1 32   788 
1 34   384 
1 36   713 
1 37   565 
1 38   783 
1 41   441 
1 44   387 
1 45   743 
1 46   698 
1 47   836 
1 48   996 
1 49   481 
1 50   351 
1 51   923 
1 52   544 
1 53   216 
1 54   163 
1 56    95 
1 57   590 
1 59   718 
1 61   828 
1 63   850 
1 65   566 
1 66   577 
1 68   331 
1 69   396 
1 70    29 
1 73    71 
1 75   113 
1 76   244 
1 77   728 
1 78   179 
1 79   611 
1 80   785 
2 4   573 
2 6   571 
2 7   684 
2 9   872 
2 10   331 
2 11   111 
2 12   694 
2 14   956 
2 15    68 
2 16   851 
2 17   430 
2 18   268 
2 19   566 
2 21   374 
2 22   335 
2 23   700 
2 24   478 
2 25   382 
2 27   303 
2 29   873 
2 30   507 
2 31   578 
2 34   497 
2 37   523 
2 38   490 
2 39    77 
2 41   711 
2 42   774 
2 43   146 
2 45   953 
2 46   632 
2 47    41 
2 48   436 
2 49   979 
2 51   796 
2 54   113 
2 55   763 
2 56   484 
2 57   937 
2 58   556 
2 60   888 
2 61   784 
2 62   379 
2 63   113 
2 64   101 
2 65   925 
2 66   579 
2 68   410 
2 69   335 
2 70   627 
2 71   484 
2 74   708 
2 76   526 
2 77   283 
2 78   290 
2 80   388 
3 5   876 
3 6   403 
3 8   516 
3 11   851 
3 12   970 
3 13   928 
3 14   579 
3 15   959 
3 16   685 
3 20   500 
3 21   375 
3 24   614 
3 26    38 
3 27   673 
3 28   587 
3 29   483 
3 30   224 
3 32   195 
3 33   317 
3 34   119 
3 35    56 
3 38   274 
3 39    26 
3 41   772 
3 42   773 
3 43   591 
3 45   443 
3 46   329 
3 47   766 
3 48    54 
3 50   606 
3 51    82 
3 53   983 
3 54   632 
3 56    96 
3 57   848 
3 58   110 
3 59   877 
3 64   356 
3 66   329 
3 67   968 
3 69   336 
3 70    67 
3 71    67 
3 73    94 
3 74   498 
3 76   357 
3 77   975 
3 78   934 
3 80    42 
4 6   179 
4 7    17 
4 9    98 
4 10   471 
4 11   430 
4 13   778 
4 14    14 
4 15   869 
4 17   473 
4 19   385 
4 20   440 
4 21   452 
4 22   983 
4 23   840 
4 24   677 
4 25   209 
4 26   255 
4 27   780 
4 28   114 
4 30   173 
4 32   817 
4 33   478 
4 34   447 
4 35   148 
4 36   875 
4 39    84 
4 40   716 
4 42   367 
4 52   476 
4 53   147 
4 54   920 
4 55   173 
4 56   717 
4 58   745 
4 59   160 
4 60   229 
4 61   397 
4 62   193 
4 63   163 
4 64   800 
4 65   208 
4 68   223 
4 69   275 
4 70   865 
4 71   815 
4 72   869 
4 74   713 
4 75   255 
4 76   908 
5 7    71 
5 8   169 
5 12   497 
5 14   782 
5 15   946 
5 17    21 
5 18   698 
5 20   847 
5 22   205 
5 23   458 
5 24   585 
5 27   496 
5 28   400 
5 29   160 
5 31   940 
5 32   178 
5 33   674 
5 37   963 
5 38   528 
5 39   536 
5 40   477 
5 42   865 
5 44   353 
5 45   775 
5 46   659 
5 50   281 
5 51   326 
5 52   825 
5 53    50 
5 55   570 
5 56   332 
5 58    86 
5 59   424 
5 61   626 
5 62   372 
5 63   959 
5 65   538 
5 66   199 
5 70   808 
5 72   716 
5 73   451 
5 74   422 
5 75   214 
5 76   550 
5 77   132 
5 79   362 
5 80   574 
6 8    43 
6 10   801 
6 12   755 
6 13   628 
6 15    38 
6 16   473 
6 17   529 
6 18   766 
6 19   164 
6 20   767 
6 22   393 
6 23   503 
6 24   126 
6 25   104 
6 26   407 
6 28   926 
6 30   394 
6 32   558 
6 33   877 
6 34   417 
6 35   150 
6 36   430 
6 37    54 
6 38    72 
6 39   147 
6 40   836 
6 41   947 
6 42   882 
6 43   706 
6 45   207 
6 46   149 
6 47   110 
6 49   317 
6 50   227 
6 52    72 
6 58   317 
6 59    35 
6 60   560 
6 63   143 
6 64   167 
6 65   800 
6 67   737 
6 69   601 
6 70   197 
6 71   492 
6 72   533 
6 73    16 
6 74   146 
6 75   799 
6 77   231 
7 9   532 
7 10    20 
7 11   562 
7 12   792 
7 13   440 
7 14   594 
7 15   602 
7 18   437 
7 20   715 
7 21   115 
7 23   219 
7 25   694 
7 26   669 
7 29   161 
7 30   886 
7 31   313 
7 32   206 
7 33   154 
7 34   367 
7 35   822 
7 36   548 
7 37   661 
7 39   830 
7 40    72 
7 41   605 
7 42   197 
7 43   510 
7 44   242 
7 45   666 
7 46   848 
7 48   655 
7 49   966 
7 50   924 
7 52   203 
7 53   157 
7 56   380 
7 57   926 
7 59   828 
7 60   255 
7 61   104 
7 63   175 
7 64    37 
7 65   310 
7 66   613 
7 67   244 
7 68   999 
7 69   257 
7 70   835 
7 71   898 
7 72   884 
7 74   287 
7 77    57 
7 78   500 
7 79    78 
7 80   179 
8 10   752 
8 11   530 
8 12    40 
8 13   950 
8 15   154 
8 17   464 
8 18   457 
8 19   425 
8 21   164 
8 22   633 
8 24   209 
8 25   562 
8 27   761 
8 28   222 
8 29   628 
8 30    17 
8 32   314 
8 33   217 
8 34   123 
8 35   862 
8 36   416 
8 37   178 
8 38   185 
8 39   336 
8 41   786 
8 42   135 
8 45   498 
8 48   706 
8 49   462 
8 50   645 
8 55   957 
8 56     7 
8 57   431 
8 59    35 
8 60   934 
8 62     5 
8 63   219 
8 65   197 
8 66   209 
8 67   470 
8 70   353 
8 71   552 
8 72   941 
8 73   454 
8 76   123 
8 77   202 
8 78   257 
8 79    90 
9 12   588 
9 13   548 
9 15   296 
9 16   415 
9 17   643 
9 20   902 
9 21   174 
9 22   314 
9 24   750 
9 26   423 
9 27   847 
9 30   399 
9 31   142 
9 32   104 
9 34   781 
9 36   282 
9 37   292 
9 41   557 
9 42   305 
9 46   895 
9 48   583 
9 49   813 
9 51   762 
9 53   808 
9 54   560 
9 55   295 
9 56   803 
9 60   455 
9 62    37 
9 64   453 
9 65   420 
9 66    42 
9 68   292 
9 69   272 
9 70   165 
9 71   551 
9 72   971 
9 73    43 
9 74   407 
9 78   275 
9 80   109 
10 13   596 
10 15   435 
10 18    79 
10 21   628 
10 23   559 
10 24   902 
10 25   563 
10 27   732 
10 28   490 
10 29   143 
10 30   148 
10 31   282 
10 32   420 
10 33   256 
10 34   880 
10 37   235 
10 38   122 
10 41   644 
10 42   248 
10 43   130 
10 44    66 
10 45   825 
10 46   670 
10 47   680 
10 48   863 
10 49   414 
10 52    80 
10 53    27 
10 55   678 
10 59   709 
10 60   178 
10 61   227 
10 62    57 
10 63   439 
10 64   180 
10 66   789 
10 67   225 
10 68   432 
10 69   350 
10 70   311 
10 72   913 
10 73   678 
10 75   650 
10 76   151 
10 77   508 
10 79   887 
11 13    69 
11 14   294 
11 15   759 
11 16   406 
11 18   594 
11 19   422 
11 22   266 
11 24   630 
11 25   647 
11 26   882 
11 27   736 
11 28   900 
11 29   457 
11 30   236 
11 31   742 
11 32    37 
11 33   131 
11 34   445 
11 36   685 
11 37   941 
11 38   364 
11 40    94 
11 41   495 
11 43   936 
11 44   804 
11 45   855 
11 46   383 
11 47   630 
11 49   267 
11 50   116 
11 51   705 
11 52   315 
11 53   235 
11 54   405 
11 55   105 
11 56   615 
11 57   725 
11 58   924 
11 59   492 
11 60   358 
11 61   635 
11 62   399 
11 65   269 
11 66   937 
11 68   165 
11 69   711 
11 70   394 
11 71   283 
11 72    98 
11 73   113 
11 74   898 
11 75   621 
11 77   659 
11 79   351 
12 15   772 
12 16   311 
12 17   398 
12 18   522 
12 19   775 
12 20   385 
12 22   714 
12 23   128 
12 24   622 
12 25   832 
12 28   769 
12 29    26 
12 33   937 
12 34   424 
12 35    91 
12 36   247 
12 37   923 
12 40   924 
12 41    26 
12 42   429 
12 44   459 
12 45   507 
12 50   267 
12 51   419 
12 52   311 
12 53   984 
12 54   252 
12 55   967 
12 56   754 
12 57   457 
12 59   752 
12 60   856 
12 62   691 
12 63   475 
12 65   348 
12 66    79 
12 69   956 
12 70   732 
12 71   553 
12 72   820 
12 74   566 
12 76   826 
12 77   296 
12 78    70 
12 79    11 
12 80   170 
13 15   110 
13 16   842 
13 17   288 
13 18     8 
13 19   149 
13 20   591 
13 21   988 
13 22   316 
13 23   596 
13 26   599 
13 27    94 
13 28   416 
13 30   362 
13 31   343 
13 32   253 
13 33   324 
13 34    98 
13 36   531 
13 37   471 
13 38   142 
13 40   255 
13 42   525 
13 43   304 
13 44   656 
13 45   789 
13 46   754 
13 47   632 
13 48   517 
13 49   789 
13 50   474 
13 51   797 
13 52   277 
13 53   441 
13 55   958 
13 58   935 
13 59   782 
13 60   283 
13 61   653 
13 62   783 
13 63   506 
13 64   829 
13 65   801 
13 66   606 
13 69   534 
13 71   535 
13 74   498 
13 75    51 
13 76   894 
13 78   329 
13 79   754 
13 80    38 
14 16   914 
14 17   194 
14 18   474 
14 19   337 
14 20   767 
14 21   661 
14 22   483 
14 24   961 
14 25   999 
14 26   450 
14 27   849 
14 30   439 
14 31   283 
14 33   806 
14 34   870 
14 35     7 
14 37   284 
14 38   170 
14 39    81 
14 40   499 
14 41   939 
14 43   771 
14 45   111 
14 46   417 
14 47   621 
14 48   262 
14 49   543 
14 50   734 
14 51   124 
14 52   714 
14 54   644 
14 55   434 
14 56   767 
14 59   658 
14 60   860 
14 62   318 
14 63   434 
14 64   637 
14 65   922 
14 66   366 
14 67   865 
14 68   763 
14 70   504 
14 71   927 
14 73   585 
14 74   162 
14 75    65 
14 77   111 
14 79   691 
15 17   633 
15 18   356 
15 19   818 
15 20   373 
15 22   360 
15 23   425 
15 24   280 
15 25   915 
15 26   674 
15 28   674 
15 29   692 
15 31   693 
15 32   237 
15 33   911 
15 34   562 
15 35   939 
15 36   530 
15 38   325 
15 39    36 
15 40   432 
15 41    82 
15 43   370 
15 45   480 
15 46    59 
15 47   586 
15 48   452 
15 51   903 
15 54   436 
15 57   382 
15 58   618 
15 59   194 
15 60   373 
15 61   868 
15 63   672 
15 67   384 
15 73   629 
15 74   852 
15 75   773 
15 78   953 
15 80   180 
16 18   852 
16 19    45 
16 21   159 
16 22   264 
16 23   859 
16 24   882 
16 25   534 
16 27   782 
16 28   968 
16 29   459 
16 32    20 
16 34   365 
16 35   539 
16 36   977 
16 37   725 
16 39   192 
16 40   883 
16 41   471 
16 42    27 
16 44   662 
16 45   520 
16 46   479 
16 48    72 
16 49   795 
16 50   375 
16 51   570 
16 52   330 
16 53   212 
16 55   301 
16 56   754 
16 58   611 
16 59   216 
16 60   737 
16 64   509 
16 65   564 
16 67    35 
16 68    80 
16 70   625 
16 72   861 
16 73   397 
16 74   284 
16 75   346 
16 76   995 
16 79   460 
17 21   728 
17 22   768 
17 23   457 
17 26   291 
17 28   466 
17 30   531 
17 31   963 
17 32   744 
17 33   852 
17 35   757 
17 37    95 
17 38   126 
17 39   665 
17 40   669 
17 42   306 
17 43    10 
17 45   969 
17 46   108 
17 47   339 
17 48   777 
17 49   533 
17 50   126 
17 51   541 
17 52   102 
17 55    14 
17 56   304 
17 57   527 
17 58    22 
17 59   944 
17 61   743 
17 62    12 
17 63   694 
17 65   288 
17 66   216 
17 67   154 
17 69   932 
17 70    75 
17 71   869 
17 72   682 
17 73   976 
17 75   991 
17 76   126 
17 77   670 
17 79   955 
17 80   888 
18 21   384 
18 22   627 
18 23   134 
18 24   636 
18 26   581 
18 27   577 
18 29   538 
18 30   160 
18 31   925 
18 34   872 
18 35   320 
18 37   562 
18 38   950 
18 39   492 
18 40    94 
18 41   905 
18 42   432 
18 44    72 
18 46   494 
18 48   218 
18 50   153 
18 51   738 
18 52   579 
18 53    48 
18 54   130 
18 56   105 
18 59    56 
18 60    57 
18 61   928 
18 62   300 
18 63   456 
18 65   658 
18 66   517 
18 67   491 
18 69    37 
18 70   759 
18 71   726 
18 72   186 
18 73   824 
18 74   874 
18 75    23 
18 76   761 
18 77   986 
18 78   522 
18 79   116 
18 80    56 
19 22   637 
19 23   621 
19 25   143 
19 26   736 
19 27   815 
19 28   689 
19 29   628 
19 30   620 
19 32   835 
19 33   787 
19 35   413 
19 36   759 
19 37   247 
19 40   469 
19 41   824 
19 43   401 
19 44   825 
19 45   412 
19 46    93 
19 47   851 
19 49   827 
19 50   649 
19 51   106 
19 52   112 
19 54   235 
19 56   446 
19 58   698 
19 60   389 
19 61    72 
19 65   235 
19 66   756 
19 67   501 
19 68   249 
19 70   322 
19 71    35 
19 73   154 
19 74   957 
19 76   745 
19 77   900 
19 78   516 
19 79   922 
19 80   957 
20 23   447 
20 24   956 
20 25   333 
20 26   686 
20 28   595 
20 29   916 
20 32   512 
20 34   713 
20 35   332 
20 37   190 
20 39   379 
20 42   182 
20 43   909 
20 44   469 
20 46    65 
20 47   309 
20 48   169 
20 49   196 
20 50   692 
20 51   941 
20 53   516 
20 56   836 
20 57   585 
20 58   234 
20 59   123 
20 60   460 
20 62   928 
20 65    44 
20 66   452 
20 68   932 
20 71   305 
20 72   797 
20 73   650 
20 75   414 
20 76   391 
20 77   942 
20 79   684 
20 80   324 
21 24   589 
21 25   753 
21 26   405 
21 27   125 
21 28   268 
21 29   708 
21 31   169 
21 34   846 
21 37   513 
21 38    19 
21 39   122 
21 40   432 
21 42   505 
21 43   704 
21 44   283 
21 46   856 
21 47   870 
21 49   812 
21 50    57 
21 52   355 
21 53   509 
21 54   289 
21 55   638 
21 56   666 
21 57   659 
21 58   227 
21 59     7 
21 61   673 
21 63   955 
21 64   583 
21 65   865 
21 66   612 
21 67   933 
21 68   413 
21 69   974 
21 70   413 
21 72   781 
21 73   140 
21 76   886 
21 77   808 
21 78   756 
21 79   268 
22 24   114 
22 25    60 
22 26   266 
22 27   508 
22 29   391 
22 30   733 
22 31   761 
22 36   420 
22 38   197 
22 39   853 
22 40   835 
22 41    40 
22 42    68 
22 44   311 
22 46   198 
22 47   228 
22 48   250 
22 51   773 
22 52   624 
22 53   769 
22 56   193 
22 57   187 
22 58   811 
22 60   529 
22 61   458 
22 62   839 
22 63   383 
22 67   376 
22 68   611 
22 69   764 
22 71   263 
22 72   960 
22 73   833 
22 74   386 
22 75   242 
22 76   169 
22 77   951 
22 78   942 
22 79   635 
22 80   458 
23 29   288 
23 30   897 
23 31   529 
23 32   218 
23 33   367 
23 34   561 
23 35   454 
23 36    45 
23 37   232 
23 38   958 
23 39   969 
23 42   943 
23 43   868 
23 44   864 
23 45   104 
23 46   440 
23 47   883 
23 48   252 
23 49   863 
23 50   844 
23 51   615 
23 52   529 
23 53   528 
23 54   937 
23 55   563 
23 56   887 
23 57   699 
23 58   711 
23 59   279 
23 60   230 
23 61   423 
23 63   733 
23 66   629 
23 67     5 
23 69    76 
23 70    86 
23 72   508 
23 76   937 
23 77   537 
23 78   169 
23 79   436 
24 29   745 
24 30   619 
24 31   864 
24 32   740 
24 33   864 
24 35   186 
24 36   414 
24 37   546 
24 38   266 
24 40   192 
24 41   641 
24 44   352 
24 45   271 
24 46   478 
24 47   613 
24 51   918 
24 53   520 
24 54   223 
24 55   456 
24 56   178 
24 57   734 
24 59   803 
24 61   249 
24 62   128 
24 63   600 
24 65   101 
24 66   527 
24 68   423 
24 70   976 
24 72   896 
24 75   708 
24 76   214 
24 78   431 
24 79   236 
24 80   924 
25 27   310 
25 30   900 
25 31   183 
25 32   421 
25 34    87 
25 35   745 
25 36   618 
25 37   966 
25 38   311 
25 39   843 
25 40   776 
25 41   697 
25 42   720 
25 44   296 
25 46   802 
25 47   313 
25 48   452 
25 49   751 
25 50   827 
25 51   752 
25 52   183 
25 54   950 
25 55    48 
25 56   987 
25 59   804 
25 60   721 
25 61   425 
25 62   157 
25 64   282 
25 67   797 
25 68   994 
25 69   842 
25 70   617 
25 71   480 
25 73   661 
25 74   369 
25 75   280 
25 77   325 
25 80   928 
26 28   242 
26 29   465 
26 31   873 
26 34   980 
26 35   466 
26 36   115 
26 37   913 
26 39   127 
26 40   268 
26 41   669 
26 42   364 
26 43   622 
26 44   892 
26 46   897 
26 48   180 
26 49   822 
26 50   532 
26 51   557 
26 52   835 
26 55   226 
26 57   775 
26 58   467 
26 60   842 
26 62   256 
26 63   914 
26 64   817 
26 65   335 
26 66   309 
26 67   383 
26 69    23 
26 71   689 
26 72   401 
26 74   136 
26 76   413 
26 78   454 
26 79   966 
26 80   110 
27 29   769 
27 30   424 
27 31   559 
27 32   949 
27 34   574 
27 36   857 
27 37    24 
27 39   112 
27 41   638 
27 42   807 
27 43    57 
27 45   428 
27 46   199 
27 47     4 
27 48    58 
27 49   810 
27 50   569 
27 53    65 
27 54    54 
27 55   179 
27 56   596 
27 57    44 
27 59   464 
27 61   993 
27 62    28 
27 63   560 
27 64   907 
27 65   532 
27 68   760 
27 70   878 
27 71    13 
27 72   264 
27 73   608 
27 74   952 
27 75   220 
27 77   779 
27 78   348 
27 79   101 
28 30   174 
28 31   908 
28 34   803 
28 35   554 
28 36   180 
28 37   456 
28 39   421 
28 40   111 
28 42   191 
28 43    50 
28 44    25 
28 45   269 
28 47   476 
28 48   926 
28 49   274 
28 50   359 
28 51   146 
28 52   212 
28 54   421 
28 55   964 
28 57   734 
28 61   650 
28 62   446 
28 63   973 
28 64   175 
28 65   423 
28 67    38 
28 68   409 
28 69    80 
28 70   434 
28 74   456 
28 75   951 
28 76    63 
28 77   258 
28 78    53 
29 32   779 
29 33   328 
29 34   605 
29 36   395 
29 37   318 
29 39   391 
29 40   158 
29 41   500 
29 42   553 
29 43   191 
29 44    29 
29 45    62 
29 46   903 
29 47   641 
29 53   110 
29 54   920 
29 55   566 
29 56   849 
29 57   663 
29 58   110 
29 59   139 
29 60   763 
29 63   823 
29 64   493 
29 65   936 
29 66   825 
29 68   333 
29 69   742 
29 70   944 
29 71    59 
29 72   664 
29 73   856 
29 74   576 
29 76   581 
29 77   751 
29 79   855 
29 80   673 
30 32   289 
30 33   513 
30 35   684 
30 36   256 
30 37   925 
30 38   968 
30 39   634 
30 40   718 
30 41   389 
30 42   864 
30 43   672 
30 44   361 
30 46    68 
30 47   470 
30 49    89 
30 52   452 
30 53   603 
30 54   755 
30 56   501 
30 57   242 
30 61     9 
30 62   537 
30 63    16 
30 64   845 
30 65   993 
30 66   795 
30 67   512 
30 68   153 
30 69   614 
30 70   363 
30 71   703 
30 72    54 
30 74   884 
30 76   360 
30 77   287 
30 78   938 
30 79   907 
30 80   139 
31 33   132 
31 34   672 
31 35   985 
31 36   132 
31 37   840 
31 39   380 
31 40   772 
31 42   795 
31 43   486 
31 46   671 
31 47   983 
31 48   235 
31 49    78 
31 52   259 
31 53   469 
31 54   909 
31 55   821 
31 56   647 
31 57   749 
31 58   881 
31 60   381 
31 61   412 
31 65   574 
31 66   380 
31 67   475 
31 68   810 
31 71   611 
31 74   185 
31 75   193 
31 76   817 
31 80   968 
32 34   357 
32 35   196 
32 37   173 
32 38   983 
32 40   370 
32 41   219 
32 42   378 
32 44    80 
32 46   488 
32 47    33 
32 49   626 
32 50   441 
32 51   302 
32 53   803 
32 54   764 
32 55   782 
32 57   725 
32 58   813 
32 60   454 
32 64   644 
32 65   847 
32 66   659 
32 67    33 
32 68   964 
32 70   822 
32 71   521 
32 73   364 
32 76    33 
32 79   765 
32 80   780 
33 35   324 
33 36   468 
33 37   251 
33 38   517 
33 40   213 
33 44   913 
33 45   639 
33 47   670 
33 49    12 
33 50   490 
33 51   403 
33 52   800 
33 53   400 
33 54   423 
33 55   915 
33 56   313 
33 57   558 
33 58     7 
33 59   938 
33 60     1 
33 61   215 
33 62   299 
33 63   702 
33 64   645 
33 65   699 
33 66   347 
33 67    60 
33 68   648 
33 70    51 
33 73   289 
33 76   595 
33 78    83 
33 80   292 
34 36   787 
34 37   172 
34 38    64 
34 39   920 
34 41   934 
34 42   242 
34 43   959 
34 45   434 
34 46   360 
34 47   237 
34 49   932 
34 50    52 
34 53   418 
34 54   857 
34 55   692 
34 57   984 
34 59    75 
34 60    60 
34 61   965 
34 64    87 
34 67    77 
34 68    82 
34 69   634 
34 70   916 
34 74    82 
34 75   310 
34 76   155 
34 77   220 
34 78   947 
34 79   964 
34 80   657 
35 38   439 
35 39   487 
35 40   236 
35 42   863 
35 45   869 
35 47   251 
35 48   876 
35 50   205 
35 51   479 
35 52   393 
35 53    99 
35 54   287 
35 55   172 
35 56   723 
35 57   772 
35 58   625 
35 59   657 
35 60    63 
35 63   975 
35 65   729 
35 67   988 
35 69   301 
35 70   951 
35 72   531 
35 73   809 
35 75   159 
35 77   928 
35 78   774 
35 79   660 
35 80   948 
36 39   452 
36 40    36 
36 41   549 
36 43   373 
36 45   821 
36 46   580 
36 48   498 
36 49   910 
36 53   324 
36 54   294 
36 55   821 
36 56    82 
36 58   193 
36 59   389 
36 63   783 
36 64   555 
36 65   359 
36 66   303 
36 68   564 
36 69   481 
36 71   241 
36 72    95 
36 73   780 
36 74   950 
36 75   376 
36 76   933 
36 77   715 
36 79    57 
36 80   717 
37 39   141 
37 42   858 
37 43   998 
37 44   404 
37 45   903 
37 46   819 
37 49   654 
37 52   743 
37 53   396 
37 59   131 
37 60   270 
37 61    81 
37 63   343 
37 64   873 
37 66   116 
37 67   989 
37 68   466 
37 69   998 
37 71   643 
37 72   696 
37 73   670 
37 74   212 
37 75   509 
37 76   131 
37 78    80 
37 79   282 
37 80    63 
38 43   574 
38 45   475 
38 48   554 
38 50   895 
38 51   742 
38 53   645 
38 54   593 
38 55   237 
38 56   887 
38 58   585 
38 59   867 
38 60   655 
38 62   899 
38 63   506 
38 65   744 
38 66   867 
38 67   663 
38 68   394 
38 69   579 
38 70   279 
38 71   156 
38 75    14 
38 76   407 
38 77   477 
38 78   150 
38 80   563 
39 41   104 
39 43   860 
39 45   607 
39 46   668 
39 48   641 
39 50   233 
39 53   999 
39 54   855 
39 55   542 
39 58   525 
39 59   299 
39 60   722 
39 61   893 
39 62   890 
39 63   479 
39 64   683 
39 65   803 
39 67   855 
39 68   275 
39 69   972 
39 71   292 
39 72   636 
39 73    51 
39 76   519 
39 77   621 
39 78   286 
39 79   867 
40 42   963 
40 43    21 
40 44    29 
40 45   386 
40 46   644 
40 47   651 
40 49   300 
40 51   844 
40 52   782 
40 53   406 
40 54   663 
40 55   506 
40 56   605 
40 57   633 
40 58   431 
40 59   715 
40 60   173 
40 62   125 
40 65   721 
40 66   107 
40 68   577 
40 69   102 
40 71   723 
40 73   861 
40 74   194 
40 75   830 
40 76   823 
40 77   905 
40 79   990 
41 43   476 
41 44   732 
41 45    43 
41 46   183 
41 47   690 
41 48   161 
41 50   514 
41 52   428 
41 53    32 
41 54    66 
41 55   884 
41 56   217 
41 57   864 
41 59   846 
41 62   474 
41 64   826 
41 65    74 
41 67    92 
41 68   672 
41 70   519 
41 71   713 
41 74    93 
41 75   521 
41 76   758 
41 77    95 
41 79   849 
42 44   658 
42 45   874 
42 47   864 
42 48   103 
42 49   877 
42 50    54 
42 51   474 
42 52   917 
42 53   342 
42 54   882 
42 55   643 
42 56   509 
42 57   819 
42 58     5 
42 59   762 
42 62   154 
42 63   358 
42 64   872 
42 65    88 
42 70   921 
42 71   864 
42 75   995 
42 77   457 
42 78   640 
42 79   225 
42 80   313 
43 45   260 
43 47   223 
43 49   549 
43 50   616 
43 52   524 
43 53   339 
43 54   774 
43 56   994 
43 57   123 
43 59   235 
43 61   155 
43 63   579 
43 65   398 
43 67   402 
43 69   352 
43 74   487 
43 75    22 
43 77   929 
43 78    86 
43 79   235 
43 80   263 
44 46   618 
44 47   370 
44 48   838 
44 49   842 
44 50    60 
44 53    15 
44 54    92 
44 56   458 
44 59   492 
44 60   911 
44 61   807 
44 62   303 
44 63   281 
44 64   333 
44 66   384 
44 67   411 
44 68   482 
44 69    25 
44 70   228 
44 71   793 
44 73   179 
44 78   149 
44 79   841 
44 80   768 
45 47   378 
45 48   570 
45 49   184 
45 50   492 
45 52   674 
45 54   299 
45 55   341 
45 57   350 
45 60   440 
45 62   501 
45 63   111 
45 65   588 
45 66   432 
45 67   724 
45 68   132 
45 74   172 
45 78   718 
46 48   730 
46 49   228 
46 51   410 
46 53   784 
46 54   877 
46 55   750 
46 56     7 
46 57   583 
46 58   425 
46 59   146 
46 61   748 
46 62   533 
46 63   905 
46 64   804 
46 65   670 
46 67   540 
46 69   726 
46 70    45 
46 72   267 
46 73   116 
46 74    59 
46 75    93 
46 78   536 
46 79   543 
47 49   679 
47 51   526 
47 53    72 
47 54   266 
47 57   574 
47 58   145 
47 59   114 
47 60   911 
47 63   760 
47 65   236 
47 66   743 
47 67   509 
47 68   457 
47 70   636 
47 71   814 
47 72   754 
47 73   937 
47 74   681 
47 76   524 
47 77   766 
47 78   940 
47 79   797 
48 53   927 
48 54   629 
48 55   886 
48 56   767 
48 57   802 
48 58   630 
48 59   393 
48 61   718 
48 62   523 
48 64   810 
48 65   744 
48 66   521 
48 67   780 
48 68   178 
48 70   357 
48 71   243 
48 73   458 
48 74   353 
48 75   988 
48 76    19 
48 77   498 
48 78    96 
48 79   329 
49 51   456 
49 52   129 
49 54   677 
49 57   683 
49 58   427 
49 60    68 
49 62   476 
49 63   102 
49 64   928 
49 65   610 
49 66   100 
49 68   571 
49 69   809 
49 70   346 
49 72   825 
49 73   447 
49 74   458 
49 75   629 
49 76   196 
49 77   295 
49 78    10 
49 79   178 
49 80   819 
50 52   750 
50 54   762 
50 55    31 
50 56    85 
50 57    97 
50 58   948 
50 59   640 
50 61   690 
50 62   650 
50 63   289 
50 66   915 
50 67   772 
50 68   840 
50 69   499 
50 70   270 
50 72   652 
50 74   286 
50 76   728 
50 77   739 
50 79   595 
50 80   816 
51 54   828 
51 55   423 
51 57   436 
51 59   655 
51 60   214 
51 63   173 
51 64   750 
51 65   820 
51 66   604 
51 69   718 
51 70   641 
51 71   497 
51 72   448 
51 74   345 
51 76   692 
51 77   571 
51 78    27 
51 79   143 
51 80   902 
52 54   636 
52 57    35 
52 58   857 
52 60   595 
52 61   741 
52 62   582 
52 64    24 
52 65   797 
52 66    13 
52 68   101 
52 69   122 
52 71   303 
52 72   899 
52 73   836 
52 75   588 
52 76   606 
52 77   175 
52 78   942 
52 79   522 
52 80   148 
53 55   550 
53 57   710 
53 58   658 
53 59   838 
53 60   914 
53 65   287 
53 68   885 
53 69   108 
53 71   335 
53 72   314 
53 73    59 
53 76   187 
53 78   870 
53 79   159 
54 56   289 
54 58   588 
54 59   789 
54 61   584 
54 62   283 
54 65   296 
54 66   435 
54 67   593 
54 68   272 
54 69   521 
54 70   802 
54 71   537 
54 72   450 
54 74   775 
54 75   599 
54 77   604 
54 78   151 
54 79   562 
54 80   771 
55 57   740 
55 58   822 
55 63   291 
55 65   205 
55 66    30 
55 67   825 
55 68   408 
55 69   444 
55 70   541 
55 71   110 
55 73   317 
55 74   430 
55 75   557 
55 77   824 
55 78   685 
55 80    56 
56 58     8 
56 59   789 
56 61    18 
56 63     3 
56 64   346 
56 65   441 
56 67   669 
56 68    20 
56 71    43 
56 72   427 
56 73   550 
56 74   889 
56 75   392 
56 78   276 
56 79    82 
56 80   702 
57 59   632 
57 61   468 
57 62   180 
57 63   179 
57 64   846 
57 66   721 
57 67   170 
57 68   247 
57 69   179 
57 70   244 
57 71   846 
57 75   119 
57 76   798 
57 77   643 
57 78   160 
57 79   782 
58 60   216 
58 61    24 
58 62    38 
58 63   954 
58 66   777 
58 69   437 
58 70   363 
58 71   738 
58 72   424 
58 73   882 
58 74    13 
58 76   963 
58 77   405 
58 78    41 
58 79   171 
58 80   749 
59 61   999 
59 63   437 
59 65   692 
59 66   827 
59 70   404 
59 74   549 
59 75   191 
59 76   411 
59 78   401 
59 79   501 
60 62    17 
60 64   403 
60 65   342 
60 66   699 
60 68   615 
60 69   355 
60 70   796 
60 72   322 
60 74   325 
60 75    45 
60 76    54 
60 77   234 
60 78   292 
60 79   101 
60 80   672 
61 63   853 
61 64   237 
61 65   175 
61 66   385 
61 67    25 
61 68   870 
61 69   226 
61 71   226 
61 72   901 
61 73   929 
61 74   721 
61 76   477 
61 77   124 
61 78   387 
61 79   374 
62 64   368 
62 67   715 
62 68   387 
62 70   529 
62 74   563 
62 75   141 
62 76   569 
62 77   270 
62 78   760 
62 79   989 
62 80   186 
63 65   234 
63 66   982 
63 67   974 
63 69   269 
63 71   323 
63 72   692 
63 73     5 
63 74   549 
63 75   947 
63 78   919 
63 79   957 
63 80   139 
64 66   628 
64 67   855 
64 68   490 
64 70   848 
64 71    31 
64 72    32 
64 73   793 
64 77   876 
64 78   540 
64 79   752 
64 80   670 
65 68   309 
65 69   157 
65 71   169 
65 73   414 
65 74   740 
65 76   186 
65 77   340 
65 78   952 
65 79   883 
65 80   242 
66 68   194 
66 71   154 
66 72   686 
66 73   219 
66 74   621 
66 75    40 
66 76   682 
66 77   398 
66 78   826 
66 79   398 
67 69   416 
67 70   163 
67 71   900 
67 72   463 
67 73     7 
67 74   985 
67 75    62 
67 76   993 
67 77    63 
67 78   377 
67 79   955 
67 80   651 
68 70   706 
68 71   952 
68 73   187 
68 74   114 
68 75   769 
68 76   420 
68 78   598 
69 71   616 
69 73   304 
69 74   724 
69 75   561 
69 76   532 
69 77   572 
69 78   779 
69 80   199 
70 72   161 
70 73   548 
70 74   465 
70 75   647 
70 76   738 
70 77   959 
70 78   126 
70 80   801 
71 75    90 
71 76   629 
71 77   262 
71 78   361 
71 79   238 
71 80   886 
72 75   428 
72 76   660 
73 76    47 
73 78   945 
73 79   107 
73 80   182 
74 76    37 
74 78   338 
74 79   433 
75 77   758 
75 79   488 
75 80   215 
76 79   457 
76 80    29 
77 79   436 
77 80   720 
78 80   470 
0 
0 
0 
0 
0 
0 
0 
0 
0 
0 
0 
0 
0 
0 
0 
0 
0 
0 
0 
0 
0 
0 
0 
0 
0 
0 
0 
0 
0 
0 
0 
0 
0 
0 
0 
0 
0 
0 
0 
0 
0 
0 
0 
0 
0 
0 
0 
0 
0 
0 
0 
0 
0 
0 
0 
0 
0 
0 
0 
0 
0 
0 
0 
0 
0 
0 
0 
0 
0 
0 
0 
0 
0 
0 
0 
0 
0 
0 
0 
0 
  654    79 
  458   355 
  827   374 
  358   337 
  192   456 
  579   723 
  763   249 
  772     5 
  646   457 
  814   394 
  396   575 
  943   403 
  765   805 
  603    17 
  919   551 
  590   772 
  820   416 
  466   787 
  902   286 
  350   964 
  543   480 
  141   725 
  824    22 
  587   777 
  422   214 
  707   785 
  804   977 
  105   904 
  374   973 
  345   642 
  960   751 
  270   605 
  926   581 
  269   102 
  852   550 
  331   911 
  150   367 
  263   644 
  436   561 
    2    86 
  592   204 
  116   731 
  699   346 
  721   347 
  968   187 
  546   585 
  408   404 
   58   398 
   71   640 
  503   252 
    7   880 
  339   505 
  267   165 
  322   680 
  419    85 
  838   978 
   97   311 
  741   810 
  600   235 
   14   791 
  774   489 
  654   706 
  540   910 
  512   265 
  398   611 
  450   722 
  498   868 
  677   489 
  143   244 
  635   613 
  451    43 
  998   537 
  570   798 
  158   645 
  645   680 
  262   889 
  331   725 
  923   186 
  870   650 
  937    72 
