50 152 
1 26   749 
1 27   574 
2 27   150 
2 28   605 
3 28   277 
3 29   253 
4 29   589 
4 30   711 
5 30   816 
5 31   649 
6 31   898 
6 32   752 
7 32   114 
7 33   236 
8 33    38 
8 34    48 
9 34   440 
9 35   171 
10 35   389 
10 36   389 
11 36   420 
11 37   975 
12 37   353 
12 38   617 
13 38   929 
13 39   918 
14 39   750 
14 40   883 
15 40   913 
15 41   920 
16 41   742 
16 42   239 
17 42   468 
17 43   768 
18 43    89 
18 44   833 
19 44   847 
19 45   853 
20 45   551 
20 46   805 
21 46   416 
21 47   335 
22 47   260 
22 48   886 
23 48   834 
23 49   299 
24 49   824 
24 50   363 
25 50   907 
1 28   135 
1 31    10 
1 33    90 
1 35    66 
1 37    50 
1 41   125 
2 26    86 
2 30   152 
2 33   131 
2 36   148 
2 40    73 
2 42    82 
2 44   166 
2 48   132 
2 49    92 
3 26   131 
3 27   145 
3 30   119 
3 32   135 
3 45   135 
3 47    11 
4 36     8 
5 26    62 
5 29    80 
5 46   129 
5 50     8 
6 30    78 
6 37   170 
7 27    53 
7 28   150 
7 39    28 
7 41    93 
7 45    33 
7 50    89 
8 28    76 
8 29   142 
8 44   147 
8 46    12 
9 26     8 
9 44    70 
9 49     5 
10 27    75 
10 34    27 
10 38   103 
10 41   145 
10 48   105 
11 28   145 
11 29     4 
11 44    17 
11 47    59 
11 48    51 
12 26    32 
12 36     5 
13 40     5 
13 42    97 
13 48   127 
14 34   129 
14 41    84 
14 42   129 
14 49     3 
15 35    99 
15 45    88 
15 48   149 
16 26    92 
16 32   108 
17 29    95 
17 39    58 
17 46   153 
17 49    17 
18 29    14 
19 28   159 
19 29   101 
19 34    56 
19 35    27 
19 42   156 
19 43    70 
20 28   168 
20 31    62 
20 36    43 
20 39   139 
20 40    94 
20 41    29 
20 48   142 
20 49    51 
21 29    83 
21 33   112 
21 35   142 
21 44   129 
21 49   107 
22 31     8 
22 37    16 
22 39    40 
23 32    89 
23 33    14 
23 34     8 
23 35    55 
23 43    27 
24 27    37 
24 35   129 
25 28    65 
25 35   171 
25 44    81 
25 49   109 
0 
0 
0 
0 
0 
0 
0 
0 
0 
0 
0 
0 
0 
0 
0 
0 
0 
0 
0 
0 
0 
0 
0 
0 
0 
0 
0 
0 
0 
0 
0 
0 
0 
0 
0 
0 
0 
0 
0 
0 
0 
0 
0 
0 
0 
0 
0 
0 
0 
0 
  227   301 
   15   103 
  816   940 
   17   597 
  234   108 
  956   997 
  365   838 
  999   861 
  413   184 
  636   430 
  481   463 
  874   226 
  111   110 
  980   955 
  451   766 
  771   575 
  603   641 
  689   983 
  761   511 
  526   615 
  875   566 
  863   323 
  305   935 
  375   857 
   23   101 
  345   909 
  919   799 
  929   965 
  174   903 
   41   393 
  151   696 
  759   124 
  662   245 
  548   112 
  200   543 
  825   885 
  325   650 
  921   356 
  863   338 
  374   675 
  721   451 
  394   513 
  313   471 
  769   664 
  982   935 
  948   717 
  611   490 
  515   733 
  776   856 
  948   397 
50 238 
1 2   765 
2 3   996 
3 4   648 
4 5   267 
5 6   815 
6 7   578 
7 8   293 
8 9   185 
9 10    10 
10 11   906 
11 12   207 
12 13   817 
13 14   515 
14 15   982 
15 16   885 
16 17   202 
17 18   478 
18 19   792 
19 20   647 
20 21   436 
21 22   197 
22 23   477 
23 24   431 
24 25   388 
25 26   279 
26 27   712 
27 28   615 
28 29   728 
29 30   745 
30 31   494 
31 32    18 
32 33   872 
33 34   974 
34 35   160 
35 36   238 
36 37   773 
37 38   853 
38 39   343 
39 40   512 
40 41   519 
41 42   820 
42 43   994 
43 44   462 
44 45   983 
45 46   222 
46 47   532 
47 48   263 
48 49   741 
49 50   880 
1 3   235 
1 18   330 
1 19   280 
1 21   849 
1 31   767 
1 33   397 
1 45    83 
1 50   936 
2 4    65 
2 6   813 
2 17   408 
2 19   666 
2 21   819 
2 24   376 
2 25   215 
2 34   198 
2 37   362 
2 41    70 
2 44   349 
3 9   918 
3 11    63 
3 15   455 
3 16   835 
3 19   797 
3 21   925 
3 29   996 
3 30   709 
3 46   649 
4 15   580 
4 25   369 
4 31   131 
4 33   495 
4 37   981 
5 13   138 
5 25   974 
5 41   658 
5 44   930 
5 45   519 
5 49   471 
6 10   471 
6 19   287 
6 26   836 
6 27   579 
6 40    20 
6 44   830 
6 50   784 
7 20   377 
7 22   638 
7 35    68 
7 48   506 
7 49   631 
8 10    23 
8 12   192 
8 15   877 
8 21   281 
8 22   492 
8 43   374 
9 27   414 
9 31   732 
9 34   197 
9 42   308 
9 45    85 
9 46   551 
9 47   109 
10 13   217 
10 15   643 
10 16   450 
10 20   913 
10 40   812 
10 48   519 
11 14   250 
11 18   644 
11 31   461 
11 34   124 
11 35   963 
11 40   409 
12 19   789 
12 29   250 
12 37   972 
12 40   798 
13 17   296 
13 19   166 
13 24   377 
13 28   345 
13 37   722 
13 38   123 
13 45   921 
14 16   102 
14 20   243 
14 21   890 
14 23    45 
14 25   559 
14 26   257 
14 34   677 
14 39   176 
14 42   879 
14 46   314 
14 50   770 
15 28   407 
15 41   877 
15 48   509 
15 49   328 
15 50   440 
16 28   744 
16 31   105 
16 39   509 
16 40    62 
16 43    66 
16 44   461 
17 32   549 
17 36   678 
18 24   451 
18 25   710 
18 30   348 
18 31   101 
18 34   409 
18 40   402 
18 41   500 
19 22   733 
19 24   131 
19 25   997 
19 26   920 
19 29    78 
19 33   480 
19 42   460 
20 24    63 
20 30   668 
20 35   152 
20 39   467 
20 45   316 
20 49   986 
21 30   760 
21 35   596 
21 36   410 
21 39   892 
22 25   724 
22 26   412 
22 28   417 
22 32   498 
22 38    13 
22 39   199 
22 44    48 
23 25   268 
23 26    28 
23 35   304 
23 36   528 
23 41   109 
23 44   429 
23 45   143 
23 47   870 
24 32   484 
24 34   425 
24 35   541 
24 44   869 
25 28   512 
25 30   654 
25 32   583 
25 33   296 
26 48   130 
26 49   497 
27 29   846 
27 36   413 
27 39   674 
28 34   587 
28 36   635 
28 39   613 
28 45   643 
28 50   304 
29 44   210 
29 47   797 
29 49   874 
30 41   832 
31 38   187 
32 39   462 
32 46   943 
32 48   282 
33 35   924 
34 46   403 
35 38   804 
35 42   731 
37 40   856 
37 42   581 
38 47   564 
39 43   184 
39 45   810 
39 50   628 
42 45   169 
43 49   835 
45 48   590 
0 
0 
0 
0 
0 
0 
0 
0 
0 
0 
0 
0 
0 
0 
0 
0 
0 
0 
0 
0 
0 
0 
0 
0 
0 
0 
0 
0 
0 
0 
0 
0 
0 
0 
0 
0 
0 
0 
0 
0 
0 
0 
0 
0 
0 
0 
0 
0 
0 
0 
  455    79 
  859   815 
  568   975 
  563   686 
  368   343 
  213   167 
   35   983 
   36   629 
  246     0 
  207   245 
   68   369 
   74   122 
  699   785 
   15   134 
  709   916 
  764   968 
  340   380 
  296    80 
  204   284 
  302   465 
  677    87 
  294   385 
  943   828 
  164   576 
  888   612 
  248    83 
  914   581 
  662   793 
  616   468 
  287   623 
  769   345 
  701   424 
  739   504 
  848   565 
  498   562 
   72   565 
  265   563 
  178   382 
  520   202 
  790   362 
   53   395 
  168   315 
  441   220 
  316   832 
  474   587 
  700   400 
  785   602 
  304   979 
  652   837 
  174   357 
