100 4950 
1 2   540 
2 3   576 
3 4   573 
4 5   788 
5 6   881 
6 7   424 
7 8   189 
8 9   296 
9 10    42 
10 11   775 
11 12   959 
12 13   336 
13 14   197 
14 15   709 
15 16   222 
16 17   711 
17 18   878 
18 19   435 
19 20   409 
20 21   407 
21 22   765 
22 23   529 
23 24   720 
24 25   887 
25 26   900 
26 27   406 
27 28   535 
28 29   915 
29 30   694 
30 31   321 
31 32   146 
32 33   454 
33 34   842 
34 35   662 
35 36   428 
36 37    38 
37 38   545 
38 39   122 
39 40   450 
40 41    97 
41 42   161 
42 43   260 
43 44   830 
44 45   470 
45 46   476 
46 47   934 
47 48   610 
48 49   568 
49 50   813 
50 51    78 
51 52   298 
52 53   890 
53 54   571 
54 55   782 
55 56   884 
56 57   910 
57 58     5 
58 59   223 
59 60   753 
60 61   437 
61 62   198 
62 63   270 
63 64   217 
64 65   761 
65 66   713 
66 67   625 
67 68   739 
68 69   688 
69 70    77 
70 71   742 
71 72   934 
72 73   274 
73 74     4 
74 75   198 
75 76   463 
76 77   257 
77 78   882 
78 79   264 
79 80   515 
80 81   570 
81 82   392 
82 83   865 
83 84   348 
84 85   821 
85 86   302 
86 87   341 
87 88   161 
88 89   534 
89 90   339 
90 91   151 
91 92   726 
92 93   227 
93 94   420 
94 95   561 
95 96   281 
96 97   836 
97 98   734 
98 99   232 
99 100    22 
1 3    53 
1 4   909 
1 5   202 
1 6   719 
1 7   297 
1 8   104 
1 9   390 
1 10   778 
1 11   591 
1 12   138 
1 13   825 
1 14   291 
1 15   296 
1 16   296 
1 17   116 
1 18   712 
1 19   167 
1 20   892 
1 21   976 
1 22   617 
1 23   713 
1 24   102 
1 25     9 
1 26   379 
1 27   345 
1 28   422 
1 29   979 
1 30   790 
1 31   224 
1 32   951 
1 33   189 
1 34   518 
1 35    12 
1 36   610 
1 37   783 
1 38   342 
1 39    73 
1 40   599 
1 41   594 
1 42   713 
1 43   169 
1 44    78 
1 45   746 
1 46   926 
1 47   280 
1 48    39 
1 49   502 
1 50   290 
1 51   949 
1 52   981 
1 53   229 
1 54   482 
1 55     4 
1 56   878 
1 57    59 
1 58   899 
1 59   275 
1 60    20 
1 61   399 
1 62   877 
1 63   115 
1 64   585 
1 65   627 
1 66   181 
1 67   565 
1 68   376 
1 69   954 
1 70   343 
1 71   932 
1 72   857 
1 73   556 
1 74    70 
1 75   720 
1 76   787 
1 77    14 
1 78    36 
1 79   963 
1 80   492 
1 81   708 
1 82    86 
1 83   837 
1 84   361 
1 85   925 
1 86    68 
1 87   908 
1 88   579 
1 89   784 
1 90   862 
1 91    18 
1 92   713 
1 93   974 
1 94   509 
1 95   903 
1 96    83 
1 97   165 
1 98   372 
1 99   408 
1 100   324 
2 4   810 
2 5   900 
2 6   928 
2 7   456 
2 8    18 
2 9   539 
2 10   911 
2 11    52 
2 12   749 
2 13   873 
2 14   577 
2 15   185 
2 16   148 
2 17   977 
2 18    31 
2 19   885 
2 20   384 
2 21   870 
2 22   446 
2 23   661 
2 24     4 
2 25   530 
2 26   916 
2 27   256 
2 28   724 
2 29   158 
2 30   999 
2 31   862 
2 32   943 
2 33   455 
2 34   807 
2 35   826 
2 36   495 
2 37   297 
2 38   253 
2 39   898 
2 40   531 
2 41   417 
2 42   967 
2 43   732 
2 44   239 
2 45   867 
2 46   890 
2 47     9 
2 48   763 
2 49   516 
2 50    26 
2 51   316 
2 52   184 
2 53   689 
2 54   414 
2 55   440 
2 56   162 
2 57   355 
2 58   466 
2 59   883 
2 60   527 
2 61   832 
2 62   241 
2 63   439 
2 64   778 
2 65   690 
2 66   232 
2 67   469 
2 68   996 
2 69   532 
2 70   609 
2 71   691 
2 72   950 
2 73   146 
2 74    49 
2 75   731 
2 76   368 
2 77   148 
2 78   190 
2 79   805 
2 80   666 
2 81   860 
2 82   520 
2 83   920 
2 84   277 
2 85   539 
2 86   195 
2 87   197 
2 88   909 
2 89   676 
2 90   731 
2 91   944 
2 92   173 
2 93   996 
2 94   803 
2 95   235 
2 96   725 
2 97   780 
2 98   686 
2 99     3 
2 100   224 
3 5   485 
3 6   568 
3 7   489 
3 8   807 
3 9   209 
3 10   858 
3 11   991 
3 12   980 
3 13   523 
3 14   207 
3 15   514 
3 16     2 
3 17   191 
3 18   743 
3 19   404 
3 20   232 
3 21   670 
3 22    12 
3 23   774 
3 24   996 
3 25   786 
3 26    66 
3 27    43 
3 28   858 
3 29   453 
3 30   225 
3 31   868 
3 32   936 
3 33   923 
3 34   979 
3 35   730 
3 36   748 
3 37   142 
3 38   287 
3 39   632 
3 40    24 
3 41   777 
3 42   980 
3 43   729 
3 44   792 
3 45   422 
3 46   646 
3 47   278 
3 48    13 
3 49   211 
3 50   592 
3 51   379 
3 52   213 
3 53   736 
3 54   407 
3 55   521 
3 56   908 
3 57   366 
3 58   162 
3 59   311 
3 60   276 
3 61    85 
3 62   660 
3 63   759 
3 64   905 
3 65   549 
3 66   119 
3 67    23 
3 68   260 
3 69   315 
3 70   127 
3 71   210 
3 72   763 
3 73   972 
3 74   996 
3 75   975 
3 76   236 
3 77   360 
3 78   129 
3 79   694 
3 80   145 
3 81    66 
3 82    18 
3 83   756 
3 84   208 
3 85   594 
3 86   618 
3 87   648 
3 88   317 
3 89   888 
3 90   552 
3 91   673 
3 92   809 
3 93   850 
3 94   504 
3 95   316 
3 96   762 
3 97   757 
3 98   530 
3 99   219 
3 100   951 
4 6   454 
4 7   503 
4 8   368 
4 9   308 
4 10   612 
4 11   783 
4 12   429 
4 13   736 
4 14   468 
4 15   473 
4 16   414 
4 17   990 
4 18   174 
4 19   526 
4 20   407 
4 21   405 
4 22   261 
4 23   666 
4 24   441 
4 25   444 
4 26   627 
4 27   356 
4 28   471 
4 29   196 
4 30   586 
4 31   159 
4 32   957 
4 33    43 
4 34   893 
4 35   933 
4 36   484 
4 37   546 
4 38   470 
4 39   229 
4 40    95 
4 41   738 
4 42   746 
4 43   451 
4 44   396 
4 45   695 
4 46   399 
4 47   321 
4 48   699 
4 49   735 
4 50   296 
4 51   894 
4 52   243 
4 53    54 
4 54   114 
4 55   595 
4 56   161 
4 57   527 
4 58   370 
4 59   288 
4 60   913 
4 61   853 
4 62   610 
4 63   541 
4 64   199 
4 65   275 
4 66    12 
4 67   470 
4 68   162 
4 69   459 
4 70   693 
4 71   335 
4 72   520 
4 73   617 
4 74   660 
4 75   853 
4 76   488 
4 77   327 
4 78    65 
4 79   332 
4 80   904 
4 81   812 
4 82   915 
4 83   116 
4 84   687 
4 85   313 
4 86   156 
4 87   369 
4 88   475 
4 89   476 
4 90   988 
4 91   484 
4 92   364 
4 93    91 
4 94   270 
4 95   445 
4 96   834 
4 97   137 
4 98   904 
4 99   910 
4 100    35 
5 7   231 
5 8   450 
5 9   296 
5 10   449 
5 11     2 
5 12    27 
5 13   414 
5 14   601 
5 15   234 
5 16   883 
5 17   689 
5 18   529 
5 19   623 
5 20    17 
5 21   152 
5 22   151 
5 23   610 
5 24   275 
5 25   879 
5 26   378 
5 27   355 
5 28    97 
5 29   573 
5 30   520 
5 31    69 
5 32   402 
5 33   991 
5 34   185 
5 35   453 
5 36   797 
5 37   862 
5 38    51 
5 39   401 
5 40   130 
5 41    36 
5 42   971 
5 43   127 
5 44   357 
5 45   455 
5 46   768 
5 47   630 
5 48   965 
5 49   974 
5 50   522 
5 51   660 
5 52   963 
5 53   400 
5 54   301 
5 55   400 
5 56   154 
5 57   294 
5 58   172 
5 59   491 
5 60   645 
5 61   523 
5 62   336 
5 63   167 
5 64   585 
5 65   133 
5 66   911 
5 67   572 
5 68   986 
5 69   423 
5 70   778 
5 71   685 
5 72   240 
5 73   448 
5 74   933 
5 75   822 
5 76   249 
5 77   721 
5 78    65 
5 79    28 
5 80   513 
5 81   904 
5 82   618 
5 83   503 
5 84   129 
5 85   457 
5 86   853 
5 87    91 
5 88   895 
5 89   508 
5 90   644 
5 91   448 
5 92    45 
5 93    27 
5 94   551 
5 95   270 
5 96   361 
5 97   772 
5 98   804 
5 99   641 
5 100   471 
6 8   926 
6 9    44 
6 10    47 
6 11    82 
6 12   299 
6 13   487 
6 14   634 
6 15   576 
6 16   983 
6 17    91 
6 18   614 
6 19    62 
6 20    70 
6 21   886 
6 22   896 
6 23   270 
6 24    31 
6 25   654 
6 26   217 
6 27   221 
6 28   722 
6 29   169 
6 30   120 
6 31   115 
6 32   273 
6 33   993 
6 34     8 
6 35   194 
6 36   692 
6 37    52 
6 38   555 
6 39   354 
6 40   336 
6 41   815 
6 42   546 
6 43   119 
6 44   122 
6 45   830 
6 46   453 
6 47   909 
6 48   192 
6 49   859 
6 50   187 
6 51    36 
6 52   456 
6 53   954 
6 54   841 
6 55   191 
6 56   696 
6 57   256 
6 58   691 
6 59   386 
6 60   262 
6 61   525 
6 62   453 
6 63   497 
6 64   533 
6 65   293 
6 66   608 
6 67   210 
6 68   967 
6 69   613 
6 70   947 
6 71   228 
6 72   610 
6 73   310 
6 74   756 
6 75   522 
6 76   780 
6 77   602 
6 78   107 
6 79   639 
6 80    96 
6 81   571 
6 82    36 
6 83   884 
6 84   833 
6 85    38 
6 86   766 
6 87   282 
6 88   248 
6 89   267 
6 90   944 
6 91    96 
6 92   889 
6 93   959 
6 94   450 
6 95   689 
6 96   566 
6 97   217 
6 98    26 
6 99   305 
6 100   499 
7 9   729 
7 10   891 
7 11   880 
7 12   115 
7 13   174 
7 14   449 
7 15   342 
7 16   470 
7 17   457 
7 18   936 
7 19   397 
7 20   628 
7 21   814 
7 22   552 
7 23    60 
7 24   825 
7 25   282 
7 26   890 
7 27   210 
7 28   438 
7 29   186 
7 30   690 
7 31    87 
7 32   909 
7 33   904 
7 34   663 
7 35   172 
7 36   791 
7 37   310 
7 38   823 
7 39    88 
7 40   631 
7 41   801 
7 42    75 
7 43   578 
7 44   760 
7 45   600 
7 46    68 
7 47   947 
7 48   755 
7 49   461 
7 50   516 
7 51   785 
7 52   588 
7 53    45 
7 54   801 
7 55   754 
7 56   659 
7 57   332 
7 58   116 
7 59   551 
7 60   744 
7 61   645 
7 62   798 
7 63   382 
7 64   608 
7 65    46 
7 66   880 
7 67   674 
7 68   192 
7 69   394 
7 70    23 
7 71   262 
7 72   677 
7 73   713 
7 74   407 
7 75   179 
7 76   878 
7 77   140 
7 78   930 
7 79   129 
7 80   365 
7 81   835 
7 82   637 
7 83   689 
7 84   409 
7 85   977 
7 86   388 
7 87   659 
7 88   906 
7 89   954 
7 90   972 
7 91   416 
7 92   271 
7 93   654 
7 94   952 
7 95   266 
7 96   897 
7 97   185 
7 98   579 
7 99    82 
7 100   988 
8 10   966 
8 11   703 
8 12   273 
8 13   969 
8 14   934 
8 15   666 
8 16   601 
8 17   181 
8 18   983 
8 19   156 
8 20   317 
8 21   479 
8 22    32 
8 23    23 
8 24   999 
8 25   822 
8 26   183 
8 27   530 
8 28    13 
8 29   873 
8 30   802 
8 31   685 
8 32    67 
8 33   372 
8 34   908 
8 35   732 
8 36   335 
8 37   577 
8 38    22 
8 39   746 
8 40   199 
8 41   539 
8 42   988 
8 43   715 
8 44   507 
8 45   240 
8 46    44 
8 47   428 
8 48   554 
8 49   579 
8 50   511 
8 51   536 
8 52   370 
8 53   251 
8 54    58 
8 55   852 
8 56   172 
8 57   882 
8 58    59 
8 59   697 
8 60   511 
8 61   397 
8 62    17 
8 63   530 
8 64   598 
8 65    79 
8 66    96 
8 67   661 
8 68   558 
8 69   455 
8 70   992 
8 71   521 
8 72    35 
8 73   630 
8 74   507 
8 75   287 
8 76   629 
8 77   343 
8 78   704 
8 79   764 
8 80   704 
8 81     3 
8 82   486 
8 83   251 
8 84   754 
8 85   178 
8 86   926 
8 87   670 
8 88   910 
8 89   279 
8 90   494 
8 91   354 
8 92   821 
8 93   659 
8 94   651 
8 95   488 
8 96   262 
8 97   674 
8 98   283 
8 99   650 
8 100   201 
9 11   837 
9 12   328 
9 13   382 
9 14   850 
9 15   424 
9 16   243 
9 17   325 
9 18   130 
9 19   280 
9 20   331 
9 21   877 
9 22   862 
9 23    28 
9 24   262 
9 25    27 
9 26   122 
9 27   922 
9 28   331 
9 29   347 
9 30   508 
9 31   776 
9 32   508 
9 33   198 
9 34   249 
9 35   863 
9 36   536 
9 37   884 
9 38   803 
9 39   526 
9 40   977 
9 41   391 
9 42   816 
9 43    37 
9 44   940 
9 45    20 
9 46   941 
9 47   158 
9 48   133 
9 49   820 
9 50   836 
9 51   950 
9 52   351 
9 53    76 
9 54   181 
9 55   143 
9 56   442 
9 57   837 
9 58    87 
9 59   970 
9 60   812 
9 61   200 
9 62   159 
9 63   957 
9 64   926 
9 65   288 
9 66   447 
9 67   508 
9 68   750 
9 69   615 
9 70   154 
9 71   233 
9 72   910 
9 73   609 
9 74   356 
9 75   950 
9 76   329 
9 77   507 
9 78   930 
9 79   812 
9 80    84 
9 81    19 
9 82   142 
9 83   494 
9 84   463 
9 85   797 
9 86    36 
9 87   429 
9 88   278 
9 89   160 
9 90   467 
9 91   187 
9 92   900 
9 93   387 
9 94   791 
9 95   387 
9 96   215 
9 97   517 
9 98   814 
9 99     5 
9 100   886 
10 12   559 
10 13   235 
10 14   320 
10 15   448 
10 16     8 
10 17   145 
10 18   145 
10 19   546 
10 20   934 
10 21   364 
10 22    12 
10 23   104 
10 24   207 
10 25   435 
10 26   185 
10 27     6 
10 28   955 
10 29   567 
10 30   151 
10 31   504 
10 32   648 
10 33   985 
10 34   903 
10 35   356 
10 36   265 
10 37   610 
10 38   997 
10 39   726 
10 40   515 
10 41   988 
10 42    46 
10 43    97 
10 44   733 
10 45   415 
10 46   309 
10 47   206 
10 48   862 
10 49   770 
10 50   253 
10 51   341 
10 52   270 
10 53   950 
10 54   188 
10 55   360 
10 56   918 
10 57     4 
10 58   344 
10 59   829 
10 60   296 
10 61   716 
10 62   436 
10 63   674 
10 64   547 
10 65   789 
10 66   636 
10 67   323 
10 68   307 
10 69   201 
10 70   662 
10 71   691 
10 72    64 
10 73   782 
10 74    80 
10 75   366 
10 76   943 
10 77   519 
10 78   112 
10 79    97 
10 80   783 
10 81   951 
10 82   798 
10 83   137 
10 84   544 
10 85   900 
10 86   461 
10 87   577 
10 88   489 
10 89    12 
10 90   465 
10 91   581 
10 92   138 
10 93   795 
10 94   932 
10 95   680 
10 96   856 
10 97   574 
10 98   757 
10 99   379 
10 100   947 
11 13   422 
11 14   547 
11 15   115 
11 16   161 
11 17   847 
11 18   512 
11 19   633 
11 20   307 
11 21   620 
11 22   289 
11 23   592 
11 24   430 
11 25   108 
11 26   941 
11 27   549 
11 28   763 
11 29   307 
11 30   979 
11 31   526 
11 32   235 
11 33   812 
11 34   210 
11 35   542 
11 36    65 
11 37   508 
11 38   331 
11 39   420 
11 40   959 
11 41    18 
11 42   135 
11 43   957 
11 44   653 
11 45   451 
11 46   434 
11 47   239 
11 48   408 
11 49    76 
11 50   421 
11 51    11 
11 52   148 
11 53   862 
11 54   324 
11 55   458 
11 56   893 
11 57   952 
11 58   790 
11 59   709 
11 60   481 
11 61   127 
11 62   452 
11 63   597 
11 64   330 
11 65   145 
11 66   559 
11 67   283 
11 68   697 
11 69   900 
11 70   617 
11 71   520 
11 72   647 
11 73   627 
11 74   694 
11 75   162 
11 76   537 
11 77   341 
11 78    16 
11 79   542 
11 80   234 
11 81   279 
11 82   742 
11 83   192 
11 84   732 
11 85   458 
11 86   244 
11 87   984 
11 88   925 
11 89   180 
11 90   926 
11 91   714 
11 92    97 
11 93   476 
11 94   789 
11 95   931 
11 96   677 
11 97   310 
11 98   473 
11 99   221 
11 100   875 
12 14   668 
12 15   328 
12 16   312 
12 17   534 
12 18   307 
12 19   615 
12 20   369 
12 21   562 
12 22   308 
12 23   390 
12 24   520 
12 25   655 
12 26    73 
12 27   377 
12 28   567 
12 29   758 
12 30   540 
12 31   279 
12 32   739 
12 33   411 
12 34   690 
12 35   833 
12 36   336 
12 37   209 
12 38   195 
12 39   401 
12 40   150 
12 41   627 
12 42   299 
12 43   674 
12 44   581 
12 45   955 
12 46   410 
12 47   354 
12 48   640 
12 49   168 
12 50   349 
12 51   650 
12 52   304 
12 53   142 
12 54   553 
12 55   598 
12 56   773 
12 57   288 
12 58   479 
12 59   545 
12 60     2 
12 61   591 
12 62   588 
12 63   387 
12 64   582 
12 65   839 
12 66   404 
12 67   150 
12 68   311 
12 69   155 
12 70   642 
12 71   941 
12 72   190 
12 73   665 
12 74   680 
12 75   486 
12 76   606 
12 77   981 
12 78   194 
12 79    58 
12 80   731 
12 81   525 
12 82   680 
12 83   386 
12 84   328 
12 85    75 
12 86   590 
12 87   400 
12 88   548 
12 89   117 
12 90   408 
12 91   909 
12 92   283 
12 93   528 
12 94   205 
12 95   647 
12 96   815 
12 97   877 
12 98   309 
12 99   671 
12 100   799 
13 15   822 
13 16   905 
13 17   457 
13 18   303 
13 19   125 
13 20   888 
13 21   358 
13 22   504 
13 23   932 
13 24   344 
13 25   629 
13 26   723 
13 27   836 
13 28   842 
13 29   542 
13 30   325 
13 31   223 
13 32   683 
13 33   602 
13 34   814 
13 35   525 
13 36   609 
13 37   939 
13 38   414 
13 39   519 
13 40   732 
13 41   581 
13 42   476 
13 43     8 
13 44   917 
13 45   859 
13 46   959 
13 47   568 
13 48   762 
13 49     7 
13 50    98 
13 51   644 
13 52   631 
13 53   456 
13 54   444 
13 55   185 
13 56   449 
13 57   899 
13 58   780 
13 59   633 
13 60   795 
13 61   512 
13 62   762 
13 63   397 
13 64   331 
13 65   615 
13 66   562 
13 67   804 
13 68   436 
13 69   764 
13 70   899 
13 71   516 
13 72   385 
13 73   606 
13 74   965 
13 75   343 
13 76   543 
13 77   617 
13 78   257 
13 79   568 
13 80   862 
13 81   694 
13 82   101 
13 83   840 
13 84   102 
13 85   678 
13 86   824 
13 87   420 
13 88    15 
13 89    13 
13 90   615 
13 91   302 
13 92   747 
13 93     4 
13 94   451 
13 95   576 
13 96   550 
13 97   568 
13 98   187 
13 99   108 
13 100   377 
14 16    21 
14 17   830 
14 18   813 
14 19   148 
14 20    39 
14 21   885 
14 22   669 
14 23    81 
14 24   631 
14 25   413 
14 26   350 
14 27   697 
14 28   763 
14 29   674 
14 30   521 
14 31   285 
14 32   887 
14 33   556 
14 34   301 
14 35    70 
14 36   493 
14 37   992 
14 38   570 
14 39   272 
14 40    80 
14 41   672 
14 42   361 
14 43   377 
14 44   484 
14 45   232 
14 46   687 
14 47   790 
14 48   610 
14 49   422 
14 50   674 
14 51   687 
14 52   686 
14 53   333 
14 54   892 
14 55    64 
14 56   415 
14 57   120 
14 58   354 
14 59   509 
14 60   663 
14 61   596 
14 62   643 
14 63   245 
14 64    69 
14 65   541 
14 66   827 
14 67   199 
14 68    90 
14 69   754 
14 70   362 
14 71   979 
14 72   772 
14 73   134 
14 74   812 
14 75   826 
14 76    83 
14 77    77 
14 78    46 
14 79   739 
14 80   259 
14 81   279 
14 82   593 
14 83   304 
14 84   404 
14 85   265 
14 86    45 
14 87   618 
14 88   883 
14 89   883 
14 90   779 
14 91   985 
14 92   799 
14 93   691 
14 94   701 
14 95   678 
14 96   290 
14 97   694 
14 98   485 
14 99   570 
14 100   164 
15 17   885 
15 18    12 
15 19   508 
15 20     3 
15 21   319 
15 22    15 
15 23   165 
15 24   325 
15 25   836 
15 26   984 
15 27    83 
15 28   266 
15 29   116 
15 30    36 
15 31   797 
15 32   539 
15 33   408 
15 34   824 
15 35   185 
15 36   416 
15 37   374 
15 38   878 
15 39    17 
15 40   905 
15 41   648 
15 42   132 
15 43   827 
15 44   599 
15 45    24 
15 46   740 
15 47   756 
15 48   822 
15 49    75 
15 50   685 
15 51   326 
15 52   413 
15 53   683 
15 54    32 
15 55   838 
15 56   314 
15 57   626 
15 58   239 
15 59    75 
15 60   861 
15 61   429 
15 62   375 
15 63   403 
15 64   587 
15 65   736 
15 66   382 
15 67    54 
15 68   221 
15 69   527 
15 70   335 
15 71   133 
15 72   171 
15 73   957 
15 74   465 
15 75   361 
15 76   972 
15 77   780 
15 78   575 
15 79   448 
15 80   210 
15 81   469 
15 82   530 
15 83   563 
15 84   839 
15 85   127 
15 86    45 
15 87   853 
15 88   104 
15 89   569 
15 90   654 
15 91   122 
15 92    81 
15 93   342 
15 94   364 
15 95   179 
15 96   833 
15 97   606 
15 98   232 
15 99   468 
15 100    69 
16 18   523 
16 19   550 
16 20   682 
16 21   889 
16 22   222 
16 23   243 
16 24   919 
16 25   493 
16 26   207 
16 27   245 
16 28   917 
16 29   256 
16 30    77 
16 31   959 
16 32    13 
16 33   908 
16 34   740 
16 35    63 
16 36   671 
16 37    73 
16 38   516 
16 39   735 
16 40   573 
16 41   691 
16 42   884 
16 43   173 
16 44   869 
16 45   277 
16 46   246 
16 47   568 
16 48   525 
16 49   808 
16 50   873 
16 51   966 
16 52   986 
16 53   783 
16 54   294 
16 55   572 
16 56     3 
16 57   327 
16 58   438 
16 59   559 
16 60   383 
16 61   962 
16 62   230 
16 63   798 
16 64   628 
16 65   447 
16 66   986 
16 67    70 
16 68   638 
16 69   389 
16 70   791 
16 71   211 
16 72   965 
16 73   320 
16 74   243 
16 75   990 
16 76   546 
16 77   795 
16 78   788 
16 79    48 
16 80    35 
16 81   692 
16 82   841 
16 83   870 
16 84   540 
16 85    24 
16 86   620 
16 87   457 
16 88   752 
16 89   231 
16 90   292 
16 91    11 
16 92   196 
16 93   809 
16 94   449 
16 95   782 
16 96   902 
16 97   890 
16 98   364 
16 99   466 
16 100   953 
17 19   506 
17 20   109 
17 21   103 
17 22   120 
17 23   342 
17 24   841 
17 25    12 
17 26   453 
17 27   683 
17 28   967 
17 29   798 
17 30   819 
17 31   903 
17 32    42 
17 33    57 
17 34   330 
17 35   232 
17 36   275 
17 37   588 
17 38   655 
17 39   360 
17 40   870 
17 41   433 
17 42   570 
17 43   794 
17 44   939 
17 45   858 
17 46   328 
17 47   734 
17 48   389 
17 49   460 
17 50   450 
17 51   693 
17 52   310 
17 53   141 
17 54   439 
17 55   902 
17 56   436 
17 57   745 
17 58   695 
17 59   621 
17 60   588 
17 61   321 
17 62   451 
17 63   514 
17 64    18 
17 65   489 
17 66    98 
17 67   827 
17 68   846 
17 69   559 
17 70   611 
17 71   417 
17 72   398 
17 73   646 
17 74   918 
17 75   732 
17 76   888 
17 77   892 
17 78   314 
17 79    43 
17 80   597 
17 81   503 
17 82    54 
17 83   654 
17 84   789 
17 85   516 
17 86   363 
17 87   888 
17 88   297 
17 89   452 
17 90    72 
17 91   330 
17 92   108 
17 93   595 
17 94   108 
17 95   336 
17 96   960 
17 97   988 
17 98   308 
17 99   698 
17 100   562 
18 20   699 
18 21   457 
18 22   765 
18 23   645 
18 24   708 
18 25   132 
18 26    32 
18 27   415 
18 28   133 
18 29    28 
18 30   351 
18 31   376 
18 32   464 
18 33   316 
18 34   580 
18 35   535 
18 36   483 
18 37   465 
18 38   834 
18 39   332 
18 40   226 
18 41   285 
18 42   691 
18 43   489 
18 44   358 
18 45   591 
18 46   893 
18 47   375 
18 48   328 
18 49   144 
18 50   634 
18 51   499 
18 52   715 
18 53   608 
18 54   935 
18 55   224 
18 56   748 
18 57    52 
18 58   604 
18 59   996 
18 60   151 
18 61   616 
18 62   383 
18 63   520 
18 64   374 
18 65   921 
18 66   847 
18 67   357 
18 68   841 
18 69   387 
18 70   228 
18 71   929 
18 72   997 
18 73    91 
18 74   971 
18 75    20 
18 76   527 
18 77   170 
18 78   352 
18 79   852 
18 80   977 
18 81   414 
18 82   760 
18 83   442 
18 84   404 
18 85   496 
18 86   220 
18 87   103 
18 88   586 
18 89    30 
18 90   832 
18 91   395 
18 92    65 
18 93   304 
18 94   297 
18 95    12 
18 96   151 
18 97   958 
18 98   722 
18 99   186 
18 100    43 
19 21   643 
19 22   261 
19 23   980 
19 24   478 
19 25   946 
19 26   754 
19 27   585 
19 28   499 
19 29   167 
19 30   172 
19 31    61 
19 32   875 
19 33   493 
19 34   196 
19 35    16 
19 36   257 
19 37   998 
19 38   927 
19 39   697 
19 40   864 
19 41   211 
19 42   556 
19 43   674 
19 44   848 
19 45   949 
19 46   123 
19 47   886 
19 48   150 
19 49   438 
19 50   318 
19 51   648 
19 52   973 
19 53   916 
19 54   602 
19 55    86 
19 56   665 
19 57   763 
19 58   466 
19 59   156 
19 60   162 
19 61   239 
19 62   352 
19 63   540 
19 64   154 
19 65   754 
19 66   571 
19 67    22 
19 68   771 
19 69   312 
19 70   695 
19 71   698 
19 72    42 
19 73   985 
19 74   812 
19 75   914 
19 76   904 
19 77   353 
19 78   784 
19 79   492 
19 80    42 
19 81   348 
19 82   291 
19 83   597 
19 84   782 
19 85   418 
19 86   865 
19 87   130 
19 88   113 
19 89   758 
19 90   760 
19 91   497 
19 92   275 
19 93    22 
19 94   575 
19 95   984 
19 96   824 
19 97   707 
19 98   111 
19 99    58 
19 100   452 
20 22   565 
20 23   892 
20 24   964 
20 25   626 
20 26   218 
20 27   479 
20 28   168 
20 29   933 
20 30    32 
20 31   791 
20 32   502 
20 33   669 
20 34   751 
20 35   120 
20 36    51 
20 37   163 
20 38   617 
20 39   326 
20 40   647 
20 41   282 
20 42   344 
20 43   876 
20 44   106 
20 45   426 
20 46   442 
20 47   997 
20 48   618 
20 49   704 
20 50   636 
20 51   516 
20 52   143 
20 53   413 
20 54   154 
20 55   911 
20 56   912 
20 57   630 
20 58   825 
20 59   789 
20 60   456 
20 61   412 
20 62   890 
20 63    82 
20 64   584 
20 65   925 
20 66   860 
20 67   665 
20 68    99 
20 69   873 
20 70   259 
20 71   122 
20 72   943 
20 73   256 
20 74   913 
20 75   248 
20 76   780 
20 77   532 
20 78   422 
20 79   298 
20 80   977 
20 81   892 
20 82    72 
20 83   666 
20 84   539 
20 85   617 
20 86   880 
20 87   391 
20 88   482 
20 89    64 
20 90   797 
20 91   180 
20 92   268 
20 93    26 
20 94   784 
20 95   678 
20 96   619 
20 97   298 
20 98   583 
20 99   756 
20 100   967 
21 23   619 
21 24    77 
21 25   345 
21 26   779 
21 27    61 
21 28   767 
21 29   192 
21 30   898 
21 31    40 
21 32   116 
21 33   111 
21 34   473 
21 35   285 
21 36   571 
21 37   837 
21 38   437 
21 39   408 
21 40   355 
21 41   145 
21 42   618 
21 43   490 
21 44   374 
21 45   774 
21 46   774 
21 47   696 
21 48   521 
21 49   144 
21 50     1 
21 51   629 
21 52   940 
21 53   989 
21 54   735 
21 55   686 
21 56   253 
21 57   408 
21 58   970 
21 59   461 
21 60   814 
21 61   238 
21 62   917 
21 63   316 
21 64   497 
21 65   151 
21 66   126 
21 67   383 
21 68   270 
21 69   573 
21 70   852 
21 71   886 
21 72   682 
21 73   260 
21 74   170 
21 75   217 
21 76   761 
21 77   518 
21 78   655 
21 79   655 
21 80   544 
21 81   647 
21 82   488 
21 83   569 
21 84    83 
21 85   986 
21 86   832 
21 87    36 
21 88   358 
21 89   212 
21 90    47 
21 91   825 
21 92   604 
21 93   859 
21 94   609 
21 95   930 
21 96   960 
21 97    36 
21 98   227 
21 99   923 
21 100   636 
22 24   677 
22 25   653 
22 26   424 
22 27   852 
22 28   222 
22 29   956 
22 30   276 
22 31   884 
22 32   135 
22 33   384 
22 34   747 
22 35   780 
22 36   265 
22 37   518 
22 38   826 
22 39   483 
22 40   841 
22 41   623 
22 42    32 
22 43   624 
22 44    17 
22 45   628 
22 46   159 
22 47    54 
22 48   200 
22 49   496 
22 50   443 
22 51   522 
22 52    12 
22 53   661 
22 54   197 
22 55   458 
22 56   682 
22 57    38 
22 58    14 
22 59   277 
22 60   377 
22 61   726 
22 62    88 
22 63   703 
22 64   824 
22 65    32 
22 66   757 
22 67   405 
22 68   733 
22 69   843 
22 70   886 
22 71   183 
22 72   960 
22 73    96 
22 74   837 
22 75   342 
22 76   640 
22 77   374 
22 78   583 
22 79    19 
22 80   862 
22 81   696 
22 82   357 
22 83   107 
22 84   387 
22 85   972 
22 86   225 
22 87   286 
22 88   605 
22 89    37 
22 90    90 
22 91   127 
22 92   402 
22 93   979 
22 94   434 
22 95   156 
22 96    73 
22 97   500 
22 98   149 
22 99   203 
22 100   679 
23 25   817 
23 26   924 
23 27   898 
23 28   900 
23 29    44 
23 30   214 
23 31    32 
23 32    56 
23 33   461 
23 34   923 
23 35   927 
23 36   946 
23 37   849 
23 38   308 
23 39   880 
23 40   630 
23 41   667 
23 42   423 
23 43   732 
23 44   390 
23 45   528 
23 46    84 
23 47   701 
23 48   842 
23 49   854 
23 50   692 
23 51    10 
23 52   427 
23 53   487 
23 54   882 
23 55   174 
23 56   662 
23 57   111 
23 58   511 
23 59   488 
23 60   690 
23 61   657 
23 62   190 
23 63    77 
23 64   567 
23 65    28 
23 66   751 
23 67   597 
23 68   587 
23 69   354 
23 70   988 
23 71   795 
23 72   901 
23 73   396 
23 74   725 
23 75    38 
23 76   471 
23 77   838 
23 78   937 
23 79   186 
23 80   947 
23 81   378 
23 82   107 
23 83    52 
23 84   380 
23 85   890 
23 86   319 
23 87   240 
23 88   449 
23 89   801 
23 90   721 
23 91   556 
23 92    54 
23 93   191 
23 94   926 
23 95   182 
23 96   150 
23 97   168 
23 98   308 
23 99   632 
23 100   518 
24 26   449 
24 27   844 
24 28   791 
24 29   821 
24 30   165 
24 31   301 
24 32   944 
24 33   825 
24 34   500 
24 35    48 
24 36   418 
24 37   207 
24 38   134 
24 39   868 
24 40   932 
24 41   195 
24 42   429 
24 43   469 
24 44   731 
24 45   685 
24 46    23 
24 47   401 
24 48   670 
24 49   313 
24 50   241 
24 51   431 
24 52   824 
24 53   185 
24 54   308 
24 55   185 
24 56   509 
24 57   855 
24 58   823 
24 59    57 
24 60   323 
24 61   496 
24 62   288 
24 63   275 
24 64    97 
24 65   770 
24 66   192 
24 67   701 
24 68   314 
24 69   745 
24 70   355 
24 71   196 
24 72    59 
24 73    11 
24 74   270 
24 75   982 
24 76   461 
24 77   474 
24 78   764 
24 79   982 
24 80   690 
24 81   336 
24 82   430 
24 83   852 
24 84   297 
24 85   181 
24 86    65 
24 87   800 
24 88   129 
24 89   545 
24 90     0 
24 91   551 
24 92   757 
24 93   123 
24 94   745 
24 95   488 
24 96   370 
24 97   584 
24 98   684 
24 99   805 
24 100   900 
25 27   448 
25 28   184 
25 29   804 
25 30   505 
25 31   480 
25 32   741 
25 33   457 
25 34   591 
25 35   792 
25 36   337 
25 37    25 
25 38   855 
25 39   416 
25 40   722 
25 41   195 
25 42   513 
25 43   196 
25 44   153 
25 45   453 
25 46   175 
25 47    27 
25 48   428 
25 49   788 
25 50     7 
25 51    94 
25 52   260 
25 53    39 
25 54   271 
25 55   784 
25 56   591 
25 57    34 
25 58   421 
25 59    17 
25 60   455 
25 61   629 
25 62   962 
25 63   881 
25 64   923 
25 65   660 
25 66   841 
25 67   807 
25 68   534 
25 69   807 
25 70   544 
25 71   292 
25 72   181 
25 73    16 
25 74   350 
25 75   163 
25 76   140 
25 77   608 
25 78   449 
25 79   981 
25 80   932 
25 81   317 
25 82   704 
25 83   641 
25 84   697 
25 85   455 
25 86   138 
25 87    65 
25 88   384 
25 89   811 
25 90   622 
25 91   372 
25 92   671 
25 93   653 
25 94   890 
25 95   138 
25 96   972 
25 97   129 
25 98   646 
25 99   992 
25 100   212 
26 28   109 
26 29   986 
26 30   965 
26 31   494 
26 32   903 
26 33   590 
26 34   474 
26 35   387 
26 36   792 
26 37   785 
26 38   608 
26 39   673 
26 40   929 
26 41   300 
26 42   550 
26 43   455 
26 44   512 
26 45   727 
26 46   496 
26 47   383 
26 48   475 
26 49   784 
26 50   483 
26 51   342 
26 52   537 
26 53   472 
26 54   483 
26 55   916 
26 56   103 
26 57   514 
26 58   646 
26 59   181 
26 60   409 
26 61   774 
26 62   260 
26 63   842 
26 64   796 
26 65   663 
26 66   303 
26 67   762 
26 68   460 
26 69     1 
26 70   725 
26 71   987 
26 72   148 
26 73   907 
26 74    82 
26 75    73 
26 76   464 
26 77   498 
26 78   578 
26 79   737 
26 80    57 
26 81   346 
26 82   958 
26 83   277 
26 84   507 
26 85   279 
26 86    28 
26 87   936 
26 88   601 
26 89   256 
26 90   871 
26 91   171 
26 92   238 
26 93   177 
26 94   900 
26 95   299 
26 96   886 
26 97   711 
26 98   377 
26 99   995 
26 100   144 
27 29   362 
27 30   216 
27 31   854 
27 32    72 
27 33   214 
27 34   141 
27 35   175 
27 36   332 
27 37   108 
27 38   282 
27 39    73 
27 40   285 
27 41   959 
27 42   771 
27 43   463 
27 44   736 
27 45   446 
27 46   167 
27 47   707 
27 48   190 
27 49   523 
27 50    90 
27 51   778 
27 52   349 
27 53   752 
27 54   300 
27 55   963 
27 56   211 
27 57   199 
27 58   660 
27 59    78 
27 60   640 
27 61    20 
27 62   468 
27 63   882 
27 64   218 
27 65   595 
27 66   918 
27 67   466 
27 68   660 
27 69   549 
27 70   948 
27 71   740 
27 72   280 
27 73    92 
27 74   548 
27 75   442 
27 76   995 
27 77   210 
27 78   583 
27 79   110 
27 80   976 
27 81   684 
27 82   291 
27 83   957 
27 84   451 
27 85   774 
27 86   886 
27 87   630 
27 88   749 
27 89   948 
27 90   700 
27 91   445 
27 92   922 
27 93   844 
27 94    19 
27 95   799 
27 96   977 
27 97   574 
27 98   481 
27 99   518 
27 100   216 
28 30   113 
28 31   435 
28 32   374 
28 33   838 
28 34   513 
28 35   289 
28 36   978 
28 37   725 
28 38   827 
28 39   546 
28 40   472 
28 41   636 
28 42   649 
28 43   572 
28 44     9 
28 45   956 
28 46   207 
28 47   611 
28 48    17 
28 49   284 
28 50   400 
28 51   996 
28 52   876 
28 53   260 
28 54   871 
28 55   157 
28 56   830 
28 57   989 
28 58   699 
28 59   776 
28 60   143 
28 61   590 
28 62    45 
28 63   930 
28 64   573 
28 65   991 
28 66   149 
28 67   726 
28 68   375 
28 69   762 
28 70   425 
28 71   959 
28 72   217 
28 73   669 
28 74   826 
28 75   645 
28 76   502 
28 77   821 
28 78   628 
28 79   707 
28 80   928 
28 81   448 
28 82   711 
28 83   133 
28 84   322 
28 85   525 
28 86   227 
28 87   818 
28 88    93 
28 89   443 
28 90   205 
28 91   708 
28 92   237 
28 93   144 
28 94   523 
28 95   568 
28 96   350 
28 97   303 
28 98   244 
28 99   218 
28 100   313 
29 31   152 
29 32   477 
29 33   808 
29 34   803 
29 35   786 
29 36    37 
29 37   991 
29 38   393 
29 39   133 
29 40   340 
29 41   386 
29 42   477 
29 43   790 
29 44   631 
29 45   545 
29 46   381 
29 47   515 
29 48   427 
29 49   231 
29 50   998 
29 51   204 
29 52   649 
29 53   163 
29 54   256 
29 55   619 
29 56   279 
29 57   658 
29 58   764 
29 59   406 
29 60   739 
29 61   832 
29 62   625 
29 63   885 
29 64   820 
29 65   192 
29 66   529 
29 67   914 
29 68   783 
29 69   622 
29 70    51 
29 71   334 
29 72   349 
29 73   118 
29 74   286 
29 75   445 
29 76   703 
29 77   803 
29 78   155 
29 79   589 
29 80   492 
29 81   862 
29 82   182 
29 83   188 
29 84   331 
29 85   568 
29 86   797 
29 87    64 
29 88    66 
29 89   288 
29 90   427 
29 91   268 
29 92   344 
29 93   137 
29 94    87 
29 95   127 
29 96   370 
29 97   433 
29 98   432 
29 99   390 
29 100   588 
30 32   535 
30 33   671 
30 34   150 
30 35   249 
30 36   367 
30 37   941 
30 38   475 
30 39   752 
30 40   991 
30 41   464 
30 42   598 
30 43   136 
30 44   502 
30 45    59 
30 46   157 
30 47   117 
30 48   102 
30 49   365 
30 50   246 
30 51   618 
30 52   953 
30 53   108 
30 54   435 
30 55   486 
30 56    34 
30 57   399 
30 58   721 
30 59   461 
30 60   754 
30 61   854 
30 62    16 
30 63   794 
30 64   543 
30 65   176 
30 66   710 
30 67   777 
30 68   428 
30 69   281 
30 70   718 
30 71   643 
30 72   226 
30 73   657 
30 74   805 
30 75   465 
30 76   514 
30 77   723 
30 78   500 
30 79   167 
30 80   227 
30 81   119 
30 82   930 
30 83   661 
30 84   468 
30 85   794 
30 86    86 
30 87   262 
30 88   725 
30 89   798 
30 90   301 
30 91   910 
30 92   437 
30 93   687 
30 94    52 
30 95   723 
30 96   167 
30 97    11 
30 98   658 
30 99   488 
30 100   471 
31 33   770 
31 34   101 
31 35   890 
31 36   467 
31 37    70 
31 38   906 
31 39   235 
31 40    30 
31 41   899 
31 42   228 
31 43   236 
31 44   357 
31 45    85 
31 46    73 
31 47   111 
31 48   235 
31 49   335 
31 50   784 
31 51   453 
31 52   887 
31 53   308 
31 54    87 
31 55   330 
31 56   260 
31 57   772 
31 58   654 
31 59   761 
31 60   993 
31 61   159 
31 62   380 
31 63   443 
31 64   993 
31 65   986 
31 66    29 
31 67   248 
31 68   623 
31 69   717 
31 70     2 
31 71   956 
31 72   109 
31 73   133 
31 74   759 
31 75   492 
31 76   981 
31 77   214 
31 78   343 
31 79   736 
31 80   102 
31 81   851 
31 82   757 
31 83   688 
31 84   771 
31 85   849 
31 86   200 
31 87   393 
31 88   164 
31 89   456 
31 90   601 
31 91   874 
31 92   863 
31 93    83 
31 94   741 
31 95   474 
31 96   946 
31 97   707 
31 98   266 
31 99   918 
31 100   317 
32 34   688 
32 35   582 
32 36   662 
32 37   986 
32 38   115 
32 39   318 
32 40   395 
32 41    32 
32 42   982 
32 43   198 
32 44   712 
32 45    35 
32 46   876 
32 47   227 
32 48   339 
32 49   971 
32 50   482 
32 51   841 
32 52    28 
32 53   505 
32 54   869 
32 55    11 
32 56   285 
32 57   806 
32 58   940 
32 59   837 
32 60     7 
32 61   161 
32 62   846 
32 63   374 
32 64   602 
32 65   972 
32 66   558 
32 67   350 
32 68   735 
32 69   475 
32 70   557 
32 71   577 
32 72   969 
32 73   959 
32 74   530 
32 75   369 
32 76   923 
32 77   313 
32 78   180 
32 79   892 
32 80   468 
32 81   851 
32 82   615 
32 83   672 
32 84   599 
32 85   806 
32 86   613 
32 87   745 
32 88   110 
32 89   890 
32 90   106 
32 91   633 
32 92   352 
32 93   429 
32 94   533 
32 95    26 
32 96   859 
32 97   405 
32 98   887 
32 99   717 
32 100   248 
33 35   512 
33 36   341 
33 37   871 
33 38   443 
33 39   494 
33 40   371 
33 41   222 
33 42   739 
33 43   372 
33 44   761 
33 45   942 
33 46    78 
33 47   944 
33 48   294 
33 49    90 
33 50   903 
33 51   501 
33 52   572 
33 53   878 
33 54   218 
33 55    35 
33 56   371 
33 57   579 
33 58   377 
33 59   371 
33 60   919 
33 61   550 
33 62   962 
33 63    14 
33 64   339 
33 65   679 
33 66   220 
33 67   552 
33 68   852 
33 69   145 
33 70   108 
33 71   902 
33 72   528 
33 73   383 
33 74   530 
33 75   622 
33 76    65 
33 77   237 
33 78   725 
33 79   131 
33 80   189 
33 81   210 
33 82   539 
33 83   425 
33 84   940 
33 85   679 
33 86   740 
33 87   480 
33 88   962 
33 89   909 
33 90    68 
33 91   491 
33 92   626 
33 93   671 
33 94   979 
33 95   458 
33 96   833 
33 97    86 
33 98   380 
33 99   793 
33 100   883 
34 36   719 
34 37   257 
34 38   478 
34 39   393 
34 40   297 
34 41    94 
34 42   602 
34 43   935 
34 44   837 
34 45   589 
34 46   863 
34 47   884 
34 48    24 
34 49   916 
34 50   235 
34 51   357 
34 52   789 
34 53   201 
34 54   139 
34 55   212 
34 56   446 
34 57   694 
34 58   246 
34 59    93 
34 60   616 
34 61   609 
34 62   729 
34 63   627 
34 64   830 
34 65   677 
34 66   244 
34 67   297 
34 68   607 
34 69   642 
34 70   515 
34 71   300 
34 72   357 
34 73   253 
34 74   242 
34 75     8 
34 76   325 
34 77   573 
34 78   931 
34 79   803 
34 80   771 
34 81   684 
34 82   911 
34 83   572 
34 84   877 
34 85   988 
34 86   927 
34 87   890 
34 88   421 
34 89   505 
34 90   366 
34 91   608 
34 92   833 
34 93   729 
34 94   876 
34 95    84 
34 96   616 
34 97   277 
34 98    98 
34 99   209 
34 100    31 
35 37   609 
35 38   829 
35 39   404 
35 40   822 
35 41   471 
35 42   507 
35 43   838 
35 44   205 
35 45   714 
35 46   960 
35 47   975 
35 48   274 
35 49   416 
35 50    12 
35 51   664 
35 52   437 
35 53   293 
35 54   533 
35 55   621 
35 56    49 
35 57   741 
35 58   989 
35 59   627 
35 60    52 
35 61   537 
35 62   899 
35 63   806 
35 64   568 
35 65   633 
35 66   412 
35 67   944 
35 68   665 
35 69   784 
35 70   438 
35 71   676 
35 72    93 
35 73   209 
35 74   383 
35 75   472 
35 76   801 
35 77   255 
35 78   421 
35 79   231 
35 80   988 
35 81   815 
35 82   611 
35 83   938 
35 84   818 
35 85   580 
35 86    73 
35 87   766 
35 88   446 
35 89   689 
35 90   934 
35 91   984 
35 92   963 
35 93   795 
35 94     6 
35 95   627 
35 96   670 
35 97   995 
35 98   520 
35 99   732 
35 100    54 
36 38   411 
36 39   351 
36 40   420 
36 41   454 
36 42    52 
36 43   577 
36 44   729 
36 45   250 
36 46   273 
36 47    41 
36 48   988 
36 49    81 
36 50   764 
36 51   102 
36 52    46 
36 53   392 
36 54   599 
36 55   400 
36 56   406 
36 57   566 
36 58     1 
36 59   573 
36 60    18 
36 61   499 
36 62   331 
36 63   582 
36 64   639 
36 65   467 
36 66   828 
36 67   507 
36 68   447 
36 69   530 
36 70   874 
36 71   200 
36 72   927 
36 73   863 
36 74   210 
36 75   221 
36 76   813 
36 77   678 
36 78   760 
36 79   760 
36 80   342 
36 81   139 
36 82   421 
36 83   479 
36 84   661 
36 85   290 
36 86   787 
36 87   701 
36 88   108 
36 89   173 
36 90   589 
36 91   667 
36 92   800 
36 93    76 
36 94   822 
36 95   798 
36 96   595 
36 97   640 
36 98   942 
36 99   695 
36 100   746 
37 39   284 
37 40   466 
37 41   741 
37 42   768 
37 43   896 
37 44   592 
37 45   384 
37 46   346 
37 47   586 
37 48   533 
37 49   321 
37 50   306 
37 51   897 
37 52   678 
37 53   367 
37 54   992 
37 55   802 
37 56   727 
37 57    55 
37 58   238 
37 59   918 
37 60    72 
37 61   466 
37 62   645 
37 63   401 
37 64   214 
37 65   522 
37 66   160 
37 67   117 
37 68   812 
37 69    11 
37 70   483 
37 71   369 
37 72   383 
37 73   380 
37 74   599 
37 75   250 
37 76   998 
37 77   826 
37 78   421 
37 79   879 
37 80   389 
37 81    38 
37 82   187 
37 83   638 
37 84    38 
37 85   539 
37 86   269 
37 87   563 
37 88   265 
37 89   728 
37 90   303 
37 91   812 
37 92   677 
37 93   280 
37 94    11 
37 95   453 
37 96   318 
37 97   591 
37 98   360 
37 99   222 
37 100   725 
38 40   386 
38 41   297 
38 42    82 
38 43    17 
38 44   741 
38 45    78 
38 46   531 
38 47   358 
38 48   838 
38 49   678 
38 50   141 
38 51   367 
38 52   862 
38 53   728 
38 54   390 
38 55   880 
38 56   847 
38 57    23 
38 58   496 
38 59   215 
38 60   682 
38 61   657 
38 62   544 
38 63   599 
38 64   924 
38 65   319 
38 66   775 
38 67   673 
38 68   693 
38 69   728 
38 70     6 
38 71   752 
38 72   384 
38 73   703 
38 74   159 
38 75    65 
38 76   265 
38 77   967 
38 78   561 
38 79   473 
38 80   805 
38 81    93 
38 82   661 
38 83   783 
38 84   465 
38 85   595 
38 86   934 
38 87   982 
38 88   575 
38 89   420 
38 90   539 
38 91   819 
38 92   569 
38 93   833 
38 94   726 
38 95   920 
38 96   522 
38 97   909 
38 98   252 
38 99   211 
38 100    64 
39 41   881 
39 42   857 
39 43    46 
39 44   484 
39 45   172 
39 46   203 
39 47   500 
39 48   819 
39 49   744 
39 50   259 
39 51   747 
39 52   339 
39 53   420 
39 54   985 
39 55   433 
39 56   192 
39 57   932 
39 58   596 
39 59   121 
39 60   621 
39 61   775 
39 62   336 
39 63   776 
39 64   672 
39 65   612 
39 66   618 
39 67   224 
39 68   866 
39 69   528 
39 70   172 
39 71   989 
39 72   934 
39 73   624 
39 74   864 
39 75   530 
39 76   561 
39 77   603 
39 78   924 
39 79    29 
39 80   936 
39 81   277 
39 82   624 
39 83   992 
39 84   704 
39 85   281 
39 86   560 
39 87   194 
39 88   538 
39 89   842 
39 90   397 
39 91   626 
39 92   745 
39 93   388 
39 94   239 
39 95   233 
39 96   142 
39 97   253 
39 98   375 
39 99   696 
39 100   455 
40 42   577 
40 43   490 
40 44   575 
40 45   344 
40 46   684 
40 47   183 
40 48   415 
40 49   550 
40 50   484 
40 51   305 
40 52   339 
40 53   406 
40 54   360 
40 55   670 
40 56    97 
40 57   551 
40 58    70 
40 59   351 
40 60   828 
40 61   596 
40 62   685 
40 63   755 
40 64   629 
40 65   300 
40 66   511 
40 67   856 
40 68   856 
40 69   292 
40 70   601 
40 71   463 
40 72   382 
40 73   472 
40 74   924 
40 75   897 
40 76   159 
40 77   833 
40 78   854 
40 79   961 
40 80   632 
40 81   764 
40 82   710 
40 83   777 
40 84   208 
40 85   793 
40 86   999 
40 87   678 
40 88   515 
40 89   575 
40 90   474 
40 91   764 
40 92   862 
40 93   606 
40 94   332 
40 95    71 
40 96   172 
40 97   698 
40 98   952 
40 99   775 
40 100   226 
41 43   482 
41 44   324 
41 45   182 
41 46   397 
41 47   277 
41 48   707 
41 49   549 
41 50   703 
41 51   501 
41 52   353 
41 53   663 
41 54   821 
41 55   297 
41 56   888 
41 57   162 
41 58   704 
41 59   309 
41 60   720 
41 61   848 
41 62   228 
41 63   890 
41 64   961 
41 65   677 
41 66   687 
41 67    66 
41 68   736 
41 69   349 
41 70   411 
41 71    98 
41 72   407 
41 73    95 
41 74   399 
41 75   489 
41 76   113 
41 77   598 
41 78   121 
41 79   879 
41 80   847 
41 81   308 
41 82   132 
41 83   937 
41 84   949 
41 85   373 
41 86   942 
41 87    13 
41 88   156 
41 89   361 
41 90    88 
41 91   323 
41 92   196 
41 93   781 
41 94   554 
41 95   584 
41 96   567 
41 97   654 
41 98   111 
41 99   164 
41 100   303 
42 44   253 
42 45   222 
42 46   100 
42 47   337 
42 48   628 
42 49   887 
42 50   704 
42 51   959 
42 52   921 
42 53   669 
42 54   290 
42 55   730 
42 56   463 
42 57   626 
42 58   713 
42 59   140 
42 60   646 
42 61   770 
42 62     9 
42 63     4 
42 64   810 
42 65   793 
42 66   710 
42 67   818 
42 68    69 
42 69   681 
42 70   242 
42 71   481 
42 72   427 
42 73   216 
42 74   555 
42 75   237 
42 76   881 
42 77   311 
42 78   824 
42 79   713 
42 80   688 
42 81   270 
42 82   370 
42 83   328 
42 84   184 
42 85   825 
42 86   999 
42 87   275 
42 88   559 
42 89   930 
42 90   694 
42 91   692 
42 92   787 
42 93   478 
42 94   502 
42 95   631 
42 96    48 
42 97   719 
42 98   884 
42 99   271 
42 100   971 
43 45   459 
43 46   123 
43 47   728 
43 48   150 
43 49   141 
43 50    59 
43 51   982 
43 52   272 
43 53   575 
43 54   195 
43 55   757 
43 56   554 
43 57   301 
43 58   387 
43 59   253 
43 60    42 
43 61   586 
43 62   109 
43 63    21 
43 64   545 
43 65   788 
43 66   760 
43 67   987 
43 68   478 
43 69   140 
43 70   462 
43 71   805 
43 72   279 
43 73   360 
43 74   694 
43 75   705 
43 76     2 
43 77   201 
43 78   289 
43 79   333 
43 80   419 
43 81   168 
43 82   119 
43 83    98 
43 84    57 
43 85   776 
43 86   758 
43 87   838 
43 88   360 
43 89   719 
43 90   765 
43 91   142 
43 92   694 
43 93   700 
43 94   832 
43 95   906 
43 96   253 
43 97   729 
43 98   141 
43 99   770 
43 100   230 
44 46    16 
44 47    50 
44 48   126 
44 49   556 
44 50   710 
44 51   720 
44 52   940 
44 53   730 
44 54   500 
44 55   843 
44 56   966 
44 57   589 
44 58   381 
44 59   948 
44 60   387 
44 61   191 
44 62   752 
44 63   661 
44 64   581 
44 65   576 
44 66   779 
44 67   567 
44 68   637 
44 69   832 
44 70   415 
44 71    67 
44 72   970 
44 73   959 
44 74   647 
44 75   662 
44 76   157 
44 77   678 
44 78   527 
44 79   552 
44 80   508 
44 81    61 
44 82   229 
44 83   502 
44 84   326 
44 85     2 
44 86   848 
44 87   381 
44 88   484 
44 89    94 
44 90    71 
44 91   171 
44 92   529 
44 93    80 
44 94   474 
44 95   264 
44 96   685 
44 97   202 
44 98    81 
44 99   625 
44 100   861 
45 47   297 
45 48   584 
45 49   136 
45 50   912 
45 51   522 
45 52   191 
45 53   138 
45 54   719 
45 55   227 
45 56   708 
45 57   744 
45 58    37 
45 59   720 
45 60   319 
45 61    18 
45 62   207 
45 63   715 
45 64   834 
45 65    64 
45 66   621 
45 67   845 
45 68   475 
45 69   199 
45 70   465 
45 71   831 
45 72   814 
45 73    39 
45 74   445 
45 75   101 
45 76   545 
45 77   138 
45 78   268 
45 79   608 
45 80   539 
45 81   484 
45 82     5 
45 83   897 
45 84    87 
45 85   290 
45 86   435 
45 87    68 
45 88   394 
45 89   249 
45 90   630 
45 91    75 
45 92   553 
45 93   775 
45 94   698 
45 95   997 
45 96   160 
45 97   933 
45 98   401 
45 99   382 
45 100   246 
46 48   776 
46 49   633 
46 50   947 
46 51   567 
46 52   304 
46 53    37 
46 54   865 
46 55   411 
46 56   836 
46 57   961 
46 58   686 
46 59    48 
46 60   863 
46 61   566 
46 62   382 
46 63    73 
46 64   277 
46 65   990 
46 66   125 
46 67   423 
46 68   624 
46 69   624 
46 70   131 
46 71   745 
46 72   713 
46 73   529 
46 74   300 
46 75   893 
46 76   101 
46 77   690 
46 78   563 
46 79   772 
46 80   779 
46 81    80 
46 82   801 
46 83   606 
46 84   862 
46 85   834 
46 86   588 
46 87   816 
46 88   573 
46 89   400 
46 90   100 
46 91   517 
46 92   644 
46 93    64 
46 94     0 
46 95   914 
46 96     6 
46 97   605 
46 98   979 
46 99    44 
46 100   168 
47 49   640 
47 50   484 
47 51   670 
47 52   448 
47 53   509 
47 54   656 
47 55   148 
47 56    39 
47 57    57 
47 58   709 
47 59   647 
47 60   365 
47 61   642 
47 62    21 
47 63   915 
47 64   311 
47 65   623 
47 66   133 
47 67     8 
47 68   576 
47 69   800 
47 70   465 
47 71   550 
47 72   804 
47 73    19 
47 74    87 
47 75   630 
47 76   215 
47 77   688 
47 78   566 
47 79   173 
47 80    49 
47 81   711 
47 82   618 
47 83   363 
47 84   459 
47 85   431 
47 86    84 
47 87   361 
47 88   961 
47 89     3 
47 90   184 
47 91   690 
47 92   692 
47 93   748 
47 94   314 
47 95   111 
47 96    81 
47 97   947 
47 98   194 
47 99   818 
47 100    74 
48 50   840 
48 51   932 
48 52   202 
48 53   718 
48 54   927 
48 55   988 
48 56   508 
48 57   285 
48 58   200 
48 59   428 
48 60   793 
48 61   394 
48 62   768 
48 63    35 
48 64   968 
48 65   713 
48 66   365 
48 67    99 
48 68   778 
48 69    51 
48 70   165 
48 71   943 
48 72   728 
48 73   862 
48 74   406 
48 75   700 
48 76   464 
48 77   808 
48 78   514 
48 79   724 
48 80   986 
48 81   938 
48 82   921 
48 83   686 
48 84   237 
48 85   112 
48 86   492 
48 87   984 
48 88    89 
48 89   752 
48 90   824 
48 91   990 
48 92   589 
48 93   679 
48 94   625 
48 95   995 
48 96   950 
48 97   407 
48 98   102 
48 99    69 
48 100   147 
49 51   713 
49 52   201 
49 53   680 
49 54   733 
49 55    16 
49 56   919 
49 57   798 
49 58   149 
49 59   406 
49 60   568 
49 61   264 
49 62   754 
49 63   500 
49 64   309 
49 65   204 
49 66   245 
49 67   491 
49 68   950 
49 69   755 
49 70   743 
49 71   443 
49 72   797 
49 73   317 
49 74   217 
49 75   997 
49 76   626 
49 77    64 
49 78   115 
49 79   606 
49 80   718 
49 81   799 
49 82   945 
49 83   586 
49 84   257 
49 85   833 
49 86   170 
49 87   987 
49 88   443 
49 89   900 
49 90   124 
49 91   653 
49 92   830 
49 93   675 
49 94   426 
49 95   398 
49 96   700 
49 97   936 
49 98   232 
49 99   166 
49 100   721 
50 52   664 
50 53   107 
50 54   776 
50 55   235 
50 56   834 
50 57   540 
50 58   473 
50 59   441 
50 60   275 
50 61     8 
50 62   755 
50 63   572 
50 64   604 
50 65   852 
50 66   187 
50 67   108 
50 68    83 
50 69    34 
50 70   761 
50 71   712 
50 72   429 
50 73   220 
50 74   483 
50 75   675 
50 76   632 
50 77   996 
50 78   133 
50 79   678 
50 80   771 
50 81   699 
50 82   691 
50 83     2 
50 84   386 
50 85   524 
50 86   203 
50 87   579 
50 88   859 
50 89   845 
50 90   957 
50 91   833 
50 92   895 
50 93   526 
50 94   917 
50 95   921 
50 96    37 
50 97   898 
50 98   833 
50 99   275 
50 100   205 
51 53   428 
51 54   451 
51 55   997 
51 56   238 
51 57    95 
51 58   202 
51 59   102 
51 60    67 
51 61    84 
51 62   536 
51 63   306 
51 64   617 
51 65   544 
51 66   784 
51 67   114 
51 68   590 
51 69   835 
51 70   261 
51 71   155 
51 72   765 
51 73   262 
51 74   535 
51 75   912 
51 76   678 
51 77   645 
51 78   596 
51 79   369 
51 80   902 
51 81   460 
51 82   301 
51 83   327 
51 84   690 
51 85   143 
51 86   465 
51 87   655 
51 88    51 
51 89   968 
51 90   658 
51 91   515 
51 92   254 
51 93   712 
51 94   923 
51 95   575 
51 96   383 
51 97   574 
51 98    78 
51 99   516 
51 100   616 
52 54   143 
52 55   397 
52 56   292 
52 57     2 
52 58    84 
52 59   464 
52 60   358 
52 61   724 
52 62   406 
52 63   552 
52 64   941 
52 65   863 
52 66   247 
52 67   968 
52 68   625 
52 69   746 
52 70   256 
52 71   818 
52 72   329 
52 73   830 
52 74   163 
52 75   313 
52 76   841 
52 77   742 
52 78    57 
52 79   495 
52 80   690 
52 81   904 
52 82   406 
52 83   106 
52 84   118 
52 85   132 
52 86   697 
52 87   151 
52 88   475 
52 89   148 
52 90   113 
52 91   581 
52 92   848 
52 93    52 
52 94   765 
52 95   574 
52 96   108 
52 97    46 
52 98    25 
52 99   667 
52 100    40 
53 55   740 
53 56   110 
53 57   490 
53 58   683 
53 59   273 
53 60   692 
53 61   525 
53 62   443 
53 63   786 
53 64   486 
53 65   695 
53 66   925 
53 67   113 
53 68   534 
53 69    85 
53 70   174 
53 71   894 
53 72   106 
53 73   446 
53 74   345 
53 75   940 
53 76   354 
53 77    87 
53 78   899 
53 79   273 
53 80   471 
53 81   385 
53 82   516 
53 83   505 
53 84   377 
53 85   100 
53 86    73 
53 87   398 
53 88   949 
53 89   254 
53 90     8 
53 91   950 
53 92   213 
53 93   821 
53 94   617 
53 95   917 
53 96   642 
53 97    56 
53 98   996 
53 99   815 
53 100    97 
54 56   655 
54 57   511 
54 58   375 
54 59   344 
54 60   830 
54 61   343 
54 62   455 
54 63   409 
54 64   179 
54 65   545 
54 66   426 
54 67   591 
54 68   375 
54 69   502 
54 70   872 
54 71   550 
54 72   694 
54 73   381 
54 74    50 
54 75   538 
54 76   997 
54 77    35 
54 78    62 
54 79   433 
54 80   245 
54 81   110 
54 82   162 
54 83   112 
54 84   127 
54 85   452 
54 86   261 
54 87   115 
54 88   885 
54 89   507 
54 90   178 
54 91   266 
54 92   810 
54 93   549 
54 94   427 
54 95   742 
54 96   665 
54 97   863 
54 98    14 
54 99   564 
54 100   330 
55 57   370 
55 58   682 
55 59   751 
55 60   151 
55 61   926 
55 62   146 
55 63   235 
55 64   702 
55 65    28 
55 66   435 
55 67   701 
55 68   957 
55 69   128 
55 70   101 
55 71    97 
55 72   182 
55 73   485 
55 74   160 
55 75   340 
55 76   520 
55 77   763 
55 78   955 
55 79   799 
55 80   255 
55 81   564 
55 82   103 
55 83   418 
55 84   970 
55 85     1 
55 86   619 
55 87   878 
55 88   642 
55 89    44 
55 90   255 
55 91   600 
55 92   834 
55 93   580 
55 94   514 
55 95   524 
55 96   274 
55 97   845 
55 98   281 
55 99   839 
55 100    50 
56 58   181 
56 59   105 
56 60   597 
56 61   238 
56 62   320 
56 63   244 
56 64   794 
56 65   927 
56 66   562 
56 67    76 
56 68   835 
56 69   772 
56 70   838 
56 71   167 
56 72   315 
56 73   259 
56 74   801 
56 75    26 
56 76    61 
56 77   464 
56 78   482 
56 79   722 
56 80   815 
56 81   155 
56 82   708 
56 83   442 
56 84   618 
56 85   487 
56 86   953 
56 87   497 
56 88   686 
56 89   447 
56 90   134 
56 91   703 
56 92   266 
56 93   988 
56 94   973 
56 95   130 
56 96   451 
56 97   308 
56 98   208 
56 99   418 
56 100    62 
57 59   858 
57 60   362 
57 61   460 
57 62   926 
57 63   126 
57 64   341 
57 65   906 
57 66   524 
57 67   318 
57 68    56 
57 69   389 
57 70   458 
57 71   132 
57 72   829 
57 73   267 
57 74   941 
57 75   395 
57 76    72 
57 77   683 
57 78   693 
57 79   542 
57 80   668 
57 81   419 
57 82   854 
57 83   864 
57 84   972 
57 85   711 
57 86   590 
57 87   828 
57 88   332 
57 89   397 
57 90   273 
57 91   119 
57 92   951 
57 93   559 
57 94   686 
57 95   531 
57 96   454 
57 97   905 
57 98   386 
57 99   216 
57 100   962 
58 60   422 
58 61   279 
58 62   481 
58 63   191 
58 64   917 
58 65   934 
58 66   332 
58 67   477 
58 68   432 
58 69   384 
58 70   870 
58 71   864 
58 72   226 
58 73    40 
58 74   254 
58 75   790 
58 76   377 
58 77   870 
58 78   208 
58 79   231 
58 80   629 
58 81   535 
58 82   861 
58 83   419 
58 84   877 
58 85   190 
58 86   438 
58 87    16 
58 88   854 
58 89   216 
58 90   881 
58 91   218 
58 92   769 
58 93   552 
58 94   645 
58 95   855 
58 96   492 
58 97    91 
58 98   306 
58 99   455 
58 100   544 
59 61   827 
59 62   969 
59 63    92 
59 64   225 
59 65   421 
59 66    81 
59 67   422 
59 68   191 
59 69    26 
59 70   219 
59 71   887 
59 72   765 
59 73   249 
59 74   455 
59 75   726 
59 76   263 
59 77   742 
59 78   688 
59 79    74 
59 80   108 
59 81   418 
59 82   370 
59 83   105 
59 84   768 
59 85   893 
59 86   331 
59 87   173 
59 88   972 
59 89    15 
59 90   474 
59 91   742 
59 92   730 
59 93   737 
59 94   826 
59 95   182 
59 96    64 
59 97   444 
59 98   792 
59 99   200 
59 100   625 
60 62   926 
60 63   327 
60 64   316 
60 65   608 
60 66   466 
60 67   850 
60 68   336 
60 69   479 
60 70   543 
60 71   127 
60 72   828 
60 73   410 
60 74   637 
60 75   102 
60 76    30 
60 77   388 
60 78   876 
60 79   955 
60 80    30 
60 81   655 
60 82   334 
60 83   253 
60 84   558 
60 85   833 
60 86   196 
60 87   894 
60 88   578 
60 89   707 
60 90   807 
60 91   797 
60 92   833 
60 93   787 
60 94    36 
60 95   588 
60 96   210 
60 97   207 
60 98   230 
60 99   759 
60 100   874 
61 63   706 
61 64   275 
61 65   178 
61 66   515 
61 67   647 
61 68   475 
61 69   672 
61 70   216 
61 71   755 
61 72   484 
61 73   882 
61 74   546 
61 75   857 
61 76   239 
61 77   286 
61 78   759 
61 79   447 
61 80   672 
61 81   303 
61 82   580 
61 83   543 
61 84   902 
61 85   445 
61 86   146 
61 87    54 
61 88   300 
61 89    99 
61 90   178 
61 91   161 
61 92   671 
61 93   420 
61 94   689 
61 95   277 
61 96   373 
61 97   585 
61 98    26 
61 99   104 
61 100   591 
62 64   364 
62 65   621 
62 66   336 
62 67   632 
62 68   674 
62 69   415 
62 70   298 
62 71   712 
62 72   179 
62 73   464 
62 74    14 
62 75   814 
62 76    61 
62 77   680 
62 78   737 
62 79   187 
62 80   938 
62 81   460 
62 82   359 
62 83   761 
62 84   698 
62 85   673 
62 86   276 
62 87   478 
62 88   767 
62 89   928 
62 90   322 
62 91   371 
62 92   637 
62 93    99 
62 94   444 
62 95   363 
62 96   913 
62 97   265 
62 98   988 
62 99   950 
62 100   572 
63 65   217 
63 66   667 
63 67   158 
63 68   794 
63 69   619 
63 70   485 
63 71   478 
63 72   932 
63 73   349 
63 74   875 
63 75   815 
63 76    28 
63 77   312 
63 78   684 
63 79   696 
63 80   856 
63 81   372 
63 82   156 
63 83   315 
63 84   241 
63 85    17 
63 86   834 
63 87   172 
63 88   305 
63 89   575 
63 90   829 
63 91   870 
63 92   794 
63 93   735 
63 94    34 
63 95     7 
63 96   973 
63 97   362 
63 98   637 
63 99   455 
63 100   510 
64 66    10 
64 67   567 
64 68   883 
64 69   652 
64 70   487 
64 71   143 
64 72    91 
64 73   200 
64 74   589 
64 75   764 
64 76   706 
64 77   102 
64 78   166 
64 79   340 
64 80   754 
64 81   133 
64 82   675 
64 83   253 
64 84   881 
64 85   387 
64 86   155 
64 87   778 
64 88   149 
64 89   320 
64 90   683 
64 91   739 
64 92   893 
64 93    62 
64 94   343 
64 95   476 
64 96    15 
64 97   534 
64 98   640 
64 99   214 
64 100   655 
65 67    75 
65 68   592 
65 69   917 
65 70   105 
65 71   494 
65 72   743 
65 73   187 
65 74   348 
65 75   292 
65 76   878 
65 77   200 
65 78   551 
65 79   261 
65 80   294 
65 81    76 
65 82   138 
65 83   786 
65 84   359 
65 85   295 
65 86    57 
65 87   210 
65 88   264 
65 89   956 
65 90   933 
65 91   811 
65 92   861 
65 93   299 
65 94   858 
65 95   965 
65 96   547 
65 97   895 
65 98   924 
65 99   458 
65 100   233 
66 68   785 
66 69   794 
66 70   635 
66 71    65 
66 72   861 
66 73    18 
66 74   888 
66 75   174 
66 76   381 
66 77   376 
66 78   980 
66 79   621 
66 80   220 
66 81   425 
66 82   949 
66 83   131 
66 84   360 
66 85   486 
66 86   612 
66 87   939 
66 88   851 
66 89   800 
66 90   906 
66 91   852 
66 92   948 
66 93   928 
66 94   399 
66 95   772 
66 96   468 
66 97   953 
66 98   580 
66 99   297 
66 100   200 
67 69   644 
67 70   900 
67 71   384 
67 72    47 
67 73    94 
67 74   266 
67 75   177 
67 76   542 
67 77   144 
67 78   642 
67 79   429 
67 80    46 
67 81   281 
67 82   202 
67 83   588 
67 84   605 
67 85   198 
67 86   593 
67 87   918 
67 88   140 
67 89    11 
67 90   382 
67 91     4 
67 92   706 
67 93   768 
67 94    18 
67 95   302 
67 96   807 
67 97   752 
67 98   270 
67 99   451 
67 100    53 
68 70   772 
68 71   485 
68 72   514 
68 73   791 
68 74   503 
68 75   131 
68 76   364 
68 77     9 
68 78   482 
68 79   941 
68 80   206 
68 81    71 
68 82   529 
68 83    43 
68 84   147 
68 85   575 
68 86   386 
68 87   673 
68 88    84 
68 89   304 
68 90   108 
68 91   141 
68 92   300 
68 93   273 
68 94   965 
68 95   868 
68 96   408 
68 97   116 
68 98   849 
68 99   946 
68 100   759 
69 71   481 
69 72   291 
69 73   267 
69 74   895 
69 75   648 
69 76   105 
69 77   265 
69 78   711 
69 79   613 
69 80   298 
69 81   505 
69 82   711 
69 83   516 
69 84   947 
69 85   566 
69 86   329 
69 87   615 
69 88   532 
69 89   390 
69 90   820 
69 91   553 
69 92   322 
69 93   174 
69 94   469 
69 95   236 
69 96   883 
69 97   978 
69 98   428 
69 99   115 
69 100   393 
70 72   682 
70 73   794 
70 74   149 
70 75   874 
70 76   617 
70 77   862 
70 78   739 
70 79   442 
70 80   194 
70 81   402 
70 82   265 
70 83   362 
70 84   328 
70 85   608 
70 86   801 
70 87   497 
70 88    41 
70 89   754 
70 90   687 
70 91   436 
70 92    89 
70 93   680 
70 94   401 
70 95    39 
70 96   682 
70 97   423 
70 98   717 
70 99   318 
70 100   279 
71 73   770 
71 74   837 
71 75   281 
71 76   896 
71 77   969 
71 78   453 
71 79   920 
71 80   829 
71 81   299 
71 82   827 
71 83   352 
71 84   542 
71 85   115 
71 86   977 
71 87   505 
71 88    84 
71 89   567 
71 90   710 
71 91   477 
71 92   993 
71 93   566 
71 94   591 
71 95   312 
71 96   221 
71 97   101 
71 98   212 
71 99   550 
71 100   999 
72 74   783 
72 75   562 
72 76   151 
72 77   922 
72 78   160 
72 79   882 
72 80   354 
72 81   201 
72 82   809 
72 83   176 
72 84   578 
72 85   585 
72 86   913 
72 87   439 
72 88   227 
72 89   173 
72 90   291 
72 91   176 
72 92   106 
72 93   112 
72 94   183 
72 95   825 
72 96    63 
72 97   857 
72 98   870 
72 99   954 
72 100   745 
73 75   697 
73 76   588 
73 77   167 
73 78   717 
73 79   784 
73 80   596 
73 81   666 
73 82   742 
73 83   315 
73 84   485 
73 85   313 
73 86   485 
73 87     0 
73 88   674 
73 89   184 
73 90   795 
73 91   862 
73 92   640 
73 93   802 
73 94   617 
73 95   926 
73 96   688 
73 97   688 
73 98   391 
73 99   293 
73 100   635 
74 76   365 
74 77   570 
74 78   606 
74 79   487 
74 80   130 
74 81   412 
74 82   944 
74 83   131 
74 84   492 
74 85   861 
74 86   866 
74 87   825 
74 88   739 
74 89   479 
74 90    54 
74 91   129 
74 92   701 
74 93    35 
74 94    89 
74 95   282 
74 96   212 
74 97   882 
74 98    37 
74 99   436 
74 100   454 
75 77    23 
75 78   568 
75 79   477 
75 80   675 
75 81   459 
75 82   352 
75 83   183 
75 84   276 
75 85   153 
75 86    98 
75 87   974 
75 88   482 
75 89   353 
75 90   474 
75 91   371 
75 92   750 
75 93   682 
75 94    24 
75 95   472 
75 96   848 
75 97   610 
75 98   136 
75 99   738 
75 100   664 
76 78   725 
76 79   496 
76 80   783 
76 81   273 
76 82   356 
76 83   560 
76 84   498 
76 85   973 
76 86   364 
76 87   240 
76 88   224 
76 89   160 
76 90    23 
76 91   424 
76 92   186 
76 93   426 
76 94   299 
76 95   760 
76 96    66 
76 97   550 
76 98   315 
76 99   161 
76 100   543 
77 79   837 
77 80   125 
77 81   167 
77 82   958 
77 83   541 
77 84   265 
77 85   267 
77 86   690 
77 87   503 
77 88   384 
77 89   661 
77 90   969 
77 91   978 
77 92    78 
77 93    11 
77 94   194 
77 95   540 
77 96   345 
77 97   145 
77 98   544 
77 99   777 
77 100   140 
78 80   863 
78 81   706 
78 82   271 
78 83   970 
78 84   746 
78 85   310 
78 86   697 
78 87   813 
78 88   218 
78 89   810 
78 90   316 
78 91     7 
78 92   328 
78 93   577 
78 94   374 
78 95   971 
78 96   750 
78 97   100 
78 98   155 
78 99   555 
78 100   939 
79 81   300 
79 82   310 
79 83    52 
79 84   635 
79 85   181 
79 86   560 
79 87   225 
79 88   418 
79 89   812 
79 90   941 
79 91   530 
79 92    78 
79 93   946 
79 94   625 
79 95   848 
79 96   581 
79 97   897 
79 98   214 
79 99   716 
79 100   390 
80 82    46 
80 83   787 
80 84   429 
80 85   124 
80 86   671 
80 87    30 
80 88   199 
80 89   314 
80 90   530 
80 91   336 
80 92   557 
80 93   926 
80 94    32 
80 95   284 
80 96   570 
80 97   730 
80 98   284 
80 99   918 
80 100   411 
81 83   589 
81 84   954 
81 85   235 
81 86   135 
81 87   647 
81 88   142 
81 89   943 
81 90   735 
81 91   885 
81 92   792 
81 93   584 
81 94    99 
81 95   686 
81 96   369 
81 97   992 
81 98   769 
81 99   661 
81 100    11 
82 84   621 
82 85   682 
82 86   179 
82 87   413 
82 88   186 
82 89   563 
82 90   608 
82 91   801 
82 92   208 
82 93   360 
82 94   822 
82 95   760 
82 96   884 
82 97   635 
82 98   832 
82 99   899 
82 100    77 
83 85   816 
83 86   715 
83 87   382 
83 88   335 
83 89    59 
83 90   572 
83 91   899 
83 92   849 
83 93   983 
83 94   579 
83 95   226 
83 96    17 
83 97   622 
83 98     7 
83 99    61 
83 100   586 
84 86   458 
84 87   167 
84 88   268 
84 89   928 
84 90   891 
84 91   234 
84 92   657 
84 93   342 
84 94   572 
84 95    77 
84 96   617 
84 97   367 
84 98   991 
84 99   832 
84 100   301 
85 87   606 
85 88   778 
85 89   618 
85 90   835 
85 91   619 
85 92   611 
85 93   280 
85 94   345 
85 95   226 
85 96   152 
85 97    79 
85 98   524 
85 99    47 
85 100   642 
86 88   319 
86 89   620 
86 90   513 
86 91   868 
86 92    56 
86 93   568 
86 94   977 
86 95   759 
86 96   736 
86 97   132 
86 98   435 
86 99   536 
86 100   520 
87 89   194 
87 90    18 
87 91   280 
87 92   663 
87 93   300 
87 94   382 
87 95   977 
87 96   797 
87 97   705 
87 98   941 
87 99   632 
87 100   141 
88 90   358 
88 91   924 
88 92   917 
88 93   828 
88 94   821 
88 95    56 
88 96    59 
88 97   806 
88 98   927 
88 99   134 
88 100   215 
89 91   874 
89 92   848 
89 93   839 
89 94   466 
89 95    39 
89 96   228 
89 97   509 
89 98   596 
89 99   339 
89 100   551 
90 92   694 
90 93   287 
90 94   321 
90 95   496 
90 96   308 
90 97   504 
90 98   790 
90 99   324 
90 100   716 
91 93   236 
91 94   353 
91 95   981 
91 96   434 
91 97   487 
91 98    78 
91 99   129 
91 100   364 
92 94   523 
92 95   441 
92 96   361 
92 97    92 
92 98   668 
92 99     3 
92 100   412 
93 95   429 
93 96   149 
93 97   187 
93 98    42 
93 99   137 
93 100   260 
94 96   593 
94 97   358 
94 98   115 
94 99   768 
94 100   522 
95 97    73 
95 98    86 
95 99   391 
95 100   943 
96 98   566 
96 99   111 
96 100   887 
97 99   849 
97 100    62 
98 100   771 
0 
0 
0 
0 
0 
0 
0 
0 
0 
0 
0 
0 
0 
0 
0 
0 
0 
0 
0 
0 
0 
0 
0 
0 
0 
0 
0 
0 
0 
0 
0 
0 
0 
0 
0 
0 
0 
0 
0 
0 
0 
0 
0 
0 
0 
0 
0 
0 
0 
0 
0 
0 
0 
0 
0 
0 
0 
0 
0 
0 
0 
0 
0 
0 
0 
0 
0 
0 
0 
0 
0 
0 
0 
0 
0 
0 
0 
0 
0 
0 
0 
0 
0 
0 
0 
0 
0 
0 
0 
0 
0 
0 
0 
0 
0 
0 
0 
0 
0 
0 
  898   775 
  623   403 
  490   916 
  734   413 
  962   115 
  984    91 
  371   152 
  273   458 
  855   590 
   64    85 
  622    85 
  150   570 
  189   358 
  638   164 
  990   955 
  714   328 
   92   929 
  742   396 
  622    39 
  280   207 
  876   139 
  238   429 
  650   812 
  401   799 
  377   864 
  504   574 
  511   532 
   75   529 
  978    90 
  996   512 
  177   633 
  475   281 
  794   149 
  800   230 
  432   845 
  659   451 
  171    52 
  876   627 
  738   589 
  845   307 
   41   312 
  278   211 
  537   363 
  113    63 
  775   430 
  874   313 
  179    42 
  425   917 
  218   749 
  967   578 
  213    87 
  948   275 
  825   967 
  326   876 
  618    49 
  352   282 
  579   957 
  576   464 
  956   406 
  695   310 
  779   953 
  291   166 
  833   383 
  914   722 
   51   870 
  901   643 
  307   237 
  425   726 
  775   690 
  693   328 
   76   869 
  897   688 
  775   832 
  931   505 
  816   211 
  960   539 
  689   931 
  158   884 
  894   253 
  531   915 
   29   365 
   91   870 
  874   182 
  946    32 
  585   319 
  688   834 
  597   987 
  604   248 
  671   718 
  537   714 
   31   561 
  850   655 
  282   994 
  932   145 
  165   631 
   18   109 
  592   889 
  964    16 
    4   115 
  894   941 
