100 2500 
1 51   987 
1 52   657 
2 52   776 
2 53   976 
3 53   293 
3 54   917 
4 54   128 
4 55    27 
5 55   335 
5 56   103 
6 56   957 
6 57   668 
7 57   537 
7 58    95 
8 58   132 
8 59     6 
9 59   360 
9 60   223 
10 60   281 
10 61   784 
11 61   570 
11 62   804 
12 62   101 
12 63   881 
13 63   479 
13 64   135 
14 64    47 
14 65   150 
15 65   185 
15 66   964 
16 66   860 
16 67   156 
17 67   710 
17 68     3 
18 68   250 
18 69   205 
19 69   247 
19 70    38 
20 70   151 
20 71   562 
21 71   119 
21 72   969 
22 72   817 
22 73   937 
23 73   430 
23 74   222 
24 74   434 
24 75   480 
25 75   259 
25 76   413 
26 76   530 
26 77     9 
27 77   210 
27 78   718 
28 78    69 
28 79   754 
29 79   629 
29 80   933 
30 80   266 
30 81   227 
31 81   464 
31 82   255 
32 82   311 
32 83    18 
33 83   817 
33 84   642 
34 84   156 
34 85   711 
35 85   330 
35 86   515 
36 86    20 
36 87   102 
37 87   569 
37 88   275 
38 88   399 
38 89   581 
39 89   820 
39 90    21 
40 90   177 
40 91   575 
41 91   758 
41 92     0 
42 92   950 
42 93   509 
43 93   716 
43 94   111 
44 94   997 
44 95   302 
45 95   609 
45 96   988 
46 96   794 
46 97   399 
47 97    93 
47 98   173 
48 98   740 
48 99   931 
49 99   859 
49 100   186 
50 100   700 
1 53   342 
1 54   950 
1 55   290 
1 56   212 
1 57   933 
1 58   969 
1 59   611 
1 60   354 
1 61   883 
1 62   689 
1 63   118 
1 64   401 
1 65   399 
1 66   740 
1 67    50 
1 68   160 
1 69   384 
1 70   837 
1 71    62 
1 72   461 
1 73   685 
1 74   680 
1 75    35 
1 76   330 
1 77   488 
1 78    88 
1 79   132 
1 80   991 
1 81   972 
1 82   558 
1 83   556 
1 84   456 
1 85   320 
1 86    47 
1 87   567 
1 88   848 
1 89   810 
1 90   505 
1 91   165 
1 92   158 
1 93   678 
1 94   936 
1 95   551 
1 96   567 
1 97   417 
1 98   450 
1 99   318 
1 100   862 
2 51   640 
2 54   675 
2 55   811 
2 56   563 
2 57   818 
2 58   599 
2 59   593 
2 60   502 
2 61    34 
2 62   383 
2 63    64 
2 64   781 
2 65    13 
2 66   472 
2 67   767 
2 68   843 
2 69   781 
2 70   279 
2 71   145 
2 72   144 
2 73   369 
2 74   524 
2 75     1 
2 76   126 
2 77   820 
2 78   454 
2 79   352 
2 80    83 
2 81    61 
2 82   174 
2 83   640 
2 84    98 
2 85   649 
2 86   951 
2 87   904 
2 88   128 
2 89   268 
2 90   184 
2 91    25 
2 92    75 
2 93    88 
2 94   608 
2 95   435 
2 96   239 
2 97   895 
2 98   684 
2 99    75 
2 100   494 
3 51   759 
3 52   472 
3 55   726 
3 56   317 
3 57   714 
3 58   652 
3 59   194 
3 60   492 
3 61   296 
3 62   357 
3 63   285 
3 64   412 
3 65   789 
3 66   156 
3 67   895 
3 68   173 
3 69   675 
3 70   527 
3 71   769 
3 72   420 
3 73   420 
3 74   357 
3 75   337 
3 76   709 
3 77   670 
3 78   807 
3 79   391 
3 80   983 
3 81   646 
3 82   530 
3 83   328 
3 84   836 
3 85   821 
3 86   777 
3 87   710 
3 88   987 
3 89   496 
3 90   667 
3 91   679 
3 92   966 
3 93   558 
3 94    32 
3 95   409 
3 96   602 
3 97   246 
3 98   577 
3 99   540 
3 100   630 
4 51   171 
4 52   468 
4 53   767 
4 56   237 
4 57   986 
4 58    38 
4 59   958 
4 60    64 
4 61   354 
4 62   704 
4 63   862 
4 64   111 
4 65   894 
4 66   596 
4 67   765 
4 68   331 
4 69   593 
4 70   797 
4 71   197 
4 72   129 
4 73   526 
4 74   178 
4 75   533 
4 76   804 
4 77   476 
4 78   981 
4 79   610 
4 80   217 
4 81   414 
4 82   487 
4 83   913 
4 84   661 
4 85   903 
4 86   201 
4 87   615 
4 88    91 
4 89   536 
4 90   235 
4 91   282 
4 92   372 
4 93   175 
4 94   795 
4 95   973 
4 96   106 
4 97   912 
4 98   294 
4 99   172 
4 100   241 
5 51   648 
5 52   384 
5 53   899 
5 54   869 
5 57   368 
5 58    45 
5 59   869 
5 60   667 
5 61   569 
5 62   277 
5 63   407 
5 64   920 
5 65   256 
5 66   141 
5 67   829 
5 68   354 
5 69    28 
5 70   992 
5 71   982 
5 72   949 
5 73   127 
5 74   234 
5 75   800 
5 76   654 
5 77   341 
5 78   745 
5 79   167 
5 80   464 
5 81   166 
5 82   653 
5 83   310 
5 84   639 
5 85   761 
5 86   419 
5 87   510 
5 88   940 
5 89   691 
5 90   690 
5 91   684 
5 92    31 
5 93   177 
5 94   730 
5 95   451 
5 96   489 
5 97   167 
5 98   117 
5 99   743 
5 100   147 
6 51   115 
6 52   411 
6 53   391 
6 54   613 
6 55    42 
6 58   850 
6 59   907 
6 60   439 
6 61   287 
6 62   927 
6 63   549 
6 64   525 
6 65   921 
6 66   677 
6 67   846 
6 68   829 
6 69   989 
6 70   833 
6 71   595 
6 72   825 
6 73   963 
6 74   188 
6 75   777 
6 76   765 
6 77   115 
6 78   914 
6 79   600 
6 80   466 
6 81   503 
6 82   941 
6 83   535 
6 84   857 
6 85   273 
6 86   129 
6 87   134 
6 88   919 
6 89   379 
6 90   470 
6 91   769 
6 92   401 
6 93   320 
6 94   559 
6 95   180 
6 96   536 
6 97   479 
6 98   231 
6 99   255 
6 100   287 
7 51   603 
7 52   676 
7 53   490 
7 54   479 
7 55   167 
7 56   597 
7 59   226 
7 60   895 
7 61   920 
7 62   890 
7 63   491 
7 64   393 
7 65   767 
7 66   371 
7 67     0 
7 68   878 
7 69    64 
7 70   211 
7 71   967 
7 72   769 
7 73   497 
7 74   520 
7 75   293 
7 76   881 
7 77   358 
7 78   293 
7 79   253 
7 80   278 
7 81   262 
7 82   629 
7 83   130 
7 84   152 
7 85   879 
7 86   286 
7 87    83 
7 88   392 
7 89   391 
7 90   621 
7 91   375 
7 92   901 
7 93   104 
7 94   434 
7 95    28 
7 96   792 
7 97    89 
7 98   634 
7 99   199 
7 100   365 
8 51   237 
8 52   674 
8 53   318 
8 54   735 
8 55   782 
8 56   201 
8 57   919 
8 60   751 
8 61   111 
8 62    65 
8 63   619 
8 64   521 
8 65   968 
8 66   145 
8 67   936 
8 68   214 
8 69   908 
8 70   790 
8 71   733 
8 72    89 
8 73   839 
8 74   443 
8 75   296 
8 76   347 
8 77    48 
8 78   434 
8 79    17 
8 80   837 
8 81   765 
8 82   864 
8 83   247 
8 84   413 
8 85   738 
8 86   667 
8 87   166 
8 88   486 
8 89   300 
8 90   342 
8 91   662 
8 92   404 
8 93   726 
8 94   647 
8 95   578 
8 96   634 
8 97   297 
8 98   830 
8 99   470 
8 100    93 
9 51   204 
9 52   252 
9 53   278 
9 54   411 
9 55   801 
9 56   261 
9 57   140 
9 58   238 
9 61   976 
9 62   782 
9 63   782 
9 64   315 
9 65   335 
9 66   910 
9 67   326 
9 68   892 
9 69   383 
9 70   737 
9 71   990 
9 72   971 
9 73   433 
9 74     2 
9 75   174 
9 76   206 
9 77   472 
9 78   881 
9 79   710 
9 80   671 
9 81   413 
9 82     7 
9 83   436 
9 84   878 
9 85   783 
9 86   154 
9 87   908 
9 88   361 
9 89   141 
9 90   245 
9 91    80 
9 92   336 
9 93     7 
9 94   743 
9 95   242 
9 96   765 
9 97    31 
9 98   279 
9 99   805 
9 100   624 
10 51   814 
10 52   804 
10 53   260 
10 54   559 
10 55   453 
10 56   449 
10 57   912 
10 58   793 
10 59   687 
10 62   581 
10 63   700 
10 64   189 
10 65   396 
10 66   659 
10 67   399 
10 68   990 
10 69   561 
10 70    91 
10 71   975 
10 72   435 
10 73   924 
10 74   493 
10 75   894 
10 76   102 
10 77   568 
10 78   435 
10 79   698 
10 80    30 
10 81   910 
10 82   298 
10 83   631 
10 84    15 
10 85    42 
10 86   414 
10 87   160 
10 88   720 
10 89   236 
10 90   343 
10 91   703 
10 92   153 
10 93   287 
10 94   462 
10 95   499 
10 96   575 
10 97   715 
10 98   756 
10 99   280 
10 100   643 
11 51   627 
11 52    42 
11 53   672 
11 54   199 
11 55   364 
11 56   649 
11 57   593 
11 58   858 
11 59   777 
11 60   830 
11 63   295 
11 64   187 
11 65   509 
11 66   855 
11 67   368 
11 68   382 
11 69   408 
11 70    21 
11 71   954 
11 72   882 
11 73   540 
11 74   423 
11 75   229 
11 76   419 
11 77   966 
11 78   181 
11 79   798 
11 80   944 
11 81   961 
11 82   555 
11 83    94 
11 84   486 
11 85   684 
11 86   292 
11 87   857 
11 88   518 
11 89   936 
11 90   843 
11 91   873 
11 92   163 
11 93   859 
11 94   519 
11 95   609 
11 96   816 
11 97   695 
11 98   946 
11 99   649 
11 100   951 
12 51   412 
12 52   530 
12 53    79 
12 54   757 
12 55    92 
12 56    71 
12 57   155 
12 58   919 
12 59   693 
12 60   519 
12 61    68 
12 64   279 
12 65   474 
12 66   555 
12 67   395 
12 68   419 
12 69   319 
12 70   257 
12 71   571 
12 72    96 
12 73   307 
12 74   722 
12 75   933 
12 76   998 
12 77   158 
12 78    38 
12 79   902 
12 80    74 
12 81    44 
12 82   865 
12 83   730 
12 84   181 
12 85   957 
12 86   213 
12 87   439 
12 88    12 
12 89   725 
12 90   698 
12 91   477 
12 92   146 
12 93   411 
12 94   194 
12 95   766 
12 96   120 
12 97   185 
12 98   420 
12 99   826 
12 100   452 
13 51   519 
13 52   893 
13 53   332 
13 54   475 
13 55   857 
13 56   635 
13 57   562 
13 58   964 
13 59   215 
13 60   934 
13 61   226 
13 62    71 
13 65   554 
13 66   232 
13 67   225 
13 68   890 
13 69   120 
13 70   119 
13 71   344 
13 72   997 
13 73   543 
13 74   811 
13 75   872 
13 76   987 
13 77   567 
13 78   993 
13 79   692 
13 80    82 
13 81   407 
13 82   473 
13 83   388 
13 84   661 
13 85   661 
13 86    78 
13 87   473 
13 88   828 
13 89   524 
13 90   384 
13 91   194 
13 92   860 
13 93   258 
13 94    98 
13 95   985 
13 96   809 
13 97   441 
13 98   134 
13 99   111 
13 100   792 
14 51   934 
14 52   971 
14 53   327 
14 54   971 
14 55   469 
14 56   477 
14 57   341 
14 58   518 
14 59   935 
14 60   886 
14 61   345 
14 62   716 
14 63   647 
14 66   866 
14 67   505 
14 68   501 
14 69   745 
14 70   825 
14 71   369 
14 72   182 
14 73   852 
14 74   454 
14 75   968 
14 76   776 
14 77   838 
14 78   920 
14 79   315 
14 80   366 
14 81   988 
14 82   948 
14 83   498 
14 84   213 
14 85   574 
14 86    36 
14 87   784 
14 88   111 
14 89   293 
14 90   752 
14 91   367 
14 92    45 
14 93   961 
14 94    51 
14 95   489 
14 96   907 
14 97    66 
14 98   629 
14 99   806 
14 100   958 
15 51   663 
15 52    34 
15 53   969 
15 54   167 
15 55   992 
15 56   340 
15 57   119 
15 58   354 
15 59   476 
15 60    74 
15 61   826 
15 62   176 
15 63   637 
15 64   664 
15 67   934 
15 68   395 
15 69   488 
15 70   641 
15 71   526 
15 72   144 
15 73   851 
15 74   799 
15 75    97 
15 76   274 
15 77   274 
15 78    46 
15 79     5 
15 80   662 
15 81   825 
15 82   457 
15 83   163 
15 84   874 
15 85   744 
15 86   873 
15 87   929 
15 88   399 
15 89    63 
15 90   150 
15 91    60 
15 92   806 
15 93   722 
15 94   290 
15 95   283 
15 96   315 
15 97   365 
15 98    48 
15 99   987 
15 100   183 
16 51   158 
16 52   804 
16 53   613 
16 54   390 
16 55   773 
16 56   738 
16 57   209 
16 58   753 
16 59   875 
16 60   489 
16 61   310 
16 62   604 
16 63   761 
16 64   485 
16 65   795 
16 68   217 
16 69   908 
16 70   319 
16 71   545 
16 72   952 
16 73   601 
16 74   655 
16 75   714 
16 76   962 
16 77   835 
16 78   914 
16 79   800 
16 80   673 
16 81   527 
16 82   725 
16 83    68 
16 84   849 
16 85   372 
16 86   578 
16 87   456 
16 88   611 
16 89   796 
16 90   729 
16 91   491 
16 92   440 
16 93   472 
16 94   605 
16 95   290 
16 96   627 
16 97   731 
16 98   617 
16 99   838 
16 100   380 
17 51   410 
17 52   457 
17 53   310 
17 54   820 
17 55   516 
17 56     1 
17 57   772 
17 58   193 
17 59   925 
17 60     6 
17 61   546 
17 62   571 
17 63   476 
17 64   268 
17 65   686 
17 66   599 
17 69   222 
17 70   293 
17 71   652 
17 72   479 
17 73   151 
17 74   487 
17 75    64 
17 76   930 
17 77   657 
17 78   531 
17 79   840 
17 80   304 
17 81   166 
17 82   888 
17 83   827 
17 84   174 
17 85   813 
17 86   920 
17 87   276 
17 88   967 
17 89   138 
17 90   735 
17 91   736 
17 92   570 
17 93   739 
17 94   887 
17 95   471 
17 96   495 
17 97   797 
17 98   918 
17 99   737 
17 100   735 
18 51   958 
18 52   664 
18 53    17 
18 54   316 
18 55     3 
18 56   549 
18 57   949 
18 58   166 
18 59   123 
18 60   756 
18 61   134 
18 62   673 
18 63   972 
18 64   244 
18 65   715 
18 66   286 
18 67    38 
18 70   175 
18 71   149 
18 72   237 
18 73   659 
18 74   226 
18 75   517 
18 76   509 
18 77   418 
18 78   198 
18 79   120 
18 80   620 
18 81   154 
18 82   226 
18 83    34 
18 84   900 
18 85   889 
18 86     9 
18 87   910 
18 88   932 
18 89   386 
18 90   588 
18 91   199 
18 92   766 
18 93   749 
18 94   172 
18 95    17 
18 96   448 
18 97   203 
18 98   541 
18 99    34 
18 100   633 
19 51   551 
19 52   978 
19 53   246 
19 54    10 
19 55   182 
19 56   204 
19 57   845 
19 58   479 
19 59   114 
19 60    99 
19 61   602 
19 62   423 
19 63   149 
19 64   471 
19 65    76 
19 66   682 
19 67   404 
19 68   453 
19 71   462 
19 72   148 
19 73   217 
19 74   258 
19 75   272 
19 76   316 
19 77   214 
19 78   828 
19 79   263 
19 80   540 
19 81   596 
19 82    64 
19 83    74 
19 84   921 
19 85   582 
19 86     9 
19 87    39 
19 88   180 
19 89   439 
19 90   351 
19 91   564 
19 92   179 
19 93   577 
19 94   621 
19 95   858 
19 96   906 
19 97   337 
19 98    30 
19 99   294 
19 100   559 
20 51   248 
20 52   414 
20 53   161 
20 54   361 
20 55   361 
20 56   472 
20 57   924 
20 58   857 
20 59   569 
20 60   625 
20 61   176 
20 62   309 
20 63   479 
20 64   149 
20 65    41 
20 66   867 
20 67   246 
20 68   334 
20 69   715 
20 72   745 
20 73   992 
20 74   498 
20 75    56 
20 76    10 
20 77   133 
20 78   625 
20 79   450 
20 80   896 
20 81   584 
20 82   616 
20 83   850 
20 84   465 
20 85   697 
20 86   847 
20 87   531 
20 88   157 
20 89   223 
20 90    51 
20 91   917 
20 92   251 
20 93   628 
20 94   950 
20 95   483 
20 96   584 
20 97   740 
20 98   209 
20 99   528 
20 100   835 
21 51   488 
21 52    82 
21 53    40 
21 54   143 
21 55   165 
21 56    24 
21 57   493 
21 58   645 
21 59   927 
21 60   712 
21 61   266 
21 62   417 
21 63   355 
21 64   794 
21 65   882 
21 66    65 
21 67   881 
21 68   312 
21 69   558 
21 70   370 
21 73    25 
21 74   788 
21 75   550 
21 76   905 
21 77   799 
21 78   692 
21 79   447 
21 80   197 
21 81   862 
21 82   800 
21 83   638 
21 84    19 
21 85   980 
21 86   842 
21 87   346 
21 88   184 
21 89   110 
21 90   992 
21 91   829 
21 92   981 
21 93   526 
21 94   801 
21 95    48 
21 96   770 
21 97   826 
21 98   106 
21 99   784 
21 100   424 
22 51   633 
22 52   311 
22 53   503 
22 54   924 
22 55   122 
22 56   317 
22 57   120 
22 58   408 
22 59   932 
22 60   463 
22 61   235 
22 62   148 
22 63   960 
22 64   494 
22 65   171 
22 66   718 
22 67   477 
22 68   282 
22 69   216 
22 70   351 
22 71    74 
22 74   359 
22 75   708 
22 76   597 
22 77   734 
22 78   790 
22 79   649 
22 80   363 
22 81   625 
22 82   584 
22 83   810 
22 84   401 
22 85   448 
22 86   840 
22 87   283 
22 88   196 
22 89   859 
22 90   328 
22 91   537 
22 92   577 
22 93    11 
22 94   989 
22 95   401 
22 96   416 
22 97   456 
22 98   945 
22 99   750 
22 100    48 
23 51   539 
23 52   572 
23 53   514 
23 54   248 
23 55   359 
23 56    57 
23 57   475 
23 58   246 
23 59   275 
23 60   663 
23 61   205 
23 62   317 
23 63   320 
23 64   962 
23 65   566 
23 66   686 
23 67   393 
23 68   582 
23 69   840 
23 70   736 
23 71   636 
23 72   281 
23 75   613 
23 76   351 
23 77   455 
23 78   886 
23 79   356 
23 80    17 
23 81   379 
23 82   537 
23 83   612 
23 84   723 
23 85    85 
23 86   731 
23 87   587 
23 88   194 
23 89    42 
23 90   910 
23 91   322 
23 92   279 
23 93   664 
23 94   339 
23 95   626 
23 96   318 
23 97   138 
23 98   870 
23 99   652 
23 100   761 
24 51   321 
24 52   566 
24 53   546 
24 54   724 
24 55   750 
24 56   175 
24 57   258 
24 58   124 
24 59   721 
24 60   626 
24 61   283 
24 62   554 
24 63   548 
24 64   938 
24 65   407 
24 66   105 
24 67   992 
24 68   401 
24 69   365 
24 70   999 
24 71   765 
24 72   649 
24 73   462 
24 76   453 
24 77   147 
24 78    70 
24 79   405 
24 80   530 
24 81   446 
24 82   844 
24 83   353 
24 84   766 
24 85   131 
24 86   494 
24 87   351 
24 88   863 
24 89   346 
24 90   888 
24 91   984 
24 92    43 
24 93   617 
24 94   328 
24 95   137 
24 96   138 
24 97   635 
24 98   954 
24 99   849 
24 100   824 
25 51    77 
25 52   426 
25 53   660 
25 54   698 
25 55   488 
25 56   181 
25 57   581 
25 58   867 
25 59    40 
25 60   476 
25 61   529 
25 62   976 
25 63   509 
25 64    64 
25 65   337 
25 66   237 
25 67   399 
25 68   418 
25 69   362 
25 70   299 
25 71   820 
25 72   811 
25 73    42 
25 74    12 
25 77   642 
25 78   342 
25 79   883 
25 80   483 
25 81   397 
25 82    36 
25 83   153 
25 84   157 
25 85   542 
25 86   676 
25 87   529 
25 88    38 
25 89   725 
25 90   961 
25 91   285 
25 92   152 
25 93   309 
25 94   738 
25 95   481 
25 96   405 
25 97   320 
25 98   195 
25 99   419 
25 100   391 
26 51   287 
26 52    54 
26 53   539 
26 54   960 
26 55   622 
26 56   125 
26 57   441 
26 58   960 
26 59   271 
26 60   189 
26 61    86 
26 62   372 
26 63   500 
26 64   721 
26 65   902 
26 66   758 
26 67   981 
26 68   551 
26 69   112 
26 70   864 
26 71    93 
26 72   991 
26 73   895 
26 74   453 
26 75   640 
26 78   880 
26 79   588 
26 80   224 
26 81   207 
26 82    33 
26 83   383 
26 84   960 
26 85   777 
26 86   706 
26 87   233 
26 88   772 
26 89   362 
26 90   228 
26 91   518 
26 92   564 
26 93   424 
26 94   107 
26 95   232 
26 96   794 
26 97   550 
26 98   604 
26 99   920 
26 100   152 
27 51   232 
27 52   512 
27 53   465 
27 54   707 
27 55   182 
27 56   569 
27 57   154 
27 58   216 
27 59    56 
27 60   163 
27 61   619 
27 62   286 
27 63   842 
27 64   979 
27 65   448 
27 66   880 
27 67   610 
27 68   652 
27 69   967 
27 70   424 
27 71    19 
27 72   769 
27 73    36 
27 74   569 
27 75   135 
27 76   416 
27 79   889 
27 80   840 
27 81   177 
27 82   493 
27 83   856 
27 84   444 
27 85   718 
27 86   167 
27 87   611 
27 88   145 
27 89   884 
27 90    34 
27 91   705 
27 92   576 
27 93   836 
27 94   465 
27 95   386 
27 96   294 
27 97    69 
27 98   889 
27 99   731 
27 100   852 
28 51   928 
28 52    17 
28 53   280 
28 54   920 
28 55   310 
28 56   361 
28 57   781 
28 58   666 
28 59   149 
28 60   931 
28 61   113 
28 62   903 
28 63   294 
28 64   316 
28 65   769 
28 66   293 
28 67   692 
28 68   351 
28 69   333 
28 70   675 
28 71   501 
28 72   108 
28 73   893 
28 74   495 
28 75    33 
28 76   248 
28 77   457 
28 80   676 
28 81    64 
28 82   180 
28 83   334 
28 84   408 
28 85   855 
28 86   784 
28 87   436 
28 88   451 
28 89    21 
28 90   911 
28 91   711 
28 92   314 
28 93   742 
28 94   574 
28 95   938 
28 96   184 
28 97   194 
28 98   464 
28 99    18 
28 100   860 
29 51   488 
29 52   136 
29 53   518 
29 54    13 
29 55   312 
29 56   818 
29 57   663 
29 58   305 
29 59   422 
29 60     1 
29 61   180 
29 62   593 
29 63   736 
29 64   999 
29 65   904 
29 66   682 
29 67   588 
29 68   861 
29 69   578 
29 70   998 
29 71   459 
29 72   122 
29 73   692 
29 74    14 
29 75   461 
29 76   499 
29 77   316 
29 78   423 
29 81   173 
29 82   918 
29 83   153 
29 84   369 
29 85   560 
29 86    89 
29 87   225 
29 88   121 
29 89   104 
29 90   847 
29 91   327 
29 92   875 
29 93   294 
29 94   154 
29 95   330 
29 96   834 
29 97   738 
29 98   707 
29 99   517 
29 100   680 
30 51   577 
30 52   131 
30 53    90 
30 54   878 
30 55   631 
30 56    66 
30 57   261 
30 58   698 
30 59   383 
30 60   483 
30 61   172 
30 62    66 
30 63   613 
30 64   272 
30 65   695 
30 66   949 
30 67   228 
30 68   718 
30 69   145 
30 70   165 
30 71   291 
30 72   489 
30 73   864 
30 74   584 
30 75   503 
30 76   902 
30 77   136 
30 78   362 
30 79   869 
30 82   173 
30 83   903 
30 84   673 
30 85   761 
30 86   755 
30 87   221 
30 88   235 
30 89   517 
30 90   861 
30 91   704 
30 92   265 
30 93   311 
30 94   551 
30 95   921 
30 96   993 
30 97   426 
30 98   916 
30 99   995 
30 100   727 
31 51   759 
31 52   584 
31 53   425 
31 54   364 
31 55   611 
31 56   201 
31 57   888 
31 58   218 
31 59   214 
31 60   538 
31 61   130 
31 62   380 
31 63   965 
31 64   271 
31 65   873 
31 66   133 
31 67   621 
31 68   984 
31 69   502 
31 70   587 
31 71   576 
31 72   796 
31 73   509 
31 74   901 
31 75   234 
31 76   970 
31 77    38 
31 78   260 
31 79   824 
31 80   253 
31 83   580 
31 84   113 
31 85   471 
31 86    84 
31 87   943 
31 88   979 
31 89   325 
31 90   139 
31 91   717 
31 92   778 
31 93   100 
31 94   157 
31 95   722 
31 96   904 
31 97   446 
31 98    85 
31 99   286 
31 100   227 
32 51   612 
32 52   564 
32 53   346 
32 54   750 
32 55   728 
32 56   268 
32 57   751 
32 58   592 
32 59   680 
32 60    91 
32 61   646 
32 62    95 
32 63   882 
32 64     3 
32 65    35 
32 66   794 
32 67   359 
32 68   658 
32 69    84 
32 70   290 
32 71   686 
32 72    96 
32 73   577 
32 74   988 
32 75   834 
32 76   757 
32 77   198 
32 78   244 
32 79   560 
32 80   826 
32 81   871 
32 84   694 
32 85   855 
32 86     1 
32 87   900 
32 88   235 
32 89   759 
32 90   185 
32 91    63 
32 92   329 
32 93   573 
32 94   512 
32 95    74 
32 96   635 
32 97   166 
32 98    16 
32 99   764 
32 100   715 
33 51   303 
33 52   809 
33 53   862 
33 54   760 
33 55   891 
33 56   559 
33 57   326 
33 58   454 
33 59   262 
33 60   569 
33 61   168 
33 62   535 
33 63   342 
33 64   766 
33 65   882 
33 66   655 
33 67   243 
33 68   636 
33 69   827 
33 70    73 
33 71   345 
33 72   736 
33 73     6 
33 74   602 
33 75   437 
33 76   229 
33 77    15 
33 78    71 
33 79   457 
33 80   863 
33 81   801 
33 82   222 
33 85   321 
33 86   947 
33 87   188 
33 88   270 
33 89   115 
33 90   807 
33 91   165 
33 92   631 
33 93   900 
33 94   349 
33 95   934 
33 96   638 
33 97   767 
33 98   835 
33 99   576 
33 100   291 
34 51   946 
34 52   353 
34 53   328 
34 54     4 
34 55   414 
34 56   735 
34 57   396 
34 58   788 
34 59   114 
34 60    90 
34 61   755 
34 62   410 
34 63   198 
34 64   395 
34 65   645 
34 66    17 
34 67   563 
34 68   111 
34 69   348 
34 70   518 
34 71   655 
34 72   676 
34 73    99 
34 74   194 
34 75   702 
34 76   953 
34 77   318 
34 78    11 
34 79   925 
34 80   945 
34 81    44 
34 82   530 
34 83   415 
34 86   763 
34 87   748 
34 88   317 
34 89   585 
34 90   960 
34 91   780 
34 92   386 
34 93   902 
34 94   651 
34 95   704 
34 96   579 
34 97   928 
34 98   904 
34 99   345 
34 100   974 
35 51   725 
35 52   355 
35 53   437 
35 54   629 
35 55   962 
35 56   408 
35 57   463 
35 58   897 
35 59   540 
35 60   736 
35 61    66 
35 62   642 
35 63   355 
35 64   855 
35 65   600 
35 66   401 
35 67   764 
35 68     0 
35 69   638 
35 70   245 
35 71   616 
35 72   291 
35 73   800 
35 74    79 
35 75   417 
35 76   147 
35 77   449 
35 78   636 
35 79   152 
35 80   314 
35 81   153 
35 82   644 
35 83   324 
35 84   878 
35 87   675 
35 88   590 
35 89   537 
35 90   633 
35 91   720 
35 92   371 
35 93   650 
35 94    27 
35 95   809 
35 96   146 
35 97   755 
35 98   306 
35 99   999 
35 100   342 
36 51   559 
36 52   712 
36 53   519 
36 54   170 
36 55   219 
36 56   144 
36 57    69 
36 58   771 
36 59   896 
36 60   874 
36 61   430 
36 62   471 
36 63   667 
36 64   446 
36 65   162 
36 66   324 
36 67   665 
36 68   689 
36 69   295 
36 70   974 
36 71   616 
36 72   758 
36 73   316 
36 74   776 
36 75   283 
36 76   265 
36 77   410 
36 78   122 
36 79   412 
36 80   150 
36 81   420 
36 82   526 
36 83   423 
36 84   111 
36 85   275 
36 88   699 
36 89   702 
36 90   762 
36 91    19 
36 92   144 
36 93   750 
36 94   600 
36 95    67 
36 96    87 
36 97   134 
36 98   416 
36 99    60 
36 100   107 
37 51    97 
37 52   612 
37 53    70 
37 54   613 
37 55   563 
37 56   611 
37 57   935 
37 58   166 
37 59   779 
37 60   862 
37 61   248 
37 62   353 
37 63   548 
37 64   523 
37 65   517 
37 66   514 
37 67   684 
37 68   834 
37 69    98 
37 70   383 
37 71   863 
37 72   119 
37 73   951 
37 74   258 
37 75   563 
37 76   798 
37 77    35 
37 78   980 
37 79   448 
37 80   612 
37 81    65 
37 82   811 
37 83   419 
37 84   861 
37 85   499 
37 86   755 
37 89   735 
37 90   222 
37 91    62 
37 92     1 
37 93   487 
37 94   937 
37 95   404 
37 96   392 
37 97   389 
37 98   798 
37 99   177 
37 100    55 
38 51   934 
38 52   359 
38 53   395 
38 54   562 
38 55   191 
38 56   411 
38 57   156 
38 58   639 
38 59   355 
38 60     6 
38 61   198 
38 62    27 
38 63   192 
38 64   473 
38 65   324 
38 66   184 
38 67    95 
38 68   986 
38 69   876 
38 70   673 
38 71   606 
38 72   106 
38 73   428 
38 74   862 
38 75   682 
38 76   696 
38 77   255 
38 78   872 
38 79   810 
38 80   212 
38 81   645 
38 82   639 
38 83   508 
38 84   294 
38 85   592 
38 86   321 
38 87   856 
38 90   342 
38 91   286 
38 92   898 
38 93   909 
38 94   342 
38 95   474 
38 96   475 
38 97   597 
38 98   988 
38 99   524 
38 100   605 
39 51   119 
39 52   498 
39 53   802 
39 54   420 
39 55   111 
39 56   727 
39 57   979 
39 58   243 
39 59   687 
39 60   319 
39 61   322 
39 62   282 
39 63   221 
39 64   624 
39 65   622 
39 66   131 
39 67   503 
39 68   773 
39 69   165 
39 70   308 
39 71   744 
39 72    14 
39 73   298 
39 74   568 
39 75   752 
39 76    12 
39 77   592 
39 78    15 
39 79   526 
39 80    78 
39 81   394 
39 82   900 
39 83   152 
39 84   720 
39 85   789 
39 86   367 
39 87   204 
39 88   695 
39 91   171 
39 92   633 
39 93   569 
39 94   318 
39 95   310 
39 96   838 
39 97   586 
39 98   236 
39 99   997 
39 100   926 
40 51   212 
40 52    36 
40 53   511 
40 54   799 
40 55   968 
40 56   590 
40 57    59 
40 58   306 
40 59   397 
40 60   102 
40 61   994 
40 62   428 
40 63   225 
40 64    81 
40 65   507 
40 66   795 
40 67   296 
40 68   463 
40 69   820 
40 70   539 
40 71   297 
40 72   777 
40 73   125 
40 74    29 
40 75   597 
40 76   758 
40 77   755 
40 78   700 
40 79   977 
40 80   828 
40 81   691 
40 82    50 
40 83   186 
40 84    31 
40 85   286 
40 86   966 
40 87   852 
40 88   742 
40 89   404 
40 92   204 
40 93   726 
40 94   723 
40 95   438 
40 96   691 
40 97   120 
40 98   939 
40 99   246 
40 100   312 
41 51   893 
41 52    41 
41 53   894 
41 54   184 
41 55   419 
41 56   438 
41 57   183 
41 58   969 
41 59   611 
41 60   650 
41 61   145 
41 62   731 
41 63   442 
41 64   108 
41 65   115 
41 66   564 
41 67   338 
41 68    19 
41 69   309 
41 70   533 
41 71   623 
41 72   338 
41 73   871 
41 74   530 
41 75   145 
41 76   950 
41 77   834 
41 78   908 
41 79   449 
41 80   378 
41 81   867 
41 82   492 
41 83   275 
41 84   131 
41 85   860 
41 86   141 
41 87   221 
41 88   618 
41 89   979 
41 90   759 
41 93   184 
41 94   403 
41 95   532 
41 96   339 
41 97   966 
41 98   133 
41 99   259 
41 100   362 
42 51   756 
42 52    18 
42 53    91 
42 54   933 
42 55   695 
42 56   408 
42 57   775 
42 58   423 
42 59    67 
42 60   253 
42 61   676 
42 62   293 
42 63   979 
42 64   479 
42 65   812 
42 66    43 
42 67   969 
42 68   525 
42 69   598 
42 70   901 
42 71   547 
42 72    90 
42 73   882 
42 74   701 
42 75   346 
42 76   152 
42 77   476 
42 78    21 
42 79   947 
42 80   568 
42 81   161 
42 82   331 
42 83   559 
42 84   917 
42 85   194 
42 86   283 
42 87   272 
42 88   679 
42 89   132 
42 90   140 
42 91   602 
42 94   388 
42 95   148 
42 96   281 
42 97   930 
42 98    89 
42 99   523 
42 100   630 
43 51   701 
43 52   196 
43 53   618 
43 54   655 
43 55   572 
43 56    30 
43 57   405 
43 58   153 
43 59   323 
43 60   144 
43 61   355 
43 62   642 
43 63   368 
43 64   420 
43 65   658 
43 66   580 
43 67   716 
43 68   838 
43 69   663 
43 70   291 
43 71   359 
43 72   755 
43 73   540 
43 74   456 
43 75   257 
43 76    16 
43 77   843 
43 78   631 
43 79   730 
43 80   754 
43 81   753 
43 82   661 
43 83   981 
43 84   703 
43 85   462 
43 86   175 
43 87   943 
43 88   150 
43 89   335 
43 90   105 
43 91   905 
43 92   151 
43 95   887 
43 96   858 
43 97   879 
43 98     8 
43 99   507 
43 100   769 
44 51   903 
44 52    72 
44 53    36 
44 54   558 
44 55   434 
44 56   945 
44 57   888 
44 58   194 
44 59   750 
44 60   335 
44 61   152 
44 62   157 
44 63   366 
44 64   687 
44 65   818 
44 66   339 
44 67   908 
44 68   938 
44 69   867 
44 70    50 
44 71   829 
44 72   370 
44 73   596 
44 74   648 
44 75   202 
44 76   574 
44 77   738 
44 78   679 
44 79   826 
44 80   417 
44 81   510 
44 82   150 
44 83    10 
44 84   289 
44 85   418 
44 86   472 
44 87   466 
44 88   491 
44 89    91 
44 90   689 
44 91   374 
44 92   536 
44 93   675 
44 96   737 
44 97   887 
44 98     7 
44 99   702 
44 100   651 
45 51   184 
45 52   954 
45 53   808 
45 54   879 
45 55   687 
45 56   543 
45 57   778 
45 58   182 
45 59    20 
45 60   312 
45 61   487 
45 62   460 
45 63   471 
45 64   404 
45 65   734 
45 66   792 
45 67   967 
45 68   989 
45 69   233 
45 70   561 
45 71   275 
45 72   913 
45 73   639 
45 74   673 
45 75   234 
45 76   341 
45 77   898 
45 78   221 
45 79   655 
45 80    44 
45 81   822 
45 82   547 
45 83   603 
45 84   667 
45 85   470 
45 86   525 
45 87   776 
45 88   956 
45 89   910 
45 90   499 
45 91   919 
45 92     5 
45 93    46 
45 94    88 
45 97   717 
45 98   942 
45 99   554 
45 100   782 
46 51   875 
46 52   415 
46 53   872 
46 54   126 
46 55   773 
46 56   825 
46 57    50 
46 58    90 
46 59   970 
46 60   947 
46 61   930 
46 62   440 
46 63   213 
46 64    40 
46 65   504 
46 66    61 
46 67   531 
46 68   426 
46 69   749 
46 70   802 
46 71   272 
46 72   913 
46 73   335 
46 74   761 
46 75   448 
46 76   122 
46 77   816 
46 78   638 
46 79   322 
46 80   126 
46 81   777 
46 82    91 
46 83   363 
46 84   398 
46 85   812 
46 86   827 
46 87   995 
46 88   407 
46 89   287 
46 90   106 
46 91   861 
46 92   455 
46 93   312 
46 94   863 
46 95   538 
46 98   324 
46 99    99 
46 100   382 
47 51   950 
47 52   415 
47 53    56 
47 54     6 
47 55   171 
47 56   568 
47 57   200 
47 58    61 
47 59   890 
47 60   468 
47 61   881 
47 62   907 
47 63   457 
47 64   804 
47 65    65 
47 66   119 
47 67   913 
47 68   279 
47 69   123 
47 70    19 
47 71   137 
47 72   780 
47 73   526 
47 74   903 
47 75   404 
47 76   547 
47 77    72 
47 78   342 
47 79   675 
47 80   148 
47 81   368 
47 82   430 
47 83   254 
47 84   992 
47 85   519 
47 86   845 
47 87   168 
47 88   456 
47 89   784 
47 90   487 
47 91   395 
47 92   698 
47 93    39 
47 94   191 
47 95   476 
47 96   368 
47 99   967 
47 100   117 
48 51   692 
48 52   316 
48 53   777 
48 54    69 
48 55   989 
48 56   529 
48 57   821 
48 58   116 
48 59   697 
48 60   876 
48 61   218 
48 62   118 
48 63   736 
48 64   677 
48 65    38 
48 66   341 
48 67   392 
48 68   278 
48 69   392 
48 70   764 
48 71   166 
48 72   799 
48 73    87 
48 74   449 
48 75   334 
48 76   131 
48 77   546 
48 78   741 
48 79   888 
48 80   616 
48 81   394 
48 82   704 
48 83   802 
48 84   223 
48 85    76 
48 86    54 
48 87   484 
48 88   130 
48 89   989 
48 90   295 
48 91   721 
48 92    61 
48 93   128 
48 94   924 
48 95   123 
48 96   990 
48 97   791 
48 100   313 
49 51   308 
49 52   767 
49 53   589 
49 54   148 
49 55   870 
49 56   725 
49 57   170 
49 58   878 
49 59     3 
49 60   328 
49 61   656 
49 62   132 
49 63   674 
49 64   947 
49 65   736 
49 66   458 
49 67   844 
49 68   603 
49 69   805 
49 70   779 
49 71   191 
49 72    41 
49 73   619 
49 74   878 
49 75   274 
49 76   702 
49 77   780 
49 78   531 
49 79   657 
49 80    96 
49 81   711 
49 82   638 
49 83   207 
49 84   909 
49 85   174 
49 86   356 
49 87   342 
49 88   808 
49 89   720 
49 90   790 
49 91   345 
49 92   691 
49 93   818 
49 94   464 
49 95   204 
49 96   979 
49 97   478 
49 98    29 
50 51   453 
50 52   152 
50 53   245 
50 54   334 
50 55   918 
50 56   658 
50 57    65 
50 58   709 
50 59   184 
50 60   388 
50 61   725 
50 62    28 
50 63   316 
50 64   953 
50 65   316 
50 66   382 
50 67   572 
50 68   324 
50 69   120 
50 70   332 
50 71   308 
50 72   810 
50 73   369 
50 74     5 
50 75   987 
50 76   213 
50 77   183 
50 78   771 
50 79   309 
50 80   282 
50 81   349 
50 82   367 
50 83   438 
50 84   526 
50 85   598 
50 86   140 
50 87   322 
50 88   839 
50 89   255 
50 90   194 
50 91   159 
50 92   629 
50 93   995 
50 94   941 
50 95   651 
50 96   953 
50 97    65 
50 98   125 
50 99   137 
0 
0 
0 
0 
0 
0 
0 
0 
0 
0 
0 
0 
0 
0 
0 
0 
0 
0 
0 
0 
0 
0 
0 
0 
0 
0 
0 
0 
0 
0 
0 
0 
0 
0 
0 
0 
0 
0 
0 
0 
0 
0 
0 
0 
0 
0 
0 
0 
0 
0 
0 
0 
0 
0 
0 
0 
0 
0 
0 
0 
0 
0 
0 
0 
0 
0 
0 
0 
0 
0 
0 
0 
0 
0 
0 
0 
0 
0 
0 
0 
0 
0 
0 
0 
0 
0 
0 
0 
0 
0 
0 
0 
0 
0 
0 
0 
0 
0 
0 
0 
  964   686 
   59   780 
  621   771 
  808   369 
  672   918 
  386    97 
  625   669 
  299   738 
  370   384 
  924   236 
  329   200 
  830    65 
  417   908 
  441   737 
  254   725 
  635   679 
  725   988 
  547   960 
  844   405 
  212   979 
  927   733 
  364   456 
  960   236 
  892   808 
  393   801 
  220   153 
  221   123 
  127   609 
   57   715 
   81   795 
   91   770 
  527   303 
  296   825 
  425   514 
  384     0 
  436   611 
  539   909 
  244    11 
  938   450 
   63    24 
  422   371 
  195   756 
  666   979 
   63   376 
  912   992 
  839   458 
  652   926 
  779   579 
  433   524 
  713   231 
  933   261 
  704   788 
  314   422 
  418   507 
  129   470 
  703   913 
  131   270 
  340   547 
  179   214 
  927   159 
   73   277 
  927   700 
  783   762 
  428   440 
   31   414 
  810   775 
  632   307 
  378   110 
  451    52 
  880   415 
    7   668 
  451   356 
  107   757 
  813    78 
  223   159 
  814   595 
  616   154 
  686   127 
  858   910 
  462   488 
  156    18 
   77   818 
  554   557 
   78   935 
  746   663 
   93   533 
  210   640 
  624   137 
  597   974 
  971    15 
  721   803 
  487   884 
  738   860 
  401   944 
  997   335 
  719   396 
  623   654 
  349   457 
  764   636 
  266   927 
100 4950 
1 2   108 
2 3   786 
3 4   884 
4 5   770 
5 6    94 
6 7    75 
7 8   337 
8 9   962 
9 10   416 
10 11   232 
11 12   928 
12 13   113 
13 14   387 
14 15   628 
15 16   711 
16 17   991 
17 18   845 
18 19   179 
19 20   888 
20 21   304 
21 22   756 
22 23   920 
23 24   721 
24 25   186 
25 26   358 
26 27   687 
27 28   774 
28 29   439 
29 30   392 
30 31   541 
31 32    64 
32 33   153 
33 34   892 
34 35   545 
35 36   544 
36 37    50 
37 38   180 
38 39   667 
39 40   759 
40 41    16 
41 42   350 
42 43   676 
43 44   509 
44 45   230 
45 46   423 
46 47   552 
47 48   825 
48 49   376 
49 50    93 
50 51   561 
51 52   455 
52 53   151 
53 54   806 
54 55   167 
55 56   348 
56 57   184 
57 58   877 
58 59   431 
59 60   793 
60 61    46 
61 62   986 
62 63   604 
63 64   975 
64 65   791 
65 66    34 
66 67   100 
67 68   540 
68 69     7 
69 70    86 
70 71   803 
71 72   679 
72 73    91 
73 74   920 
74 75   196 
75 76   709 
76 77   777 
77 78   655 
78 79   264 
79 80   444 
80 81    97 
81 82   341 
82 83   919 
83 84   929 
84 85   461 
85 86   197 
86 87   149 
87 88    25 
88 89   631 
89 90   799 
90 91   864 
91 92   860 
92 93   714 
93 94   971 
94 95   491 
95 96   806 
96 97   128 
97 98   716 
98 99   182 
99 100   328 
1 3   948 
1 4    23 
1 5   551 
1 6   736 
1 7   654 
1 8   479 
1 9    11 
1 10   777 
1 11   344 
1 12   491 
1 13    75 
1 14   142 
1 15   759 
1 16   548 
1 17   123 
1 18   141 
1 19   141 
1 20   705 
1 21   309 
1 22   989 
1 23   314 
1 24   913 
1 25   145 
1 26   583 
1 27   554 
1 28   858 
1 29   669 
1 30    81 
1 31   898 
1 32    66 
1 33   861 
1 34    42 
1 35   693 
1 36   889 
1 37   654 
1 38   163 
1 39   955 
1 40   820 
1 41   477 
1 42   414 
1 43   719 
1 44   253 
1 45   570 
1 46   280 
1 47   744 
1 48   300 
1 49   197 
1 50   200 
1 51   800 
1 52   989 
1 53   784 
1 54   470 
1 55   818 
1 56    55 
1 57    37 
1 58   596 
1 59   825 
1 60   321 
1 61   142 
1 62   372 
1 63   996 
1 64   209 
1 65   980 
1 66   937 
1 67   910 
1 68   709 
1 69   572 
1 70   882 
1 71   681 
1 72   482 
1 73   368 
1 74   647 
1 75   264 
1 76   774 
1 77   938 
1 78   529 
1 79    70 
1 80   558 
1 81   429 
1 82   219 
1 83   626 
1 84   794 
1 85    14 
1 86   970 
1 87   202 
1 88   283 
1 89   205 
1 90   918 
1 91    16 
1 92   743 
1 93   160 
1 94   584 
1 95   856 
1 96   592 
1 97   649 
1 98    22 
1 99   132 
1 100   257 
2 4   867 
2 5   909 
2 6    34 
2 7   761 
2 8   363 
2 9     7 
2 10    73 
2 11   624 
2 12   523 
2 13   998 
2 14   451 
2 15   454 
2 16   109 
2 17   662 
2 18   792 
2 19   778 
2 20   199 
2 21    51 
2 22   451 
2 23   259 
2 24   305 
2 25   255 
2 26   886 
2 27   849 
2 28   197 
2 29   359 
2 30   255 
2 31   346 
2 32   313 
2 33   762 
2 34   391 
2 35   269 
2 36   878 
2 37   432 
2 38   106 
2 39   575 
2 40   803 
2 41   259 
2 42   154 
2 43   406 
2 44   597 
2 45   650 
2 46   450 
2 47   527 
2 48   126 
2 49   385 
2 50    94 
2 51    75 
2 52   703 
2 53   496 
2 54   988 
2 55   996 
2 56    33 
2 57   612 
2 58   134 
2 59   852 
2 60   718 
2 61   436 
2 62   262 
2 63   158 
2 64   348 
2 65   127 
2 66   193 
2 67   864 
2 68    53 
2 69   566 
2 70   728 
2 71   935 
2 72   117 
2 73   426 
2 74   966 
2 75   731 
2 76   872 
2 77   614 
2 78   508 
2 79   524 
2 80   182 
2 81   354 
2 82   950 
2 83   574 
2 84   581 
2 85   804 
2 86   602 
2 87   606 
2 88   886 
2 89   983 
2 90   354 
2 91   328 
2 92    67 
2 93   649 
2 94   725 
2 95   487 
2 96    50 
2 97   807 
2 98   397 
2 99   637 
2 100    84 
3 5   731 
3 6   829 
3 7   809 
3 8   961 
3 9   696 
3 10   397 
3 11   977 
3 12   365 
3 13   634 
3 14   348 
3 15   871 
3 16   357 
3 17   987 
3 18   103 
3 19   986 
3 20   213 
3 21   589 
3 22   740 
3 23   529 
3 24   988 
3 25   649 
3 26   210 
3 27   123 
3 28   945 
3 29    74 
3 30   393 
3 31   294 
3 32   645 
3 33   362 
3 34   826 
3 35   577 
3 36   748 
3 37   664 
3 38   320 
3 39   656 
3 40   284 
3 41   897 
3 42   213 
3 43   333 
3 44   450 
3 45   259 
3 46   111 
3 47   919 
3 48    14 
3 49   987 
3 50   248 
3 51   373 
3 52   714 
3 53   647 
3 54    47 
3 55   839 
3 56   604 
3 57   834 
3 58   121 
3 59   563 
3 60   833 
3 61   457 
3 62   402 
3 63   699 
3 64   382 
3 65   603 
3 66   758 
3 67   314 
3 68   809 
3 69   139 
3 70   127 
3 71   688 
3 72   183 
3 73    30 
3 74   410 
3 75   395 
3 76   235 
3 77   352 
3 78   756 
3 79     9 
3 80   168 
3 81   683 
3 82   585 
3 83   762 
3 84    78 
3 85   638 
3 86   938 
3 87    97 
3 88   174 
3 89   819 
3 90   408 
3 91    77 
3 92   177 
3 93   306 
3 94   341 
3 95   628 
3 96   198 
3 97   864 
3 98   877 
3 99   207 
3 100   392 
4 6   321 
4 7    37 
4 8   123 
4 9   495 
4 10   391 
4 11   699 
4 12   537 
4 13   533 
4 14   433 
4 15   667 
4 16   836 
4 17   750 
4 18    55 
4 19   300 
4 20    95 
4 21   387 
4 22   391 
4 23   676 
4 24    88 
4 25   750 
4 26    88 
4 27   293 
4 28   625 
4 29   208 
4 30   610 
4 31   969 
4 32   445 
4 33   777 
4 34   295 
4 35   640 
4 36   854 
4 37    83 
4 38   245 
4 39   341 
4 40   135 
4 41    99 
4 42   281 
4 43   589 
4 44   155 
4 45   391 
4 46   590 
4 47    79 
4 48   952 
4 49    24 
4 50   996 
4 51   128 
4 52   180 
4 53   799 
4 54   575 
4 55   960 
4 56   930 
4 57   316 
4 58   493 
4 59    89 
4 60   608 
4 61   342 
4 62   833 
4 63   748 
4 64   508 
4 65   322 
4 66   143 
4 67   808 
4 68   769 
4 69   504 
4 70   920 
4 71   400 
4 72   597 
4 73   699 
4 74   106 
4 75   470 
4 76   597 
4 77   169 
4 78   238 
4 79   728 
4 80   609 
4 81   394 
4 82   341 
4 83   811 
4 84   720 
4 85   899 
4 86    72 
4 87   834 
4 88   776 
4 89   779 
4 90   913 
4 91   605 
4 92   948 
4 93   395 
4 94   965 
4 95   432 
4 96   365 
4 97   574 
4 98   784 
4 99   675 
4 100   428 
5 7   803 
5 8   276 
5 9   174 
5 10   409 
5 11    30 
5 12   256 
5 13   430 
5 14   370 
5 15    58 
5 16   403 
5 17    81 
5 18   917 
5 19   329 
5 20   563 
5 21   826 
5 22   888 
5 23   714 
5 24   507 
5 25   663 
5 26    29 
5 27   697 
5 28   528 
5 29   450 
5 30   725 
5 31   429 
5 32   111 
5 33   726 
5 34   751 
5 35   693 
5 36   953 
5 37   420 
5 38    40 
5 39   643 
5 40    58 
5 41   974 
5 42    49 
5 43   604 
5 44   586 
5 45   219 
5 46   446 
5 47   747 
5 48   429 
5 49    15 
5 50    70 
5 51   388 
5 52   692 
5 53   802 
5 54   639 
5 55   812 
5 56   273 
5 57   718 
5 58    76 
5 59   669 
5 60   598 
5 61   483 
5 62   493 
5 63   421 
5 64   648 
5 65   858 
5 66   224 
5 67   628 
5 68   964 
5 69   187 
5 70   892 
5 71    68 
5 72   845 
5 73   254 
5 74   355 
5 75   140 
5 76   637 
5 77   182 
5 78   236 
5 79   608 
5 80   985 
5 81   226 
5 82   576 
5 83   871 
5 84   732 
5 85   523 
5 86    44 
5 87   508 
5 88   796 
5 89   193 
5 90   205 
5 91   512 
5 92   678 
5 93   449 
5 94   913 
5 95   719 
5 96   301 
5 97   398 
5 98   936 
5 99    82 
5 100   326 
6 8   529 
6 9   372 
6 10   527 
6 11   444 
6 12   409 
6 13   615 
6 14   893 
6 15   233 
6 16   341 
6 17   567 
6 18    76 
6 19   180 
6 20   187 
6 21   468 
6 22   757 
6 23    66 
6 24   455 
6 25   129 
6 26   566 
6 27   620 
6 28   417 
6 29   505 
6 30   483 
6 31   479 
6 32   393 
6 33    78 
6 34   861 
6 35   323 
6 36   636 
6 37   629 
6 38   624 
6 39   777 
6 40   374 
6 41   331 
6 42   533 
6 43   633 
6 44   472 
6 45   745 
6 46   607 
6 47   486 
6 48    88 
6 49   864 
6 50    11 
6 51   722 
6 52   830 
6 53   861 
6 54   269 
6 55    66 
6 56   274 
6 57   420 
6 58    59 
6 59   425 
6 60   344 
6 61   526 
6 62   950 
6 63   409 
6 64   239 
6 65   164 
6 66   253 
6 67   754 
6 68   852 
6 69   380 
6 70   966 
6 71   337 
6 72   393 
6 73   443 
6 74   775 
6 75   474 
6 76    43 
6 77   869 
6 78   545 
6 79   101 
6 80   273 
6 81   655 
6 82   983 
6 83   623 
6 84   230 
6 85   263 
6 86   271 
6 87   773 
6 88   498 
6 89   599 
6 90   283 
6 91    54 
6 92   208 
6 93   439 
6 94   669 
6 95   830 
6 96   475 
6 97   623 
6 98    62 
6 99    23 
6 100   630 
7 9   223 
7 10   900 
7 11   251 
7 12   208 
7 13   734 
7 14   528 
7 15   595 
7 16   611 
7 17   704 
7 18   106 
7 19    27 
7 20   969 
7 21   304 
7 22   902 
7 23   646 
7 24   895 
7 25   593 
7 26   850 
7 27   750 
7 28   245 
7 29   958 
7 30   431 
7 31   833 
7 32   831 
7 33   641 
7 34    88 
7 35   613 
7 36   995 
7 37   630 
7 38   221 
7 39   723 
7 40   267 
7 41   553 
7 42   723 
7 43   640 
7 44   211 
7 45   407 
7 46    21 
7 47   780 
7 48    55 
7 49   974 
7 50   232 
7 51   705 
7 52   209 
7 53   325 
7 54   222 
7 55    40 
7 56   178 
7 57   152 
7 58   685 
7 59   145 
7 60   527 
7 61   106 
7 62   508 
7 63   252 
7 64   861 
7 65   324 
7 66   877 
7 67   442 
7 68   541 
7 69   632 
7 70   990 
7 71   644 
7 72   911 
7 73   163 
7 74   366 
7 75   122 
7 76   771 
7 77   419 
7 78   149 
7 79   829 
7 80   324 
7 81   644 
7 82   338 
7 83   474 
7 84   689 
7 85   710 
7 86   751 
7 87    74 
7 88   936 
7 89    66 
7 90   871 
7 91   971 
7 92   734 
7 93   243 
7 94    37 
7 95   497 
7 96   768 
7 97   165 
7 98   184 
7 99   191 
7 100   856 
8 10   193 
8 11   159 
8 12   382 
8 13    84 
8 14   496 
8 15   866 
8 16   729 
8 17    15 
8 18   836 
8 19   665 
8 20   122 
8 21     8 
8 22   869 
8 23    73 
8 24   728 
8 25   577 
8 26   220 
8 27   681 
8 28     5 
8 29   446 
8 30   704 
8 31   932 
8 32   720 
8 33   481 
8 34   643 
8 35   967 
8 36   889 
8 37   961 
8 38   921 
8 39   768 
8 40   897 
8 41   559 
8 42   637 
8 43    43 
8 44   427 
8 45   573 
8 46   816 
8 47   161 
8 48   123 
8 49   660 
8 50   551 
8 51   585 
8 52   395 
8 53   106 
8 54   666 
8 55    98 
8 56    65 
8 57   349 
8 58   513 
8 59   173 
8 60   467 
8 61   547 
8 62    32 
8 63   596 
8 64   694 
8 65   102 
8 66   539 
8 67   454 
8 68   382 
8 69   687 
8 70   792 
8 71   944 
8 72   978 
8 73    79 
8 74   112 
8 75   425 
8 76   875 
8 77   741 
8 78   461 
8 79   647 
8 80   280 
8 81   614 
8 82   682 
8 83   436 
8 84   663 
8 85   213 
8 86   802 
8 87   507 
8 88    19 
8 89   773 
8 90     8 
8 91   110 
8 92   332 
8 93   289 
8 94   585 
8 95   649 
8 96   152 
8 97   991 
8 98   144 
8 99   574 
8 100   962 
9 11   287 
9 12   545 
9 13   228 
9 14   233 
9 15   228 
9 16   237 
9 17   319 
9 18   719 
9 19   380 
9 20   167 
9 21   659 
9 22   270 
9 23    51 
9 24   535 
9 25   168 
9 26   415 
9 27   741 
9 28   336 
9 29   565 
9 30   283 
9 31   713 
9 32   646 
9 33   117 
9 34    17 
9 35   371 
9 36   916 
9 37   369 
9 38   976 
9 39   988 
9 40   919 
9 41   248 
9 42   473 
9 43   957 
9 44   296 
9 45   939 
9 46   194 
9 47   758 
9 48    76 
9 49   372 
9 50   160 
9 51   188 
9 52   730 
9 53   323 
9 54   581 
9 55   214 
9 56    28 
9 57   151 
9 58   160 
9 59   544 
9 60    42 
9 61   232 
9 62   777 
9 63   309 
9 64     6 
9 65   829 
9 66   538 
9 67   697 
9 68   291 
9 69   602 
9 70   104 
9 71   609 
9 72   978 
9 73   231 
9 74   742 
9 75   104 
9 76   301 
9 77   412 
9 78   984 
9 79   200 
9 80   227 
9 81   628 
9 82   103 
9 83   357 
9 84   570 
9 85   719 
9 86   457 
9 87   498 
9 88   361 
9 89   682 
9 90   205 
9 91   339 
9 92   927 
9 93   556 
9 94   622 
9 95   570 
9 96   356 
9 97   441 
9 98   364 
9 99   601 
9 100    69 
10 12   190 
10 13   446 
10 14   323 
10 15   259 
10 16   804 
10 17   407 
10 18   739 
10 19   825 
10 20    36 
10 21   387 
10 22   798 
10 23   761 
10 24   886 
10 25    48 
10 26   316 
10 27   846 
10 28   922 
10 29   327 
10 30   853 
10 31   537 
10 32    24 
10 33   186 
10 34   669 
10 35   542 
10 36   223 
10 37   295 
10 38   793 
10 39   229 
10 40   663 
10 41   149 
10 42   881 
10 43   175 
10 44   518 
10 45   796 
10 46   973 
10 47   980 
10 48     3 
10 49   587 
10 50   917 
10 51   404 
10 52   785 
10 53   135 
10 54   287 
10 55   324 
10 56   785 
10 57   171 
10 58   647 
10 59   761 
10 60   387 
10 61   859 
10 62   605 
10 63   587 
10 64   285 
10 65   790 
10 66   907 
10 67   265 
10 68   638 
10 69   852 
10 70   311 
10 71   676 
10 72   648 
10 73   985 
10 74   983 
10 75   893 
10 76   866 
10 77   372 
10 78    74 
10 79   753 
10 80   532 
10 81   245 
10 82   906 
10 83   675 
10 84   884 
10 85   572 
10 86   365 
10 87   946 
10 88    57 
10 89   108 
10 90   769 
10 91    85 
10 92   965 
10 93   823 
10 94   143 
10 95   246 
10 96   451 
10 97   614 
10 98   636 
10 99   350 
10 100   407 
11 13   433 
11 14   346 
11 15   452 
11 16   245 
11 17   612 
11 18   850 
11 19   824 
11 20   902 
11 21   192 
11 22   570 
11 23   866 
11 24   869 
11 25    65 
11 26    61 
11 27   776 
11 28   632 
11 29   239 
11 30   430 
11 31   946 
11 32   617 
11 33   444 
11 34   373 
11 35   164 
11 36   576 
11 37   642 
11 38    90 
11 39   295 
11 40   568 
11 41   767 
11 42   544 
11 43   754 
11 44   671 
11 45   951 
11 46   320 
11 47   540 
11 48   473 
11 49   440 
11 50   659 
11 51   990 
11 52   379 
11 53   500 
11 54   407 
11 55   654 
11 56   915 
11 57   287 
11 58   949 
11 59   244 
11 60   555 
11 61   452 
11 62   261 
11 63   282 
11 64   184 
11 65   628 
11 66    16 
11 67   282 
11 68   427 
11 69   496 
11 70   325 
11 71   378 
11 72   551 
11 73   948 
11 74   826 
11 75     7 
11 76   733 
11 77   406 
11 78   855 
11 79   658 
11 80   585 
11 81   133 
11 82   701 
11 83   166 
11 84   728 
11 85   746 
11 86   972 
11 87   949 
11 88   289 
11 89   981 
11 90   265 
11 91   318 
11 92   180 
11 93    38 
11 94   125 
11 95   376 
11 96    91 
11 97   478 
11 98   716 
11 99   844 
11 100   761 
12 14   795 
12 15   213 
12 16   876 
12 17    58 
12 18   614 
12 19   790 
12 20   274 
12 21   428 
12 22   518 
12 23   372 
12 24   920 
12 25   686 
12 26    80 
12 27   525 
12 28   295 
12 29   689 
12 30   644 
12 31   635 
12 32   818 
12 33   937 
12 34   220 
12 35   515 
12 36   393 
12 37   347 
12 38   628 
12 39   860 
12 40   831 
12 41   768 
12 42   573 
12 43   678 
12 44   725 
12 45   698 
12 46   336 
12 47   243 
12 48   999 
12 49   597 
12 50   471 
12 51   392 
12 52   186 
12 53   409 
12 54   458 
12 55   334 
12 56   370 
12 57   604 
12 58   876 
12 59   748 
12 60   778 
12 61   403 
12 62   215 
12 63   975 
12 64   206 
12 65   912 
12 66   134 
12 67   717 
12 68   152 
12 69    99 
12 70   443 
12 71   684 
12 72   740 
12 73   928 
12 74   579 
12 75   983 
12 76   293 
12 77   374 
12 78     9 
12 79   779 
12 80   316 
12 81   911 
12 82   566 
12 83   568 
12 84   292 
12 85    20 
12 86   481 
12 87   869 
12 88   406 
12 89    81 
12 90   585 
12 91   746 
12 92   608 
12 93   626 
12 94   932 
12 95   374 
12 96   983 
12 97   352 
12 98   349 
12 99   855 
12 100   546 
13 15   708 
13 16   139 
13 17   704 
13 18   255 
13 19   443 
13 20   283 
13 21   936 
13 22   738 
13 23   113 
13 24    42 
13 25   241 
13 26   922 
13 27   664 
13 28   327 
13 29   558 
13 30   325 
13 31   850 
13 32   977 
13 33   201 
13 34   395 
13 35   179 
13 36   382 
13 37   500 
13 38   241 
13 39   189 
13 40   371 
13 41   273 
13 42   983 
13 43    13 
13 44   497 
13 45   925 
13 46   222 
13 47   148 
13 48   564 
13 49    32 
13 50   471 
13 51   709 
13 52   327 
13 53   643 
13 54   371 
13 55    71 
13 56    16 
13 57   573 
13 58   354 
13 59   923 
13 60   330 
13 61   549 
13 62   948 
13 63   512 
13 64   572 
13 65   412 
13 66   304 
13 67   635 
13 68   115 
13 69   453 
13 70   805 
13 71   398 
13 72   622 
13 73   754 
13 74   947 
13 75   314 
13 76   681 
13 77   328 
13 78   552 
13 79   134 
13 80   759 
13 81   556 
13 82   767 
13 83   640 
13 84   936 
13 85   172 
13 86   339 
13 87   981 
13 88   205 
13 89   217 
13 90   568 
13 91   107 
13 92   610 
13 93   142 
13 94   951 
13 95   696 
13 96   362 
13 97   196 
13 98   515 
13 99   944 
13 100   810 
14 16   822 
14 17   821 
14 18   351 
14 19   305 
14 20   990 
14 21   366 
14 22   274 
14 23   652 
14 24   732 
14 25    25 
14 26   129 
14 27    39 
14 28   546 
14 29   924 
14 30    29 
14 31   423 
14 32   404 
14 33   408 
14 34   422 
14 35   753 
14 36   618 
14 37   663 
14 38   433 
14 39   795 
14 40   249 
14 41   774 
14 42   520 
14 43   279 
14 44   151 
14 45   945 
14 46    12 
14 47   103 
14 48    64 
14 49   352 
14 50   152 
14 51   437 
14 52   354 
14 53   462 
14 54   889 
14 55   650 
14 56   758 
14 57   371 
14 58    94 
14 59   453 
14 60   723 
14 61   991 
14 62   614 
14 63   275 
14 64   392 
14 65    93 
14 66   106 
14 67   526 
14 68   341 
14 69   334 
14 70   343 
14 71   839 
14 72   186 
14 73    23 
14 74   561 
14 75   370 
14 76   970 
14 77   692 
14 78   807 
14 79   722 
14 80   648 
14 81   553 
14 82    11 
14 83    38 
14 84   478 
14 85   720 
14 86   544 
14 87   332 
14 88   590 
14 89   338 
14 90   285 
14 91   604 
14 92   655 
14 93    79 
14 94   610 
14 95   713 
14 96   990 
14 97   715 
14 98   705 
14 99   216 
14 100   709 
15 17   990 
15 18   478 
15 19   848 
15 20   491 
15 21    25 
15 22   655 
15 23   718 
15 24   770 
15 25   671 
15 26   494 
15 27   344 
15 28   582 
15 29   242 
15 30   630 
15 31   543 
15 32   136 
15 33   331 
15 34   602 
15 35   223 
15 36   504 
15 37   683 
15 38   439 
15 39   373 
15 40   765 
15 41   407 
15 42   722 
15 43    96 
15 44   895 
15 45   596 
15 46   772 
15 47   360 
15 48     4 
15 49   444 
15 50   913 
15 51   815 
15 52   123 
15 53   133 
15 54   788 
15 55    84 
15 56   602 
15 57   983 
15 58   455 
15 59   840 
15 60   943 
15 61   233 
15 62   549 
15 63   351 
15 64    11 
15 65   345 
15 66   747 
15 67   841 
15 68   145 
15 69   707 
15 70   810 
15 71    13 
15 72    75 
15 73   525 
15 74   760 
15 75    47 
15 76   123 
15 77   822 
15 78   665 
15 79   654 
15 80    63 
15 81   315 
15 82   598 
15 83    91 
15 84   700 
15 85   787 
15 86   203 
15 87   335 
15 88   164 
15 89   866 
15 90   745 
15 91   327 
15 92   702 
15 93   740 
15 94   307 
15 95   567 
15 96   673 
15 97   333 
15 98   361 
15 99   522 
15 100   104 
16 18   738 
16 19    74 
16 20   668 
16 21    68 
16 22    90 
16 23   295 
16 24   836 
16 25   717 
16 26   862 
16 27   830 
16 28   458 
16 29   402 
16 30   126 
16 31   732 
16 32   292 
16 33    38 
16 34   237 
16 35    39 
16 36   990 
16 37    97 
16 38   153 
16 39   229 
16 40   319 
16 41   525 
16 42   737 
16 43   718 
16 44   858 
16 45   789 
16 46   373 
16 47   168 
16 48   810 
16 49   817 
16 50   714 
16 51   842 
16 52   694 
16 53   978 
16 54   524 
16 55   113 
16 56   894 
16 57    98 
16 58   546 
16 59   276 
16 60    95 
16 61   829 
16 62    34 
16 63    38 
16 64   629 
16 65   523 
16 66   879 
16 67   341 
16 68   371 
16 69   162 
16 70   706 
16 71   967 
16 72   489 
16 73   270 
16 74   277 
16 75   133 
16 76   391 
16 77   875 
16 78    27 
16 79   977 
16 80   228 
16 81   260 
16 82   839 
16 83   515 
16 84   600 
16 85   260 
16 86   228 
16 87    38 
16 88   925 
16 89   424 
16 90    12 
16 91   541 
16 92   804 
16 93   325 
16 94   139 
16 95   430 
16 96   361 
16 97   871 
16 98   509 
16 99   316 
16 100   625 
17 19   707 
17 20   603 
17 21   416 
17 22   562 
17 23   565 
17 24   361 
17 25   210 
17 26   351 
17 27   844 
17 28   278 
17 29   335 
17 30    55 
17 31   782 
17 32   441 
17 33   107 
17 34   262 
17 35    90 
17 36   232 
17 37   972 
17 38   314 
17 39   403 
17 40   875 
17 41   331 
17 42   790 
17 43   455 
17 44   483 
17 45   953 
17 46   752 
17 47   588 
17 48   342 
17 49   545 
17 50   626 
17 51   361 
17 52   963 
17 53   876 
17 54    19 
17 55   598 
17 56   455 
17 57   707 
17 58   732 
17 59   893 
17 60   430 
17 61   268 
17 62   877 
17 63   647 
17 64   223 
17 65   386 
17 66   615 
17 67    93 
17 68    27 
17 69   906 
17 70    36 
17 71   707 
17 72   732 
17 73   301 
17 74   593 
17 75   632 
17 76   669 
17 77   399 
17 78    38 
17 79   626 
17 80   473 
17 81   270 
17 82   381 
17 83    11 
17 84   528 
17 85   329 
17 86   183 
17 87   248 
17 88   543 
17 89   748 
17 90   964 
17 91   928 
17 92    28 
17 93   994 
17 94   338 
17 95   521 
17 96   756 
17 97   460 
17 98   994 
17 99   395 
17 100   604 
18 20   464 
18 21   897 
18 22    57 
18 23   663 
18 24   180 
18 25   563 
18 26   388 
18 27   956 
18 28   586 
18 29   359 
18 30   459 
18 31   100 
18 32   811 
18 33   846 
18 34   199 
18 35   586 
18 36   347 
18 37   539 
18 38   995 
18 39   556 
18 40   502 
18 41   212 
18 42   111 
18 43    73 
18 44   316 
18 45   641 
18 46   983 
18 47   902 
18 48   526 
18 49   833 
18 50   646 
18 51   804 
18 52   414 
18 53   453 
18 54   885 
18 55   580 
18 56   560 
18 57     3 
18 58   971 
18 59   734 
18 60   542 
18 61   765 
18 62    10 
18 63   764 
18 64    97 
18 65    56 
18 66   865 
18 67   499 
18 68   954 
18 69   521 
18 70   299 
18 71   631 
18 72   222 
18 73   690 
18 74   157 
18 75   672 
18 76   854 
18 77   112 
18 78   626 
18 79   310 
18 80   164 
18 81   901 
18 82   841 
18 83   343 
18 84   829 
18 85   834 
18 86   480 
18 87   571 
18 88   833 
18 89   930 
18 90   238 
18 91   204 
18 92   862 
18 93   869 
18 94   772 
18 95   153 
18 96   954 
18 97   813 
18 98   399 
18 99   658 
18 100   527 
19 21   839 
19 22   971 
19 23   453 
19 24   611 
19 25   600 
19 26   464 
19 27   701 
19 28    60 
19 29   594 
19 30   704 
19 31   280 
19 32   395 
19 33   126 
19 34   452 
19 35   756 
19 36   525 
19 37   402 
19 38   195 
19 39    35 
19 40   245 
19 41   616 
19 42   636 
19 43   853 
19 44   452 
19 45   628 
19 46   296 
19 47     1 
19 48   678 
19 49   375 
19 50   566 
19 51   542 
19 52   617 
19 53   282 
19 54   473 
19 55   227 
19 56   165 
19 57   127 
19 58   585 
19 59   134 
19 60   796 
19 61   106 
19 62   372 
19 63   849 
19 64   715 
19 65   645 
19 66   600 
19 67   303 
19 68    60 
19 69   252 
19 70   967 
19 71   490 
19 72   986 
19 73   648 
19 74   899 
19 75   971 
19 76   985 
19 77   822 
19 78   436 
19 79    29 
19 80   825 
19 81     8 
19 82   812 
19 83   391 
19 84   210 
19 85    24 
19 86   301 
19 87   807 
19 88   797 
19 89   920 
19 90   877 
19 91   255 
19 92   156 
19 93   191 
19 94   950 
19 95   557 
19 96   391 
19 97   326 
19 98   295 
19 99   543 
19 100   630 
20 22   780 
20 23   485 
20 24   604 
20 25   304 
20 26   239 
20 27   310 
20 28   193 
20 29   110 
20 30   835 
20 31   577 
20 32   876 
20 33   876 
20 34   405 
20 35   305 
20 36   497 
20 37   981 
20 38   185 
20 39   185 
20 40   371 
20 41   731 
20 42   687 
20 43   223 
20 44   682 
20 45   630 
20 46   452 
20 47   847 
20 48   128 
20 49   351 
20 50    20 
20 51   951 
20 52   468 
20 53   569 
20 54   673 
20 55   533 
20 56   200 
20 57   686 
20 58   674 
20 59   473 
20 60   890 
20 61   603 
20 62   712 
20 63   300 
20 64   139 
20 65   884 
20 66   701 
20 67   710 
20 68   713 
20 69    67 
20 70   959 
20 71   333 
20 72   855 
20 73   175 
20 74   405 
20 75   451 
20 76    23 
20 77    78 
20 78   270 
20 79   832 
20 80   573 
20 81   515 
20 82   108 
20 83   527 
20 84   659 
20 85   140 
20 86   573 
20 87    93 
20 88   285 
20 89   774 
20 90   524 
20 91   959 
20 92   869 
20 93    72 
20 94   174 
20 95   149 
20 96   114 
20 97   667 
20 98   626 
20 99    18 
20 100   722 
21 23   106 
21 24   657 
21 25   337 
21 26     5 
21 27   905 
21 28   322 
21 29   640 
21 30   312 
21 31   624 
21 32   264 
21 33   385 
21 34   642 
21 35   861 
21 36   261 
21 37   920 
21 38   615 
21 39   334 
21 40   565 
21 41    15 
21 42   190 
21 43   677 
21 44   730 
21 45   510 
21 46   843 
21 47   339 
21 48    29 
21 49   128 
21 50   856 
21 51   388 
21 52   488 
21 53   977 
21 54   702 
21 55    33 
21 56   870 
21 57   822 
21 58   885 
21 59   288 
21 60    25 
21 61    88 
21 62   804 
21 63   381 
21 64   493 
21 65   995 
21 66   452 
21 67   269 
21 68   666 
21 69   583 
21 70   530 
21 71   942 
21 72   286 
21 73   922 
21 74   565 
21 75   127 
21 76   326 
21 77   822 
21 78   946 
21 79    61 
21 80   272 
21 81   185 
21 82   803 
21 83   271 
21 84   155 
21 85   671 
21 86   428 
21 87   167 
21 88   353 
21 89   992 
21 90   102 
21 91   443 
21 92   985 
21 93   853 
21 94   265 
21 95   796 
21 96   326 
21 97   905 
21 98   856 
21 99   526 
21 100   849 
22 24   498 
22 25   261 
22 26   244 
22 27   588 
22 28   111 
22 29   453 
22 30   788 
22 31   240 
22 32   218 
22 33   448 
22 34   536 
22 35    60 
22 36   137 
22 37     0 
22 38   593 
22 39    65 
22 40   446 
22 41   882 
22 42   676 
22 43   199 
22 44   527 
22 45   779 
22 46   226 
22 47   128 
22 48   699 
22 49   361 
22 50   735 
22 51   106 
22 52   169 
22 53   947 
22 54   430 
22 55   463 
22 56   935 
22 57   182 
22 58   542 
22 59   207 
22 60   285 
22 61   836 
22 62   377 
22 63   127 
22 64   549 
22 65   458 
22 66    69 
22 67   641 
22 68   608 
22 69   627 
22 70   563 
22 71   149 
22 72   492 
22 73   628 
22 74   953 
22 75   609 
22 76   193 
22 77   644 
22 78   461 
22 79   767 
22 80   375 
22 81   700 
22 82   501 
22 83   402 
22 84   168 
22 85   787 
22 86   473 
22 87   315 
22 88   650 
22 89   607 
22 90   924 
22 91   677 
22 92   927 
22 93   474 
22 94   338 
22 95   893 
22 96   363 
22 97   876 
22 98   560 
22 99   977 
22 100   253 
23 25   152 
23 26   325 
23 27   797 
23 28   309 
23 29     1 
23 30   211 
23 31    98 
23 32   587 
23 33   576 
23 34   923 
23 35   631 
23 36   548 
23 37   847 
23 38   507 
23 39   712 
23 40   661 
23 41   480 
23 42   194 
23 43    98 
23 44   339 
23 45   220 
23 46   738 
23 47   317 
23 48   861 
23 49   821 
23 50   239 
23 51   795 
23 52   937 
23 53   499 
23 54   236 
23 55   500 
23 56   238 
23 57    30 
23 58     8 
23 59   252 
23 60   183 
23 61   344 
23 62   217 
23 63    51 
23 64   809 
23 65   936 
23 66   243 
23 67   286 
23 68   562 
23 69    89 
23 70   837 
23 71   291 
23 72   638 
23 73   162 
23 74   782 
23 75   267 
23 76   407 
23 77     0 
23 78   663 
23 79   966 
23 80   535 
23 81   275 
23 82   423 
23 83   662 
23 84   773 
23 85   133 
23 86   697 
23 87   353 
23 88   981 
23 89   656 
23 90   157 
23 91   507 
23 92   746 
23 93   102 
23 94   112 
23 95   252 
23 96   176 
23 97   740 
23 98   962 
23 99   894 
23 100   174 
24 26   885 
24 27   821 
24 28   444 
24 29   671 
24 30   773 
24 31   556 
24 32   882 
24 33    60 
24 34   849 
24 35   995 
24 36   102 
24 37   519 
24 38   253 
24 39     9 
24 40   245 
24 41   142 
24 42   606 
24 43   586 
24 44   751 
24 45   810 
24 46    53 
24 47   253 
24 48   761 
24 49   149 
24 50    58 
24 51   185 
24 52   439 
24 53   750 
24 54    40 
24 55   958 
24 56    32 
24 57   255 
24 58   443 
24 59   519 
24 60   132 
24 61   265 
24 62   183 
24 63    42 
24 64   994 
24 65   712 
24 66    49 
24 67   521 
24 68   858 
24 69   549 
24 70   196 
24 71   963 
24 72    66 
24 73   907 
24 74   838 
24 75   738 
24 76   924 
24 77   123 
24 78   239 
24 79   891 
24 80   407 
24 81   383 
24 82   749 
24 83   358 
24 84   598 
24 85   990 
24 86   310 
24 87   887 
24 88    14 
24 89   639 
24 90   975 
24 91   970 
24 92   114 
24 93   100 
24 94   923 
24 95   651 
24 96   819 
24 97   661 
24 98   643 
24 99   957 
24 100   578 
25 27   596 
25 28   797 
25 29    84 
25 30   125 
25 31   833 
25 32   805 
25 33   827 
25 34   645 
25 35   969 
25 36   783 
25 37   491 
25 38   563 
25 39   165 
25 40    95 
25 41    53 
25 42   905 
25 43   610 
25 44   707 
25 45   408 
25 46   886 
25 47   397 
25 48   668 
25 49   801 
25 50   569 
25 51   516 
25 52   647 
25 53   710 
25 54   186 
25 55   955 
25 56   470 
25 57   700 
25 58   595 
25 59   859 
25 60   201 
25 61   503 
25 62   386 
25 63   371 
25 64   295 
25 65   534 
25 66   998 
25 67   285 
25 68   934 
25 69   565 
25 70   876 
25 71   790 
25 72   160 
25 73    15 
25 74    99 
25 75   884 
25 76   831 
25 77   167 
25 78    97 
25 79   638 
25 80   257 
25 81   742 
25 82    76 
25 83   432 
25 84   316 
25 85   171 
25 86   969 
25 87   617 
25 88   537 
25 89   327 
25 90   674 
25 91   422 
25 92   819 
25 93   199 
25 94   699 
25 95   585 
25 96   843 
25 97   816 
25 98   490 
25 99   769 
25 100   552 
26 28   622 
26 29   616 
26 30   469 
26 31    95 
26 32   473 
26 33   791 
26 34   626 
26 35   412 
26 36   155 
26 37   365 
26 38    36 
26 39   672 
26 40   430 
26 41   374 
26 42   172 
26 43   124 
26 44   166 
26 45   361 
26 46   441 
26 47   329 
26 48   137 
26 49   568 
26 50   645 
26 51   116 
26 52   424 
26 53   699 
26 54   171 
26 55   523 
26 56   618 
26 57   990 
26 58   887 
26 59     9 
26 60   303 
26 61   570 
26 62    10 
26 63   172 
26 64   658 
26 65   609 
26 66   168 
26 67   986 
26 68   619 
26 69   767 
26 70   339 
26 71   599 
26 72   918 
26 73   211 
26 74   388 
26 75   117 
26 76   793 
26 77   482 
26 78   339 
26 79   677 
26 80   256 
26 81   836 
26 82   955 
26 83   820 
26 84   837 
26 85   803 
26 86   231 
26 87   322 
26 88   798 
26 89   531 
26 90   474 
26 91    14 
26 92   995 
26 93   766 
26 94   127 
26 95   277 
26 96   718 
26 97   489 
26 98   980 
26 99   634 
26 100   306 
27 29   229 
27 30   753 
27 31   819 
27 32   884 
27 33   341 
27 34   995 
27 35   126 
27 36   483 
27 37    99 
27 38   767 
27 39   690 
27 40   157 
27 41   510 
27 42   280 
27 43   989 
27 44   803 
27 45   915 
27 46   642 
27 47   865 
27 48   254 
27 49   557 
27 50   696 
27 51   420 
27 52   998 
27 53   182 
27 54   272 
27 55    67 
27 56    87 
27 57   471 
27 58   383 
27 59   191 
27 60   350 
27 61   643 
27 62   607 
27 63   455 
27 64   161 
27 65     5 
27 66    48 
27 67   831 
27 68   202 
27 69   438 
27 70   562 
27 71   834 
27 72   450 
27 73   820 
27 74   690 
27 75   206 
27 76   998 
27 77   307 
27 78   321 
27 79   374 
27 80   969 
27 81   481 
27 82   627 
27 83   982 
27 84   453 
27 85   492 
27 86   230 
27 87   266 
27 88   416 
27 89   683 
27 90   150 
27 91   959 
27 92   168 
27 93   780 
27 94   870 
27 95   357 
27 96   301 
27 97   703 
27 98   730 
27 99   491 
27 100   760 
28 30   897 
28 31   772 
28 32   946 
28 33   356 
28 34     3 
28 35   632 
28 36   528 
28 37   833 
28 38   830 
28 39   319 
28 40   752 
28 41   541 
28 42   258 
28 43   529 
28 44   840 
28 45   691 
28 46   819 
28 47   261 
28 48   742 
28 49   291 
28 50   666 
28 51    36 
28 52   235 
28 53   542 
28 54   910 
28 55   895 
28 56     4 
28 57   212 
28 58   140 
28 59   557 
28 60   183 
28 61   348 
28 62   655 
28 63   970 
28 64   464 
28 65   124 
28 66   266 
28 67   981 
28 68   861 
28 69   372 
28 70   986 
28 71   256 
28 72    84 
28 73   542 
28 74   155 
28 75   469 
28 76   899 
28 77   421 
28 78   287 
28 79    70 
28 80   370 
28 81   729 
28 82   719 
28 83   759 
28 84   382 
28 85   375 
28 86   201 
28 87   928 
28 88    71 
28 89   333 
28 90   119 
28 91   641 
28 92   219 
28 93   218 
28 94   399 
28 95   834 
28 96   518 
28 97   566 
28 98   112 
28 99   185 
28 100   591 
29 31    21 
29 32   648 
29 33    82 
29 34   280 
29 35   766 
29 36   705 
29 37   258 
29 38   390 
29 39   959 
29 40   339 
29 41    10 
29 42   713 
29 43   308 
29 44   852 
29 45   894 
29 46   919 
29 47   785 
29 48   799 
29 49   392 
29 50   891 
29 51   396 
29 52   657 
29 53   248 
29 54   391 
29 55   476 
29 56   108 
29 57   322 
29 58   148 
29 59   745 
29 60   724 
29 61    24 
29 62   614 
29 63   662 
29 64   596 
29 65   882 
29 66   927 
29 67   602 
29 68   841 
29 69   536 
29 70   889 
29 71   905 
29 72   599 
29 73   908 
29 74   271 
29 75    68 
29 76   147 
29 77   589 
29 78   624 
29 79   714 
29 80   111 
29 81   862 
29 82   617 
29 83    55 
29 84    92 
29 85   622 
29 86   437 
29 87   952 
29 88    19 
29 89   812 
29 90   322 
29 91   492 
29 92   623 
29 93   627 
29 94   358 
29 95   424 
29 96     2 
29 97   402 
29 98   408 
29 99    38 
29 100   176 
30 32   410 
30 33   696 
30 34   491 
30 35   765 
30 36   517 
30 37    75 
30 38   555 
30 39    78 
30 40   492 
30 41   654 
30 42   544 
30 43   120 
30 44   480 
30 45   725 
30 46   531 
30 47   526 
30 48     3 
30 49   835 
30 50   787 
30 51   709 
30 52   796 
30 53    25 
30 54     2 
30 55   606 
30 56   357 
30 57   538 
30 58   475 
30 59   555 
30 60   154 
30 61    26 
30 62   528 
30 63   808 
30 64   791 
30 65   401 
30 66   464 
30 67   837 
30 68   457 
30 69   384 
30 70   920 
30 71   285 
30 72   249 
30 73   357 
30 74   362 
30 75   856 
30 76   545 
30 77   466 
30 78   282 
30 79   419 
30 80   335 
30 81   474 
30 82   851 
30 83   130 
30 84    85 
30 85   427 
30 86    66 
30 87   241 
30 88   494 
30 89   228 
30 90   853 
30 91   824 
30 92   598 
30 93   261 
30 94   384 
30 95    66 
30 96   918 
30 97   289 
30 98   330 
30 99   539 
30 100   402 
31 33   569 
31 34   939 
31 35    34 
31 36   604 
31 37   352 
31 38   692 
31 39   124 
31 40   650 
31 41   628 
31 42   155 
31 43   943 
31 44   660 
31 45   122 
31 46   652 
31 47   436 
31 48   754 
31 49   829 
31 50   632 
31 51   521 
31 52   251 
31 53     1 
31 54    11 
31 55   205 
31 56   633 
31 57   837 
31 58   567 
31 59   639 
31 60   910 
31 61   981 
31 62   560 
31 63   494 
31 64   221 
31 65   590 
31 66   401 
31 67    91 
31 68   463 
31 69    54 
31 70   636 
31 71   756 
31 72   610 
31 73   807 
31 74   239 
31 75   893 
31 76   409 
31 77   848 
31 78   320 
31 79   251 
31 80   373 
31 81   959 
31 82   142 
31 83   595 
31 84   644 
31 85   488 
31 86   122 
31 87   981 
31 88   280 
31 89   787 
31 90   988 
31 91   401 
31 92   469 
31 93   122 
31 94   899 
31 95   823 
31 96   453 
31 97   411 
31 98   726 
31 99   362 
31 100   631 
32 34   667 
32 35   965 
32 36   563 
32 37   139 
32 38   263 
32 39   663 
32 40   930 
32 41   695 
32 42   308 
32 43   493 
32 44   601 
32 45   964 
32 46   378 
32 47    51 
32 48   956 
32 49    53 
32 50   192 
32 51   453 
32 52   298 
32 53   132 
32 54   764 
32 55   832 
32 56   424 
32 57   425 
32 58   912 
32 59   248 
32 60   707 
32 61   280 
32 62   554 
32 63   794 
32 64   708 
32 65   506 
32 66   759 
32 67   256 
32 68   847 
32 69   342 
32 70   314 
32 71   774 
32 72   879 
32 73   675 
32 74   940 
32 75   259 
32 76   651 
32 77   335 
32 78   243 
32 79   896 
32 80   765 
32 81   564 
32 82   501 
32 83   390 
32 84    68 
32 85   118 
32 86   926 
32 87   193 
32 88   715 
32 89   661 
32 90   845 
32 91   208 
32 92   958 
32 93   227 
32 94   830 
32 95   315 
32 96   124 
32 97    26 
32 98   176 
32 99   374 
32 100    81 
33 35    64 
33 36   251 
33 37   929 
33 38   640 
33 39   130 
33 40    71 
33 41    98 
33 42   905 
33 43   232 
33 44   589 
33 45   494 
33 46    98 
33 47   631 
33 48   685 
33 49   880 
33 50   132 
33 51    94 
33 52   483 
33 53   367 
33 54   193 
33 55   451 
33 56   985 
33 57   944 
33 58   394 
33 59   549 
33 60   881 
33 61   806 
33 62   154 
33 63    77 
33 64   758 
33 65   988 
33 66   200 
33 67   911 
33 68    57 
33 69   722 
33 70    27 
33 71   525 
33 72    51 
33 73   553 
33 74   492 
33 75   829 
33 76   849 
33 77   702 
33 78   804 
33 79   401 
33 80   186 
33 81   221 
33 82   677 
33 83   364 
33 84   674 
33 85   409 
33 86   871 
33 87   795 
33 88   767 
33 89   703 
33 90   593 
33 91   663 
33 92   503 
33 93   523 
33 94     1 
33 95   795 
33 96   803 
33 97   656 
33 98   490 
33 99   407 
33 100   622 
34 36   627 
34 37   401 
34 38   522 
34 39   181 
34 40   208 
34 41   431 
34 42   391 
34 43   693 
34 44   672 
34 45   873 
34 46   618 
34 47   728 
34 48   137 
34 49   828 
34 50   230 
34 51   287 
34 52   695 
34 53    28 
34 54   501 
34 55    94 
34 56   630 
34 57   888 
34 58   934 
34 59    74 
34 60   360 
34 61   861 
34 62   927 
34 63   500 
34 64   263 
34 65   649 
34 66   802 
34 67   771 
34 68   921 
34 69    84 
34 70   695 
34 71    32 
34 72   629 
34 73   956 
34 74   830 
34 75   161 
34 76   381 
34 77   199 
34 78   847 
34 79   383 
34 80   226 
34 81   248 
34 82   148 
34 83   110 
34 84    68 
34 85   126 
34 86   282 
34 87   677 
34 88   920 
34 89   674 
34 90   514 
34 91   829 
34 92   114 
34 93   732 
34 94   760 
34 95   199 
34 96   119 
34 97   927 
34 98   854 
34 99    20 
34 100   883 
35 37   410 
35 38   220 
35 39   782 
35 40   983 
35 41   334 
35 42   476 
35 43   710 
35 44   939 
35 45   973 
35 46   440 
35 47   519 
35 48    28 
35 49   294 
35 50   933 
35 51   563 
35 52   524 
35 53   982 
35 54   658 
35 55   122 
35 56   476 
35 57    83 
35 58    93 
35 59   888 
35 60   469 
35 61   719 
35 62   991 
35 63   655 
35 64   719 
35 65   331 
35 66   319 
35 67   561 
35 68   637 
35 69    57 
35 70   468 
35 71    38 
35 72   447 
35 73   258 
35 74   712 
35 75     3 
35 76   533 
35 77   659 
35 78   352 
35 79   518 
35 80   965 
35 81   652 
35 82   258 
35 83   347 
35 84   132 
35 85   539 
35 86   714 
35 87    51 
35 88   505 
35 89   645 
35 90   675 
35 91   933 
35 92   576 
35 93   852 
35 94   620 
35 95   812 
35 96     1 
35 97   550 
35 98   218 
35 99    48 
35 100   357 
36 38   717 
36 39   538 
36 40   940 
36 41    80 
36 42   614 
36 43   123 
36 44   569 
36 45   325 
36 46   291 
36 47   624 
36 48   607 
36 49   146 
36 50   613 
36 51     9 
36 52   603 
36 53   421 
36 54   413 
36 55   388 
36 56   824 
36 57    85 
36 58   339 
36 59   408 
36 60    90 
36 61   125 
36 62   695 
36 63   827 
36 64   630 
36 65   855 
36 66    58 
36 67   503 
36 68   115 
36 69   480 
36 70   173 
36 71   885 
36 72   390 
36 73   354 
36 74   538 
36 75   597 
36 76   420 
36 77   598 
36 78   937 
36 79   229 
36 80   217 
36 81   329 
36 82   593 
36 83   262 
36 84   866 
36 85     2 
36 86   192 
36 87   436 
36 88   102 
36 89   667 
36 90   531 
36 91   242 
36 92   217 
36 93   818 
36 94    14 
36 95   991 
36 96   527 
36 97   900 
36 98   956 
36 99   665 
36 100   700 
37 39   520 
37 40   346 
37 41   645 
37 42   480 
37 43   572 
37 44   588 
37 45    22 
37 46   787 
37 47   590 
37 48   290 
37 49   616 
37 50    43 
37 51   923 
37 52   492 
37 53   792 
37 54   320 
37 55   146 
37 56   419 
37 57   119 
37 58   694 
37 59   922 
37 60   921 
37 61   777 
37 62   851 
37 63    78 
37 64     7 
37 65   208 
37 66   506 
37 67   208 
37 68   963 
37 69   134 
37 70   212 
37 71   284 
37 72   279 
37 73   587 
37 74   413 
37 75   403 
37 76   935 
37 77   316 
37 78   363 
37 79   592 
37 80   300 
37 81   344 
37 82   348 
37 83   576 
37 84   677 
37 85   539 
37 86   778 
37 87    51 
37 88   380 
37 89   705 
37 90   449 
37 91   811 
37 92   498 
37 93   686 
37 94   885 
37 95   197 
37 96   316 
37 97    89 
37 98   482 
37 99   704 
37 100   921 
38 40   266 
38 41    41 
38 42   975 
38 43   560 
38 44   342 
38 45   322 
38 46   700 
38 47   731 
38 48   831 
38 49   823 
38 50   741 
38 51   764 
38 52   328 
38 53   804 
38 54    72 
38 55   243 
38 56   834 
38 57   129 
38 58    87 
38 59   813 
38 60   940 
38 61   787 
38 62     3 
38 63    87 
38 64   546 
38 65   614 
38 66   337 
38 67   728 
38 68   908 
38 69    53 
38 70   958 
38 71   402 
38 72   420 
38 73   787 
38 74   611 
38 75   635 
38 76    51 
38 77   584 
38 78   415 
38 79    13 
38 80   139 
38 81   676 
38 82   931 
38 83   613 
38 84   899 
38 85   572 
38 86   298 
38 87   302 
38 88   228 
38 89    43 
38 90   282 
38 91   256 
38 92   820 
38 93   570 
38 94   389 
38 95   641 
38 96   502 
38 97   953 
38 98   938 
38 99   190 
38 100   835 
39 41   624 
39 42   546 
39 43     3 
39 44   830 
39 45   169 
39 46   269 
39 47   686 
39 48   310 
39 49   323 
39 50   132 
39 51   296 
39 52   407 
39 53   751 
39 54   524 
39 55   711 
39 56   206 
39 57   310 
39 58   922 
39 59   930 
39 60   395 
39 61   574 
39 62    50 
39 63   962 
39 64   636 
39 65   441 
39 66   623 
39 67   688 
39 68   494 
39 69   915 
39 70   151 
39 71   444 
39 72   569 
39 73   734 
39 74    49 
39 75   948 
39 76   461 
39 77   627 
39 78   817 
39 79   292 
39 80   294 
39 81   119 
39 82    81 
39 83   733 
39 84    58 
39 85   886 
39 86   707 
39 87   497 
39 88   599 
39 89   129 
39 90   946 
39 91   528 
39 92   527 
39 93   107 
39 94   457 
39 95   622 
39 96   998 
39 97   440 
39 98   369 
39 99   524 
39 100   948 
40 42   365 
40 43   291 
40 44   962 
40 45   743 
40 46    89 
40 47   154 
40 48   613 
40 49   995 
40 50   102 
40 51   539 
40 52    49 
40 53   394 
40 54    76 
40 55   619 
40 56   452 
40 57   906 
40 58   829 
40 59    62 
40 60   387 
40 61   206 
40 62   339 
40 63   385 
40 64   683 
40 65   506 
40 66   771 
40 67   425 
40 68    93 
40 69    83 
40 70    23 
40 71   477 
40 72     0 
40 73    73 
40 74   937 
40 75   716 
40 76   513 
40 77   594 
40 78   854 
40 79   802 
40 80   246 
40 81   230 
40 82   857 
40 83   705 
40 84   140 
40 85   106 
40 86   234 
40 87   255 
40 88   826 
40 89   178 
40 90   109 
40 91   868 
40 92   639 
40 93   294 
40 94   146 
40 95   822 
40 96   815 
40 97   225 
40 98   363 
40 99   572 
40 100   234 
41 43   522 
41 44   725 
41 45   605 
41 46   395 
41 47   259 
41 48   251 
41 49   873 
41 50   626 
41 51   152 
41 52   147 
41 53   904 
41 54   732 
41 55   605 
41 56   606 
41 57   587 
41 58   104 
41 59   864 
41 60    36 
41 61   778 
41 62   122 
41 63   301 
41 64   553 
41 65   348 
41 66   172 
41 67   912 
41 68   852 
41 69     4 
41 70   656 
41 71   609 
41 72   588 
41 73   840 
41 74   503 
41 75   187 
41 76   302 
41 77   191 
41 78   249 
41 79   269 
41 80   515 
41 81   725 
41 82   767 
41 83   343 
41 84   593 
41 85   490 
41 86   521 
41 87   494 
41 88   839 
41 89   117 
41 90   287 
41 91   960 
41 92   924 
41 93   151 
41 94   554 
41 95   516 
41 96   276 
41 97   349 
41 98   686 
41 99   329 
41 100   348 
42 44   449 
42 45   354 
42 46    33 
42 47   724 
42 48   925 
42 49    69 
42 50   749 
42 51   391 
42 52    15 
42 53    72 
42 54    93 
42 55   358 
42 56   131 
42 57   522 
42 58   177 
42 59   760 
42 60   110 
42 61    65 
42 62   573 
42 63   527 
42 64   871 
42 65   415 
42 66   253 
42 67   933 
42 68   450 
42 69   297 
42 70   992 
42 71   333 
42 72   227 
42 73   260 
42 74   482 
42 75   358 
42 76   123 
42 77   943 
42 78   145 
42 79   180 
42 80   591 
42 81   255 
42 82   856 
42 83   243 
42 84    57 
42 85   450 
42 86   725 
42 87   746 
42 88    75 
42 89   890 
42 90   335 
42 91   916 
42 92   126 
42 93   622 
42 94   226 
42 95   340 
42 96   203 
42 97   930 
42 98   965 
42 99   168 
42 100   526 
43 45   802 
43 46    40 
43 47   714 
43 48   830 
43 49    21 
43 50   405 
43 51   227 
43 52   604 
43 53   377 
43 54   265 
43 55    73 
43 56   588 
43 57   630 
43 58   893 
43 59   248 
43 60   365 
43 61   723 
43 62   328 
43 63   677 
43 64     8 
43 65   902 
43 66   445 
43 67   522 
43 68   513 
43 69   198 
43 70   983 
43 71   262 
43 72   163 
43 73   811 
43 74   901 
43 75   888 
43 76   424 
43 77   982 
43 78   121 
43 79   143 
43 80   905 
43 81   901 
43 82   252 
43 83   390 
43 84    67 
43 85   156 
43 86    30 
43 87   958 
43 88   145 
43 89   906 
43 90   600 
43 91   823 
43 92   654 
43 93   379 
43 94   506 
43 95   150 
43 96   614 
43 97   708 
43 98   492 
43 99   897 
43 100   370 
44 46   954 
44 47   903 
44 48   266 
44 49   860 
44 50    64 
44 51   186 
44 52    60 
44 53   496 
44 54   227 
44 55   219 
44 56   758 
44 57   240 
44 58   288 
44 59   689 
44 60   842 
44 61    86 
44 62   346 
44 63   112 
44 64   634 
44 65   900 
44 66   858 
44 67    80 
44 68   805 
44 69   604 
44 70   160 
44 71   141 
44 72   709 
44 73   157 
44 74   991 
44 75   115 
44 76    32 
44 77   615 
44 78   291 
44 79   454 
44 80   891 
44 81   424 
44 82   360 
44 83   661 
44 84   100 
44 85   245 
44 86   774 
44 87   992 
44 88   176 
44 89   802 
44 90    57 
44 91   172 
44 92   578 
44 93   856 
44 94   189 
44 95   485 
44 96   217 
44 97   576 
44 98   140 
44 99   724 
44 100   396 
45 47    11 
45 48   738 
45 49   675 
45 50   765 
45 51   482 
45 52   396 
45 53   596 
45 54   578 
45 55   977 
45 56   286 
45 57     0 
45 58   228 
45 59   827 
45 60   409 
45 61   157 
45 62   303 
45 63   816 
45 64   469 
45 65   927 
45 66   951 
45 67   674 
45 68   660 
45 69   286 
45 70   758 
45 71   676 
45 72   931 
45 73   230 
45 74   221 
45 75   712 
45 76   135 
45 77   122 
45 78   428 
45 79   478 
45 80   722 
45 81   997 
45 82   436 
45 83   198 
45 84   605 
45 85   936 
45 86   352 
45 87   174 
45 88   602 
45 89   167 
45 90   428 
45 91   470 
45 92   337 
45 93   983 
45 94   516 
45 95   896 
45 96   529 
45 97   245 
45 98    85 
45 99   100 
45 100   834 
46 48   761 
46 49   640 
46 50    29 
46 51   812 
46 52   364 
46 53   181 
46 54   181 
46 55   985 
46 56   543 
46 57    76 
46 58   928 
46 59   465 
46 60    51 
46 61   964 
46 62   418 
46 63   722 
46 64   240 
46 65   381 
46 66   181 
46 67   804 
46 68   814 
46 69    71 
46 70   154 
46 71   292 
46 72   451 
46 73   821 
46 74   701 
46 75   804 
46 76   826 
46 77   773 
46 78    61 
46 79   146 
46 80   714 
46 81   127 
46 82   138 
46 83   546 
46 84   629 
46 85   619 
46 86   369 
46 87    35 
46 88   715 
46 89   732 
46 90   137 
46 91   732 
46 92   473 
46 93   323 
46 94   822 
46 95   737 
46 96    68 
46 97   918 
46 98   315 
46 99   685 
46 100   500 
47 49    72 
47 50   717 
47 51   268 
47 52   153 
47 53   364 
47 54    52 
47 55   530 
47 56   214 
47 57   775 
47 58   817 
47 59   451 
47 60   373 
47 61   336 
47 62   923 
47 63   786 
47 64   763 
47 65    57 
47 66   932 
47 67   810 
47 68   750 
47 69    36 
47 70   387 
47 71   381 
47 72   443 
47 73   332 
47 74   957 
47 75   180 
47 76    76 
47 77   534 
47 78   160 
47 79   726 
47 80    13 
47 81   978 
47 82   738 
47 83   324 
47 84   744 
47 85   675 
47 86   867 
47 87    70 
47 88   634 
47 89    28 
47 90   545 
47 91   658 
47 92   531 
47 93   563 
47 94    27 
47 95   752 
47 96   364 
47 97   581 
47 98    25 
47 99   417 
47 100   647 
48 50   849 
48 51   959 
48 52   487 
48 53   446 
48 54   829 
48 55   283 
48 56   552 
48 57   604 
48 58   678 
48 59   241 
48 60   256 
48 61   415 
48 62   800 
48 63   969 
48 64   380 
48 65   244 
48 66   736 
48 67   533 
48 68   798 
48 69   184 
48 70   856 
48 71   928 
48 72   692 
48 73   256 
48 74    64 
48 75   509 
48 76   661 
48 77   286 
48 78   246 
48 79   645 
48 80   781 
48 81   330 
48 82   147 
48 83   629 
48 84   999 
48 85   765 
48 86   888 
48 87   118 
48 88   511 
48 89   401 
48 90   872 
48 91   136 
48 92   343 
48 93   101 
48 94   590 
48 95   971 
48 96   686 
48 97   293 
48 98   985 
48 99   903 
48 100   771 
49 51   705 
49 52   218 
49 53   200 
49 54   459 
49 55   779 
49 56    59 
49 57   718 
49 58   837 
49 59   907 
49 60   160 
49 61    46 
49 62   278 
49 63   319 
49 64   960 
49 65   555 
49 66    32 
49 67   759 
49 68   198 
49 69   778 
49 70   710 
49 71   221 
49 72   560 
49 73   234 
49 74   615 
49 75   739 
49 76   842 
49 77    10 
49 78   487 
49 79   366 
49 80   499 
49 81   978 
49 82    67 
49 83   565 
49 84   909 
49 85    62 
49 86   238 
49 87   982 
49 88   860 
49 89   704 
49 90   411 
49 91   746 
49 92   141 
49 93   315 
49 94   647 
49 95   370 
49 96   887 
49 97   554 
49 98   373 
49 99   538 
49 100   579 
50 52   958 
50 53   849 
50 54   729 
50 55    37 
50 56   416 
50 57   353 
50 58     3 
50 59   516 
50 60   335 
50 61   250 
50 62   663 
50 63   210 
50 64   862 
50 65   334 
50 66   909 
50 67   208 
50 68   193 
50 69   676 
50 70   116 
50 71   262 
50 72   274 
50 73   111 
50 74   171 
50 75   473 
50 76   194 
50 77   168 
50 78   842 
50 79   873 
50 80   138 
50 81   697 
50 82   736 
50 83   711 
50 84   654 
50 85   592 
50 86   715 
50 87   123 
50 88   246 
50 89   140 
50 90   884 
50 91   930 
50 92   252 
50 93   971 
50 94   136 
50 95   817 
50 96   599 
50 97   500 
50 98   324 
50 99   714 
50 100   557 
51 53   419 
51 54   638 
51 55   811 
51 56   431 
51 57   957 
51 58   170 
51 59   557 
51 60   642 
51 61   724 
51 62   253 
51 63   838 
51 64    21 
51 65   272 
51 66   135 
51 67   682 
51 68   918 
51 69    67 
51 70   427 
51 71   408 
51 72   221 
51 73    25 
51 74   825 
51 75   172 
51 76   515 
51 77    86 
51 78   413 
51 79   418 
51 80   754 
51 81   743 
51 82    29 
51 83   328 
51 84   816 
51 85   252 
51 86    79 
51 87   445 
51 88   270 
51 89   765 
51 90   941 
51 91   595 
51 92   123 
51 93   117 
51 94    20 
51 95   961 
51 96   101 
51 97   638 
51 98   405 
51 99   697 
51 100   408 
52 54   639 
52 55   978 
52 56   525 
52 57   681 
52 58    79 
52 59   338 
52 60   764 
52 61    62 
52 62    79 
52 63   186 
52 64   974 
52 65   289 
52 66    48 
52 67    75 
52 68   939 
52 69   958 
52 70   219 
52 71   903 
52 72   478 
52 73   414 
52 74    23 
52 75   287 
52 76   220 
52 77   450 
52 78   842 
52 79   537 
52 80   425 
52 81   336 
52 82    49 
52 83   120 
52 84   272 
52 85   354 
52 86   486 
52 87   723 
52 88   250 
52 89   834 
52 90   309 
52 91   219 
52 92   610 
52 93   169 
52 94   598 
52 95   477 
52 96   836 
52 97   673 
52 98   129 
52 99   332 
52 100   854 
53 55   740 
53 56   575 
53 57   874 
53 58   951 
53 59   729 
53 60   932 
53 61   436 
53 62   303 
53 63   424 
53 64   608 
53 65   964 
53 66   792 
53 67   196 
53 68   570 
53 69   699 
53 70   977 
53 71   172 
53 72   358 
53 73   530 
53 74   478 
53 75   951 
53 76    51 
53 77   937 
53 78    18 
53 79   778 
53 80   488 
53 81   505 
53 82   661 
53 83    60 
53 84   732 
53 85   308 
53 86   897 
53 87   232 
53 88    42 
53 89    50 
53 90   635 
53 91   785 
53 92   407 
53 93   593 
53 94   901 
53 95   489 
53 96   863 
53 97   903 
53 98   379 
53 99   787 
53 100   326 
54 56   999 
54 57   959 
54 58   780 
54 59   955 
54 60   280 
54 61   879 
54 62     5 
54 63   500 
54 64   584 
54 65   358 
54 66   825 
54 67   996 
54 68   761 
54 69   482 
54 70    70 
54 71   743 
54 72   297 
54 73   466 
54 74   867 
54 75   256 
54 76   825 
54 77   822 
54 78   460 
54 79   271 
54 80   653 
54 81   220 
54 82   521 
54 83   980 
54 84    25 
54 85   989 
54 86   534 
54 87   957 
54 88   778 
54 89   129 
54 90   696 
54 91   969 
54 92   938 
54 93   406 
54 94   110 
54 95   849 
54 96   175 
54 97   922 
54 98   432 
54 99   407 
54 100   114 
55 57   859 
55 58   702 
55 59   521 
55 60   276 
55 61   155 
55 62   460 
55 63   879 
55 64   890 
55 65   414 
55 66   596 
55 67   476 
55 68   230 
55 69   534 
55 70   100 
55 71   979 
55 72   179 
55 73   656 
55 74   354 
55 75   527 
55 76   489 
55 77   908 
55 78   114 
55 79   125 
55 80   359 
55 81   511 
55 82   138 
55 83   468 
55 84   557 
55 85   755 
55 86   922 
55 87   909 
55 88   606 
55 89   162 
55 90   699 
55 91   132 
55 92   148 
55 93   567 
55 94   212 
55 95   630 
55 96   115 
55 97   957 
55 98   790 
55 99   497 
55 100   265 
56 58   508 
56 59    38 
56 60     9 
56 61   622 
56 62   818 
56 63   405 
56 64    63 
56 65   186 
56 66   637 
56 67   995 
56 68   591 
56 69    66 
56 70    53 
56 71   599 
56 72    30 
56 73   536 
56 74   840 
56 75   441 
56 76   427 
56 77   617 
56 78    72 
56 79   920 
56 80   167 
56 81   944 
56 82   583 
56 83   453 
56 84   176 
56 85    29 
56 86   305 
56 87   733 
56 88   896 
56 89   497 
56 90   766 
56 91   356 
56 92   765 
56 93   172 
56 94   942 
56 95   336 
56 96   132 
56 97   290 
56 98   794 
56 99   987 
56 100    88 
57 59   914 
57 60    29 
57 61    46 
57 62   855 
57 63   680 
57 64   874 
57 65   205 
57 66   422 
57 67   726 
57 68   353 
57 69   313 
57 70   337 
57 71   849 
57 72    78 
57 73   835 
57 74   283 
57 75    37 
57 76   551 
57 77   565 
57 78   192 
57 79   189 
57 80   936 
57 81    86 
57 82   133 
57 83   368 
57 84   753 
57 85   674 
57 86   239 
57 87   349 
57 88   105 
57 89   620 
57 90   453 
57 91   416 
57 92   470 
57 93   243 
57 94   206 
57 95    12 
57 96   608 
57 97   886 
57 98   898 
57 99   607 
57 100    96 
58 60   468 
58 61   786 
58 62    29 
58 63   925 
58 64   894 
58 65   623 
58 66    18 
58 67   892 
58 68   312 
58 69   645 
58 70   247 
58 71   184 
58 72   190 
58 73   652 
58 74   817 
58 75   664 
58 76   484 
58 77   522 
58 78   857 
58 79   988 
58 80   194 
58 81   805 
58 82   910 
58 83   689 
58 84   725 
58 85   251 
58 86   970 
58 87   746 
58 88   941 
58 89   211 
58 90   395 
58 91   982 
58 92    84 
58 93   761 
58 94   534 
58 95    41 
58 96   332 
58 97   221 
58 98   579 
58 99   503 
58 100   304 
59 61   449 
59 62   566 
59 63   786 
59 64   745 
59 65   895 
59 66   107 
59 67   272 
59 68    88 
59 69   785 
59 70   750 
59 71   305 
59 72   793 
59 73    20 
59 74   717 
59 75   257 
59 76   611 
59 77   168 
59 78   821 
59 79    82 
59 80   494 
59 81   311 
59 82   155 
59 83    78 
59 84   387 
59 85   786 
59 86   113 
59 87   102 
59 88    20 
59 89   200 
59 90   524 
59 91   106 
59 92   692 
59 93    84 
59 94   598 
59 95   883 
59 96   557 
59 97   660 
59 98   682 
59 99   240 
59 100   182 
60 62   692 
60 63   215 
60 64   711 
60 65   478 
60 66   816 
60 67   764 
60 68   148 
60 69   345 
60 70   844 
60 71   407 
60 72   528 
60 73   599 
60 74    15 
60 75   302 
60 76   278 
60 77   932 
60 78   252 
60 79   990 
60 80   902 
60 81   281 
60 82   246 
60 83   218 
60 84     9 
60 85   967 
60 86   851 
60 87   343 
60 88   347 
60 89   893 
60 90    60 
60 91   565 
60 92   204 
60 93   728 
60 94   284 
60 95   263 
60 96   454 
60 97   871 
60 98   626 
60 99   742 
60 100   795 
61 63   872 
61 64   254 
61 65    61 
61 66   518 
61 67   379 
61 68   826 
61 69   836 
61 70    14 
61 71   929 
61 72   711 
61 73   533 
61 74   277 
61 75   945 
61 76   428 
61 77   782 
61 78   304 
61 79   761 
61 80    87 
61 81   291 
61 82   229 
61 83    33 
61 84    44 
61 85   724 
61 86   703 
61 87   548 
61 88   433 
61 89   570 
61 90   626 
61 91   328 
61 92   484 
61 93   879 
61 94   269 
61 95   577 
61 96   478 
61 97   900 
61 98   843 
61 99   117 
61 100   687 
62 64   376 
62 65   326 
62 66   777 
62 67   692 
62 68   839 
62 69    28 
62 70   417 
62 71   540 
62 72   798 
62 73   932 
62 74   913 
62 75    38 
62 76   626 
62 77   524 
62 78   212 
62 79   497 
62 80   506 
62 81   486 
62 82   443 
62 83   811 
62 84   168 
62 85   456 
62 86   738 
62 87   500 
62 88   253 
62 89   371 
62 90   759 
62 91   131 
62 92   520 
62 93    52 
62 94   978 
62 95   499 
62 96    61 
62 97   973 
62 98   566 
62 99   415 
62 100   872 
63 65   406 
63 66   169 
63 67   502 
63 68    55 
63 69   153 
63 70   832 
63 71   869 
63 72   716 
63 73   953 
63 74   794 
63 75   208 
63 76   642 
63 77   919 
63 78   870 
63 79   461 
63 80   674 
63 81   143 
63 82    93 
63 83   105 
63 84   883 
63 85   656 
63 86   744 
63 87   990 
63 88    45 
63 89   465 
63 90   596 
63 91   328 
63 92   323 
63 93    34 
63 94    28 
63 95   172 
63 96   234 
63 97   158 
63 98   807 
63 99   606 
63 100   934 
64 66   892 
64 67   112 
64 68   960 
64 69   133 
64 70    11 
64 71   235 
64 72   512 
64 73   604 
64 74   467 
64 75   162 
64 76   798 
64 77   880 
64 78   233 
64 79   624 
64 80   596 
64 81   602 
64 82   604 
64 83   605 
64 84   245 
64 85    10 
64 86   287 
64 87   687 
64 88   726 
64 89   821 
64 90   503 
64 91   119 
64 92   987 
64 93   974 
64 94   500 
64 95   929 
64 96   769 
64 97   410 
64 98   377 
64 99   851 
64 100   842 
65 67   342 
65 68   848 
65 69   586 
65 70   498 
65 71   337 
65 72   958 
65 73   657 
65 74   130 
65 75   159 
65 76   323 
65 77   604 
65 78   889 
65 79   236 
65 80   815 
65 81   928 
65 82   299 
65 83   185 
65 84   122 
65 85   911 
65 86   382 
65 87   611 
65 88   419 
65 89   759 
65 90   935 
65 91   309 
65 92   417 
65 93   937 
65 94   801 
65 95   596 
65 96   623 
65 97   852 
65 98   875 
65 99   594 
65 100   493 
66 68   747 
66 69   138 
66 70   248 
66 71   772 
66 72   868 
66 73   178 
66 74   444 
66 75   779 
66 76   504 
66 77   118 
66 78   371 
66 79   587 
66 80   588 
66 81   113 
66 82   237 
66 83   367 
66 84   664 
66 85   642 
66 86   992 
66 87   660 
66 88   398 
66 89    78 
66 90   337 
66 91   485 
66 92   869 
66 93    23 
66 94   507 
66 95   189 
66 96   953 
66 97   575 
66 98   288 
66 99   863 
66 100   713 
67 69   743 
67 70   429 
67 71   975 
67 72    42 
67 73   497 
67 74   135 
67 75   891 
67 76   566 
67 77   790 
67 78   919 
67 79   662 
67 80   172 
67 81   412 
67 82   423 
67 83   734 
67 84   919 
67 85   783 
67 86   940 
67 87   698 
67 88    99 
67 89   461 
67 90    34 
67 91   190 
67 92   785 
67 93   970 
67 94   155 
67 95   779 
67 96   442 
67 97   386 
67 98   969 
67 99   700 
67 100   916 
68 70   682 
68 71   385 
68 72   577 
68 73    36 
68 74   209 
68 75   708 
68 76   723 
68 77   191 
68 78    60 
68 79   715 
68 80   520 
68 81   595 
68 82   363 
68 83   242 
68 84   595 
68 85   843 
68 86   128 
68 87     7 
68 88   590 
68 89   875 
68 90   997 
68 91   225 
68 92   518 
68 93   844 
68 94   322 
68 95   665 
68 96   747 
68 97   484 
68 98   583 
68 99   192 
68 100   556 
69 71   659 
69 72   605 
69 73   233 
69 74   424 
69 75   412 
69 76   139 
69 77   314 
69 78   532 
69 79   417 
69 80   297 
69 81   171 
69 82   175 
69 83   805 
69 84   256 
69 85   460 
69 86    26 
69 87   842 
69 88   621 
69 89   376 
69 90   618 
69 91   444 
69 92   389 
69 93   488 
69 94   402 
69 95   123 
69 96   452 
69 97   163 
69 98   224 
69 99   724 
69 100   906 
70 72    71 
70 73   519 
70 74   409 
70 75   512 
70 76   151 
70 77   945 
70 78   512 
70 79   820 
70 80   718 
70 81   213 
70 82   175 
70 83   781 
70 84   713 
70 85    41 
70 86   802 
70 87   129 
70 88   291 
70 89   141 
70 90    23 
70 91   411 
70 92   552 
70 93   769 
70 94   941 
70 95   591 
70 96   486 
70 97   135 
70 98   495 
70 99   896 
70 100   508 
71 73   862 
71 74   654 
71 75   403 
71 76   142 
71 77   999 
71 78    74 
71 79   380 
71 80   497 
71 81   167 
71 82   399 
71 83   202 
71 84   863 
71 85   460 
71 86    50 
71 87   585 
71 88   732 
71 89   934 
71 90   465 
71 91     9 
71 92   860 
71 93    94 
71 94    57 
71 95   360 
71 96   953 
71 97   839 
71 98   273 
71 99   508 
71 100   730 
72 74   456 
72 75   901 
72 76   374 
72 77   980 
72 78   652 
72 79    40 
72 80   988 
72 81   934 
72 82   629 
72 83   902 
72 84   782 
72 85   188 
72 86   673 
72 87   214 
72 88   975 
72 89   900 
72 90   342 
72 91   684 
72 92    31 
72 93   285 
72 94   466 
72 95   657 
72 96   383 
72 97   242 
72 98   703 
72 99    90 
72 100   730 
73 75   976 
73 76   459 
73 77   998 
73 78   326 
73 79   376 
73 80   902 
73 81   530 
73 82   750 
73 83   792 
73 84   493 
73 85   397 
73 86   645 
73 87    81 
73 88    80 
73 89   963 
73 90   420 
73 91   906 
73 92   182 
73 93    69 
73 94   958 
73 95   457 
73 96   687 
73 97   581 
73 98   694 
73 99   110 
73 100   442 
74 76    67 
74 77   516 
74 78   575 
74 79   440 
74 80   393 
74 81    53 
74 82   225 
74 83   473 
74 84   176 
74 85   957 
74 86   619 
74 87   507 
74 88   344 
74 89    83 
74 90   573 
74 91   439 
74 92   281 
74 93   224 
74 94    62 
74 95   612 
74 96   119 
74 97    82 
74 98   370 
74 99   386 
74 100    13 
75 77   789 
75 78     5 
75 79    69 
75 80    87 
75 81   258 
75 82   441 
75 83   603 
75 84   344 
75 85     9 
75 86    49 
75 87   561 
75 88   804 
75 89   337 
75 90   461 
75 91   834 
75 92   107 
75 93   590 
75 94   894 
75 95   695 
75 96   793 
75 97   759 
75 98   329 
75 99    23 
75 100   783 
76 78   197 
76 79   920 
76 80   735 
76 81   860 
76 82    46 
76 83   733 
76 84    96 
76 85   942 
76 86   590 
76 87   467 
76 88   891 
76 89   356 
76 90   461 
76 91   392 
76 92   369 
76 93   253 
76 94   828 
76 95   601 
76 96   733 
76 97    89 
76 98   717 
76 99   656 
76 100   707 
77 79   148 
77 80   200 
77 81   590 
77 82   646 
77 83   115 
77 84    62 
77 85    71 
77 86   136 
77 87   856 
77 88   419 
77 89   152 
77 90   888 
77 91   718 
77 92   257 
77 93   254 
77 94   158 
77 95   176 
77 96   200 
77 97   911 
77 98    34 
77 99   745 
77 100   932 
78 80    42 
78 81   548 
78 82   199 
78 83   693 
78 84   636 
78 85   602 
78 86   191 
78 87   128 
78 88   156 
78 89   547 
78 90   345 
78 91    76 
78 92   289 
78 93   606 
78 94   372 
78 95   220 
78 96   182 
78 97   138 
78 98   439 
78 99    53 
78 100   774 
79 81   619 
79 82   761 
79 83   844 
79 84   418 
79 85   564 
79 86   475 
79 87   648 
79 88   986 
79 89   951 
79 90   449 
79 91   328 
79 92   978 
79 93   737 
79 94   250 
79 95   550 
79 96    91 
79 97   495 
79 98   686 
79 99   899 
79 100   120 
80 82   872 
80 83   469 
80 84   840 
80 85   873 
80 86   407 
80 87    10 
80 88   633 
80 89   497 
80 90     9 
80 91   123 
80 92   474 
80 93   397 
80 94   925 
80 95   137 
80 96   685 
80 97   975 
80 98   113 
80 99   909 
80 100   495 
81 83   929 
81 84   390 
81 85   724 
81 86   589 
81 87    77 
81 88   470 
81 89    21 
81 90   138 
81 91   828 
81 92   787 
81 93   136 
81 94   505 
81 95   479 
81 96   818 
81 97   188 
81 98   976 
81 99   679 
81 100   490 
82 84   155 
82 85   321 
82 86   254 
82 87   160 
82 88   981 
82 89   205 
82 90   184 
82 91   544 
82 92   430 
82 93    58 
82 94   259 
82 95   178 
82 96    71 
82 97    27 
82 98   149 
82 99   509 
82 100    59 
83 85   352 
83 86   441 
83 87   341 
83 88   521 
83 89   511 
83 90   336 
83 91   795 
83 92   507 
83 93   964 
83 94   713 
83 95   140 
83 96   768 
83 97   151 
83 98   820 
83 99    93 
83 100   346 
84 86   629 
84 87   612 
84 88   422 
84 89   395 
84 90   662 
84 91   865 
84 92     4 
84 93   966 
84 94    33 
84 95   717 
84 96     1 
84 97   406 
84 98   791 
84 99     7 
84 100   385 
85 87   660 
85 88   452 
85 89   944 
85 90   557 
85 91   702 
85 92   577 
85 93    94 
85 94   818 
85 95   915 
85 96   125 
85 97   475 
85 98   779 
85 99   887 
85 100   328 
86 88   276 
86 89   845 
86 90   947 
86 91   443 
86 92   922 
86 93    73 
86 94   457 
86 95   593 
86 96   675 
86 97   284 
86 98   285 
86 99   667 
86 100   466 
87 89   402 
87 90    80 
87 91   773 
87 92   426 
87 93   398 
87 94   313 
87 95   829 
87 96   181 
87 97   718 
87 98   777 
87 99     4 
87 100   305 
88 90   220 
88 91   877 
88 92    31 
88 93   899 
88 94    63 
88 95    68 
88 96   620 
88 97   801 
88 98   963 
88 99   116 
88 100   851 
89 91   121 
89 92   496 
89 93   654 
89 94   669 
89 95   417 
89 96   928 
89 97    94 
89 98   906 
89 99   487 
89 100   440 
90 92    63 
90 93   410 
90 94   435 
90 95   895 
90 96   938 
90 97   605 
90 98   336 
90 99   540 
90 100   657 
91 93   946 
91 94   647 
91 95   732 
91 96   918 
91 97   446 
91 98   266 
91 99   354 
91 100     1 
92 94   407 
92 95   827 
92 96   140 
92 97    42 
92 98   853 
92 99   883 
92 100   616 
93 95   894 
93 96    77 
93 97   654 
93 98   719 
93 99   585 
93 100   497 
94 96   300 
94 97   628 
94 98   844 
94 99   404 
94 100   109 
95 97   185 
95 98   426 
95 99    61 
95 100   701 
96 98    39 
96 99   473 
96 100   505 
97 99   861 
97 100   798 
98 100   297 
0 
0 
0 
0 
0 
0 
0 
0 
0 
0 
0 
0 
0 
0 
0 
0 
0 
0 
0 
0 
0 
0 
0 
0 
0 
0 
0 
0 
0 
0 
0 
0 
0 
0 
0 
0 
0 
0 
0 
0 
0 
0 
0 
0 
0 
0 
0 
0 
0 
0 
0 
0 
0 
0 
0 
0 
0 
0 
0 
0 
0 
0 
0 
0 
0 
0 
0 
0 
0 
0 
0 
0 
0 
0 
0 
0 
0 
0 
0 
0 
0 
0 
0 
0 
0 
0 
0 
0 
0 
0 
0 
0 
0 
0 
0 
0 
0 
0 
0 
0 
  883   389 
   86   419 
  638   597 
  917   641 
  362    46 
  884   993 
  294   695 
  725   255 
  573   978 
  924   623 
    3   556 
  317   286 
  156   649 
  406   133 
  762   783 
  922   458 
  650     8 
  182   683 
  383   441 
  841   777 
  973   514 
  188    25 
   11   109 
  757   677 
  203   809 
  859   961 
  849   971 
  425   900 
   21   914 
  336   246 
  490   325 
   17   515 
  377   989 
  327   924 
  528   397 
  255   712 
  545   681 
  933   557 
  843   410 
  657   435 
  999   208 
  844   857 
   58   559 
  415   259 
  565   926 
  895   774 
  198   713 
  105   563 
  607   508 
  790   511 
  918   342 
  146   351 
  174   989 
  769   269 
  332   625 
  642   667 
  400   626 
  812   482 
  802   567 
  463    30 
  913   839 
  991   260 
  258   987 
  184    46 
  956   749 
  171    42 
   95   382 
  667   903 
  787   957 
  925   153 
  552   618 
  780    45 
  959   348 
  896   451 
  811   511 
  705   519 
   70   800 
  194   835 
  171   336 
   10   523 
   22   949 
  814   934 
   53   897 
  455    63 
  101   803 
  234   329 
  926   868 
  161   327 
  724   754 
  689   716 
  758   941 
  233   701 
  852   447 
  415   805 
  595   465 
  644   580 
   95   118 
  348   985 
  215   101 
  949   969 
