80 3160 
1 2   156 
2 3    18 
3 4    77 
4 5   818 
5 6   554 
6 7   557 
7 8    78 
8 9   935 
9 10   746 
10 11   663 
11 12    93 
12 13   533 
13 14   210 
14 15   640 
15 16   624 
16 17   137 
17 18   597 
18 19   974 
19 20   971 
20 21    15 
21 22   721 
22 23   803 
23 24   487 
24 25   884 
25 26   738 
26 27   860 
27 28   401 
28 29   944 
29 30   997 
30 31   335 
31 32   719 
32 33   396 
33 34   623 
34 35   654 
35 36   349 
36 37   457 
37 38   764 
38 39   636 
39 40   266 
40 41   927 
41 42   987 
42 43   657 
43 44   776 
44 45   976 
45 46   293 
46 47   917 
47 48   128 
48 49    27 
49 50   335 
50 51   103 
51 52   957 
52 53   668 
53 54   537 
54 55    95 
55 56   132 
56 57     6 
57 58   360 
58 59   223 
59 60   281 
60 61   784 
61 62   570 
62 63   804 
63 64   101 
64 65   881 
65 66   479 
66 67   135 
67 68    47 
68 69   150 
69 70   185 
70 71   964 
71 72   860 
72 73   156 
73 74   710 
74 75     3 
75 76   250 
76 77   205 
77 78   247 
78 79    38 
79 80   151 
1 3   119 
1 4   817 
1 5   430 
1 6   434 
1 7   259 
1 8   530 
1 9   210 
1 10    69 
1 11   629 
1 12   266 
1 13   464 
1 14   311 
1 15   817 
1 16   156 
1 17   330 
1 18    20 
1 19   569 
1 20   399 
1 21   820 
1 22   177 
1 23   758 
1 24   950 
1 25   716 
1 26   997 
1 27   609 
1 28   794 
1 29    93 
1 30   740 
1 31   859 
1 32   700 
1 33   950 
1 34   212 
1 35   969 
1 36   354 
1 37   689 
1 38   401 
1 39   740 
1 40   160 
1 41   837 
1 42   461 
1 43   680 
1 44   330 
1 45    88 
1 46   991 
1 47   558 
1 48   456 
1 49    47 
1 50   848 
1 51   505 
1 52   158 
1 53   936 
1 54   567 
1 55   450 
1 56   862 
1 57   675 
1 58   563 
1 59   599 
1 60   502 
1 61   383 
1 62   781 
1 63   472 
1 64   843 
1 65   279 
1 66   144 
1 67   524 
1 68   126 
1 69   454 
1 70    83 
1 71   174 
1 72    98 
1 73   951 
1 74   128 
1 75   184 
1 76    75 
1 77   608 
1 78   239 
1 79   684 
1 80   494 
2 4   472 
2 5   317 
2 6   652 
2 7   492 
2 8   357 
2 9   412 
2 10   156 
2 11   173 
2 12   527 
2 13   420 
2 14   357 
2 15   709 
2 16   807 
2 17   983 
2 18   530 
2 19   836 
2 20   777 
2 21   987 
2 22   667 
2 23   966 
2 24    32 
2 25   602 
2 26   577 
2 27   630 
2 28   468 
2 29   237 
2 30    38 
2 31    64 
2 32   704 
2 33   111 
2 34   596 
2 35   331 
2 36   797 
2 37   129 
2 38   178 
2 39   804 
2 40   981 
2 41   217 
2 42   487 
2 43   661 
2 44   201 
2 45    91 
2 46   235 
2 47   372 
2 48   795 
2 49   106 
2 50   294 
2 51   241 
2 52   384 
2 53   869 
2 54    45 
2 55   667 
2 56   277 
2 57   920 
2 58   141 
2 59   354 
2 60   992 
2 61   949 
2 62   234 
2 63   654 
2 64   745 
2 65   464 
2 66   653 
2 67   639 
2 68   419 
2 69   940 
2 70   690 
2 71    31 
2 72   730 
2 73   489 
2 74   117 
2 75   147 
2 76   411 
2 77   613 
2 78   850 
2 79   439 
2 80   927 
3 5   525 
3 6   677 
3 7   829 
3 8   833 
3 9   825 
3 10   188 
3 11   765 
3 12   914 
3 13   466 
3 14   941 
3 15   857 
3 16   129 
3 17   919 
3 18   470 
3 19   401 
3 20   559 
3 21   536 
3 22   231 
3 23   287 
3 24   676 
3 25   479 
3 26   597 
3 27   895 
3 28   890 
3 29   393 
3 30   371 
3 31   878 
3 32   211 
3 33   769 
3 34   520 
3 35   881 
3 36   293 
3 37   278 
3 38   629 
3 39   152 
3 40   286 
3 41   392 
3 42   621 
3 43   901 
3 44   434 
3 45   792 
3 46   634 
3 47   365 
3 48   674 
3 49   735 
3 50   201 
3 51   751 
3 52    65 
3 53   521 
3 54   145 
3 55   214 
3 56   790 
3 57    89 
3 58   443 
3 59   347 
3 60   434 
3 61   837 
3 62   864 
3 63   413 
3 64   667 
3 65   486 
3 66   342 
3 67   404 
3 68   647 
3 69   634 
3 70   830 
3 71    93 
3 72   252 
3 73   411 
3 74   261 
3 75   238 
3 76   782 
3 77   315 
3 78   910 
3 79   892 
3 80   737 
4 6   971 
4 7     2 
4 8   206 
4 9   881 
4 10   671 
4 11     7 
4 12   878 
4 13   154 
4 14   361 
4 15   245 
4 16   336 
4 17   743 
4 18   765 
4 19   279 
4 20   624 
4 21   804 
4 22   559 
4 23   449 
4 24   793 
4 25   581 
4 26   189 
4 27   659 
4 28   990 
4 29    91 
4 30   435 
4 31   493 
4 32   102 
4 33   435 
4 34    30 
4 35   298 
4 36    15 
4 37   414 
4 38   720 
4 39   343 
4 40   153 
4 41   462 
4 42   575 
4 43   756 
4 44   643 
4 45    42 
4 46   199 
4 47   649 
4 48   858 
4 49   830 
4 50   187 
4 51   855 
4 52   382 
4 53    21 
4 54   882 
4 55   423 
4 56   419 
4 57   181 
4 58   944 
4 59   555 
4 60   486 
4 61   292 
4 62   518 
4 63   843 
4 64   163 
4 65   519 
4 66   816 
4 67   946 
4 68   951 
4 69   530 
4 70   757 
4 71    71 
4 72   919 
4 73   519 
4 74   279 
4 75   555 
4 76   419 
4 77   257 
4 78    96 
4 79   722 
4 80   998 
5 7    38 
5 8    74 
5 9   865 
5 10   181 
5 11   213 
5 12    12 
5 13   698 
5 14   146 
5 15   194 
5 16   120 
5 17   420 
5 18   452 
5 19   893 
5 20   475 
5 21   635 
5 22   964 
5 23   934 
5 24    71 
5 25   232 
5 26   890 
5 27   119 
5 28   997 
5 29   811 
5 30   987 
5 31   993 
5 32    82 
5 33   473 
5 34   661 
5 35    78 
5 36   828 
5 37   384 
5 38   860 
5 39    98 
5 40   809 
5 41   134 
5 42   792 
5 43   971 
5 44   971 
5 45   477 
5 46   518 
5 47   886 
5 48   716 
5 49   866 
5 50   501 
5 51   825 
5 52   182 
5 53   454 
5 54   776 
5 55   920 
5 56   366 
5 57   948 
5 58   213 
5 59    36 
5 60   111 
5 61   752 
5 62    45 
5 63    51 
5 64   907 
5 65   629 
5 66   958 
5 67    34 
5 68   167 
5 69   340 
5 70   354 
5 71    74 
5 72   176 
5 73   664 
5 74   395 
5 75   641 
5 76   144 
5 77   799 
5 78   274 
5 79    46 
5 80   662 
6 8   457 
6 9   874 
6 10   873 
6 11   399 
6 12   150 
6 13   806 
6 14   290 
6 15   315 
6 16    48 
6 17   183 
6 18   804 
6 19   390 
6 20   738 
6 21   753 
6 22   489 
6 23   604 
6 24   485 
6 25   217 
6 26   319 
6 27   952 
6 28   655 
6 29   962 
6 30   914 
6 31   673 
6 32   725 
6 33   849 
6 34   578 
6 35   611 
6 36   729 
6 37   440 
6 38   605 
6 39   627 
6 40   617 
6 41   380 
6 42   457 
6 43   820 
6 44     1 
6 45   193 
6 46     6 
6 47   571 
6 48   268 
6 49   599 
6 50   293 
6 51   479 
6 52   487 
6 53   930 
6 54   531 
6 55   304 
6 56   888 
6 57   174 
6 58   920 
6 59   967 
6 60   735 
6 61   570 
6 62   887 
6 63   495 
6 64   918 
6 65   735 
6 66   664 
6 67   316 
6 68   549 
6 69   166 
6 70   756 
6 71   673 
6 72   244 
6 73   286 
6 74   175 
6 75   237 
6 76   226 
6 77   509 
6 78   198 
6 79   620 
6 80   226 
7 9   900 
7 10     9 
7 11   932 
7 12   588 
7 13   766 
7 14   172 
7 15   448 
7 16   541 
7 17   633 
7 18   978 
7 19    10 
7 20   204 
7 21   479 
7 22    99 
7 23   423 
7 24   471 
7 25   682 
7 26   453 
7 27   148 
7 28   258 
7 29   316 
7 30   828 
7 31   540 
7 32    64 
7 33   921 
7 34     9 
7 35   180 
7 36   351 
7 37   179 
7 38   621 
7 39   906 
7 40    30 
7 41   559 
7 42   414 
7 43   361 
7 44   472 
7 45   857 
7 46   625 
7 47   309 
7 48   149 
7 49   867 
7 50   334 
7 51   745 
7 52   498 
7 53    10 
7 54   625 
7 55   896 
7 56   616 
7 57   465 
7 58   847 
7 59   157 
7 60    51 
7 61   251 
7 62   950 
7 63   584 
7 64   209 
7 65   835 
7 66    82 
7 67   143 
7 68    24 
7 69   645 
7 70   712 
7 71   417 
7 72   794 
7 73    65 
7 74   312 
7 75   370 
7 76   788 
7 77   905 
7 78   692 
7 79   197 
7 80   800 
8 10    19 
8 11   842 
8 12   184 
8 13   992 
8 14   981 
8 15   801 
8 16   770 
8 17   106 
8 18   424 
8 19   311 
8 20   924 
8 21   317 
8 22   408 
8 23   463 
8 24   148 
8 25   494 
8 26   718 
8 27   282 
8 28   351 
8 29   359 
8 30   597 
8 31   790 
8 32   363 
8 33   584 
8 34   401 
8 35   840 
8 36   196 
8 37   328 
8 38   577 
8 39   989 
8 40   416 
8 41   945 
8 42    48 
8 43   572 
8 44   248 
8 45    57 
8 46   246 
8 47   663 
8 48   317 
8 49   962 
8 50   686 
8 51   582 
8 52   736 
8 53   281 
8 54   351 
8 55   886 
8 56    17 
8 57   537 
8 58   723 
8 59   731 
8 60   194 
8 61   910 
8 62   279 
8 63   339 
8 64   318 
8 65   870 
8 66   761 
8 67   566 
8 68   724 
8 69   175 
8 70   124 
8 71   626 
8 72   554 
8 73   938 
8 74   105 
8 75   401 
8 76   999 
8 77   649 
8 78   453 
8 79    70 
8 80   530 
9 11   844 
9 12   766 
9 13   494 
9 14   863 
9 15   888 
9 16    43 
9 17   328 
9 18   138 
9 19   954 
9 20   824 
9 21   426 
9 22   698 
9 23   181 
9 24   867 
9 25   476 
9 26   976 
9 27    64 
9 28   237 
9 29   418 
9 30   299 
9 31   811 
9 32    12 
9 33   342 
9 34   483 
9 35    36 
9 36   157 
9 37   676 
9 38    38 
9 39   961 
9 40   152 
9 41   738 
9 42   405 
9 43   195 
9 44   391 
9 45    54 
9 46   960 
9 47   125 
9 48   960 
9 49   189 
9 50   372 
9 51   721 
9 52   758 
9 53   551 
9 54   864 
9 55   991 
9 56   453 
9 57   880 
9 58   224 
9 59    33 
9 60   960 
9 61   706 
9 62   772 
9 63   228 
9 64   564 
9 65   107 
9 66   794 
9 67   604 
9 68   152 
9 69   512 
9 70   707 
9 71   569 
9 72   216 
9 73   163 
9 74   286 
9 75   979 
9 76   880 
9 77   652 
9 78   424 
9 79   769 
9 80   569 
10 12   416 
10 13   840 
10 14   493 
10 15   444 
10 16   167 
10 17   145 
10 18    34 
10 19   576 
10 20   465 
10 21   294 
10 22   889 
10 23   852 
10 24    17 
10 25   920 
10 26   361 
10 27   666 
10 28   931 
10 29   903 
10 30   316 
10 31   293 
10 32   351 
10 33   675 
10 34   108 
10 35   495 
10 36   248 
10 37   676 
10 38   180 
10 39   408 
10 40   784 
10 41   451 
10 42   911 
10 43   314 
10 44   574 
10 45   184 
10 46   464 
10 47   860 
10 48   136 
10 49    13 
10 50   818 
10 51   305 
10 52     1 
10 53   593 
10 54   999 
10 55   682 
10 56   861 
10 57   998 
10 58   122 
10 59    14 
10 60   499 
10 61   423 
10 62   918 
10 63   369 
10 64    89 
10 65   121 
10 66   847 
10 67   875 
10 68   154 
10 69   834 
10 70   707 
10 71   680 
10 72   131 
10 73   878 
10 74    66 
10 75   698 
10 76   483 
10 77    66 
10 78   272 
10 79   949 
10 80   718 
11 13   165 
11 14   489 
11 15   584 
11 16   902 
11 17   362 
11 18   173 
11 19   673 
11 20   755 
11 21   235 
11 22   861 
11 23   265 
11 24   551 
11 25   993 
11 26   916 
11 27   727 
11 28   584 
11 29   364 
11 30   201 
11 31   218 
11 32   538 
11 33   380 
11 34   271 
11 35   133 
11 36   984 
11 37   587 
11 38   796 
11 39   901 
11 40   970 
11 41   260 
11 42   253 
11 43   113 
11 44    84 
11 45   979 
11 46   139 
11 47   778 
11 48   157 
11 49   904 
11 50    85 
11 51   227 
11 52   564 
11 53   750 
11 54   268 
11 55   592 
11 56    91 
11 57    95 
11 58     3 
11 59   794 
11 60   658 
11 61   290 
11 62    96 
11 63   988 
11 64   757 
11 65   244 
11 66   826 
11 67   694 
11 68     1 
11 69   235 
11 70   185 
11 71   329 
11 72   512 
11 73   635 
11 74    16 
11 75   715 
11 76   809 
11 77   760 
11 78   559 
11 79   454 
11 80   569 
12 14   535 
12 15   766 
12 16   655 
12 17   636 
12 18    73 
12 19   736 
12 20   602 
12 21   229 
12 22    71 
12 23   863 
12 24   222 
12 25   947 
12 26   270 
12 27   807 
12 28   631 
12 29   349 
12 30   638 
12 31   835 
12 32   291 
12 33   353 
12 34     4 
12 35   735 
12 36   788 
12 37    90 
12 38   410 
12 39   395 
12 40    17 
12 41   111 
12 42   518 
12 43   676 
12 44   194 
12 45   953 
12 46    11 
12 47   945 
12 48   530 
12 49   763 
12 50   317 
12 51   960 
12 52   386 
12 53   651 
12 54   579 
12 55   904 
12 56   974 
12 57   355 
12 58   629 
12 59   408 
12 60   897 
12 61   736 
12 62   642 
12 63   855 
12 64   401 
12 65     0 
12 66   245 
12 67   291 
12 68    79 
12 69   147 
12 70   636 
12 71   314 
12 72   644 
12 73   878 
12 74   590 
12 75   633 
12 76   371 
12 77    27 
12 78   146 
12 79   306 
12 80   342 
13 15   712 
13 16   170 
13 17   144 
13 18   771 
13 19   874 
13 20   471 
13 21   446 
13 22   324 
13 23   689 
13 24   974 
13 25   758 
13 26   776 
13 27   265 
13 28   122 
13 29   150 
13 30   526 
13 31   111 
13 32   699 
13 33   762 
13 34   144 
13 35   600 
13 36    87 
13 37   416 
13 38   107 
13 39   612 
13 40   613 
13 41   611 
13 42   166 
13 43   862 
13 44   353 
13 45   523 
13 46   514 
13 47   834 
13 48   383 
13 49   119 
13 50   258 
13 51   798 
13 52   980 
13 53   612 
13 54   811 
13 55   861 
13 56   755 
13 57   222 
13 58     1 
13 59   937 
13 60   392 
13 61   798 
13 62    55 
13 63   359 
13 64   562 
13 65   411 
13 66   639 
13 67     6 
13 68    27 
13 69   473 
13 70   184 
13 71   986 
13 72   673 
13 73   106 
13 74   862 
13 75   696 
13 76   872 
13 77   212 
13 78   639 
13 79   294 
13 80   321 
14 16   342 
14 17   898 
14 18   342 
14 19   475 
14 20   988 
14 21   605 
14 22   498 
14 23   420 
14 24   727 
14 25   243 
14 26   319 
14 27   282 
14 28   624 
14 29   131 
14 30   773 
14 31   308 
14 32    14 
14 33   568 
14 34    12 
14 35    15 
14 36    78 
14 37   900 
14 38   720 
14 39   367 
14 40   695 
14 41   633 
14 42   318 
14 43   838 
14 44   236 
14 45   926 
14 46    36 
14 47   799 
14 48   590 
14 49   306 
14 50   102 
14 51   428 
14 52    81 
14 53   795 
14 54   463 
14 55   539 
14 56   777 
14 57    29 
14 58   758 
14 59   700 
14 60   828 
14 61    50 
14 62    31 
14 63   966 
14 64   742 
14 65   204 
14 66   723 
14 67   691 
14 68   939 
14 69   312 
14 70    41 
14 71   184 
14 72   438 
14 73   969 
14 74   650 
14 75   731 
14 76   108 
14 77   564 
14 78    19 
14 79   533 
14 80   338 
15 17   530 
15 18   950 
15 19   908 
15 20   378 
15 21   492 
15 22   131 
15 23   141 
15 24   618 
15 25   759 
15 26   403 
15 27   339 
15 28   133 
15 29   362 
15 30    18 
15 31   933 
15 32   408 
15 33   423 
15 34   253 
15 35   293 
15 36   479 
15 37    43 
15 38   525 
15 39   901 
15 40    90 
15 41   701 
15 42   152 
15 43    21 
15 44   568 
15 45   331 
15 46   917 
15 47   283 
15 48   679 
15 49   140 
15 50   388 
15 51   281 
15 52    89 
15 53   630 
15 54   196 
15 55   655 
15 56    30 
15 57   153 
15 58   144 
15 59   642 
15 60   420 
15 61   580 
15 62   838 
15 63   291 
15 64   755 
15 65   456 
15 66    16 
15 67   631 
15 68   754 
15 69   661 
15 70   703 
15 71   175 
15 72   150 
15 73   105 
15 74   151 
15 75   858 
15 76     8 
15 77   769 
15 78    72 
15 79   558 
15 80   945 
16 18   194 
16 19   335 
16 20   157 
16 21   687 
16 22   339 
16 23   938 
16 24    50 
16 25   370 
16 26   648 
16 27   574 
16 28   679 
16 29   417 
16 30   150 
16 31   289 
16 32   472 
16 33   491 
16 34   689 
16 35   536 
16 36   737 
16 37     7 
16 38   651 
16 39   954 
16 40   879 
16 41   543 
16 42   182 
16 43   312 
16 44   460 
16 45   404 
16 46   792 
16 47   989 
16 48   561 
16 49   913 
16 50   673 
16 51   341 
16 52   221 
16 53    44 
16 54   547 
16 55   667 
16 56   525 
16 57   956 
16 58   499 
16 59     5 
16 60    88 
16 61   942 
16 62   782 
16 63   415 
16 64   126 
16 65   825 
16 66    90 
16 67   947 
16 68   440 
16 69    40 
16 70    61 
16 71   426 
16 72   802 
16 73   913 
16 74   761 
16 75   122 
16 76   638 
16 77   126 
16 78    91 
16 79   398 
16 80   827 
17 19   407 
17 20   106 
17 21   455 
17 22   863 
17 23   324 
17 24   382 
17 25   415 
17 26     6 
17 27   568 
17 28    61 
17 29   468 
17 30   907 
17 31   804 
17 32   119 
17 33   279 
17 34    19 
17 35   780 
17 36   903 
17 37   547 
17 38   342 
17 39   148 
17 40   430 
17 41   992 
17 42   845 
17 43   456 
17 44   487 
17 45   698 
17 46   191 
17 47   368 
17 48   117 
17 49   316 
17 50    69 
17 51   529 
17 52   116 
17 53   876 
17 54   118 
17 55   677 
17 56   341 
17 57   278 
17 58   764 
17 59   799 
17 60   449 
17 61   131 
17 62   741 
17 63   616 
17 64   704 
17 65   223 
17 66    54 
17 67   130 
17 68   295 
17 69    61 
17 70   924 
17 71   990 
17 72   313 
17 73   767 
17 74   148 
17 75   725 
17 76   878 
17 77   328 
17 78   132 
17 79   947 
17 80   458 
18 20   603 
18 21   779 
18 22    41 
18 23   878 
18 24   702 
18 25   531 
18 26    96 
18 27   638 
18 28   909 
18 29   356 
18 30   808 
18 31   790 
18 32   691 
18 33   464 
18 34   979 
18 35    29 
18 36   152 
18 37   334 
18 38   658 
18 39   709 
18 40   388 
18 41    28 
18 42   953 
18 43   382 
18 44   324 
18 45   332 
18 46   810 
18 47     5 
18 48   213 
18 49   771 
18 50   282 
18 51   367 
18 52   526 
18 53   140 
18 54   839 
18 55   194 
18 56   629 
18 57   941 
18 58   953 
18 59   125 
18 60   883 
18 61    86 
18 62   638 
18 63   917 
18 64   362 
18 65   884 
18 66   294 
18 67   725 
18 68   573 
18 69   924 
18 70     3 
18 71   317 
18 72   156 
18 73   406 
18 74   762 
18 75   922 
18 76   650 
18 77   182 
18 78   383 
18 79   841 
18 80   973 
19 21   188 
19 22    11 
19 23   757 
19 24   203 
19 25   859 
19 26   849 
19 27   425 
19 28    21 
19 29   336 
19 30   490 
19 31    17 
19 32   377 
19 33   327 
19 34   528 
19 35   255 
19 36   545 
19 37   933 
19 38   843 
19 39   657 
19 40   999 
19 41   844 
19 42    58 
19 43   415 
19 44   565 
19 45   895 
19 46   198 
19 47   105 
19 48   607 
19 49   790 
19 50   918 
19 51   146 
19 52   174 
19 53   769 
19 54   332 
19 55   642 
19 56   400 
19 57   812 
19 58   802 
19 59   463 
19 60   913 
19 61   991 
19 62   258 
19 63   184 
19 64   956 
19 65   171 
19 66    95 
19 67   667 
19 68   787 
19 69   925 
19 70   552 
19 71   780 
19 72   959 
19 73   896 
19 74   811 
19 75   705 
19 76    70 
19 77   194 
19 78   171 
19 79    10 
19 80    22 
20 22   814 
20 23    53 
20 24   455 
20 25   101 
20 26   234 
20 27   926 
20 28   161 
20 29   724 
20 30   689 
20 31   758 
20 32   233 
20 33   852 
20 34   415 
20 35   595 
20 36   644 
20 37    95 
20 38   348 
20 39   215 
20 40   949 
20 41   108 
20 42   884 
20 43    94 
20 44   337 
20 45   416 
20 46   928 
20 47   387 
20 48   711 
20 49   845 
20 50   888 
20 51   756 
20 52   721 
20 53   358 
20 54   774 
20 55   392 
20 56    64 
20 57   892 
20 58   544 
20 59   180 
20 60   759 
20 61   350 
20 62   509 
20 63   423 
20 64   825 
20 65    93 
20 66   455 
20 67   806 
20 68   348 
20 69   877 
20 70   793 
20 71   986 
20 72   975 
20 73    34 
20 74   540 
20 75    86 
20 76   679 
20 77   920 
20 78   709 
20 79   655 
20 80   444 
21 23   341 
21 24   929 
21 25   197 
21 26    25 
21 27   799 
21 28   860 
21 29   971 
21 30   806 
21 31   716 
21 32   328 
21 33   948 
21 34    23 
21 35   551 
21 36   736 
21 37   654 
21 38   479 
21 39    11 
21 40   777 
21 41   344 
21 42   491 
21 43    75 
21 44   142 
21 45   759 
21 46   548 
21 47   123 
21 48   141 
21 49   141 
21 50   705 
21 51   309 
21 52   989 
21 53   314 
21 54   913 
21 55   145 
21 56   583 
21 57   554 
21 58   858 
21 59   669 
21 60    81 
21 61   898 
21 62    66 
21 63   861 
21 64    42 
21 65   693 
21 66   889 
21 67   654 
21 68   163 
21 69   955 
21 70   820 
21 71   477 
21 72   414 
21 73   719 
21 74   253 
21 75   570 
21 76   280 
21 77   744 
21 78   300 
21 79   197 
21 80   200 
22 24   800 
22 25   989 
22 26   784 
22 27   470 
22 28   818 
22 29    55 
22 30    37 
22 31   596 
22 32   825 
22 33   321 
22 34   142 
22 35   372 
22 36   996 
22 37   209 
22 38   980 
22 39   937 
22 40   910 
22 41   709 
22 42   572 
22 43   882 
22 44   681 
22 45   482 
22 46   368 
22 47   647 
22 48   264 
22 49   774 
22 50   938 
22 51   529 
22 52    70 
22 53   558 
22 54   429 
22 55   219 
22 56   626 
22 57   794 
22 58    14 
22 59   970 
22 60   202 
22 61   283 
22 62   205 
22 63   918 
22 64    16 
22 65   743 
22 66   160 
22 67   584 
22 68   856 
22 69   592 
22 70   649 
22 71    22 
22 72   132 
22 73   257 
22 74   867 
22 75   909 
22 76    34 
22 77   761 
22 78   363 
22 79     7 
22 80    73 
23 25   624 
23 26   523 
23 27   998 
23 28   451 
23 29   454 
23 30   109 
23 31   662 
23 32   792 
23 33   778 
23 34   199 
23 35    51 
23 36   451 
23 37   259 
23 38   305 
23 39   255 
23 40   886 
23 41   849 
23 42   197 
23 43   359 
23 44   255 
23 45   346 
23 46   313 
23 47   762 
23 48   391 
23 49   269 
23 50   878 
23 51   432 
23 52   106 
23 53   575 
23 54   803 
23 55   259 
23 56   154 
23 57   406 
23 58   597 
23 59   650 
23 60   450 
23 61   527 
23 62   126 
23 63   385 
23 64    94 
23 65    75 
23 66   703 
23 67   496 
23 68   988 
23 69   996 
23 70    33 
23 71   612 
23 72   134 
23 73   852 
23 74   718 
23 75   436 
23 76   262 
23 77   158 
23 78   348 
23 79   127 
23 80   193 
24 26   864 
24 27    53 
24 28   566 
24 29   728 
24 30   935 
24 31   117 
24 32   426 
24 33   966 
24 34   731 
24 35   872 
24 36   614 
24 37   508 
24 38   524 
24 39   182 
24 40   354 
24 41   950 
24 42   574 
24 43   581 
24 44   804 
24 45   602 
24 46   606 
24 47   886 
24 48   983 
24 49   354 
24 50   328 
24 51    67 
24 52   649 
24 53   725 
24 54   487 
24 55    50 
24 56   807 
24 57   397 
24 58   637 
24 59    84 
24 60   731 
24 61   829 
24 62   809 
24 63   961 
24 64   696 
24 65   397 
24 66   977 
24 67   365 
24 68   634 
24 69   348 
24 70   871 
24 71   357 
24 72   987 
24 73   103 
24 74   986 
24 75   213 
24 76   589 
24 77   740 
24 78   529 
24 79   988 
24 80   649 
25 27   210 
25 28   123 
25 29   945 
25 30    74 
25 31   393 
25 32   294 
25 33   645 
25 34   362 
25 35   826 
25 36   577 
25 37   748 
25 38   664 
25 39   320 
25 40   656 
25 41   284 
25 42   897 
25 43   213 
25 44   333 
25 45   450 
25 46   259 
25 47   111 
25 48   919 
25 49    14 
25 50   987 
25 51   248 
25 52   373 
25 53   714 
25 54   647 
25 55    47 
25 56   839 
25 57   604 
25 58   834 
25 59   121 
25 60   563 
25 61   833 
25 62   457 
25 63   402 
25 64   699 
25 65   382 
25 66   603 
25 67   758 
25 68   314 
25 69   809 
25 70   139 
25 71   127 
25 72   688 
25 73   183 
25 74    30 
25 75   410 
25 76   395 
25 77   235 
25 78   352 
25 79   756 
25 80     9 
26 28   168 
26 29   683 
26 30   585 
26 31   762 
26 32    78 
26 33   638 
26 34   938 
26 35    97 
26 36   174 
26 37   819 
26 38   408 
26 39    77 
26 40   177 
26 41   306 
26 42   341 
26 43   628 
26 44   198 
26 45   864 
26 46   877 
26 47   207 
26 48   392 
26 49   321 
26 50    37 
26 51   123 
26 52   495 
26 53   391 
26 54   699 
26 55   537 
26 56   533 
26 57   433 
26 58   667 
26 59   836 
26 60   750 
26 61    55 
26 62   300 
26 63    95 
26 64   387 
26 65   391 
26 66   676 
26 67    88 
26 68   750 
26 69    88 
26 70   293 
26 71   625 
26 72   208 
26 73   610 
26 74   969 
26 75   445 
26 76   777 
26 77   295 
26 78   640 
26 79   854 
26 80    83 
27 29   245 
27 30   341 
27 31   135 
27 32    99 
27 33   281 
27 34   589 
27 35   155 
27 36   391 
27 37   590 
27 38    79 
27 39   952 
27 40    24 
27 41   996 
27 42   128 
27 43   180 
27 44   799 
27 45   575 
27 46   960 
27 47   930 
27 48   316 
27 49   493 
27 50    89 
27 51   608 
27 52   342 
27 53   833 
27 54   748 
27 55   508 
27 56   322 
27 57   143 
27 58   808 
27 59   769 
27 60   504 
27 61   920 
27 62   400 
27 63   597 
27 64   699 
27 65   106 
27 66   470 
27 67   597 
27 68   169 
27 69   238 
27 70   728 
27 71   609 
27 72   394 
27 73   341 
27 74   811 
27 75   720 
27 76   899 
27 77    72 
27 78   834 
27 79   776 
27 80   779 
28 30   913 
28 31   605 
28 32   948 
28 33   395 
28 34   965 
28 35   432 
28 36   365 
28 37   574 
28 38   784 
28 39   675 
28 40   428 
28 41   803 
28 42   276 
28 43   174 
28 44   409 
28 45    30 
28 46   256 
28 47   430 
28 48   370 
28 49    58 
28 50   403 
28 51    81 
28 52   917 
28 53   329 
28 54   563 
28 55   826 
28 56   888 
28 57   714 
28 58   507 
28 59   663 
28 60    29 
28 61   697 
28 62   528 
28 63   450 
28 64   725 
28 65   429 
28 66   111 
28 67   726 
28 68   751 
28 69   693 
28 70   953 
28 71   420 
28 72    40 
28 73   643 
28 74    58 
28 75   974 
28 76    49 
28 77   604 
28 78   586 
28 79   219 
28 80   446 
29 31   747 
29 32   429 
29 33    15 
29 34    70 
29 35   388 
29 36   692 
29 37   802 
29 38   639 
29 39   812 
29 40   273 
29 41   718 
29 42    76 
29 43   669 
29 44   598 
29 45   483 
29 46   493 
29 47   421 
29 48   648 
29 49   858 
29 50   224 
29 51   628 
29 52   964 
29 53   187 
29 54   892 
29 55    68 
29 56   845 
29 57   254 
29 58   355 
29 59   140 
29 60   637 
29 61   182 
29 62   236 
29 63   608 
29 64   985 
29 65   226 
29 66   576 
29 67   871 
29 68   732 
29 69   523 
29 70    44 
29 71   508 
29 72   796 
29 73   193 
29 74   205 
29 75   512 
29 76   678 
29 77   449 
29 78   913 
29 79   719 
29 80   301 
30 32   398 
30 33   936 
30 34    82 
30 35   326 
30 36   529 
30 37   372 
30 38   527 
30 39   444 
30 40   409 
30 41   615 
30 42   893 
30 43   233 
30 44   341 
30 45   567 
30 46    76 
30 47   180 
30 48   187 
30 49   468 
30 50   757 
30 51    66 
30 52   455 
30 53   129 
30 54   566 
30 55   620 
30 56   417 
30 57   505 
30 58   483 
30 59   479 
30 60   393 
30 61    78 
30 62   861 
30 63   323 
30 64   636 
30 65   629 
30 66   624 
30 67   777 
30 68   374 
30 69   331 
30 70   533 
30 71   633 
30 72   472 
30 73   745 
30 74   607 
30 75   486 
30 76    88 
30 77   864 
30 78    11 
30 79   722 
30 80   830 
31 33   861 
31 34   269 
31 35    66 
31 36   274 
31 37   420 
31 38    59 
31 39   425 
31 40   344 
31 41   526 
31 42   950 
31 43   409 
31 44   239 
31 45   164 
31 46   253 
31 47   754 
31 48   852 
31 49   380 
31 50   966 
31 51   337 
31 52   393 
31 53   443 
31 54   775 
31 55   474 
31 56    43 
31 57   869 
31 58   545 
31 59   101 
31 60   273 
31 61   655 
31 62   983 
31 63   623 
31 64   230 
31 65   263 
31 66   271 
31 67   773 
31 68   498 
31 69   599 
31 70   283 
31 71    54 
31 72   208 
31 73   439 
31 74   669 
31 75   830 
31 76   475 
31 77   623 
31 78    62 
31 79    23 
31 80   630 
32 34   223 
32 35   900 
32 36   251 
32 37   208 
32 38   734 
32 39   528 
32 40   595 
32 41   611 
32 42   704 
32 43   106 
32 44    27 
32 45   969 
32 46   304 
32 47   902 
32 48   646 
32 49   895 
32 50   593 
32 51   850 
32 52   750 
32 53   245 
32 54   958 
32 55   431 
32 56   833 
32 57   831 
32 58   641 
32 59    88 
32 60   613 
32 61   995 
32 62   630 
32 63   221 
32 64   723 
32 65   267 
32 66   553 
32 67   723 
32 68   640 
32 69   211 
32 70   407 
32 71    21 
32 72   780 
32 73    55 
32 74   974 
32 75   232 
32 76   705 
32 77   209 
32 78   325 
32 79   222 
32 80    40 
33 35   178 
33 36   152 
33 37   685 
33 38   145 
33 39   527 
33 40   106 
33 41   508 
33 42   252 
33 43   861 
33 44   324 
33 45   877 
33 46   442 
33 47   541 
33 48   632 
33 49   990 
33 50   644 
33 51   911 
33 52   163 
33 53   366 
33 54   122 
33 55   771 
33 56   419 
33 57   149 
33 58   829 
33 59   324 
33 60   644 
33 61   338 
33 62   474 
33 63   689 
33 64   710 
33 65   751 
33 66    74 
33 67   936 
33 68    66 
33 69   871 
33 70   971 
33 71   734 
33 72   243 
33 73    37 
33 74   497 
33 75   768 
33 76   165 
33 77   184 
33 78   191 
33 79   856 
33 80   193 
34 36   159 
34 37   382 
34 38    84 
34 39   496 
34 40   866 
34 41   729 
34 42    15 
34 43   836 
34 44   665 
34 45   122 
34 46     8 
34 47   869 
34 48    73 
34 49   728 
34 50   577 
34 51   220 
34 52   681 
34 53     5 
34 54   446 
34 55   704 
34 56   932 
34 57   720 
34 58   481 
34 59   643 
34 60   967 
34 61   889 
34 62   961 
34 63   921 
34 64   768 
34 65   897 
34 66   559 
34 67   637 
34 68    43 
34 69   427 
34 70   573 
34 71   816 
34 72   161 
34 73   123 
34 74   660 
34 75   551 
34 76   585 
34 77   395 
34 78   106 
34 79   666 
34 80    98 
35 37    65 
35 38   349 
35 39   513 
35 40   173 
35 41   467 
35 42   547 
35 43    32 
35 44   596 
35 45   694 
35 46   102 
35 47   539 
35 48   454 
35 49   382 
35 50   687 
35 51   792 
35 52   944 
35 53   978 
35 54    79 
35 55   112 
35 56   425 
35 57   875 
35 58   741 
35 59   461 
35 60   647 
35 61   280 
35 62   614 
35 63   682 
35 64   436 
35 65   663 
35 66   213 
35 67   802 
35 68   507 
35 69    19 
35 70   773 
35 71     8 
35 72   110 
35 73   332 
35 74   289 
35 75   585 
35 76   649 
35 77   152 
35 78   991 
35 79   144 
35 80   574 
36 38   962 
36 39   287 
36 40   545 
36 41   228 
36 42   233 
36 43   228 
36 44   237 
36 45   319 
36 46   719 
36 47   380 
36 48   167 
36 49   659 
36 50   270 
36 51    51 
36 52   535 
36 53   168 
36 54   415 
36 55   741 
36 56   336 
36 57   565 
36 58   283 
36 59   713 
36 60   646 
36 61   117 
36 62    17 
36 63   371 
36 64   916 
36 65   369 
36 66   976 
36 67   988 
36 68   919 
36 69   248 
36 70   473 
36 71   957 
36 72   296 
36 73   939 
36 74   194 
36 75   758 
36 76    76 
36 77   372 
36 78   160 
36 79   188 
36 80   730 
37 39   323 
37 40   581 
37 41   214 
37 42    28 
37 43   151 
37 44   160 
37 45   544 
37 46    42 
37 47   232 
37 48   777 
37 49   309 
37 50     6 
37 51   829 
37 52   538 
37 53   697 
37 54   291 
37 55   602 
37 56   104 
37 57   609 
37 58   978 
37 59   231 
37 60   742 
37 61   104 
37 62   301 
37 63   412 
37 64   984 
37 65   200 
37 66   227 
37 67   628 
37 68   103 
37 69   357 
37 70   570 
37 71   719 
37 72   457 
37 73   498 
37 74   361 
37 75   682 
37 76   205 
37 77   339 
37 78   927 
37 79   556 
37 80   622 
38 40   570 
38 41   356 
38 42   441 
38 43   364 
38 44   601 
38 45    69 
38 46   190 
38 47   446 
38 48   323 
38 49   259 
38 50   804 
38 51   407 
38 52   739 
38 53   825 
38 54    36 
38 55   387 
38 56   798 
38 57   761 
38 58   886 
38 59    48 
38 60   316 
38 61   846 
38 62   922 
38 63   327 
38 64   853 
38 65   537 
38 66    24 
38 67   186 
38 68   669 
38 69   542 
38 70   223 
38 71   295 
38 72   793 
38 73   229 
38 74   663 
38 75   149 
38 76   881 
38 77   175 
38 78   518 
38 79   796 
38 80   973 
39 41   980 
39 42     3 
39 43   587 
39 44   917 
39 45   404 
39 46   785 
39 47   135 
39 48   287 
39 49   324 
39 50   785 
39 51   171 
39 52   647 
39 53   761 
39 54   387 
39 55   859 
39 56   605 
39 57   587 
39 58   285 
39 59   790 
39 60   907 
39 61   265 
39 62   638 
39 63   852 
39 64   311 
39 65   676 
39 66   648 
39 67   985 
39 68   983 
39 69   893 
39 70   866 
39 71   372 
39 72    74 
39 73   753 
39 74   532 
39 75   245 
39 76   906 
39 77   675 
39 78   884 
39 79   572 
39 80   365 
40 42   946 
40 43    57 
40 44   108 
40 45   769 
40 46    85 
40 47   965 
40 48   823 
40 49   143 
40 50   246 
40 51   451 
40 52   614 
40 53   636 
40 54   350 
40 55   407 
40 56   433 
40 57   346 
40 58   452 
40 59   245 
40 60   612 
40 61   850 
40 62   824 
40 63   902 
40 64   192 
40 65   570 
40 66   866 
40 67   869 
40 68    65 
40 69    61 
40 70   776 
40 71   632 
40 72   239 
40 73   430 
40 74   946 
40 75   617 
40 76   444 
40 77   373 
40 78   164 
40 79   576 
40 80   642 
41 43    90 
41 44   295 
41 45   568 
41 46   767 
41 47   544 
41 48   754 
41 49   671 
41 50   951 
41 51   320 
41 52   540 
41 53   473 
41 54   440 
41 55   659 
41 56   990 
41 57   379 
41 58   500 
41 59   407 
41 60   654 
41 61   915 
41 62   287 
41 63   949 
41 64   244 
41 65   555 
41 66   452 
41 67   261 
41 68   282 
41 69   184 
41 70   628 
41 71    16 
41 72   282 
41 73   427 
41 74   496 
41 75   325 
41 76   378 
41 77   551 
41 78   948 
41 79   826 
41 80     7 
42 44   733 
42 45   406 
42 46   855 
42 47   658 
42 48   585 
42 49   133 
42 50   701 
42 51   166 
42 52   728 
42 53   746 
42 54   972 
42 55   949 
42 56   289 
42 57   981 
42 58   265 
42 59   318 
42 60   180 
42 61    38 
42 62   125 
42 63   376 
42 64    91 
42 65   478 
42 66   716 
42 67   844 
42 68   761 
42 69   795 
42 70   213 
42 71   876 
42 72    58 
42 73   614 
42 74   790 
42 75   274 
42 76   428 
42 77   518 
42 78   372 
42 79   920 
42 80   686 
43 45    80 
43 46   525 
43 47   295 
43 48   689 
43 49   644 
43 50   635 
43 51   818 
43 52   937 
43 53   220 
43 54   515 
43 55   393 
43 56   347 
43 57   628 
43 58   860 
43 59   831 
43 60   768 
43 61   573 
43 62   678 
43 63   725 
43 64   698 
43 65   336 
43 66   243 
43 67   999 
43 68   597 
43 69   471 
43 70   392 
43 71   186 
43 72   409 
43 73   458 
43 74   334 
43 75   370 
43 76   604 
43 77   876 
43 78   748 
43 79   778 
43 80   403 
44 46   215 
44 47   975 
44 48   206 
44 49   912 
44 50   134 
44 51   717 
44 52   152 
44 53    99 
44 54   443 
44 55   684 
44 56   740 
44 57   928 
44 58   579 
44 59   983 
44 60   293 
44 61   374 
44 62     9 
44 63   779 
44 64   316 
44 65   911 
44 66   566 
44 67   568 
44 68   292 
44 69    20 
44 70   481 
44 71   869 
44 72   406 
44 73    81 
44 74   585 
44 75   746 
44 76   608 
44 77   626 
44 78   932 
44 79   374 
44 80   983 
45 47   352 
45 48   349 
45 49   855 
45 50   546 
45 51   708 
45 52   139 
45 53   704 
45 54   255 
45 55   443 
45 56   283 
45 57   936 
45 58   738 
45 59   113 
45 60    42 
45 61   241 
45 62   922 
45 63   664 
45 64   327 
45 65   558 
45 66   325 
45 67   850 
45 68   977 
45 69   201 
45 70   395 
45 71   179 
45 72   382 
45 73   500 
45 74   241 
45 75   189 
45 76   371 
45 77   273 
45 78   983 
45 79    13 
45 80   497 
46 48   925 
46 49   222 
46 50   148 
46 51   564 
46 52    32 
46 53   471 
46 54   709 
46 55   327 
46 56   643 
46 57   371 
46 58    71 
46 59    16 
46 60   573 
46 61   354 
46 62   923 
46 63   330 
46 64   549 
46 65   948 
46 66   512 
46 67   572 
46 68   412 
46 69   304 
46 70   635 
46 71   115 
46 72   453 
46 73   805 
46 74   398 
46 75   622 
46 76   754 
46 77   947 
46 78   314 
46 79   681 
46 80   328 
47 49   552 
47 50   134 
47 51   759 
47 52   556 
47 53   767 
47 54   640 
47 55   936 
47 56   172 
47 57   339 
47 58   981 
47 59   205 
47 60   217 
47 61   568 
47 62   107 
47 63   610 
47 64   142 
47 65   951 
47 66   696 
47 67   362 
47 68   196 
47 69   515 
47 70   944 
47 71   810 
47 72   822 
47 73   821 
47 74   351 
47 75   305 
47 76   990 
47 77   366 
47 78   274 
47 79   652 
47 80   732 
48 50    25 
48 51   129 
48 52    39 
48 53   546 
48 54   924 
48 55    29 
48 56   423 
48 57   404 
48 58   408 
48 59   422 
48 60   753 
48 61   618 
48 62   663 
48 63   433 
48 64   795 
48 65   249 
48 66   774 
48 67   520 
48 68   279 
48 69   151 
48 70   945 
48 71    12 
48 72   103 
48 73    64 
48 74   352 
48 75   152 
48 76   437 
48 77   354 
48 78   462 
48 79   889 
48 80   650 
49 51   758 
49 52   371 
49 53    94 
49 54   453 
49 55   723 
49 56   991 
49 57   614 
49 58   275 
49 59   392 
49 60    93 
49 61   106 
49 62   526 
49 63   341 
49 64   334 
49 65   343 
49 66   839 
49 67   186 
49 68    23 
49 69   561 
49 70   370 
49 71   970 
49 72   692 
49 73   807 
49 74   722 
49 75   648 
49 76   553 
49 77    11 
49 78    38 
49 79   478 
49 80   720 
50 52   544 
50 53   332 
50 54   590 
50 55   338 
50 56   285 
50 57   604 
50 58   655 
50 59    79 
50 60   610 
50 61   713 
50 62   990 
50 63   715 
50 64   705 
50 65   216 
50 66   709 
50 67   990 
50 68   478 
50 69   848 
50 70   491 
50 71    25 
50 72   655 
50 73   718 
50 74   770 
50 75   671 
50 76   494 
50 77   344 
50 78   582 
50 79   242 
50 80   630 
51 53   543 
51 54   136 
51 55   331 
51 56   602 
51 57   223 
51 58   504 
51 59   683 
51 60   439 
51 61   373 
51 62   765 
51 63   407 
51 64   722 
51 65    96 
51 66   895 
51 67   596 
51 68   772 
51 69   360 
51 70     4 
51 71   444 
51 72   913 
51 73   815 
51 74   123 
51 75   133 
51 76   788 
51 77    84 
51 78   602 
51 79   983 
51 80   455 
52 54   840 
52 55   943 
52 56   233 
52 57   549 
52 58   351 
52 59    11 
52 60   345 
52 61   747 
52 62   841 
52 63   145 
52 64   707 
52 65   810 
52 66    13 
52 67    75 
52 68   525 
52 69   760 
52 70    47 
52 71   123 
52 72   822 
52 73   665 
52 74   654 
52 75    63 
52 76   315 
52 77   598 
52 78    91 
52 79   700 
52 80   787 
53 55   203 
53 56   335 
53 57   164 
53 58   866 
53 59   745 
53 60   327 
53 61   702 
53 62   740 
53 63   307 
53 64   567 
53 65   673 
53 66   333 
53 67   361 
53 68   522 
53 69   104 
53 70   738 
53 71    74 
53 72   668 
53 73    68 
53 74    90 
53 75   295 
53 76   836 
53 77   717 
53 78   862 
53 79   830 
53 80   458 
54 56   402 
54 57   126 
54 58   732 
54 59   292 
54 60    38 
54 61   237 
54 62    39 
54 63   990 
54 64    97 
54 65   153 
54 66   229 
54 67   319 
54 68   525 
54 69   737 
54 70   718 
54 71   858 
54 72   789 
54 73   373 
54 74   168 
54 75   810 
54 76   817 
54 77   714 
54 78   842 
54 79   694 
54 80   978 
55 57   524 
55 58   113 
55 59   894 
55 60    98 
55 61   546 
55 62   276 
55 63    95 
55 64   829 
55 65    34 
55 66    38 
55 67   629 
55 68   523 
55 69   879 
55 70   341 
55 71   371 
55 72   162 
55 73   706 
55 74   967 
55 75   489 
55 76   270 
55 77   277 
55 78   133 
55 79   391 
55 80   875 
56 58    27 
56 59   977 
56 60   228 
56 61   260 
56 62   839 
56 63   515 
56 64   600 
56 65   260 
56 66   228 
56 67    38 
56 68   925 
56 69   424 
56 70    12 
56 71   541 
56 72   804 
56 73   325 
56 74   139 
56 75   430 
56 76   361 
56 77   871 
56 78   509 
56 79   316 
56 80   625 
57 59   707 
57 60   603 
57 61   416 
57 62   562 
57 63   565 
57 64   361 
57 65   210 
57 66   351 
57 67   844 
57 68   278 
57 69   335 
57 70    55 
57 71   782 
57 72   441 
57 73   107 
57 74   262 
57 75    90 
57 76   232 
57 77   972 
57 78   314 
57 79   403 
57 80   875 
58 60   331 
58 61   790 
58 62   455 
58 63   483 
58 64   953 
58 65   752 
58 66   588 
58 67   342 
58 68   545 
58 69   626 
58 70   361 
58 71   963 
58 72   876 
58 73    19 
58 74   598 
58 75   455 
58 76   707 
58 77   732 
58 78   893 
58 79   430 
58 80   268 
59 61   877 
59 62   647 
59 63   223 
59 64   386 
59 65   615 
59 66    93 
59 67    27 
59 68   906 
59 69    36 
59 70   707 
59 71   732 
59 72   301 
59 73   593 
59 74   632 
59 75   669 
59 76   399 
59 77    38 
59 78   626 
59 79   473 
59 80   270 
60 62   381 
60 63    11 
60 64   528 
60 65   329 
60 66   183 
60 67   248 
60 68   543 
60 69   748 
60 70   964 
60 71   928 
60 72    28 
60 73   994 
60 74   338 
60 75   521 
60 76   756 
60 77   460 
60 78   994 
60 79   395 
60 80   604 
61 63   464 
61 64   897 
61 65    57 
61 66   663 
61 67   180 
61 68   563 
61 69   388 
61 70   956 
61 71   586 
61 72   359 
61 73   459 
61 74   100 
61 75   811 
61 76   846 
61 77   199 
61 78   586 
61 79   347 
61 80   539 
62 64   995 
62 65   556 
62 66   502 
62 67   212 
62 68   111 
62 69    73 
62 70   316 
62 71   641 
62 72   983 
62 73   902 
62 74   526 
62 75   833 
62 76   646 
62 77   804 
62 78   414 
62 79   453 
62 80   885 
63 65   580 
63 66   560 
63 67     3 
63 68   971 
63 69   734 
63 70   542 
63 71   765 
63 72    10 
63 73   764 
63 74    97 
63 75    56 
63 76   865 
63 77   499 
63 78   954 
63 79   521 
63 80   299 
64 66   631 
64 67   222 
64 68   690 
64 69   157 
64 70   672 
64 71   854 
64 72   112 
64 73   626 
64 74   310 
64 75   164 
64 76   901 
64 77   841 
64 78   343 
64 79   829 
64 80   834 
65 67   480 
65 68   571 
65 69   833 
65 70   930 
65 71   238 
65 72   204 
65 73   862 
65 74   869 
65 75   772 
65 76   153 
65 77   954 
65 78   813 
65 79   399 
65 80   658 
66 68   527 
66 69   839 
66 70   971 
66 71   453 
66 72   611 
66 73   600 
66 74   464 
66 75   701 
66 76    60 
66 77   594 
66 78   704 
66 79   280 
66 80   395 
67 69   126 
67 70   452 
67 71   756 
67 72   525 
67 73   402 
67 74   195 
67 75    35 
67 76   245 
67 77   616 
67 78   636 
67 79   853 
67 80   452 
68 70   628 
68 71   296 
68 72     1 
68 73   678 
68 74   375 
68 75   566 
68 76   542 
68 77   617 
68 78   282 
68 79   473 
68 80   227 
69 71   165 
69 72   127 
69 73   585 
69 74   134 
69 75   796 
69 76   106 
69 77   372 
69 78   849 
69 79   715 
69 80   645 
70 72   600 
70 73   303 
70 74    60 
70 75   252 
70 76   967 
70 77   490 
70 78   986 
70 79   648 
70 80   899 
71 73   971 
71 74   985 
71 75   822 
71 76   436 
71 77    29 
71 78   825 
71 79     8 
71 80   812 
72 74   391 
72 75   210 
72 76    24 
72 77   301 
72 78   807 
72 79   797 
72 80   920 
73 75   877 
73 76   255 
73 77   156 
73 78   191 
73 79   950 
73 80   557 
74 76   391 
74 77   326 
74 78   295 
74 79   543 
74 80   630 
75 77   780 
75 78   485 
75 79   604 
75 80   304 
76 78   239 
76 79   310 
76 80   193 
77 79   110 
77 80   835 
78 80   577 
0 
0 
0 
0 
0 
0 
0 
0 
0 
0 
0 
0 
0 
0 
0 
0 
0 
0 
0 
0 
0 
0 
0 
0 
0 
0 
0 
0 
0 
0 
0 
0 
0 
0 
0 
0 
0 
0 
0 
0 
0 
0 
0 
0 
0 
0 
0 
0 
0 
0 
0 
0 
0 
0 
0 
0 
0 
0 
0 
0 
0 
0 
0 
0 
0 
0 
0 
0 
0 
0 
0 
0 
0 
0 
0 
0 
0 
0 
0 
0 
  964   686 
   59   780 
  621   771 
  808   369 
  672   918 
  386    97 
  625   669 
  299   738 
  370   384 
  924   236 
  329   200 
  830    65 
  417   908 
  441   737 
  254   725 
  635   679 
  725   988 
  547   960 
  844   405 
  212   979 
  927   733 
  364   456 
  960   236 
  892   808 
  393   801 
  220   153 
  221   123 
  127   609 
   57   715 
   81   795 
   91   770 
  527   303 
  296   825 
  425   514 
  384     0 
  436   611 
  539   909 
  244    11 
  938   450 
   63    24 
  422   371 
  195   756 
  666   979 
   63   376 
  912   992 
  839   458 
  652   926 
  779   579 
  433   524 
  713   231 
  933   261 
  704   788 
  314   422 
  418   507 
  129   470 
  703   913 
  131   270 
  340   547 
  179   214 
  927   159 
   73   277 
  927   700 
  783   762 
  428   440 
   31   414 
  810   775 
  632   307 
  378   110 
  451    52 
  880   415 
    7   668 
  451   356 
  107   757 
  813    78 
  223   159 
  814   595 
  616   154 
  686   127 
  858   910 
  462   488 
