100 4950 
1 2   863 
2 3   566 
3 4    59 
4 5   157 
5 6   671 
6 7   640 
7 8   671 
8 9   369 
9 10   853 
10 11    98 
11 12   851 
12 13   558 
13 14   315 
14 15   390 
15 16   815 
16 17   536 
17 18   209 
18 19   955 
19 20   664 
20 21   241 
21 22   918 
22 23   974 
23 24   318 
24 25    90 
25 26   534 
26 27   338 
27 28   438 
28 29   801 
29 30   102 
30 31   960 
31 32   857 
32 33   867 
33 34    26 
34 35   550 
35 36    18 
36 37   827 
37 38   986 
38 39     3 
39 40   315 
40 41   785 
41 42   176 
42 43    57 
43 44   427 
44 45   622 
45 46   716 
46 47    65 
47 48   560 
48 49   967 
49 50   970 
50 51   593 
51 52   102 
52 53   103 
53 54   767 
54 55   460 
55 56   241 
56 57   398 
57 58   288 
58 59   581 
59 60   279 
60 61   139 
61 62   751 
62 63   634 
63 64   452 
64 65   866 
65 66   568 
66 67   966 
67 68   839 
68 69   178 
69 70   428 
70 71   246 
71 72   426 
72 73   896 
73 74    76 
74 75   219 
75 76   868 
76 77   466 
77 78    10 
78 79   308 
79 80   341 
80 81   873 
81 82   211 
82 83   758 
83 84   127 
84 85   143 
85 86   834 
86 87   738 
87 88   255 
88 89   376 
89 90    61 
90 91   337 
91 92   266 
92 93   696 
93 94   382 
94 95   913 
95 96   798 
96 97   660 
97 98   497 
98 99   637 
99 100   253 
1 3   500 
1 4   120 
1 5   909 
1 6   104 
1 7   772 
1 8   454 
1 9   943 
1 10   892 
1 11   860 
1 12    23 
1 13   200 
1 14   979 
1 15   269 
1 16   425 
1 17    80 
1 18   619 
1 19   217 
1 20   487 
1 21    66 
1 22   871 
1 23   492 
1 24   762 
1 25   649 
1 26   908 
1 27   832 
1 28   384 
1 29   209 
1 30   253 
1 31   883 
1 32   620 
1 33   756 
1 34   221 
1 35   571 
1 36   666 
1 37   390 
1 38   565 
1 39   376 
1 40   504 
1 41   966 
1 42   823 
1 43   996 
1 44    10 
1 45   601 
1 46   153 
1 47   194 
1 48   654 
1 49   388 
1 50   142 
1 51   386 
1 52   610 
1 53   644 
1 54   133 
1 55   399 
1 56   792 
1 57   782 
1 58   227 
1 59   944 
1 60   243 
1 61   648 
1 62   766 
1 63   587 
1 64   989 
1 65   119 
1 66   244 
1 67   594 
1 68   260 
1 69    69 
1 70   536 
1 71    91 
1 72   850 
1 73   728 
1 74   300 
1 75   263 
1 76   648 
1 77   473 
1 78   521 
1 79   653 
1 80   833 
1 81   122 
1 82   855 
1 83   333 
1 84    51 
1 85    85 
1 86   769 
1 87   691 
1 88   363 
1 89    17 
1 90   160 
1 91   441 
1 92   272 
1 93   176 
1 94    83 
1 95    85 
1 96   812 
1 97   569 
1 98   539 
1 99   737 
1 100    39 
2 4   248 
2 5   281 
2 6   742 
2 7   147 
2 8    32 
2 9   707 
2 10   943 
2 11   481 
2 12   333 
2 13   827 
2 14   730 
2 15   180 
2 16   810 
2 17   688 
2 18   509 
2 19   665 
2 20   754 
2 21   433 
2 22    86 
2 23   745 
2 24   431 
2 25   603 
2 26   919 
2 27   628 
2 28   186 
2 29   159 
2 30   846 
2 31   926 
2 32   608 
2 33   874 
2 34   743 
2 35   306 
2 36   314 
2 37    53 
2 38   799 
2 39   800 
2 40   863 
2 41   286 
2 42    76 
2 43   145 
2 44    67 
2 45   279 
2 46   380 
2 47   956 
2 48   160 
2 49   304 
2 50   765 
2 51   377 
2 52   835 
2 53   161 
2 54   359 
2 55   891 
2 56   908 
2 57   548 
2 58   823 
2 59   667 
2 60   125 
2 61   658 
2 62    13 
2 63   119 
2 64   536 
2 65   864 
2 66    80 
2 67   458 
2 68   786 
2 69   397 
2 70   951 
2 71   946 
2 72   453 
2 73   946 
2 74   408 
2 75   546 
2 76   943 
2 77   493 
2 78   680 
2 79    21 
2 80   746 
2 81   292 
2 82   390 
2 83    85 
2 84   515 
2 85   635 
2 86     6 
2 87   836 
2 88   463 
2 89    41 
2 90    38 
2 91   340 
2 92   518 
2 93    61 
2 94    95 
2 95   686 
2 96   247 
2 97   123 
2 98   513 
2 99   576 
2 100   401 
3 5   519 
3 6   482 
3 7   949 
3 8   889 
3 9   878 
3 10   732 
3 11   321 
3 12   867 
3 13   982 
3 14   605 
3 15   159 
3 16   723 
3 17   137 
3 18   634 
3 19   421 
3 20   416 
3 21   718 
3 22   597 
3 23   209 
3 24   616 
3 25   642 
3 26   886 
3 27   658 
3 28    45 
3 29   705 
3 30   454 
3 31   568 
3 32   904 
3 33   360 
3 34   682 
3 35   103 
3 36   803 
3 37   827 
3 38   396 
3 39   682 
3 40   465 
3 41   691 
3 42   346 
3 43   938 
3 44    46 
3 45   256 
3 46   991 
3 47   261 
3 48   214 
3 49    16 
3 50   227 
3 51   257 
3 52   562 
3 53   669 
3 54   146 
3 55   597 
3 56   359 
3 57   397 
3 58   659 
3 59   655 
3 60   583 
3 61   732 
3 62   661 
3 63   259 
3 64   879 
3 65   709 
3 66   259 
3 67   126 
3 68   917 
3 69   700 
3 70   180 
3 71   998 
3 72   215 
3 73    91 
3 74    21 
3 75   543 
3 76   441 
3 77   678 
3 78   483 
3 79   601 
3 80   137 
3 81   756 
3 82   978 
3 83   311 
3 84   583 
3 85   527 
3 86   111 
3 87   245 
3 88   898 
3 89    30 
3 90   508 
3 91   832 
3 92    10 
3 93   514 
3 94   558 
3 95   901 
3 96   971 
3 97   274 
3 98    90 
3 99   464 
3 100   148 
4 6   691 
4 7   497 
4 8   792 
4 9   380 
4 10   664 
4 11   399 
4 12   929 
4 13   399 
4 14   412 
4 15   716 
4 16   863 
4 17   802 
4 18   501 
4 19   869 
4 20   962 
4 21   104 
4 22   725 
4 23    82 
4 24   543 
4 25   981 
4 26   993 
4 27   184 
4 28   368 
4 29   527 
4 30   774 
4 31   427 
4 32   877 
4 33   815 
4 34   236 
4 35   370 
4 36   810 
4 37   545 
4 38   686 
4 39   986 
4 40   516 
4 41    38 
4 42   511 
4 43    97 
4 44   645 
4 45   404 
4 46   741 
4 47   806 
4 48   907 
4 49   875 
4 50   254 
4 51   535 
4 52   548 
4 53   227 
4 54   666 
4 55   812 
4 56   803 
4 57   946 
4 58   271 
4 59   939 
4 60   421 
4 61   319 
4 62   506 
4 63   319 
4 64   626 
4 65    33 
4 66   832 
4 67   721 
4 68   664 
4 69   145 
4 70   142 
4 71   927 
4 72   778 
4 73   116 
4 74   538 
4 75   174 
4 76   194 
4 77   727 
4 78   647 
4 79   918 
4 80   598 
4 81   547 
4 82   676 
4 83    50 
4 84   198 
4 85   909 
4 86   903 
4 87   722 
4 88   956 
4 89   844 
4 90   493 
4 91   716 
4 92   961 
4 93   371 
4 94   377 
4 95   723 
4 96   431 
4 97   869 
4 98   630 
4 99     3 
4 100   802 
5 7   132 
5 8   257 
5 9   734 
5 10   865 
5 11   625 
5 12   227 
5 13   375 
5 14   555 
5 15   147 
5 16   606 
5 17   577 
5 18   387 
5 19   830 
5 20   512 
5 21   567 
5 22    73 
5 23   462 
5 24   996 
5 25    41 
5 26   421 
5 27   439 
5 28   805 
5 29   759 
5 30     6 
5 31   170 
5 32   481 
5 33   783 
5 34   978 
5 35   117 
5 36   915 
5 37   231 
5 38   758 
5 39   239 
5 40   140 
5 41   996 
5 42   907 
5 43   579 
5 44   954 
5 45   640 
5 46   656 
5 47   934 
5 48   873 
5 49   870 
5 50     3 
5 51   409 
5 52   548 
5 53   768 
5 54   619 
5 55   508 
5 56    41 
5 57   891 
5 58   989 
5 59   940 
5 60    59 
5 61   566 
5 62   596 
5 63   879 
5 64    74 
5 65   185 
5 66   294 
5 67    13 
5 68   247 
5 69   296 
5 70   824 
5 71   217 
5 72   880 
5 73   346 
5 74    80 
5 75   475 
5 76   317 
5 77   397 
5 78   655 
5 79   234 
5 80   981 
5 81   944 
5 82   920 
5 83   830 
5 84   286 
5 85   577 
5 86   627 
5 87   483 
5 88   776 
5 89    81 
5 90     7 
5 91    75 
5 92    50 
5 93   895 
5 94   621 
5 95   459 
5 96   796 
5 97   490 
5 98   748 
5 99   133 
5 100   312 
6 8   702 
6 9   251 
6 10   406 
6 11   351 
6 12    51 
6 13   127 
6 14    98 
6 15   483 
6 16   186 
6 17   543 
6 18   424 
6 19    78 
6 20   291 
6 21   684 
6 22   887 
6 23   387 
6 24   608 
6 25   281 
6 26   497 
6 27   876 
6 28   278 
6 29   757 
6 30   197 
6 31    71 
6 32   920 
6 33   995 
6 34   969 
6 35   789 
6 36   698 
6 37   658 
6 38   201 
6 39   365 
6 40   954 
6 41    56 
6 42   951 
6 43   866 
6 44   959 
6 45   386 
6 46    11 
6 47   330 
6 48   994 
6 49   752 
6 50   151 
6 51   960 
6 52    90 
6 53   694 
6 54   395 
6 55   607 
6 56   406 
6 57   686 
6 58   185 
6 59   604 
6 60    67 
6 61   194 
6 62   802 
6 63   255 
6 64   718 
6 65    31 
6 66   230 
6 67   825 
6 68    21 
6 69   420 
6 70   258 
6 71   299 
6 72   800 
6 73   686 
6 74   205 
6 75   780 
6 76   267 
6 77   385 
6 78   435 
6 79   471 
6 80   291 
6 81   719 
6 82   886 
6 83   493 
6 84   982 
6 85    33 
6 86   113 
6 87   101 
6 88   851 
6 89   711 
6 90   204 
6 91   768 
6 92   823 
6 93   766 
6 94   300 
6 95   839 
6 96   319 
6 97   117 
6 98   927 
6 99   466 
6 100   333 
7 9   694 
7 10   804 
7 11   730 
7 12   853 
7 13   539 
7 14   596 
7 15   482 
7 16   890 
7 17   399 
7 18   558 
7 19   178 
7 20   863 
7 21   209 
7 22   944 
7 23   185 
7 24   314 
7 25   358 
7 26   929 
7 27   318 
7 28   948 
7 29   476 
7 30   578 
7 31   459 
7 32   748 
7 33   774 
7 34   340 
7 35   820 
7 36   989 
7 37   881 
7 38   685 
7 39   285 
7 40   836 
7 41   119 
7 42   259 
7 43   691 
7 44   668 
7 45   188 
7 46   536 
7 47   182 
7 48   669 
7 49   729 
7 50   164 
7 51    13 
7 52   993 
7 53   457 
7 54   780 
7 55     3 
7 56   528 
7 57   397 
7 58   185 
7 59   981 
7 60   645 
7 61   886 
7 62   371 
7 63   815 
7 64   369 
7 65   727 
7 66   139 
7 67    33 
7 68   598 
7 69   824 
7 70   559 
7 71   823 
7 72   374 
7 73   483 
7 74   859 
7 75   243 
7 76   368 
7 77    29 
7 78   505 
7 79   875 
7 80   252 
7 81   651 
7 82     0 
7 83   395 
7 84   359 
7 85   283 
7 86   885 
7 87   224 
7 88    78 
7 89   351 
7 90    16 
7 91   635 
7 92   191 
7 93   652 
7 94    87 
7 95   377 
7 96   651 
7 97   409 
7 98   216 
7 99   216 
7 100   123 
8 10   292 
8 11   360 
8 12   480 
8 13   926 
8 14   973 
8 15   872 
8 16   597 
8 17   578 
8 18    88 
8 19   485 
8 20   699 
8 21   834 
8 22   219 
8 23   129 
8 24   846 
8 25   812 
8 26   863 
8 27   654 
8 28   739 
8 29   569 
8 30   862 
8 31   540 
8 32   697 
8 33   353 
8 34   460 
8 35   259 
8 36   215 
8 37   892 
8 38    76 
8 39   640 
8 40   628 
8 41   794 
8 42   767 
8 43    84 
8 44   154 
8 45   584 
8 46   992 
8 47   389 
8 48   137 
8 49   159 
8 50    17 
8 51    29 
8 52   763 
8 53   877 
8 54    31 
8 55   795 
8 56   303 
8 57   891 
8 58   743 
8 59   483 
8 60   231 
8 61   543 
8 62   518 
8 63   909 
8 64   166 
8 65   280 
8 66   309 
8 67   455 
8 68    58 
8 69   151 
8 70   780 
8 71   862 
8 72   298 
8 73   666 
8 74    65 
8 75   825 
8 76   352 
8 77   505 
8 78    97 
8 79   416 
8 80   390 
8 81   483 
8 82   624 
8 83   567 
8 84   302 
8 85   672 
8 86    98 
8 87   504 
8 88   768 
8 89    29 
8 90    33 
8 91   613 
8 92   856 
8 93   566 
8 94   500 
8 95   407 
8 96    65 
8 97   245 
8 98   915 
8 99   512 
8 100   429 
9 11   919 
9 12   811 
9 13   894 
9 14   992 
9 15   740 
9 16   491 
9 17   629 
9 18   560 
9 19   211 
9 20   451 
9 21   904 
9 22   943 
9 23   701 
9 24   381 
9 25   990 
9 26   118 
9 27   804 
9 28   922 
9 29   587 
9 30   903 
9 31   736 
9 32   930 
9 33   349 
9 34   947 
9 35   602 
9 36   855 
9 37   735 
9 38   238 
9 39   540 
9 40   721 
9 41   800 
9 42   968 
9 43   731 
9 44   586 
9 45   666 
9 46   532 
9 47   646 
9 48    16 
9 49   761 
9 50   500 
9 51   690 
9 52   326 
9 53   183 
9 54   585 
9 55   852 
9 56   701 
9 57   178 
9 58   505 
9 59   464 
9 60   429 
9 61   960 
9 62    52 
9 63   350 
9 64   114 
9 65    66 
9 66    36 
9 67   171 
9 68   494 
9 69   203 
9 70   699 
9 71   375 
9 72   924 
9 73     3 
9 74   807 
9 75    38 
9 76    81 
9 77   969 
9 78   776 
9 79   999 
9 80   918 
9 81   611 
9 82   874 
9 83    81 
9 84   169 
9 85   326 
9 86   838 
9 87   646 
9 88   281 
9 89   880 
9 90   450 
9 91    44 
9 92    86 
9 93   974 
9 94   745 
9 95   835 
9 96    96 
9 97   597 
9 98   428 
9 99   964 
9 100   714 
10 12   498 
10 13   932 
10 14   115 
10 15   984 
10 16     2 
10 17   397 
10 18   836 
10 19   814 
10 20   184 
10 21   175 
10 22   355 
10 23    35 
10 24   421 
10 25   994 
10 26   413 
10 27   763 
10 28   499 
10 29   666 
10 30   725 
10 31   582 
10 32   879 
10 33   450 
10 34   958 
10 35   308 
10 36     7 
10 37   789 
10 38   303 
10 39   547 
10 40   306 
10 41   449 
10 42   726 
10 43   433 
10 44   598 
10 45   731 
10 46   981 
10 47   402 
10 48   890 
10 49   447 
10 50   500 
10 51   996 
10 52    50 
10 53    45 
10 54   715 
10 55   395 
10 56   519 
10 57   338 
10 58   821 
10 59   206 
10 60   883 
10 61   929 
10 62   832 
10 63   898 
10 64   691 
10 65   949 
10 66   657 
10 67   719 
10 68   303 
10 69   558 
10 70   655 
10 71   193 
10 72   988 
10 73   941 
10 74   538 
10 75   480 
10 76   907 
10 77   876 
10 78   853 
10 79   917 
10 80   845 
10 81   207 
10 82    52 
10 83   948 
10 84   384 
10 85   157 
10 86   829 
10 87   105 
10 88   412 
10 89   871 
10 90   349 
10 91   391 
10 92   436 
10 93   327 
10 94   601 
10 95   969 
10 96   961 
10 97   554 
10 98   564 
10 99   109 
10 100    58 
11 13   721 
11 14   863 
11 15   342 
11 16   869 
11 17   388 
11 18   790 
11 19   876 
11 20   104 
11 21   150 
11 22    54 
11 23   627 
11 24     2 
11 25   784 
11 26   770 
11 27   209 
11 28    48 
11 29     9 
11 30   712 
11 31   969 
11 32   562 
11 33   532 
11 34   446 
11 35   658 
11 36   396 
11 37   144 
11 38   875 
11 39   458 
11 40   252 
11 41   296 
11 42   637 
11 43   906 
11 44   626 
11 45   403 
11 46   517 
11 47   513 
11 48    23 
11 49   361 
11 50   716 
11 51   675 
11 52   551 
11 53    24 
11 54    21 
11 55   549 
11 56   267 
11 57   538 
11 58   297 
11 59   874 
11 60   214 
11 61   924 
11 62   352 
11 63   247 
11 64   437 
11 65    37 
11 66   589 
11 67   294 
11 68   803 
11 69   486 
11 70    62 
11 71   380 
11 72   747 
11 73    87 
11 74    44 
11 75   758 
11 76   752 
11 77   652 
11 78   206 
11 79   948 
11 80    85 
11 81   316 
11 82    89 
11 83   488 
11 84   691 
11 85   847 
11 86   794 
11 87   992 
11 88   380 
11 89   590 
11 90   875 
11 91   740 
11 92   669 
11 93   914 
11 94   666 
11 95   891 
11 96   754 
11 97   356 
11 98   178 
11 99   963 
11 100   516 
12 14   445 
12 15   274 
12 16   241 
12 17   660 
12 18   250 
12 19   977 
12 20   762 
12 21   469 
12 22   712 
12 23   460 
12 24   332 
12 25   220 
12 26   555 
12 27   322 
12 28   565 
12 29   585 
12 30   617 
12 31   774 
12 32   232 
12 33   217 
12 34   796 
12 35   128 
12 36   776 
12 37    33 
12 38   959 
12 39   916 
12 40   547 
12 41    23 
12 42   985 
12 43   248 
12 44   376 
12 45   996 
12 46     7 
12 47   897 
12 48   103 
12 49   882 
12 50   146 
12 51    96 
12 52   852 
12 53   192 
12 54   893 
12 55   561 
12 56   338 
12 57   801 
12 58    77 
12 59   210 
12 60   109 
12 61   290 
12 62   469 
12 63   331 
12 64    13 
12 65   262 
12 66   327 
12 67   888 
12 68   177 
12 69    44 
12 70   813 
12 71   117 
12 72   553 
12 73   198 
12 74   300 
12 75   653 
12 76    46 
12 77   620 
12 78   147 
12 79   319 
12 80   701 
12 81   461 
12 82   176 
12 83   470 
12 84   799 
12 85   350 
12 86   178 
12 87   665 
12 88    47 
12 89    46 
12 90   617 
12 91   730 
12 92   406 
12 93    33 
12 94   517 
12 95   842 
12 96    46 
12 97    22 
12 98   938 
12 99   201 
12 100   159 
13 15   210 
13 16     3 
13 17   376 
13 18   241 
13 19    57 
13 20   916 
13 21   852 
13 22    32 
13 23   107 
13 24    76 
13 25   595 
13 26   369 
13 27   527 
13 28   313 
13 29   656 
13 30    54 
13 31    55 
13 32   335 
13 33   360 
13 34   826 
13 35    65 
13 36   129 
13 37   417 
13 38   229 
13 39   269 
13 40   166 
13 41   630 
13 42   369 
13 43   301 
13 44   581 
13 45   128 
13 46   258 
13 47   723 
13 48   375 
13 49   936 
13 50   805 
13 51   699 
13 52   746 
13 53   108 
13 54   853 
13 55   966 
13 56   488 
13 57   312 
13 58   172 
13 59   668 
13 60   816 
13 61   453 
13 62   721 
13 63   780 
13 64     5 
13 65   372 
13 66   334 
13 67   843 
13 68   712 
13 69   861 
13 70   389 
13 71   602 
13 72   206 
13 73   135 
13 74   996 
13 75   931 
13 76   395 
13 77   303 
13 78   621 
13 79   127 
13 80   176 
13 81   771 
13 82   428 
13 83   728 
13 84   875 
13 85   351 
13 86    44 
13 87   741 
13 88   149 
13 89   335 
13 90   863 
13 91   178 
13 92   576 
13 93    89 
13 94   986 
13 95    25 
13 96   547 
13 97   422 
13 98   459 
13 99   621 
13 100   881 
14 16   408 
14 17   532 
14 18   860 
14 19   872 
14 20   587 
14 21   986 
14 22   248 
14 23   945 
14 24   487 
14 25    12 
14 26   879 
14 27   513 
14 28   868 
14 29   666 
14 30   656 
14 31   710 
14 32   436 
14 33   867 
14 34   576 
14 35    83 
14 36   560 
14 37   739 
14 38   599 
14 39   917 
14 40   703 
14 41   625 
14 42   882 
14 43   863 
14 44    79 
14 45   576 
14 46   492 
14 47   534 
14 48   123 
14 49   981 
14 50    78 
14 51   854 
14 52   130 
14 53   668 
14 54   263 
14 55   301 
14 56   619 
14 57   624 
14 58   805 
14 59   878 
14 60   986 
14 61   137 
14 62   289 
14 63   191 
14 64   336 
14 65   346 
14 66   152 
14 67   911 
14 68   163 
14 69   938 
14 70   106 
14 71   739 
14 72   665 
14 73    35 
14 74   517 
14 75   358 
14 76   971 
14 77   405 
14 78   203 
14 79   755 
14 80   642 
14 81    30 
14 82   340 
14 83   894 
14 84   879 
14 85   759 
14 86   105 
14 87   991 
14 88   514 
14 89   943 
14 90   101 
14 91   735 
14 92   788 
14 93    29 
14 94     2 
14 95   836 
14 96   611 
14 97   320 
14 98   256 
14 99   866 
14 100   313 
15 17   877 
15 18   542 
15 19   101 
15 20   999 
15 21   564 
15 22   950 
15 23   550 
15 24   226 
15 25    61 
15 26    23 
15 27   719 
15 28   595 
15 29   480 
15 30   668 
15 31   453 
15 32   755 
15 33   167 
15 34   202 
15 35   351 
15 36   653 
15 37   810 
15 38   638 
15 39   873 
15 40   560 
15 41   505 
15 42   731 
15 43   712 
15 44   630 
15 45   889 
15 46   181 
15 47   859 
15 48   756 
15 49   363 
15 50   902 
15 51   259 
15 52   309 
15 53   373 
15 54   652 
15 55   143 
15 56   302 
15 57   307 
15 58    77 
15 59    91 
15 60   263 
15 61   613 
15 62   552 
15 63    89 
15 64   380 
15 65   836 
15 66   773 
15 67   109 
15 68   822 
15 69   198 
15 70    13 
15 71   274 
15 72   604 
15 73   584 
15 74   215 
15 75   429 
15 76   929 
15 77   140 
15 78   879 
15 79   748 
15 80   635 
15 81   481 
15 82   459 
15 83   721 
15 84   697 
15 85   346 
15 86   157 
15 87   225 
15 88   534 
15 89   519 
15 90   433 
15 91   793 
15 92   975 
15 93   314 
15 94   421 
15 95   649 
15 96   753 
15 97   471 
15 98   939 
15 99   933 
15 100   695 
16 18   352 
16 19   368 
16 20   544 
16 21   648 
16 22   506 
16 23   713 
16 24   571 
16 25   224 
16 26   711 
16 27   759 
16 28   925 
16 29   927 
16 30   294 
16 31   909 
16 32   877 
16 33    30 
16 34   213 
16 35   222 
16 36    16 
16 37   329 
16 38    99 
16 39   239 
16 40   767 
16 41   618 
16 42   395 
16 43   850 
16 44   150 
16 45   418 
16 46   315 
16 47   104 
16 48   365 
16 49   393 
16 50   688 
16 51   381 
16 52   393 
16 53   928 
16 54   568 
16 55   941 
16 56    61 
16 57   278 
16 58    54 
16 59   820 
16 60   548 
16 61   366 
16 62   656 
16 63   600 
16 64   463 
16 65   288 
16 66   525 
16 67   322 
16 68   760 
16 69   650 
16 70   371 
16 71    54 
16 72   333 
16 73   982 
16 74   337 
16 75   903 
16 76    75 
16 77   604 
16 78   947 
16 79    15 
16 80   135 
16 81   625 
16 82   329 
16 83   611 
16 84   573 
16 85   704 
16 86   686 
16 87     7 
16 88   294 
16 89   172 
16 90   245 
16 91   106 
16 92   608 
16 93   466 
16 94   931 
16 95   177 
16 96   845 
16 97    70 
16 98   827 
16 99   856 
16 100   588 
17 19   514 
17 20   570 
17 21   434 
17 22   962 
17 23   989 
17 24   140 
17 25   681 
17 26   772 
17 27   289 
17 28   130 
17 29   181 
17 30   668 
17 31   677 
17 32   381 
17 33   831 
17 34   827 
17 35   623 
17 36    88 
17 37   613 
17 38   206 
17 39   282 
17 40   961 
17 41    33 
17 42   810 
17 43   641 
17 44   431 
17 45   990 
17 46   983 
17 47   154 
17 48   635 
17 49   421 
17 50   262 
17 51   879 
17 52   802 
17 53   844 
17 54   150 
17 55   345 
17 56   640 
17 57   562 
17 58   846 
17 59   761 
17 60   881 
17 61    48 
17 62   126 
17 63   147 
17 64    32 
17 65   990 
17 66   970 
17 67   144 
17 68   259 
17 69   237 
17 70   697 
17 71   885 
17 72    76 
17 73   765 
17 74   181 
17 75   544 
17 76   301 
17 77   970 
17 78    41 
17 79   815 
17 80   365 
17 81   128 
17 82   523 
17 83   200 
17 84   476 
17 85   808 
17 86   848 
17 87   805 
17 88   999 
17 89   937 
17 90   112 
17 91   684 
17 92   217 
17 93   540 
17 94    81 
17 95   877 
17 96   807 
17 97   327 
17 98   523 
17 99   269 
17 100   497 
18 20   350 
18 21   781 
18 22   655 
18 23   476 
18 24   628 
18 25   135 
18 26   834 
18 27   733 
18 28   361 
18 29   842 
18 30   365 
18 31   354 
18 32   298 
18 33   884 
18 34   734 
18 35    78 
18 36   716 
18 37   233 
18 38   942 
18 39   302 
18 40   173 
18 41   704 
18 42   432 
18 43   460 
18 44   374 
18 45   527 
18 46   986 
18 47    67 
18 48   983 
18 49   418 
18 50    96 
18 51   190 
18 52   820 
18 53   595 
18 54   722 
18 55    37 
18 56   450 
18 57   613 
18 58   390 
18 59   492 
18 60   280 
18 61   918 
18 62   894 
18 63    84 
18 64   432 
18 65   812 
18 66    35 
18 67   894 
18 68   679 
18 69   426 
18 70   580 
18 71   230 
18 72   190 
18 73   388 
18 74    72 
18 75   201 
18 76   921 
18 77   407 
18 78   337 
18 79   746 
18 80    75 
18 81   569 
18 82   616 
18 83   862 
18 84   765 
18 85   594 
18 86    41 
18 87   505 
18 88    28 
18 89   458 
18 90   119 
18 91   609 
18 92   187 
18 93   692 
18 94   421 
18 95   415 
18 96   984 
18 97   989 
18 98   793 
18 99   448 
18 100   242 
19 21   791 
19 22   672 
19 23   701 
19 24   206 
19 25   502 
19 26   232 
19 27   743 
19 28   573 
19 29   771 
19 30   684 
19 31   984 
19 32   505 
19 33   534 
19 34   846 
19 35   981 
19 36   316 
19 37   210 
19 38   956 
19 39   988 
19 40    83 
19 41    12 
19 42   845 
19 43   605 
19 44   643 
19 45   281 
19 46   467 
19 47   408 
19 48   893 
19 49   810 
19 50   335 
19 51   488 
19 52   271 
19 53   598 
19 54   903 
19 55   770 
19 56   334 
19 57   174 
19 58    47 
19 59   979 
19 60   866 
19 61   958 
19 62   453 
19 63    15 
19 64   344 
19 65   457 
19 66   741 
19 67   822 
19 68   125 
19 69   744 
19 70   402 
19 71   485 
19 72   479 
19 73   684 
19 74   209 
19 75   388 
19 76   450 
19 77   311 
19 78   666 
19 79   559 
19 80   921 
19 81   753 
19 82    83 
19 83   497 
19 84   391 
19 85   613 
19 86   963 
19 87   680 
19 88    44 
19 89   520 
19 90   519 
19 91   788 
19 92   835 
19 93   375 
19 94   457 
19 95   196 
19 96   654 
19 97   434 
19 98   250 
19 99   365 
19 100    45 
20 22   917 
20 23   188 
20 24   410 
20 25   507 
20 26   943 
20 27   800 
20 28   150 
20 29   451 
20 30   698 
20 31   177 
20 32   918 
20 33   192 
20 34   514 
20 35   450 
20 36   331 
20 37   721 
20 38   979 
20 39   873 
20 40   791 
20 41   243 
20 42   472 
20 43    13 
20 44   599 
20 45   663 
20 46   820 
20 47   859 
20 48   513 
20 49   296 
20 50   269 
20 51   365 
20 52   794 
20 53    21 
20 54   760 
20 55   943 
20 56   886 
20 57   166 
20 58   157 
20 59   470 
20 60   142 
20 61    61 
20 62   824 
20 63   715 
20 64   270 
20 65   662 
20 66   497 
20 67   353 
20 68    18 
20 69    11 
20 70   810 
20 71   827 
20 72   287 
20 73   553 
20 74   192 
20 75   834 
20 76    59 
20 77   688 
20 78   304 
20 79   700 
20 80   908 
20 81   374 
20 82   732 
20 83   507 
20 84   877 
20 85   950 
20 86   301 
20 87   481 
20 88   566 
20 89    13 
20 90   203 
20 91   181 
20 92   894 
20 93   235 
20 94   687 
20 95   351 
20 96   773 
20 97   327 
20 98   333 
20 99   937 
20 100   910 
21 23   721 
21 24   482 
21 25   962 
21 26   758 
21 27   672 
21 28   334 
21 29   427 
21 30   562 
21 31   499 
21 32   810 
21 33    73 
21 34   448 
21 35   828 
21 36   454 
21 37   535 
21 38   357 
21 39   467 
21 40   526 
21 41   850 
21 42   843 
21 43   885 
21 44   664 
21 45   419 
21 46   165 
21 47   383 
21 48   656 
21 49   533 
21 50   972 
21 51   248 
21 52   929 
21 53   101 
21 54   278 
21 55   918 
21 56   448 
21 57   967 
21 58   280 
21 59   886 
21 60   394 
21 61   979 
21 62   574 
21 63   162 
21 64   191 
21 65   474 
21 66   819 
21 67   645 
21 68   122 
21 69   685 
21 70   244 
21 71   733 
21 72   433 
21 73   545 
21 74   914 
21 75   732 
21 76   193 
21 77   439 
21 78   519 
21 79   218 
21 80   621 
21 81   475 
21 82   983 
21 83   163 
21 84   839 
21 85   320 
21 86   643 
21 87     7 
21 88   570 
21 89   711 
21 90   691 
21 91   669 
21 92    82 
21 93   225 
21 94   758 
21 95   395 
21 96    50 
21 97    79 
21 98   520 
21 99   156 
21 100   533 
22 24   381 
22 25   661 
22 26   253 
22 27    41 
22 28   151 
22 29   967 
22 30   190 
22 31   861 
22 32   989 
22 33   228 
22 34   555 
22 35   555 
22 36   835 
22 37   654 
22 38   875 
22 39   161 
22 40   285 
22 41   435 
22 42   295 
22 43    13 
22 44   912 
22 45   384 
22 46   328 
22 47   929 
22 48   397 
22 49   916 
22 50   152 
22 51    27 
22 52   832 
22 53   318 
22 54   116 
22 55   359 
22 56   961 
22 57   882 
22 58   831 
22 59   801 
22 60   786 
22 61   972 
22 62   639 
22 63   275 
22 64   263 
22 65   950 
22 66   838 
22 67    65 
22 68   500 
22 69   929 
22 70   706 
22 71   190 
22 72   644 
22 73   536 
22 74   360 
22 75   417 
22 76   999 
22 77   980 
22 78   143 
22 79   583 
22 80   634 
22 81   707 
22 82   523 
22 83   455 
22 84   424 
22 85   288 
22 86   913 
22 87   951 
22 88   767 
22 89   775 
22 90   173 
22 91   570 
22 92   143 
22 93   816 
22 94   689 
22 95   433 
22 96   921 
22 97   735 
22 98   839 
22 99   250 
22 100   348 
23 25   266 
23 26   465 
23 27   744 
23 28   147 
23 29   813 
23 30   104 
23 31   127 
23 32   439 
23 33   791 
23 34    17 
23 35   204 
23 36   280 
23 37   401 
23 38   414 
23 39   664 
23 40   531 
23 41   716 
23 42   926 
23 43   642 
23 44    35 
23 45   841 
23 46   664 
23 47   731 
23 48   519 
23 49   276 
23 50   766 
23 51   222 
23 52   443 
23 53   888 
23 54   563 
23 55   313 
23 56   112 
23 57   989 
23 58   828 
23 59   212 
23 60   471 
23 61   848 
23 62   999 
23 63   532 
23 64   638 
23 65   809 
23 66   759 
23 67   626 
23 68   770 
23 69   837 
23 70   609 
23 71   204 
23 72   521 
23 73   836 
23 74   379 
23 75   657 
23 76     0 
23 77   469 
23 78   599 
23 79   517 
23 80   682 
23 81   810 
23 82   196 
23 83   965 
23 84   126 
23 85   590 
23 86   770 
23 87   537 
23 88   638 
23 89   653 
23 90   530 
23 91   332 
23 92   512 
23 93    43 
23 94    71 
23 95   939 
23 96   557 
23 97   448 
23 98   411 
23 99   989 
23 100   534 
24 26   812 
24 27   455 
24 28   102 
24 29   341 
24 30   456 
24 31   675 
24 32   259 
24 33   405 
24 34   460 
24 35   801 
24 36   513 
24 37   865 
24 38   602 
24 39   587 
24 40   423 
24 41   603 
24 42   682 
24 43   879 
24 44   600 
24 45   518 
24 46   575 
24 47   129 
24 48   236 
24 49   947 
24 50   112 
24 51   660 
24 52   837 
24 53   312 
24 54   998 
24 55   362 
24 56   944 
24 57   810 
24 58   162 
24 59    95 
24 60   267 
24 61   898 
24 62   524 
24 63   811 
24 64   160 
24 65   329 
24 66   208 
24 67   456 
24 68   115 
24 69   248 
24 70   369 
24 71   488 
24 72   677 
24 73   939 
24 74   691 
24 75   981 
24 76   462 
24 77   204 
24 78   944 
24 79   207 
24 80   572 
24 81   972 
24 82   666 
24 83   601 
24 84   644 
24 85   581 
24 86   599 
24 87   867 
24 88   664 
24 89   663 
24 90   407 
24 91   542 
24 92   121 
24 93    11 
24 94   262 
24 95   747 
24 96   373 
24 97   525 
24 98   721 
24 99   442 
24 100   863 
25 27   443 
25 28   867 
25 29   710 
25 30   369 
25 31   775 
25 32   232 
25 33   408 
25 34   219 
25 35   175 
25 36   532 
25 37    52 
25 38   512 
25 39   585 
25 40   661 
25 41   717 
25 42   441 
25 43   843 
25 44   899 
25 45   109 
25 46   372 
25 47   487 
25 48   355 
25 49   495 
25 50   480 
25 51   201 
25 52   298 
25 53   860 
25 54   204 
25 55   867 
25 56   379 
25 57   327 
25 58   658 
25 59   270 
25 60    33 
25 61   283 
25 62    72 
25 63   947 
25 64   858 
25 65    77 
25 66   676 
25 67   402 
25 68   316 
25 69   887 
25 70   112 
25 71   103 
25 72   786 
25 73   882 
25 74   942 
25 75   924 
25 76    94 
25 77   837 
25 78   126 
25 79   993 
25 80   751 
25 81   711 
25 82   759 
25 83   604 
25 84   469 
25 85   167 
25 86    61 
25 87   179 
25 88   155 
25 89   497 
25 90   269 
25 91   111 
25 92   699 
25 93    51 
25 94   405 
25 95   670 
25 96   172 
25 97   515 
25 98   831 
25 99   104 
25 100   295 
26 28   209 
26 29    49 
26 30   470 
26 31   694 
26 32   394 
26 33   736 
26 34   645 
26 35   880 
26 36   843 
26 37   667 
26 38   622 
26 39   570 
26 40   401 
26 41   779 
26 42   536 
26 43   192 
26 44     4 
26 45   702 
26 46   847 
26 47   436 
26 48   933 
26 49   692 
26 50   970 
26 51    23 
26 52   841 
26 53   620 
26 54   650 
26 55   648 
26 56   850 
26 57   343 
26 58   637 
26 59   835 
26 60   920 
26 61     5 
26 62    86 
26 63   491 
26 64   251 
26 65   987 
26 66   983 
26 67   953 
26 68   847 
26 69   582 
26 70   791 
26 71   264 
26 72   871 
26 73   825 
26 74   935 
26 75   781 
26 76   889 
26 77   370 
26 78   608 
26 79    30 
26 80    82 
26 81    36 
26 82   423 
26 83   641 
26 84   157 
26 85     8 
26 86   394 
26 87   889 
26 88   460 
26 89   805 
26 90   722 
26 91   880 
26 92   421 
26 93   997 
26 94    20 
26 95   952 
26 96   384 
26 97   930 
26 98   580 
26 99   978 
26 100   401 
27 29   953 
27 30   818 
27 31   209 
27 32   607 
27 33   889 
27 34   625 
27 35   314 
27 36   292 
27 37   814 
27 38   366 
27 39   713 
27 40   395 
27 41   845 
27 42   884 
27 43   524 
27 44   779 
27 45   770 
27 46   979 
27 47   411 
27 48   245 
27 49   307 
27 50   730 
27 51   600 
27 52   880 
27 53   704 
27 54   186 
27 55   322 
27 56   772 
27 57   596 
27 58     5 
27 59   650 
27 60   557 
27 61   833 
27 62   520 
27 63   896 
27 64   993 
27 65   917 
27 66    99 
27 67   259 
27 68   980 
27 69   937 
27 70   797 
27 71   794 
27 72   205 
27 73   704 
27 74   979 
27 75   796 
27 76   648 
27 77     4 
27 78   102 
27 79   272 
27 80   623 
27 81   213 
27 82   386 
27 83   343 
27 84   884 
27 85   615 
27 86   394 
27 87   352 
27 88   512 
27 89    11 
27 90   735 
27 91   960 
27 92    68 
27 93    17 
27 94   324 
27 95   444 
27 96   630 
27 97   121 
27 98   494 
27 99   759 
27 100   777 
28 30   197 
28 31   821 
28 32   329 
28 33   332 
28 34   266 
28 35   791 
28 36   923 
28 37   177 
28 38   141 
28 39   663 
28 40   143 
28 41   125 
28 42   704 
28 43    72 
28 44    19 
28 45   355 
28 46   650 
28 47   987 
28 48   904 
28 49   829 
28 50   795 
28 51   537 
28 52   539 
28 53   460 
28 54   836 
28 55     2 
28 56   533 
28 57   439 
28 58   900 
28 59   678 
28 60   218 
28 61   467 
28 62   103 
28 63   570 
28 64   523 
28 65    71 
28 66   714 
28 67   774 
28 68   610 
28 69   962 
28 70   418 
28 71   282 
28 72   430 
28 73   365 
28 74   428 
28 75   330 
28 76   265 
28 77   519 
28 78   383 
28 79   390 
28 80   464 
28 81    20 
28 82   294 
28 83   796 
28 84   153 
28 85   882 
28 86   969 
28 87   709 
28 88   964 
28 89   930 
28 90   797 
28 91   431 
28 92   646 
28 93   116 
28 94   964 
28 95   225 
28 96   155 
28 97   494 
28 98   574 
28 99   216 
28 100   577 
29 31   844 
29 32   497 
29 33   334 
29 34   125 
29 35   107 
29 36   698 
29 37   479 
29 38   637 
29 39   450 
29 40   200 
29 41   698 
29 42   641 
29 43    98 
29 44    27 
29 45   192 
29 46   660 
29 47   796 
29 48   292 
29 49   334 
29 50   724 
29 51   347 
29 52   600 
29 53   704 
29 54   655 
29 55   595 
29 56   909 
29 57   996 
29 58   419 
29 59   909 
29 60    86 
29 61   492 
29 62   393 
29 63   454 
29 64   998 
29 65   147 
29 66   375 
29 67   490 
29 68   856 
29 69   846 
29 70   941 
29 71   306 
29 72   955 
29 73   478 
29 74   170 
29 75   821 
29 76    52 
29 77   182 
29 78   158 
29 79   315 
29 80   648 
29 81   507 
29 82   366 
29 83   643 
29 84    39 
29 85   116 
29 86    82 
29 87   993 
29 88   897 
29 89   381 
29 90   548 
29 91   252 
29 92   214 
29 93   217 
29 94   953 
29 95   187 
29 96   553 
29 97   580 
29 98    45 
29 99   885 
29 100   760 
30 32     7 
30 33   270 
30 34   400 
30 35   865 
30 36   762 
30 37   984 
30 38   823 
30 39   699 
30 40   580 
30 41   844 
30 42   561 
30 43    20 
30 44   899 
30 45   503 
30 46   896 
30 47   945 
30 48   934 
30 49    38 
30 50   435 
30 51   312 
30 52   187 
30 53    16 
30 54   540 
30 55   812 
30 56   705 
30 57   847 
30 58   213 
30 59   489 
30 60   781 
30 61   835 
30 62    29 
30 63   207 
30 64   988 
30 65   239 
30 66   633 
30 67   667 
30 68   148 
30 69   135 
30 70   761 
30 71   484 
30 72   922 
30 73   530 
30 74   380 
30 75   732 
30 76   844 
30 77   711 
30 78    40 
30 79   902 
30 80   569 
30 81   885 
30 82   964 
30 83   582 
30 84   820 
30 85   211 
30 86   271 
30 87   204 
30 88   178 
30 89   322 
30 90   613 
30 91   767 
30 92     2 
30 93   396 
30 94   291 
30 95   867 
30 96   966 
30 97   953 
30 98   402 
30 99   715 
30 100   983 
31 33   469 
31 34   976 
31 35    72 
31 36   135 
31 37   356 
31 38   760 
31 39   782 
31 40   159 
31 41   581 
31 42   564 
31 43   300 
31 44   315 
31 45   766 
31 46   305 
31 47   254 
31 48   261 
31 49   677 
31 50   632 
31 51   986 
31 52   674 
31 53   193 
31 54   894 
31 55   632 
31 56   307 
31 57   308 
31 58   731 
31 59   216 
31 60   216 
31 61   290 
31 62   904 
31 63   734 
31 64   930 
31 65   392 
31 66   785 
31 67   853 
31 68   148 
31 69   428 
31 70   281 
31 71   938 
31 72   762 
31 73   409 
31 74   878 
31 75   182 
31 76   701 
31 77   405 
31 78    35 
31 79   436 
31 80   392 
31 81   150 
31 82   967 
31 83   991 
31 84   168 
31 85   655 
31 86    93 
31 87   321 
31 88   320 
31 89   824 
31 90    32 
31 91   475 
31 92   378 
31 93    71 
31 94   917 
31 95   476 
31 96   216 
31 97   256 
31 98   830 
31 99   760 
31 100   670 
32 34   760 
32 35   827 
32 36    46 
32 37    64 
32 38   792 
32 39   762 
32 40   832 
32 41   503 
32 42   815 
32 43   683 
32 44   576 
32 45   284 
32 46   726 
32 47   646 
32 48    28 
32 49   758 
32 50    24 
32 51    77 
32 52   946 
32 53   873 
32 54   996 
32 55   556 
32 56   109 
32 57   756 
32 58   555 
32 59   388 
32 60   853 
32 61   497 
32 62   200 
32 63   729 
32 64   890 
32 65   662 
32 66   598 
32 67   563 
32 68   723 
32 69   445 
32 70   472 
32 71   402 
32 72   558 
32 73   819 
32 74   562 
32 75   715 
32 76   365 
32 77   513 
32 78   566 
32 79   762 
32 80   775 
32 81    77 
32 82   869 
32 83   180 
32 84   715 
32 85   434 
32 86   387 
32 87   872 
32 88   845 
32 89   164 
32 90   112 
32 91   864 
32 92   184 
32 93   574 
32 94   989 
32 95   366 
32 96    32 
32 97   854 
32 98   261 
32 99    51 
32 100   105 
33 35   685 
33 36   529 
33 37   733 
33 38   597 
33 39    20 
33 40   206 
33 41    20 
33 42   107 
33 43   708 
33 44   576 
33 45   856 
33 46   871 
33 47   310 
33 48   451 
33 49   578 
33 50   706 
33 51   126 
33 52   993 
33 53    32 
33 54   122 
33 55   404 
33 56   154 
33 57   807 
33 58   938 
33 59   568 
33 60   172 
33 61   410 
33 62    35 
33 63   358 
33 64   452 
33 65   975 
33 66   839 
33 67   537 
33 68   306 
33 69   650 
33 70   503 
33 71   689 
33 72   687 
33 73   761 
33 74   765 
33 75   607 
33 76   721 
33 77   703 
33 78   203 
33 79   598 
33 80    78 
33 81   194 
33 82   122 
33 83   557 
33 84   193 
33 85   910 
33 86   654 
33 87   543 
33 88   777 
33 89    88 
33 90   341 
33 91   452 
33 92   618 
33 93   467 
33 94   363 
33 95    39 
33 96   597 
33 97   264 
33 98   211 
33 99   375 
33 100   985 
34 36   774 
34 37   561 
34 38   172 
34 39   816 
34 40   383 
34 41   736 
34 42   161 
34 43   127 
34 44   300 
34 45    76 
34 46   399 
34 47   823 
34 48   293 
34 49    30 
34 50   281 
34 51   556 
34 52   470 
34 53   728 
34 54    25 
34 55   276 
34 56   383 
34 57   535 
34 58   429 
34 59   535 
34 60    82 
34 61   129 
34 62   592 
34 63   283 
34 64   260 
34 65   878 
34 66   928 
34 67   124 
34 68   339 
34 69   659 
34 70   513 
34 71   873 
34 72   259 
34 73   611 
34 74   316 
34 75   522 
34 76   974 
34 77    35 
34 78   469 
34 79   392 
34 80   545 
34 81   660 
34 82   627 
34 83   815 
34 84   924 
34 85   467 
34 86   556 
34 87   472 
34 88   372 
34 89   391 
34 90   655 
34 91    91 
34 92   114 
34 93   189 
34 94   438 
34 95   357 
34 96   107 
34 97   727 
34 98   559 
34 99   393 
34 100   491 
35 37   588 
35 38   677 
35 39    12 
35 40   456 
35 41    92 
35 42   718 
35 43   788 
35 44   615 
35 45    27 
35 46   320 
35 47   813 
35 48   400 
35 49   652 
35 50   128 
35 51   539 
35 52   448 
35 53   875 
35 54   669 
35 55    86 
35 56   144 
35 57   527 
35 58   590 
35 59   256 
35 60   170 
35 61   105 
35 62   728 
35 63   241 
35 64   225 
35 65   213 
35 66   437 
35 67    69 
35 68   608 
35 69   925 
35 70   146 
35 71   709 
35 72   999 
35 73   949 
35 74   647 
35 75   865 
35 76   130 
35 77    90 
35 78   151 
35 79   201 
35 80   757 
35 81   107 
35 82   513 
35 83   216 
35 84   180 
35 85   293 
35 86    88 
35 87   679 
35 88    61 
35 89   807 
35 90   603 
35 91    82 
35 92   475 
35 93   565 
35 94   436 
35 95   491 
35 96   402 
35 97   459 
35 98   820 
35 99   212 
35 100   744 
36 38    95 
36 39   684 
36 40   574 
36 41   916 
36 42   168 
36 43   968 
36 44   965 
36 45   494 
36 46   433 
36 47   453 
36 48   859 
36 49   912 
36 50   295 
36 51   396 
36 52   275 
36 53    93 
36 54   502 
36 55   435 
36 56   666 
36 57   971 
36 58   548 
36 59   825 
36 60   798 
36 61   829 
36 62   423 
36 63   566 
36 64   957 
36 65    59 
36 66    72 
36 67   386 
36 68   613 
36 69   454 
36 70   706 
36 71   736 
36 72   988 
36 73   965 
36 74    27 
36 75   833 
36 76   588 
36 77   574 
36 78    86 
36 79   182 
36 80   737 
36 81   942 
36 82   484 
36 83    83 
36 84   462 
36 85   695 
36 86   911 
36 87   775 
36 88   842 
36 89   861 
36 90   378 
36 91   615 
36 92   359 
36 93   793 
36 94   701 
36 95   286 
36 96   558 
36 97   984 
36 98   966 
36 99   632 
36 100   730 
37 39   811 
37 40   968 
37 41   941 
37 42   417 
37 43   411 
37 44   400 
37 45   724 
37 46   865 
37 47   395 
37 48   863 
37 49   173 
37 50   370 
37 51   922 
37 52   220 
37 53   742 
37 54   168 
37 55   662 
37 56   351 
37 57   387 
37 58   364 
37 59   350 
37 60    76 
37 61   655 
37 62    70 
37 63   827 
37 64   306 
37 65   915 
37 66   298 
37 67   333 
37 68   861 
37 69   546 
37 70   640 
37 71   303 
37 72   394 
37 73   329 
37 74   254 
37 75   490 
37 76   161 
37 77    26 
37 78   783 
37 79   489 
37 80   263 
37 81   865 
37 82   401 
37 83   932 
37 84   194 
37 85   234 
37 86   878 
37 87   889 
37 88   344 
37 89   511 
37 90   872 
37 91   498 
37 92   698 
37 93   264 
37 94   784 
37 95   545 
37 96   497 
37 97   280 
37 98   718 
37 99   993 
37 100   960 
38 40    57 
38 41   276 
38 42    66 
38 43   343 
38 44   304 
38 45   831 
38 46   950 
38 47   644 
38 48   394 
38 49    94 
38 50   596 
38 51    60 
38 52   883 
38 53   712 
38 54   223 
38 55    67 
38 56   332 
38 57   507 
38 58   196 
38 59    53 
38 60   692 
38 61   557 
38 62   385 
38 63   744 
38 64   727 
38 65   163 
38 66   595 
38 67   203 
38 68   373 
38 69   761 
38 70   325 
38 71    25 
38 72   689 
38 73     4 
38 74   367 
38 75   779 
38 76   673 
38 77   660 
38 78   560 
38 79   311 
38 80   938 
38 81   911 
38 82    40 
38 83   273 
38 84   746 
38 85   132 
38 86   179 
38 87   128 
38 88    28 
38 89   812 
38 90   936 
38 91   215 
38 92   475 
38 93   329 
38 94   547 
38 95   649 
38 96   878 
38 97   222 
38 98   765 
38 99   784 
38 100   340 
39 41   401 
39 42   638 
39 43   731 
39 44   737 
39 45   472 
39 46   404 
39 47   455 
39 48   313 
39 49   354 
39 50   316 
39 51   611 
39 52   324 
39 53   623 
39 54   345 
39 55   274 
39 56   470 
39 57   987 
39 58    73 
39 59    24 
39 60   163 
39 61   686 
39 62   524 
39 63   585 
39 64   243 
39 65   200 
39 66   868 
39 67   719 
39 68   137 
39 69    63 
39 70   596 
39 71   912 
39 72   614 
39 73   895 
39 74   369 
39 75   205 
39 76   638 
39 77   366 
39 78   686 
39 79   494 
39 80   305 
39 81   533 
39 82   898 
39 83   833 
39 84   175 
39 85   221 
39 86   574 
39 87   687 
39 88   418 
39 89   486 
39 90   349 
39 91   611 
39 92   387 
39 93   580 
39 94   238 
39 95   252 
39 96   516 
39 97   673 
39 98   370 
39 99   536 
39 100   364 
40 42   651 
40 43   869 
40 44   839 
40 45   925 
40 46    86 
40 47   844 
40 48   524 
40 49   262 
40 50    70 
40 51   745 
40 52    92 
40 53   692 
40 54   445 
40 55   244 
40 56   227 
40 57   603 
40 58   459 
40 59   288 
40 60   149 
40 61   767 
40 62   357 
40 63   430 
40 64   906 
40 65   356 
40 66   185 
40 67   908 
40 68   974 
40 69   787 
40 70   489 
40 71   348 
40 72   918 
40 73   211 
40 74   469 
40 75   589 
40 76   623 
40 77   266 
40 78   704 
40 79   860 
40 80   994 
40 81   324 
40 82   706 
40 83   332 
40 84   166 
40 85   667 
40 86   422 
40 87    59 
40 88   125 
40 89   900 
40 90   344 
40 91   381 
40 92   166 
40 93   400 
40 94   459 
40 95   477 
40 96   878 
40 97   173 
40 98   961 
40 99   720 
40 100   115 
41 43   233 
41 44   882 
41 45   110 
41 46     7 
41 47   482 
41 48   846 
41 49   954 
41 50   704 
41 51   627 
41 52   911 
41 53   683 
41 54   612 
41 55   139 
41 56   415 
41 57   831 
41 58    75 
41 59   449 
41 60   409 
41 61   542 
41 62   367 
41 63   804 
41 64   617 
41 65   283 
41 66   114 
41 67    49 
41 68   255 
41 69   473 
41 70   569 
41 71   307 
41 72   267 
41 73   184 
41 74   494 
41 75   409 
41 76    43 
41 77   115 
41 78   561 
41 79   373 
41 80   719 
41 81   646 
41 82   983 
41 83    98 
41 84   829 
41 85   667 
41 86   887 
41 87   710 
41 88   408 
41 89   445 
41 90   640 
41 91   790 
41 92   320 
41 93   123 
41 94   543 
41 95   674 
41 96   408 
41 97   657 
41 98   338 
41 99   811 
41 100   518 
42 44   125 
42 45   679 
42 46   244 
42 47   754 
42 48   806 
42 49   255 
42 50   729 
42 51   847 
42 52   618 
42 53   739 
42 54   739 
42 55   381 
42 56   694 
42 57    43 
42 58    88 
42 59   868 
42 60    57 
42 61   916 
42 62    44 
42 63   817 
42 64   732 
42 65   542 
42 66   183 
42 67     2 
42 68   149 
42 69   510 
42 70   210 
42 71   909 
42 72   875 
42 73   856 
42 74   723 
42 75   531 
42 76   269 
42 77   917 
42 78   418 
42 79   550 
42 80   850 
42 81   501 
42 82   908 
42 83   946 
42 84   996 
42 85   754 
42 86   384 
42 87   830 
42 88   419 
42 89   663 
42 90   838 
42 91   389 
42 92   839 
42 93   699 
42 94    49 
42 95   935 
42 96   946 
42 97   930 
42 98    36 
42 99   962 
42 100   252 
43 45   446 
43 46   415 
43 47   379 
43 48   106 
43 49   965 
43 50   610 
43 51   881 
43 52   396 
43 53   475 
43 54   666 
43 55   999 
43 56    47 
43 57   174 
43 58   265 
43 59   311 
43 60   976 
43 61   792 
43 62   142 
43 63   233 
43 64   408 
43 65   916 
43 66   969 
43 67   502 
43 68   672 
43 69   697 
43 70   969 
43 71   834 
43 72   645 
43 73   933 
43 74   971 
43 75   857 
43 76   189 
43 77   859 
43 78    74 
43 79   902 
43 80   528 
43 81   328 
43 82   160 
43 83   314 
43 84   286 
43 85   516 
43 86   753 
43 87   266 
43 88   272 
43 89   199 
43 90   131 
43 91   619 
43 92   990 
43 93   667 
43 94   471 
43 95   259 
43 96   507 
43 97   180 
43 98   205 
43 99   409 
43 100   478 
44 46   868 
44 47   777 
44 48   596 
44 49   925 
44 50   166 
44 51    94 
44 52   343 
44 53   471 
44 54   445 
44 55   556 
44 56   129 
44 57   611 
44 58    51 
44 59   970 
44 60     6 
44 61   278 
44 62   546 
44 63   944 
44 64   710 
44 65   320 
44 66   687 
44 67   584 
44 68   786 
44 69   883 
44 70   823 
44 71   399 
44 72   825 
44 73   721 
44 74   634 
44 75   939 
44 76   315 
44 77   957 
44 78   503 
44 79   507 
44 80   162 
44 81   559 
44 82   306 
44 83   209 
44 84   903 
44 85   695 
44 86   210 
44 87   340 
44 88    93 
44 89   988 
44 90    99 
44 91   541 
44 92   705 
44 93   436 
44 94   529 
44 95    76 
44 96   650 
44 97   485 
44 98   461 
44 99   198 
44 100   852 
45 47   621 
45 48   517 
45 49   341 
45 50   181 
45 51   610 
45 52   371 
45 53   691 
45 54   712 
45 55   535 
45 56   168 
45 57   727 
45 58   668 
45 59   248 
45 60   522 
45 61   436 
45 62   596 
45 63   901 
45 64   340 
45 65   649 
45 66   456 
45 67   832 
45 68   704 
45 69   354 
45 70   830 
45 71   313 
45 72   138 
45 73   580 
45 74   665 
45 75   198 
45 76    44 
45 77   961 
45 78   911 
45 79   558 
45 80   764 
45 81   771 
45 82   349 
45 83   588 
45 84   804 
45 85   245 
45 86    74 
45 87   198 
45 88   249 
45 89    19 
45 90   123 
45 91    81 
45 92    97 
45 93   971 
45 94    94 
45 95   398 
45 96   869 
45 97   405 
45 98   104 
45 99   251 
45 100   588 
46 48   480 
46 49   680 
46 50    91 
46 51   137 
46 52   523 
46 53   386 
46 54   552 
46 55   163 
46 56   541 
46 57   215 
46 58   758 
46 59   287 
46 60   648 
46 61   825 
46 62   582 
46 63    14 
46 64   253 
46 65    91 
46 66   226 
46 67    47 
46 68   877 
46 69   493 
46 70   786 
46 71   506 
46 72   761 
46 73   378 
46 74   200 
46 75   761 
46 76    32 
46 77   609 
46 78   981 
46 79   896 
46 80   484 
46 81     6 
46 82   997 
46 83    14 
46 84   860 
46 85    66 
46 86   761 
46 87   495 
46 88   590 
46 89   485 
46 90   287 
46 91   456 
46 92   745 
46 93   985 
46 94   925 
46 95   445 
46 96   333 
46 97   744 
46 98   810 
46 99   668 
46 100   652 
47 49   306 
47 50   672 
47 51   273 
47 52   495 
47 53   851 
47 54   260 
47 55   627 
47 56   335 
47 57   164 
47 58   829 
47 59   931 
47 60   881 
47 61   155 
47 62   525 
47 63   595 
47 64   754 
47 65   257 
47 66   325 
47 67   537 
47 68   144 
47 69    24 
47 70   438 
47 71   750 
47 72   796 
47 73   282 
47 74   616 
47 75   393 
47 76    16 
47 77   658 
47 78   798 
47 79   580 
47 80   363 
47 81   289 
47 82   494 
47 83   613 
47 84   461 
47 85   136 
47 86   458 
47 87   616 
47 88   601 
47 89   373 
47 90   881 
47 91   697 
47 92   150 
47 93   245 
47 94   367 
47 95   332 
47 96   915 
47 97    19 
47 98   200 
47 99   851 
47 100   848 
48 50   551 
48 51   190 
48 52   104 
48 53   400 
48 54   976 
48 55   461 
48 56   755 
48 57   173 
48 58   815 
48 59    66 
48 60   764 
48 61   509 
48 62   696 
48 63   252 
48 64   711 
48 65   325 
48 66   605 
48 67   990 
48 68   402 
48 69   379 
48 70   345 
48 71   903 
48 72   444 
48 73   347 
48 74   617 
48 75    91 
48 76   275 
48 77   989 
48 78   710 
48 79   126 
48 80   504 
48 81   870 
48 82   928 
48 83   944 
48 84   519 
48 85   115 
48 86   895 
48 87   511 
48 88   980 
48 89   897 
48 90   842 
48 91   221 
48 92   287 
48 93   277 
48 94   888 
48 95     3 
48 96   885 
48 97   127 
48 98   999 
48 99   356 
48 100   837 
49 51   373 
49 52   280 
49 53    97 
49 54   902 
49 55   346 
49 56   532 
49 57   252 
49 58   647 
49 59    34 
49 60   106 
49 61   282 
49 62   833 
49 63   834 
49 64   620 
49 65   626 
49 66   415 
49 67   503 
49 68    20 
49 69   720 
49 70   673 
49 71   212 
49 72   583 
49 73   153 
49 74   967 
49 75   724 
49 76    52 
49 77   915 
49 78   841 
49 79   585 
49 80   255 
49 81   906 
49 82   211 
49 83   253 
49 84   532 
49 85   958 
49 86    85 
49 87   764 
49 88   448 
49 89   446 
49 90   577 
49 91   309 
49 92   559 
49 93   644 
49 94   533 
49 95   202 
49 96   670 
49 97   995 
49 98   556 
49 99   546 
49 100   500 
50 52   958 
50 53   566 
50 54   131 
50 55   267 
50 56   468 
50 57   585 
50 58   553 
50 59   629 
50 60   353 
50 61   341 
50 62   312 
50 63   953 
50 64   550 
50 65   576 
50 66   948 
50 67   212 
50 68   658 
50 69   463 
50 70   656 
50 71   661 
50 72   114 
50 73   205 
50 74   137 
50 75   330 
50 76   233 
50 77   361 
50 78    61 
50 79   856 
50 80   552 
50 81   779 
50 82   979 
50 83   699 
50 84   154 
50 85   570 
50 86   314 
50 87   806 
50 88   980 
50 89   394 
50 90   130 
50 91   640 
50 92    26 
50 93   285 
50 94    80 
50 95   433 
50 96   423 
50 97   543 
50 98    19 
50 99    11 
50 100    70 
51 53   181 
51 54   619 
51 55   760 
51 56   722 
51 57   449 
51 58   127 
51 59   381 
51 60   740 
51 61   687 
51 62   533 
51 63   632 
51 64   759 
51 65   498 
51 66   269 
51 67   426 
51 68   119 
51 69   927 
51 70   627 
51 71   298 
51 72   757 
51 73   285 
51 74   820 
51 75   944 
51 76   865 
51 77   217 
51 78   302 
51 79   382 
51 80    43 
51 81    84 
51 82    51 
51 83   831 
51 84   310 
51 85   846 
51 86   492 
51 87   445 
51 88   509 
51 89   602 
51 90   190 
51 91   635 
51 92    85 
51 93   675 
51 94   639 
51 95   369 
51 96   238 
51 97   517 
51 98   996 
51 99   586 
51 100   416 
52 54   488 
52 55   162 
52 56   567 
52 57   736 
52 58   823 
52 59   922 
52 60   100 
52 61   551 
52 62   853 
52 63   879 
52 64   397 
52 65   108 
52 66    50 
52 67   568 
52 68   665 
52 69    84 
52 70   450 
52 71   667 
52 72   878 
52 73    79 
52 74   848 
52 75   123 
52 76   621 
52 77   651 
52 78    28 
52 79   695 
52 80   596 
52 81   554 
52 82   391 
52 83    89 
52 84   338 
52 85   167 
52 86   749 
52 87   208 
52 88   954 
52 89   693 
52 90   624 
52 91   413 
52 92   817 
52 93   345 
52 94    90 
52 95   558 
52 96   459 
52 97   473 
52 98   916 
52 99   364 
52 100   401 
53 55   654 
53 56   946 
53 57   374 
53 58   584 
53 59   602 
53 60   240 
53 61   377 
53 62   501 
53 63   347 
53 64   616 
53 65   422 
53 66   438 
53 67   552 
53 68   254 
53 69   569 
53 70   687 
53 71   653 
53 72   694 
53 73   510 
53 74   388 
53 75    71 
53 76   599 
53 77   726 
53 78   937 
53 79   447 
53 80   669 
53 81   276 
53 82   949 
53 83   679 
53 84    25 
53 85   315 
53 86   123 
53 87    70 
53 88   253 
53 89   619 
53 90   159 
53 91   668 
53 92   453 
53 93   211 
53 94   531 
53 95   237 
53 96   741 
53 97   149 
53 98   684 
53 99   235 
53 100     0 
54 56   337 
54 57   122 
54 58   735 
54 59   653 
54 60   796 
54 61   345 
54 62   477 
54 63   672 
54 64    49 
54 65    93 
54 66   784 
54 67   335 
54 68   961 
54 69   160 
54 70   341 
54 71   305 
54 72   262 
54 73   162 
54 74   363 
54 75   494 
54 76   887 
54 77   801 
54 78   251 
54 79   735 
54 80   852 
54 81   634 
54 82   617 
54 83   655 
54 84   637 
54 85   870 
54 86   564 
54 87   751 
54 88   712 
54 89   954 
54 90   883 
54 91    58 
54 92   898 
54 93   124 
54 94   514 
54 95   291 
54 96   460 
54 97    32 
54 98   450 
54 99   610 
54 100   489 
55 57   301 
55 58   881 
55 59   672 
55 60   728 
55 61   911 
55 62   146 
55 63   977 
55 64   264 
55 65   383 
55 66   834 
55 67   108 
55 68   586 
55 69   480 
55 70   950 
55 71   389 
55 72   588 
55 73   428 
55 74   148 
55 75   124 
55 76   560 
55 77   476 
55 78   432 
55 79   780 
55 80   123 
55 81   147 
55 82   940 
55 83   601 
55 84   102 
55 85   250 
55 86   937 
55 87   322 
55 88   690 
55 89   793 
55 90   743 
55 91   888 
55 92   288 
55 93    50 
55 94    96 
55 95   633 
55 96   222 
55 97   665 
55 98   202 
55 99   981 
55 100   286 
56 58   967 
56 59   996 
56 60   361 
56 61   616 
56 62   972 
56 63   797 
56 64   652 
56 65   381 
56 66   686 
56 67    97 
56 68   418 
56 69   923 
56 70   428 
56 71   598 
56 72   362 
56 73   654 
56 74   448 
56 75   796 
56 76   903 
56 77   793 
56 78   147 
56 79    86 
56 80   348 
56 81   318 
56 82   518 
56 83   805 
56 84   901 
56 85   710 
56 86   104 
56 87   359 
56 88   801 
56 89    23 
56 90    94 
56 91   190 
56 92   851 
56 93   153 
56 94   356 
56 95   509 
56 96   618 
56 97   845 
56 98   567 
56 99   846 
56 100   448 
57 59    64 
57 60   557 
57 61   573 
57 62   908 
57 63   376 
57 64   719 
57 65   953 
57 66   388 
57 67   126 
57 68   338 
57 69   584 
57 70   906 
57 71   384 
57 72    79 
57 73   540 
57 74   616 
57 75   745 
57 76   788 
57 77   339 
57 78   287 
57 79   622 
57 80   182 
57 81   549 
57 82   472 
57 83   519 
57 84   517 
57 85    84 
57 86   147 
57 87   642 
57 88   658 
57 89   472 
57 90   443 
57 91   192 
57 92   616 
57 93   143 
57 94   649 
57 95   543 
57 96   470 
57 97    89 
57 98   729 
57 99   903 
57 100   562 
58 60   220 
58 61   685 
58 62   849 
58 63   404 
58 64   296 
58 65   391 
58 66   354 
58 67   134 
58 68   109 
58 69   730 
58 70   723 
58 71   686 
58 72   625 
58 73   971 
58 74   352 
58 75   619 
58 76   570 
58 77   576 
58 78    95 
58 79   505 
58 80   742 
58 81   731 
58 82   885 
58 83   889 
58 84   653 
58 85   315 
58 86   170 
58 87   109 
58 88   619 
58 89   980 
58 90   628 
58 91   428 
58 92   362 
58 93    51 
58 94    72 
58 95   138 
58 96   216 
58 97   715 
58 98   501 
58 99   606 
58 100   534 
59 61   931 
59 62    24 
59 63    43 
59 64   286 
59 65    65 
59 66   472 
59 67   125 
59 68   446 
59 69   128 
59 70   104 
59 71   482 
59 72   390 
59 73   688 
59 74   195 
59 75     7 
59 76   132 
59 77   439 
59 78   991 
59 79   798 
59 80   555 
59 81   904 
59 82   191 
59 83   153 
59 84   809 
59 85   713 
59 86   673 
59 87   196 
59 88   888 
59 89   978 
59 90   568 
59 91   119 
59 92   649 
59 93   156 
59 94   457 
59 95   781 
59 96   769 
59 97   529 
59 98    26 
59 99   648 
59 100   599 
60 62   359 
60 63   938 
60 64   439 
60 65    78 
60 66   220 
60 67   192 
60 68     5 
60 69   195 
60 70   903 
60 71   863 
60 72   759 
60 73   806 
60 74    62 
60 75   750 
60 76   878 
60 77   792 
60 78   442 
60 79   332 
60 80   582 
60 81    83 
60 82   756 
60 83   360 
60 84   644 
60 85   803 
60 86   825 
60 87   579 
60 88   399 
60 89   575 
60 90   360 
60 91   136 
60 92     0 
60 93   608 
60 94   938 
60 95   677 
60 96   164 
60 97   914 
60 98   484 
60 99    96 
60 100    93 
61 63   170 
61 64   559 
61 65   291 
61 66   396 
61 67   769 
61 68   719 
61 69   766 
61 70   398 
61 71   592 
61 72   449 
61 73   383 
61 74   972 
61 75   274 
61 76   878 
61 77   776 
61 78   529 
61 79   163 
61 80   427 
61 81   777 
61 82   116 
61 83   222 
61 84   443 
61 85    66 
61 86   894 
61 87   570 
61 88   138 
61 89   793 
61 90   906 
61 91   622 
61 92   172 
61 93   822 
61 94   406 
61 95   860 
61 96   117 
61 97   249 
61 98   848 
61 99   621 
61 100   548 
62 64   384 
62 65   448 
62 66   903 
62 67   704 
62 68   497 
62 69   524 
62 70   477 
62 71   808 
62 72   923 
62 73   254 
62 74    23 
62 75   974 
62 76     0 
62 77   536 
62 78   370 
62 79   403 
62 80   230 
62 81   304 
62 82    62 
62 83   156 
62 84   275 
62 85   828 
62 86   905 
62 87   129 
62 88   736 
62 89   458 
62 90   165 
62 91   479 
62 92    58 
62 93   776 
62 94   518 
62 95   540 
62 96   810 
62 97    43 
62 98   983 
62 99   256 
62 100   681 
63 65   582 
63 66   464 
63 67   480 
63 68   167 
63 69   509 
63 70   103 
63 71   806 
63 72   660 
63 73   684 
63 74   188 
63 75   632 
63 76    46 
63 77   191 
63 78   507 
63 79   361 
63 80   863 
63 81   605 
63 82    21 
63 83   703 
63 84   464 
63 85   171 
63 86   927 
63 87    11 
63 88   379 
63 89    69 
63 90   259 
63 91   657 
63 92   468 
63 93   108 
63 94   468 
63 95   446 
63 96   555 
63 97   990 
63 98   268 
63 99   463 
63 100   297 
64 66   618 
64 67   227 
64 68   556 
64 69   740 
64 70   132 
64 71   433 
64 72   515 
64 73   556 
64 74    44 
64 75    24 
64 76   884 
64 77    85 
64 78   821 
64 79   909 
64 80   845 
64 81   947 
64 82     7 
64 83    56 
64 84   615 
64 85   168 
64 86   718 
64 87   410 
64 88   334 
64 89   924 
64 90   392 
64 91   849 
64 92   949 
64 93    13 
64 94   458 
64 95   258 
64 96   678 
64 97   265 
64 98   471 
64 99   894 
64 100     8 
65 67    42 
65 68   587 
65 69   497 
65 70    70 
65 71   312 
65 72   104 
65 73   819 
65 74   995 
65 75   875 
65 76   960 
65 77   317 
65 78    25 
65 79    43 
65 80   773 
65 81   206 
65 82   702 
65 83   435 
65 84    88 
65 85   424 
65 86   568 
65 87    60 
65 88   110 
65 89    69 
65 90   538 
65 91   447 
65 92   412 
65 93   121 
65 94   969 
65 95   692 
65 96   461 
65 97   844 
65 98   789 
65 99    56 
65 100   453 
66 68   991 
66 69   364 
66 70   237 
66 71   831 
66 72   798 
66 73   631 
66 74    88 
66 75   135 
66 76   859 
66 77   476 
66 78   415 
66 79   117 
66 80    80 
66 81    34 
66 82   118 
66 83    85 
66 84   652 
66 85   812 
66 86   634 
66 87    33 
66 88   995 
66 89   225 
66 90   340 
66 91   316 
66 92   909 
66 93   104 
66 94   325 
66 95   940 
66 96   333 
66 97    38 
66 98   125 
66 99   102 
66 100   588 
67 69   541 
67 70   835 
67 71   153 
67 72   594 
67 73   678 
67 74   646 
67 75   466 
67 76   449 
67 77   920 
67 78   446 
67 79   453 
67 80   732 
67 81   839 
67 82   503 
67 83    10 
67 84   637 
67 85   278 
67 86   696 
67 87   657 
67 88   519 
67 89   430 
67 90   768 
67 91   837 
67 92   412 
67 93   809 
67 94   994 
67 95   433 
67 96     1 
67 97   658 
67 98   662 
67 99   161 
67 100   950 
68 70    67 
68 71   869 
68 72   997 
68 73   763 
68 74   505 
68 75   215 
68 76   603 
68 77   943 
68 78   887 
68 79   953 
68 80   214 
68 81   412 
68 82   948 
68 83   487 
68 84   693 
68 85   205 
68 86   639 
68 87   745 
68 88   899 
68 89   282 
68 90   966 
68 91   423 
68 92   912 
68 93   606 
68 94   645 
68 95   196 
68 96   423 
68 97   899 
68 98   377 
68 99   150 
68 100   830 
69 71   636 
69 72   527 
69 73   413 
69 74   180 
69 75   549 
69 76   900 
69 77   962 
69 78   898 
69 79   527 
69 80   542 
69 81   877 
69 82   855 
69 83   997 
69 84   346 
69 85   929 
69 86   597 
69 87   498 
69 88   484 
69 89   619 
69 90   994 
69 91   781 
69 92   873 
69 93   132 
69 94   305 
69 95    76 
69 96    11 
69 97   196 
69 98   199 
69 99   730 
69 100   585 
70 72   969 
70 73    93 
70 74   766 
70 75   259 
70 76   318 
70 77     3 
70 78   596 
70 79   448 
70 80   945 
70 81   374 
70 82   173 
70 83   322 
70 84   938 
70 85   912 
70 86   435 
70 87   868 
70 88   174 
70 89   219 
70 90   375 
70 91    87 
70 92   247 
70 93   702 
70 94   527 
70 95   953 
70 96   336 
70 97   786 
70 98   525 
70 99   169 
70 100    68 
71 73   353 
71 74   785 
71 75   562 
71 76   808 
71 77   742 
71 78   378 
71 79   217 
71 80   657 
71 81    89 
71 82   540 
71 83   220 
71 84   386 
71 85   179 
71 86   754 
71 87   570 
71 88   502 
71 89   678 
71 90   135 
71 91   845 
71 92   652 
71 93   582 
71 94   663 
71 95   974 
71 96   112 
71 97    75 
71 98   968 
71 99   430 
71 100   438 
72 74   457 
72 75   586 
72 76   623 
72 77   304 
72 78   916 
72 79   764 
72 80   468 
72 81   634 
72 82   425 
72 83   652 
72 84   756 
72 85   720 
72 86   763 
72 87   552 
72 88   401 
72 89   822 
72 90   173 
72 91   192 
72 92   228 
72 93    16 
72 94   469 
72 95    53 
72 96   170 
72 97   143 
72 98   162 
72 99   141 
72 100   828 
73 75   632 
73 76   935 
73 77   132 
73 78   405 
73 79   784 
73 80   810 
73 81   778 
73 82   500 
73 83   430 
73 84   811 
73 85   523 
73 86   737 
73 87   132 
73 88   428 
73 89   940 
73 90   534 
73 91   324 
73 92   761 
73 93   444 
73 94   925 
73 95   800 
73 96     0 
73 97   367 
73 98   844 
73 99   915 
73 100   356 
74 76    25 
74 77   787 
74 78   259 
74 79   338 
74 80   125 
74 81   100 
74 82   632 
74 83   306 
74 84   827 
74 85   620 
74 86   749 
74 87   686 
74 88   892 
74 89   705 
74 90   343 
74 91   282 
74 92   130 
74 93   982 
74 94   603 
74 95   994 
74 96   329 
74 97   352 
74 98    55 
74 99   508 
74 100    38 
75 77   771 
75 78   252 
75 79   538 
75 80   716 
75 81   803 
75 82   691 
75 83   857 
75 84   802 
75 85   258 
75 86    82 
75 87   124 
75 88   837 
75 89   385 
75 90   995 
75 91   225 
75 92    90 
75 93   298 
75 94   477 
75 95   851 
75 96   205 
75 97   787 
75 98   891 
75 99   769 
75 100   634 
76 78   462 
76 79   627 
76 80   905 
76 81   933 
76 82   759 
76 83    83 
76 84   423 
76 85   829 
76 86   304 
76 87    21 
76 88   871 
76 89   155 
76 90   835 
76 91   496 
76 92   607 
76 93   530 
76 94   726 
76 95    68 
76 96   880 
76 97   417 
76 98   897 
76 99   136 
76 100   219 
77 79     3 
77 80   530 
77 81   171 
77 82   681 
77 83   944 
77 84   782 
77 85   524 
77 86   150 
77 87   772 
77 88    76 
77 89    79 
77 90   417 
77 91   738 
77 92   762 
77 93   334 
77 94   304 
77 95    22 
77 96   963 
77 97   651 
77 98   841 
77 99   434 
77 100   993 
78 80   409 
78 81   439 
78 82    53 
78 83   113 
78 84   958 
78 85   448 
78 86   417 
78 87   664 
78 88   852 
78 89   639 
78 90    94 
78 91   571 
78 92   448 
78 93   258 
78 94   828 
78 95   666 
78 96   303 
78 97   766 
78 98    34 
78 99    24 
78 100   445 
79 81   251 
79 82   589 
79 83    67 
79 84   103 
79 85   982 
79 86   942 
79 87   600 
79 88   670 
79 89   436 
79 90   647 
79 91   726 
79 92   417 
79 93   349 
79 94   716 
79 95   103 
79 96   788 
79 97   479 
79 98   722 
79 99   649 
79 100   579 
80 82   743 
80 83    23 
80 84   738 
80 85    29 
80 86   911 
80 87   765 
80 88   772 
80 89   361 
80 90   497 
80 91   884 
80 92   322 
80 93   264 
80 94   165 
80 95    29 
80 96   317 
80 97   848 
80 98   953 
80 99   641 
80 100   349 
81 83   364 
81 84   423 
81 85   185 
81 86   136 
81 87   776 
81 88   762 
81 89   467 
81 90   122 
81 91   283 
81 92   551 
81 93   638 
81 94   672 
81 95    26 
81 96    47 
81 97   112 
81 98   656 
81 99   870 
81 100    38 
82 84   366 
82 85   793 
82 86   486 
82 87   164 
82 88    72 
82 89   498 
82 90   216 
82 91   257 
82 92    19 
82 93   378 
82 94    31 
82 95   455 
82 96   981 
82 97   129 
82 98   568 
82 99   213 
82 100   784 
83 85   484 
83 86   564 
83 87   214 
83 88   389 
83 89   947 
83 90   480 
83 91   886 
83 92   198 
83 93   493 
83 94   435 
83 95   185 
83 96   611 
83 97   317 
83 98   302 
83 99   813 
83 100    15 
84 86   996 
84 87   723 
84 88   616 
84 89   725 
84 90   917 
84 91   838 
84 92    89 
84 93   633 
84 94   256 
84 95   296 
84 96   125 
84 97   702 
84 98   566 
84 99   480 
84 100   667 
85 87   624 
85 88   903 
85 89   341 
85 90   167 
85 91   585 
85 92   860 
85 93   350 
85 94   352 
85 95   972 
85 96   847 
85 97   960 
85 98   163 
85 99   936 
85 100   535 
86 88   740 
86 89   251 
86 90   908 
86 91    39 
86 92   712 
86 93   576 
86 94   739 
86 95   673 
86 96    52 
86 97   611 
86 98   552 
86 99   314 
86 100   709 
87 89   650 
87 90   831 
87 91   272 
87 92   728 
87 93   635 
87 94   224 
87 95   534 
87 96   630 
87 97   101 
87 98   679 
87 99   521 
87 100   278 
88 90   756 
88 91   612 
88 92   512 
88 93   528 
88 94   198 
88 95   702 
88 96    52 
88 97   769 
88 98   330 
88 99   941 
88 100   539 
89 91   698 
89 92   793 
89 93    23 
89 94   323 
89 95   149 
89 96   688 
89 97   702 
89 98   819 
89 99   242 
89 100   342 
90 92   501 
90 93   264 
90 94   646 
90 95   585 
90 96   182 
90 97    51 
90 98   532 
90 99   261 
90 100   998 
91 93   423 
91 94   777 
91 95   536 
91 96   547 
91 97   514 
91 98   426 
91 99   431 
91 100   777 
92 94   743 
92 95    99 
92 96    43 
92 97   304 
92 98   102 
92 99   422 
92 100   890 
93 95   755 
93 96   367 
93 97   203 
93 98   140 
93 99   670 
93 100   465 
94 96   969 
94 97   216 
94 98   157 
94 99   732 
94 100     6 
95 97   984 
95 98   885 
95 99   965 
95 100   572 
96 98   114 
96 99   774 
96 100   575 
97 99   459 
97 100   870 
98 100   256 
0 
0 
0 
0 
0 
0 
0 
0 
0 
0 
0 
0 
0 
0 
0 
0 
0 
0 
0 
0 
0 
0 
0 
0 
0 
0 
0 
0 
0 
0 
0 
0 
0 
0 
0 
0 
0 
0 
0 
0 
0 
0 
0 
0 
0 
0 
0 
0 
0 
0 
0 
0 
0 
0 
0 
0 
0 
0 
0 
0 
0 
0 
0 
0 
0 
0 
0 
0 
0 
0 
0 
0 
0 
0 
0 
0 
0 
0 
0 
0 
0 
0 
0 
0 
0 
0 
0 
0 
0 
0 
0 
0 
0 
0 
0 
0 
0 
0 
0 
0 
  606   284 
  789   294 
  740   519 
  922    80 
  526   136 
  973   341 
  533   577 
  100   111 
  311   440 
  277   802 
  978   776 
  732   358 
  318   387 
  255   333 
  798   844 
  837   579 
  333   455 
  152   931 
  570   171 
  594   709 
   78    31 
  282   503 
  356   556 
  794   338 
   22   282 
  482   701 
  287   232 
  132   644 
  393   613 
  625   402 
  712   424 
  268    34 
   57   325 
  344   803 
  878   930 
  784   565 
  743   747 
  768   333 
  244   406 
  602   907 
  628    58 
  397   139 
   51   764 
  202   470 
  997   797 
  472   202 
  959   419 
  298   959 
  193   561 
  163   944 
  237   301 
  640   473 
  916   671 
  790   938 
  104   242 
  440   218 
   47   558 
   73   545 
  468   561 
  298   243 
  749   540 
  403   613 
  321   402 
  406   809 
  453   328 
  262   202 
  659   341 
  151   183 
  935   562 
   45   510 
  434   165 
   90   486 
  512   425 
  912   219 
  249   130 
  157   729 
  614   788 
  826   515 
  404   837 
  961   489 
  283   983 
  283   429 
  452   859 
  166   505 
  380   233 
  225   264 
  428   819 
  862   737 
  378     3 
  141   297 
  431   312 
  408   269 
  233    14 
  457   449 
  230   698 
  462   449 
  306    28 
  245   816 
   47   328 
  434   904 
