100 2500 
1 51   863 
1 52   566 
2 52    59 
2 53   157 
3 53   671 
3 54   640 
4 54   671 
4 55   369 
5 55   853 
5 56    98 
6 56   851 
6 57   558 
7 57   315 
7 58   390 
8 58   815 
8 59   536 
9 59   209 
9 60   955 
10 60   664 
10 61   241 
11 61   918 
11 62   974 
12 62   318 
12 63    90 
13 63   534 
13 64   338 
14 64   438 
14 65   801 
15 65   102 
15 66   960 
16 66   857 
16 67   867 
17 67    26 
17 68   550 
18 68    18 
18 69   827 
19 69   986 
19 70     3 
20 70   315 
20 71   785 
21 71   176 
21 72    57 
22 72   427 
22 73   622 
23 73   716 
23 74    65 
24 74   560 
24 75   967 
25 75   970 
25 76   593 
26 76   102 
26 77   103 
27 77   767 
27 78   460 
28 78   241 
28 79   398 
29 79   288 
29 80   581 
30 80   279 
30 81   139 
31 81   751 
31 82   634 
32 82   452 
32 83   866 
33 83   568 
33 84   966 
34 84   839 
34 85   178 
35 85   428 
35 86   246 
36 86   426 
36 87   896 
37 87    76 
37 88   219 
38 88   868 
38 89   466 
39 89    10 
39 90   308 
40 90   341 
40 91   873 
41 91   211 
41 92   758 
42 92   127 
42 93   143 
43 93   834 
43 94   738 
44 94   255 
44 95   376 
45 95    61 
45 96   337 
46 96   266 
46 97   696 
47 97   382 
47 98   913 
48 98   798 
48 99   660 
49 99   497 
49 100   637 
50 100   253 
1 53   175 
1 54   500 
1 55   317 
1 56   120 
1 57   882 
1 58   909 
1 59   628 
1 60   104 
1 61   272 
1 62   772 
1 63   778 
1 64   454 
1 65   979 
1 66   943 
1 67   205 
1 68   892 
1 69   213 
1 70   860 
1 71   240 
1 72    23 
1 73   566 
1 74   200 
1 75   522 
1 76   979 
1 77   616 
1 78   269 
1 79   862 
1 80   425 
1 81   293 
1 82    80 
1 83   225 
1 84   619 
1 85   391 
1 86   217 
1 87   279 
1 88   487 
1 89   387 
1 90    66 
1 91   676 
1 92   871 
1 93   390 
1 94   492 
1 95   484 
1 96   762 
1 97   118 
1 98   649 
1 99   559 
1 100   908 
2 51   958 
2 54   832 
2 55   518 
2 56   384 
2 57   501 
2 58   209 
2 59   752 
2 60   253 
2 61   217 
2 62   883 
2 63   296 
2 64   620 
2 65    96 
2 66   756 
2 67   340 
2 68   221 
2 69   718 
2 70   571 
2 71     5 
2 72   666 
2 73   375 
2 74   390 
2 75   523 
2 76   565 
2 77   722 
2 78   376 
2 79     0 
2 80   504 
2 81    68 
2 82   966 
2 83   873 
2 84   823 
2 85   994 
2 86   996 
2 87   829 
2 88    10 
2 89   777 
2 90   601 
2 91   585 
2 92   153 
2 93   800 
2 94   194 
2 95   969 
2 96   654 
2 97   206 
2 98   388 
2 99   341 
2 100   142 
3 51   671 
3 52   386 
3 55   791 
3 56   610 
3 57   758 
3 58   644 
3 59   965 
3 60   133 
3 61   683 
3 62   399 
3 63   225 
3 64   792 
3 65   818 
3 66   782 
3 67   269 
3 68   227 
3 69     6 
3 70   944 
3 71   656 
3 72   243 
3 73   890 
3 74   648 
3 75   702 
3 76   766 
3 77   679 
3 78   587 
3 79   322 
3 80   989 
3 81   667 
3 82   119 
3 83   836 
3 84   244 
3 85    24 
3 86   594 
3 87   928 
3 88   260 
3 89   773 
3 90    69 
3 91   720 
3 92   536 
3 93   413 
3 94    91 
3 95   403 
3 96   850 
3 97   234 
3 98   728 
3 99    44 
3 100   300 
4 51   876 
4 52   263 
4 53   589 
4 56   648 
4 57   232 
4 58   473 
4 59   217 
4 60   521 
4 61    22 
4 62   653 
4 63   219 
4 64   833 
4 65   438 
4 66   122 
4 67   901 
4 68   855 
4 69   694 
4 70   333 
4 71   599 
4 72    51 
4 73   106 
4 74    85 
4 75   529 
4 76   769 
4 77   876 
4 78   691 
4 79   468 
4 80   363 
4 81   516 
4 82    17 
4 83   133 
4 84   160 
4 85   389 
4 86   441 
4 87   499 
4 88   272 
4 89   611 
4 90   176 
4 91   917 
4 92    83 
4 93   596 
4 94    85 
4 95   469 
4 96   812 
4 97   530 
4 98   569 
4 99   418 
4 100   539 
5 51   516 
5 52   737 
5 53   101 
5 54    39 
5 57   690 
5 58   248 
5 59   340 
5 60   281 
5 61   841 
5 62   742 
5 63   423 
5 64   147 
5 65   949 
5 66    32 
5 67   733 
5 68   707 
5 69   706 
5 70   943 
5 71   933 
5 72   481 
5 73   797 
5 74   333 
5 75   373 
5 76   827 
5 77   305 
5 78   730 
5 79   170 
5 80   180 
5 81   134 
5 82   810 
5 83   630 
5 84   688 
5 85   672 
5 86   509 
5 87   968 
5 88   665 
5 89   608 
5 90   754 
5 91   379 
5 92   433 
5 93   128 
5 94    86 
5 95    44 
5 96   745 
5 97   595 
5 98   431 
5 99   555 
5 100   603 
6 51   923 
6 52   919 
6 53   510 
6 54   628 
6 55   457 
6 58   186 
6 59   936 
6 60   159 
6 61   440 
6 62   846 
6 63   365 
6 64   926 
6 65   415 
6 66   608 
6 67   648 
6 68   874 
6 69   515 
6 70   743 
6 71    98 
6 72   306 
6 73   847 
6 74   314 
6 75    70 
6 76    53 
6 77   526 
6 78   799 
6 79   166 
6 80   800 
6 81   925 
6 82   863 
6 83   313 
6 84   286 
6 85   590 
6 86    76 
6 87   244 
6 88   145 
6 89   499 
6 90    67 
6 91   329 
6 92   279 
6 93   159 
6 94   380 
6 95   761 
6 96   956 
6 97   807 
6 98   160 
6 99    84 
6 100   304 
7 51   641 
7 52   765 
7 53   768 
7 54   377 
7 55   959 
7 56   835 
7 59   300 
7 60   161 
7 61   874 
7 62   359 
7 63   909 
7 64   891 
7 65   754 
7 66   908 
7 67   172 
7 68   548 
7 69   663 
7 70   823 
7 71   574 
7 72   667 
7 73   102 
7 74   125 
7 75   973 
7 76   658 
7 77   206 
7 78    13 
7 79    76 
7 80   119 
7 81    56 
7 82   536 
7 83   972 
7 84   864 
7 85   804 
7 86    80 
7 87   470 
7 88   458 
7 89    86 
7 90   786 
7 91   310 
7 92   397 
7 93    70 
7 94   951 
7 95   111 
7 96   946 
7 97   137 
7 98   453 
7 99   655 
7 100   946 
8 51   226 
8 52   408 
8 53   267 
8 54   546 
8 55   992 
8 56   943 
8 57   986 
8 60   493 
8 61   889 
8 62   680 
8 63    85 
8 64    21 
8 65   903 
8 66   746 
8 67   100 
8 68   292 
8 69   156 
8 70   390 
8 71   477 
8 72    85 
8 73   592 
8 74   515 
8 75   897 
8 76   635 
8 77    47 
8 78     6 
8 79   827 
8 80   836 
8 81   309 
8 82   463 
8 83   517 
8 84    41 
8 85   450 
8 86    38 
8 87   966 
8 88   340 
8 89   499 
8 90   518 
8 91   331 
8 92    61 
8 93   746 
8 94    95 
8 95   879 
8 96   686 
8 97   933 
8 98   247 
8 99   125 
8 100   123 
9 51    95 
9 52   513 
9 53    50 
9 54   576 
9 55   681 
9 56   401 
9 57   163 
9 58   519 
9 61   453 
9 62   482 
9 63   285 
9 64   949 
9 65   924 
9 66   889 
9 67   644 
9 68   878 
9 69   989 
9 70   732 
9 71   626 
9 72   321 
9 73    77 
9 74   867 
9 75    65 
9 76   982 
9 77   241 
9 78   605 
9 79   686 
9 80   159 
9 81   433 
9 82   723 
9 83   340 
9 84   137 
9 85   132 
9 86   634 
9 87   640 
9 88   421 
9 89   624 
9 90   416 
9 91   363 
9 92   718 
9 93    82 
9 94   597 
9 95   836 
9 96   209 
9 97   126 
9 98   616 
9 99   249 
9 100   642 
10 51    53 
10 52   886 
10 53   876 
10 54   658 
10 55   271 
10 56    45 
10 57   531 
10 58   705 
10 59   263 
10 62   454 
10 63   312 
10 64   568 
10 65   177 
10 66   904 
10 67   839 
10 68   360 
10 69    97 
10 70   682 
10 71    43 
10 72   103 
10 73   444 
10 74   803 
10 75   466 
10 76   827 
10 77   444 
10 78   396 
10 79   900 
10 80   682 
10 81    77 
10 82   465 
10 83   387 
10 84   691 
10 85   387 
10 86   346 
10 87    97 
10 88   938 
10 89   970 
10 90    46 
10 91   495 
10 92   256 
10 93    66 
10 94   991 
10 95   898 
10 96   261 
10 97   524 
10 98   214 
10 99   837 
10 100    16 
11 51     0 
11 52   227 
11 53   923 
11 54   257 
11 55   699 
11 56   562 
11 57   769 
11 58   669 
11 59    17 
11 60   146 
11 63     2 
11 64   597 
11 65   717 
11 66   359 
11 67   661 
11 68   397 
11 69   564 
11 70   659 
11 71   951 
11 72   655 
11 73   101 
11 74   583 
11 75   146 
11 76   732 
11 77   759 
11 78   661 
11 79   891 
11 80   259 
11 81    30 
11 82   879 
11 83   362 
11 84   709 
11 85   587 
11 86   259 
11 87   389 
11 88   126 
11 89   845 
11 90   917 
11 91   440 
11 92   700 
11 93   748 
11 94   180 
11 95   801 
11 96   998 
11 97   638 
11 98   215 
11 99   548 
11 100    91 
12 51   852 
12 52    21 
12 53   242 
12 54   543 
12 55   481 
12 56   441 
12 57   884 
12 58   678 
12 59   776 
12 60   483 
12 61   746 
12 64   601 
12 65   160 
12 66   137 
12 67   996 
12 68   756 
12 69   652 
12 70   978 
12 71   262 
12 72   311 
12 73   293 
12 74   583 
12 75   922 
12 76   527 
12 77    38 
12 78   111 
12 79    64 
12 80   245 
12 81   481 
12 82   898 
12 83   499 
12 84    30 
12 85   450 
12 86   508 
12 87   846 
12 88   832 
12 89   945 
12 90    10 
12 91   190 
12 92   514 
12 93   772 
12 94   558 
12 95   725 
12 96   901 
12 97   837 
12 98   971 
12 99   507 
12 100   274 
13 51   472 
13 52    90 
13 53   896 
13 54   464 
13 55   606 
13 56   148 
13 57    77 
13 58   691 
13 59   751 
13 60   497 
13 61   648 
13 62   792 
13 65   480 
13 66   380 
13 67   327 
13 68   664 
13 69    94 
13 70   399 
13 71   286 
13 72   929 
13 73   155 
13 74   399 
13 75   615 
13 76   412 
13 77   693 
13 78   716 
13 79   418 
13 80   863 
13 81   365 
13 82   802 
13 83   694 
13 84   501 
13 85   240 
13 86   869 
13 87    78 
13 88   962 
13 89    30 
13 90   104 
13 91   825 
13 92   725 
13 93   531 
13 94    82 
13 95   391 
13 96   543 
13 97    43 
13 98   981 
13 99   477 
13 100   993 
14 51   720 
14 52   184 
14 53   271 
14 54   368 
14 55   771 
14 56   527 
14 57   370 
14 58   774 
14 59   324 
14 60   427 
14 61   709 
14 62   877 
14 63   787 
14 66   815 
14 67   133 
14 68   236 
14 69   775 
14 70   370 
14 71   698 
14 72   810 
14 73   521 
14 74   545 
14 75   420 
14 76   686 
14 77   374 
14 78   986 
14 79    23 
14 80   516 
14 81   863 
14 82    38 
14 83   256 
14 84   511 
14 85   216 
14 86    97 
14 87   246 
14 88   645 
14 89   282 
14 90   404 
14 91   599 
14 92   741 
14 93   447 
14 94   806 
14 95   512 
14 96   907 
14 97   575 
14 98   875 
14 99   329 
14 100   254 
15 51   607 
15 52   535 
15 53   258 
15 54   548 
15 55   427 
15 56   227 
15 57   769 
15 58   666 
15 59   421 
15 60   812 
15 61   137 
15 62   803 
15 63   622 
15 64   946 
15 67   967 
15 68   271 
15 69   649 
15 70   939 
15 71   351 
15 72   421 
15 73   698 
15 74   319 
15 75   619 
15 76   506 
15 77   824 
15 78   319 
15 79    25 
15 80   626 
15 81   857 
15 82    33 
15 83   916 
15 84   832 
15 85    27 
15 86   721 
15 87   475 
15 88   664 
15 89   379 
15 90   145 
15 91   591 
15 92   142 
15 93   960 
15 94   927 
15 95   328 
15 96   778 
15 97   967 
15 98   116 
15 99   183 
15 100   538 
16 51   405 
16 52   174 
16 53   166 
16 54   194 
16 55    78 
16 56   727 
16 57   915 
16 58   647 
16 59   565 
16 60   918 
16 61   576 
16 62   598 
16 63   672 
16 64   547 
16 65   728 
16 68   676 
16 69   263 
16 70    50 
16 71   997 
16 72   198 
16 73   316 
16 74   909 
16 75   408 
16 76   903 
16 77   299 
16 78   722 
16 79   327 
16 80   956 
16 81   889 
16 82   844 
16 83   263 
16 84   493 
16 85   149 
16 86   716 
16 87   478 
16 88   961 
16 89   566 
16 90   371 
16 91   127 
16 92   377 
16 93   900 
16 94   723 
16 95   988 
16 96   431 
16 97   624 
16 98   869 
16 99   960 
16 100   630 
17 51   184 
17 52     3 
17 53   381 
17 54   802 
17 55   316 
17 56   132 
17 57   713 
17 58   257 
17 59   217 
17 60   734 
17 61   576 
17 62   865 
17 63   217 
17 64   625 
17 65   766 
17 66   227 
17 69    34 
17 70   375 
17 71   509 
17 72   555 
17 73   340 
17 74   147 
17 75   999 
17 76   606 
17 77   267 
17 78   577 
17 79   971 
17 80   387 
17 81    48 
17 82   830 
17 83   689 
17 84   512 
17 85   637 
17 86   567 
17 87   216 
17 88    73 
17 89   809 
17 90   462 
17 91   233 
17 92   996 
17 93   128 
17 94    41 
17 95   740 
17 96   421 
17 97   846 
17 98   439 
17 99   179 
17 100   805 
18 51   897 
18 52   759 
18 53   969 
18 54     6 
18 55   367 
18 56   170 
18 57    27 
18 58   481 
18 59   766 
18 60   783 
18 61   265 
18 62   978 
18 63   464 
18 64   117 
18 65    75 
18 66   915 
18 67    56 
18 70   231 
18 71   936 
18 72   758 
18 73   982 
18 74   239 
18 75    66 
18 76   140 
18 77   505 
18 78   996 
18 79   328 
18 80   907 
18 81   593 
18 82   579 
18 83   809 
18 84   954 
18 85   415 
18 86   640 
18 87   792 
18 88   656 
18 89   909 
18 90   934 
18 91   868 
18 92   873 
18 93   661 
18 94   870 
18 95   942 
18 96     3 
18 97   990 
18 98   409 
18 99    37 
18 100   548 
19 51    67 
19 52   768 
19 53     5 
19 54   619 
19 55   985 
19 56   508 
19 57   470 
19 58    41 
19 59   576 
19 60   891 
19 61   289 
19 62   989 
19 63    10 
19 64   940 
19 65   160 
19 66    59 
19 67   196 
19 68   566 
19 71   304 
19 72   596 
19 73   628 
19 74   879 
19 75   163 
19 76    74 
19 77   718 
19 78   185 
19 79   217 
19 80   294 
19 81   772 
19 82    13 
19 83   534 
19 84   247 
19 85    47 
19 86   296 
19 87   156 
19 88   824 
19 89     8 
19 90   217 
19 91   292 
19 92   880 
19 93   353 
19 94   346 
19 95   360 
19 96    80 
19 97   645 
19 98   475 
19 99   782 
19 100   317 
20 51   775 
20 52   397 
20 53   755 
20 54   655 
20 55   903 
20 56   234 
20 57   594 
20 58   981 
20 59   397 
20 60   944 
20 61   570 
20 62   920 
20 63   732 
20 64   830 
20 65   395 
20 66   286 
20 67   870 
20 68   577 
20 69   158 
20 72   627 
20 73   376 
20 74   483 
20 75   667 
20 76   776 
20 77    31 
20 78    81 
20 79   451 
20 80     7 
20 81   999 
20 82    75 
20 83   835 
20 84    50 
20 85   876 
20 86   895 
20 87   927 
20 88   621 
20 89   587 
20 90   459 
20 91   973 
20 92   796 
20 93   981 
20 94   490 
20 95   280 
20 96   748 
20 97   584 
20 98   133 
20 99   816 
20 100   312 
21 51   550 
21 52   702 
21 53   951 
21 54   251 
21 55     5 
21 56   406 
21 57   919 
21 58   351 
21 59   658 
21 60    51 
21 61   404 
21 62   127 
21 63   265 
21 64    98 
21 65   433 
21 66   483 
21 67    22 
21 68   186 
21 69   741 
21 70   543 
21 73    62 
21 74   424 
21 75   580 
21 76    78 
21 77   881 
21 78   291 
21 79   274 
21 80   684 
21 81   561 
21 82   887 
21 83   810 
21 84   387 
21 85   814 
21 86   608 
21 87   333 
21 88   281 
21 89   808 
21 90   497 
21 91   244 
21 92   876 
21 93   561 
21 94   278 
21 95   116 
21 96   757 
21 97   243 
21 98   197 
21 99   208 
21 100    71 
22 51   870 
22 52   920 
22 53   686 
22 54   995 
22 55   660 
22 56   969 
22 57   458 
22 58   789 
22 59   157 
22 60   698 
22 61   958 
22 62   658 
22 63   875 
22 64   201 
22 65    20 
22 66   365 
22 67   162 
22 68   954 
22 69   335 
22 70    56 
22 71   810 
22 74   951 
22 75   776 
22 76   866 
22 77   513 
22 78   959 
22 79    49 
22 80   386 
22 81    72 
22 82    11 
22 83   326 
22 84   330 
22 85   412 
22 86   994 
22 87   872 
22 88   752 
22 89   366 
22 90   151 
22 91   338 
22 92   960 
22 93   768 
22 94    90 
22 95    31 
22 96   694 
22 97   861 
22 98   395 
22 99   226 
22 100   607 
23 51   688 
23 52   406 
23 53   816 
23 54   686 
23 55   354 
23 56   185 
23 57    41 
23 58   604 
23 59   641 
23 60    67 
23 61   680 
23 62   194 
23 63   319 
23 64   802 
23 65   465 
23 66   255 
23 67   374 
23 68   718 
23 69   823 
23 70    31 
23 71   323 
23 72   230 
23 75    80 
23 76   825 
23 77    87 
23 78    21 
23 79    22 
23 80   420 
23 81   728 
23 82   258 
23 83   846 
23 84   299 
23 85   595 
23 86   800 
23 87   167 
23 88   686 
23 89    60 
23 90   205 
23 91   859 
23 92   780 
23 93    52 
23 94   267 
23 95   461 
23 96   385 
23 97   284 
23 98   435 
23 99   156 
23 100   471 
24 51   711 
24 52   291 
24 53   414 
24 54   719 
24 55   502 
24 56   886 
24 57    20 
24 58   493 
24 59   459 
24 60   982 
24 61   746 
24 62    33 
24 63   699 
24 64   113 
24 65   253 
24 66   101 
24 67   844 
24 68   851 
24 69   848 
24 70   711 
24 71   502 
24 72   204 
24 73   486 
24 76   768 
24 77   698 
24 78   823 
24 79   330 
24 80   766 
24 81    80 
24 82   300 
24 83   242 
24 84   839 
24 85   733 
24 86   319 
24 87   792 
24 88   117 
24 89   426 
24 90   927 
24 91   547 
24 92   466 
24 93   469 
24 94   333 
24 95   412 
24 96   694 
24 97   457 
24 98   804 
24 99   757 
24 100   730 
25 51   552 
25 52   853 
25 53   498 
25 54   539 
25 55   571 
25 56   596 
25 57   178 
25 58   482 
25 59    31 
25 60   890 
25 61   753 
25 62   399 
25 63   684 
25 64   558 
25 65   156 
25 66   178 
25 67    61 
25 68   863 
25 69   517 
25 70   209 
25 71    85 
25 72   944 
25 73   144 
25 74   185 
25 77   532 
25 78   314 
25 79   678 
25 80   358 
25 81   833 
25 82   929 
25 83   895 
25 84   318 
25 85   293 
25 86   948 
25 87   903 
25 88   476 
25 89   103 
25 90   578 
25 91   619 
25 92   459 
25 93   924 
25 94   748 
25 95   589 
25 96   774 
25 97   965 
25 98   340 
25 99   935 
25 100   820 
26 51   229 
26 52   989 
26 53   327 
26 54   881 
26 55   496 
26 56   685 
26 57   558 
26 58   285 
26 59   510 
26 60   836 
26 61   589 
26 62   119 
26 63   870 
26 64   259 
26 65   152 
26 66   691 
26 67   121 
26 68   668 
26 69    95 
26 70   188 
26 71   950 
26 72   536 
26 73   188 
26 74   182 
26 75   431 
26 78   669 
26 79   357 
26 80   729 
26 81   698 
26 82   164 
26 83   938 
26 84    13 
26 85   407 
26 86   993 
26 87    19 
26 88   457 
26 89   991 
26 90   780 
26 91   120 
26 92     3 
26 93    87 
26 94   528 
26 95   537 
26 96   397 
26 97   876 
26 98   185 
26 99   833 
26 100   981 
27 51   518 
27 52   645 
27 53   359 
27 54   886 
27 55   570 
27 56   371 
27 57   426 
27 58   815 
27 59   921 
27 60   369 
27 61    25 
27 62   727 
27 63   460 
27 64   139 
27 65    86 
27 66    33 
27 67   969 
27 68   598 
27 69    23 
27 70   824 
27 71   577 
27 72   559 
27 73   525 
27 74   823 
27 75   873 
27 76   374 
27 79   546 
27 80   483 
27 81   107 
27 82   859 
27 83   675 
27 84   243 
27 85   297 
27 86   368 
27 87   493 
27 88    29 
27 89   170 
27 90   505 
27 91   291 
27 92   875 
27 93   824 
27 94   252 
27 95   356 
27 96   651 
27 97   424 
27 98     0 
27 99   235 
27 100   395 
28 51   147 
28 52   359 
28 53   339 
28 54   283 
28 55   909 
28 56   885 
28 57    54 
28 58   224 
28 59   580 
28 60    78 
28 61   399 
28 62   351 
28 63   233 
28 64    16 
28 65   541 
28 66   635 
28 67   932 
28 68   191 
28 69    45 
28 70   652 
28 71   479 
28 72    87 
28 73   906 
28 74   377 
28 75   359 
28 76   651 
28 77   290 
28 80   409 
28 81   582 
28 82   216 
28 83   477 
28 84   216 
28 85   162 
28 86   123 
28 87   221 
28 88   292 
28 89   695 
28 90   360 
28 91   404 
28 92   480 
28 93   749 
28 94   926 
28 95   601 
28 96   973 
28 97   701 
28 98   872 
28 99   176 
28 100   597 
29 51   723 
29 52   578 
29 53   436 
29 54    88 
29 55   251 
29 56   485 
29 57   932 
29 58   699 
29 59   869 
29 60   834 
29 61   579 
29 62   219 
29 63   696 
29 64   129 
29 65   629 
29 66   846 
29 67   411 
29 68   812 
29 69   348 
29 70   863 
29 71   658 
29 72   654 
29 73   541 
29 74   739 
29 75   470 
29 76   569 
29 77    26 
29 78   862 
29 81   240 
29 82   540 
29 83   285 
29 84   697 
29 85   700 
29 86   353 
29 87   641 
29 88   460 
29 89   685 
29 90   259 
29 91   392 
29 92   215 
29 93   269 
29 94   892 
29 95   519 
29 96    76 
29 97   928 
29 98   640 
29 99   498 
29 100   628 
30 51   429 
30 52   794 
30 53   745 
30 54   767 
30 55   280 
30 56    84 
30 57   229 
30 58   154 
30 59   493 
30 60   584 
30 61    43 
30 62   992 
30 63   928 
30 64   389 
30 65   444 
30 66   137 
30 67   201 
30 68   159 
30 69   209 
30 70    17 
30 71   280 
30 72    29 
30 73   466 
30 74   763 
30 75   672 
30 76   877 
30 77    88 
30 78    31 
30 79   238 
30 82   795 
30 83   634 
30 84   303 
30 85   469 
30 86   891 
30 87   709 
30 88   743 
30 89   771 
30 90   483 
30 91   105 
30 92   231 
30 93   814 
30 94   543 
30 95   230 
30 96   518 
30 97   149 
30 98   909 
30 99   674 
30 100   166 
31 51    43 
31 52   280 
31 53   785 
31 54   309 
31 55   988 
31 56   455 
31 57   776 
31 58    58 
31 59   354 
31 60   151 
31 61   370 
31 62   780 
31 63   472 
31 64   862 
31 65   187 
31 66   298 
31 67   379 
31 68   666 
31 69   781 
31 70    65 
31 71    59 
31 72   825 
31 73   532 
31 74   352 
31 75   243 
31 76   505 
31 77   322 
31 78    97 
31 79   789 
31 80   416 
31 83   794 
31 84   390 
31 85   283 
31 86   483 
31 87    56 
31 88   624 
31 89    57 
31 90   567 
31 91   731 
31 92   302 
31 93   789 
31 94   672 
31 95   832 
31 96    98 
31 97   976 
31 98   504 
31 99   376 
31 100   768 
32 51   763 
32 52    29 
32 53   336 
32 54    33 
32 55   529 
32 56   613 
32 57   353 
32 58   856 
32 59   120 
32 60   566 
32 61   695 
32 62   500 
32 63   973 
32 64   407 
32 65   458 
32 66    65 
32 67   478 
32 68   245 
32 69   384 
32 70   915 
32 71   175 
32 72   512 
32 73   348 
32 74   429 
32 75   840 
32 76   919 
32 77   945 
32 78   811 
32 79   219 
32 80   894 
32 81   945 
32 84   992 
32 85   536 
32 86   740 
32 87    89 
32 88   491 
32 89   264 
32 90   629 
32 91   965 
32 92   560 
32 93   264 
32 94   211 
32 95    86 
32 96   451 
32 97   936 
32 98   904 
32 99    78 
32 100   943 
33 51   878 
33 52   701 
33 53   839 
33 54   381 
33 55   509 
33 56   990 
33 57   663 
33 58   118 
33 59   964 
33 60   804 
33 61   563 
33 62   922 
33 63   971 
33 64   587 
33 65    29 
33 66   903 
33 67   314 
33 68   736 
33 69    71 
33 70   930 
33 71   390 
33 72   349 
33 73   534 
33 74   947 
33 75   825 
33 76   602 
33 77   472 
33 78   855 
33 79   437 
33 80   735 
33 81   559 
33 82   238 
33 85   787 
33 86   540 
33 87   435 
33 88   721 
33 89   474 
33 90   800 
33 91   791 
33 92   968 
33 93   285 
33 94   731 
33 95    94 
33 96   586 
33 97   872 
33 98   666 
33 99   708 
33 100   532 
34 51   150 
34 52   646 
34 53   107 
34 54    16 
34 55   115 
34 56   761 
34 57   573 
34 58   500 
34 59   905 
34 60   690 
34 61    94 
34 62   326 
34 63   343 
34 64   183 
34 65   657 
34 66   585 
34 67   243 
34 68   852 
34 69   256 
34 70   701 
34 71    67 
34 72   178 
34 73   248 
34 74   505 
34 75   278 
34 76   464 
34 77   563 
34 78   429 
34 79   669 
34 80   960 
34 81   415 
34 82    52 
34 83   432 
34 86   350 
34 87   580 
34 88   114 
34 89   395 
34 90    66 
34 91   615 
34 92    36 
34 93   377 
34 94   171 
34 95   195 
34 96   494 
34 97   724 
34 98   203 
34 99   723 
34 100   699 
35 51   699 
35 52   375 
35 53   778 
35 54   924 
35 55   720 
35 56     3 
35 57   888 
35 58   807 
35 59   638 
35 60    38 
35 61   196 
35 62    81 
35 63   451 
35 64   969 
35 65   237 
35 66   776 
35 67   609 
35 68   999 
35 69   578 
35 70   918 
35 71   536 
35 72   611 
35 73   742 
35 74   874 
35 75     7 
35 76    81 
35 77   522 
35 78   169 
35 79   442 
35 80   326 
35 81   124 
35 82   838 
35 83   665 
35 84   646 
35 87   105 
35 88   281 
35 89   182 
35 90   880 
35 91   266 
35 92   450 
35 93   283 
35 94    44 
35 95   964 
35 96    86 
35 97   258 
35 98   974 
35 99   206 
35 100   745 
36 51   569 
36 52   835 
36 53   455 
36 54    96 
36 55   833 
36 56   597 
36 57   851 
36 58   428 
36 59   916 
36 60   964 
36 61   380 
36 62   714 
36 63   266 
36 64   498 
36 65   622 
36 66   932 
36 67   429 
36 68   115 
36 69    81 
36 70   984 
36 71   480 
36 72     2 
36 73   681 
36 74   397 
36 75    85 
36 76   836 
36 77   846 
36 78   814 
36 79   833 
36 80   184 
36 81    93 
36 82   175 
36 83   978 
36 84   355 
36 85   756 
36 88    35 
36 89   349 
36 90   421 
36 91    61 
36 92   994 
36 93   734 
36 94   413 
36 95   493 
36 96   763 
36 97    43 
36 98   499 
36 99    35 
36 100   666 
37 51   386 
37 52   725 
37 53    88 
37 54   582 
37 55   739 
37 56   879 
37 57   624 
37 58   450 
37 59   706 
37 60   958 
37 61   725 
37 62   308 
37 63   536 
37 64     7 
37 65   445 
37 66   789 
37 67   142 
37 68   303 
37 69   566 
37 70   547 
37 71   737 
37 72   306 
37 73   134 
37 74   449 
37 75   226 
37 76   726 
37 77    37 
37 78   433 
37 79    99 
37 80   598 
37 81   166 
37 82   731 
37 83   800 
37 84   981 
37 85   966 
37 86   402 
37 89   752 
37 90   890 
37 91     5 
37 92   447 
37 93    27 
37 94   500 
37 95   772 
37 96   996 
37 97   962 
37 98    50 
37 99   825 
37 100    45 
38 51   768 
38 52   715 
38 53   157 
38 54   395 
38 55   620 
38 56   519 
38 57   286 
38 58   338 
38 59   946 
38 60   821 
38 61   621 
38 62   206 
38 63    92 
38 64   883 
38 65    67 
38 66   929 
38 67   614 
38 68   832 
38 69   185 
38 70   898 
38 71   806 
38 72   691 
38 73   367 
38 74   949 
38 75   986 
38 76   657 
38 77   707 
38 78   719 
38 79   301 
38 80   303 
38 81   905 
38 82   558 
38 83   513 
38 84   655 
38 85   981 
38 86   193 
38 87   256 
38 90   988 
38 91    87 
38 92   941 
38 93   244 
38 94   538 
38 95   907 
38 96   480 
38 97   973 
38 98   907 
38 99   677 
38 100   876 
39 51   856 
39 52   853 
39 53   341 
39 54   917 
39 55   590 
39 56   845 
39 57   773 
39 58   207 
39 59    61 
39 60    52 
39 61   181 
39 62   948 
39 63   956 
39 64   384 
39 65   392 
39 66   157 
39 67   561 
39 68   829 
39 69   982 
39 70   105 
39 71   837 
39 72   412 
39 73   278 
39 74   871 
39 75   910 
39 76   349 
39 77   262 
39 78   391 
39 79    15 
39 80   436 
39 81   231 
39 82   327 
39 83   462 
39 84   601 
39 85   887 
39 86   969 
39 87   368 
39 88   961 
39 91   759 
39 92   554 
39 93    99 
39 94   564 
39 95   540 
39 96   109 
39 97   743 
39 98    58 
39 99   490 
39 100   721 
40 51   969 
40 52   863 
40 53   408 
40 54   342 
40 55   777 
40 56   869 
40 57   355 
40 58   388 
40 59   158 
40 60   790 
40 61   465 
40 62   876 
40 63   357 
40 64   104 
40 65   206 
40 66   150 
40 67   496 
40 68    54 
40 69    85 
40 70   627 
40 71   744 
40 72     2 
40 73   843 
40 74   784 
40 75   295 
40 76   770 
40 77   125 
40 78   209 
40 79   901 
40 80    48 
40 81   939 
40 82     9 
40 83   603 
40 84   712 
40 85   156 
40 86   969 
40 87   642 
40 88   562 
40 89   178 
40 92   532 
40 93   829 
40 94   446 
40 95   830 
40 96   658 
40 97   916 
40 98   396 
40 99   843 
40 100   144 
41 51   176 
41 52   875 
41 53   368 
41 54   458 
41 55   916 
41 56   252 
41 57   814 
41 58   296 
41 59   424 
41 60   637 
41 61   985 
41 62   906 
41 63   198 
41 64   626 
41 65   788 
41 66   403 
41 67   616 
41 68   517 
41 69   285 
41 70   513 
41 71   819 
41 72    23 
41 73   135 
41 74   361 
41 75   446 
41 76   716 
41 77   198 
41 78   675 
41 79   388 
41 80   551 
41 81   525 
41 82    24 
41 83    17 
41 84    21 
41 85   992 
41 86   549 
41 87   762 
41 88   267 
41 89   322 
41 90   538 
41 93   532 
41 94   297 
41 95    30 
41 96   874 
41 97   505 
41 98   214 
41 99   656 
41 100   924 
42 51   699 
42 52   352 
42 53   160 
42 54   247 
42 55    56 
42 56   437 
42 57   971 
42 58    37 
42 59   434 
42 60   589 
42 61   673 
42 62   294 
42 63   415 
42 64   803 
42 65   462 
42 66   486 
42 67   895 
42 68    62 
42 69   361 
42 70   380 
42 71   629 
42 72   747 
42 73   716 
42 74    87 
42 75   767 
42 76    44 
42 77   806 
42 78   758 
42 79   232 
42 80   752 
42 81   488 
42 82   652 
42 83   961 
42 84   206 
42 85   122 
42 86   948 
42 87   898 
42 88    85 
42 89   266 
42 90   316 
42 91   915 
42 94    89 
42 95   324 
42 96   488 
42 97    73 
42 98   691 
42 99   435 
42 100   847 
43 51   304 
43 52   794 
43 53   972 
43 54   992 
43 55   100 
43 56   380 
43 57   470 
43 58   590 
43 59   376 
43 60   875 
43 61   744 
43 62   740 
43 63   477 
43 64   669 
43 65   569 
43 66   914 
43 67   700 
43 68   666 
43 69   464 
43 70   891 
43 71   625 
43 72   754 
43 73   841 
43 74   356 
43 75   451 
43 76   178 
43 77   569 
43 78   963 
43 79   442 
43 80   516 
43 81   551 
43 82   445 
43 83   167 
43 84   274 
43 85   952 
43 86   241 
43 87   467 
43 88   660 
43 89   199 
43 90   250 
43 91   195 
43 92   977 
43 95    73 
43 96   762 
43 97   998 
43 98   469 
43 99   727 
43 100   712 
44 51   884 
44 52   460 
44 53   489 
44 54   332 
44 55   910 
44 56   220 
44 57   215 
44 58   555 
44 59    52 
44 60   322 
44 61   929 
44 62   565 
44 63   143 
44 64   585 
44 65   831 
44 66   617 
44 67   569 
44 68   774 
44 69   898 
44 70   232 
44 71   610 
44 72   217 
44 73   134 
44 74   796 
44 75   812 
44 76   128 
44 77   576 
44 78   776 
44 79   448 
44 80    33 
44 81   627 
44 82   959 
44 83   417 
44 84   916 
44 85   547 
44 86   547 
44 87   910 
44 88    23 
44 89   640 
44 90   985 
44 91    51 
44 92   248 
44 93   992 
44 96   376 
44 97   631 
44 98   996 
44 99   515 
44 100     7 
45 51   202 
45 52   897 
45 53   456 
45 54   103 
45 55   322 
45 56   882 
45 57   433 
45 58   146 
45 59   225 
45 60    96 
45 61   121 
45 62   852 
45 63    21 
45 64   192 
45 65   549 
45 66   893 
45 67   945 
45 68   561 
45 69   203 
45 70   338 
45 71   225 
45 72   801 
45 73   137 
45 74    77 
45 75   114 
45 76   210 
45 77   543 
45 78   109 
45 79   319 
45 80   290 
45 81   800 
45 82   469 
45 83   145 
45 84   331 
45 85    56 
45 86    13 
45 87   240 
45 88   262 
45 89   749 
45 90   327 
45 91   432 
45 92   888 
45 93   700 
45 94   177 
45 97   825 
45 98    44 
45 99   235 
45 100   813 
46 51   668 
46 52   117 
46 53   859 
46 54   553 
46 55   551 
46 56   198 
46 57   689 
46 58   300 
46 59   984 
46 60   653 
46 61   613 
46 62    46 
46 63   514 
46 64   620 
46 65   426 
46 66   147 
46 67   903 
46 68   319 
46 69    96 
46 70   701 
46 71    68 
46 72   461 
46 73   226 
46 74   176 
46 75   566 
46 76   470 
46 77   200 
46 78   799 
46 79   914 
46 80   350 
46 81   117 
46 82   178 
46 83   312 
46 84   665 
46 85   797 
46 86    47 
46 87   975 
46 88    46 
46 89   353 
46 90   617 
46 91   506 
46 92   730 
46 93   823 
46 94   406 
46 95   443 
46 98    33 
46 99   267 
46 100   517 
47 51   662 
47 52   842 
47 53   360 
47 54    46 
47 55   785 
47 56    22 
47 57   911 
47 58   938 
47 59   856 
47 60   201 
47 61   678 
47 62   159 
47 63   820 
47 64   210 
47 65   117 
47 66     3 
47 67   945 
47 68   376 
47 69   983 
47 70   241 
47 71   836 
47 72    57 
47 73   192 
47 74   916 
47 75   401 
47 76   852 
47 77   181 
47 78    32 
47 79   605 
47 80   107 
47 81   795 
47 82    76 
47 83   988 
47 84   595 
47 85   203 
47 86   369 
47 87   917 
47 88   527 
47 89   943 
47 90   313 
47 91   527 
47 92   656 
47 93   171 
47 94    54 
47 95   297 
47 96    55 
47 99   113 
47 100   335 
48 51   134 
48 52   360 
48 53   891 
48 54   826 
48 55   703 
48 56    65 
48 57   625 
48 58   129 
48 59    98 
48 60   417 
48 61   190 
48 62   229 
48 63   492 
48 64   269 
48 65   802 
48 66   166 
48 67   537 
48 68   630 
48 69   832 
48 70   369 
48 71   826 
48 72   301 
48 73   212 
48 74   581 
48 75    54 
48 76   128 
48 77   262 
48 78   258 
48 79   560 
48 80   723 
48 81   894 
48 82   375 
48 83   405 
48 84   936 
48 85   964 
48 86   805 
48 87   764 
48 88   699 
48 89   931 
48 90   746 
48 91   220 
48 92   108 
48 93   603 
48 94   853 
48 95    32 
48 96   966 
48 97     0 
48 100   488 
49 51   419 
49 52   312 
49 53   293 
49 54   172 
49 55   236 
49 56   668 
49 57   352 
49 58   816 
49 59   670 
49 60   453 
49 61   116 
49 62   721 
49 63   105 
49 64   780 
49 65   649 
49 66     5 
49 67   223 
49 68   372 
49 69   485 
49 70   334 
49 71   592 
49 72   843 
49 73   459 
49 74   712 
49 75   944 
49 76   861 
49 77   659 
49 78   389 
49 79   595 
49 80   602 
49 81   579 
49 82   206 
49 83   291 
49 84   135 
49 85   410 
49 86   996 
49 87   598 
49 88   931 
49 89   532 
49 90   395 
49 91   658 
49 92   303 
49 93   185 
49 94   621 
49 95   638 
49 96   127 
49 97   705 
49 98   176 
50 51   656 
50 52   771 
50 53   695 
50 54   428 
50 55   459 
50 56   728 
50 57   543 
50 58   875 
50 59   460 
50 60   351 
50 61   442 
50 62    44 
50 63   149 
50 64   741 
50 65   520 
50 66   149 
50 67   826 
50 68   335 
50 69   342 
50 70   863 
50 71   527 
50 72   178 
50 73   927 
50 74   576 
50 75   120 
50 76    89 
50 77   421 
50 78   986 
50 79   883 
50 80    25 
50 81   360 
50 82   547 
50 83   633 
50 84   422 
50 85   401 
50 86   459 
50 87   261 
50 88   621 
50 89   256 
50 90   881 
50 91   508 
50 92   408 
50 93   274 
50 94   532 
50 95   991 
50 96   860 
50 97   265 
50 98   872 
50 99   113 
0 
0 
0 
0 
0 
0 
0 
0 
0 
0 
0 
0 
0 
0 
0 
0 
0 
0 
0 
0 
0 
0 
0 
0 
0 
0 
0 
0 
0 
0 
0 
0 
0 
0 
0 
0 
0 
0 
0 
0 
0 
0 
0 
0 
0 
0 
0 
0 
0 
0 
0 
0 
0 
0 
0 
0 
0 
0 
0 
0 
0 
0 
0 
0 
0 
0 
0 
0 
0 
0 
0 
0 
0 
0 
0 
0 
0 
0 
0 
0 
0 
0 
0 
0 
0 
0 
0 
0 
0 
0 
0 
0 
0 
0 
0 
0 
0 
0 
0 
0 
  606   284 
  789   294 
  740   519 
  922    80 
  526   136 
  973   341 
  533   577 
  100   111 
  311   440 
  277   802 
  978   776 
  732   358 
  318   387 
  255   333 
  798   844 
  837   579 
  333   455 
  152   931 
  570   171 
  594   709 
   78    31 
  282   503 
  356   556 
  794   338 
   22   282 
  482   701 
  287   232 
  132   644 
  393   613 
  625   402 
  712   424 
  268    34 
   57   325 
  344   803 
  878   930 
  784   565 
  743   747 
  768   333 
  244   406 
  602   907 
  628    58 
  397   139 
   51   764 
  202   470 
  997   797 
  472   202 
  959   419 
  298   959 
  193   561 
  163   944 
  237   301 
  640   473 
  916   671 
  790   938 
  104   242 
  440   218 
   47   558 
   73   545 
  468   561 
  298   243 
  749   540 
  403   613 
  321   402 
  406   809 
  453   328 
  262   202 
  659   341 
  151   183 
  935   562 
   45   510 
  434   165 
   90   486 
  512   425 
  912   219 
  249   130 
  157   729 
  614   788 
  826   515 
  404   837 
  961   489 
  283   983 
  283   429 
  452   859 
  166   505 
  380   233 
  225   264 
  428   819 
  862   737 
  378     3 
  141   297 
  431   312 
  408   269 
  233    14 
  457   449 
  230   698 
  462   449 
  306    28 
  245   816 
   47   328 
  434   904 
100 4950 
1 2   653 
2 3   455 
3 4   810 
4 5   991 
5 6   638 
6 7   156 
7 8   873 
8 9   282 
9 10   560 
10 11   168 
11 12   505 
12 13   320 
13 14   731 
14 15   948 
15 16   712 
16 17   935 
17 18   630 
18 19   270 
19 20   889 
20 21    36 
21 22   181 
22 23   226 
23 24   859 
24 25   796 
25 26   756 
26 27   303 
27 28   363 
28 29   820 
29 30   902 
30 31   253 
31 32   259 
32 33   463 
33 34   309 
34 35   538 
35 36   373 
36 37   846 
37 38   652 
38 39   910 
39 40   143 
40 41   718 
41 42   302 
42 43    51 
43 44   307 
44 45   220 
45 46    77 
46 47   227 
47 48    91 
48 49   512 
49 50   263 
50 51   114 
51 52   613 
52 53   837 
53 54   552 
54 55   644 
55 56    89 
56 57   896 
57 58   380 
58 59   679 
59 60   836 
60 61   736 
61 62   773 
62 63   855 
63 64   109 
64 65   245 
65 66   822 
66 67   554 
67 68   198 
68 69   942 
69 70    13 
70 71   831 
71 72   274 
72 73   704 
73 74   604 
74 75   780 
75 76   584 
76 77    34 
77 78   215 
78 79   171 
79 80   429 
80 81   983 
81 82   929 
82 83     3 
83 84   140 
84 85   315 
85 86   879 
86 87   125 
87 88   748 
88 89   991 
89 90   635 
90 91   616 
91 92   481 
92 93   898 
93 94   459 
94 95    13 
95 96   721 
96 97   412 
97 98   697 
98 99    83 
99 100   346 
1 3   157 
1 4   225 
1 5   534 
1 6   519 
1 7   433 
1 8   793 
1 9   975 
1 10   314 
1 11   421 
1 12   649 
1 13   753 
1 14   471 
1 15   939 
1 16   933 
1 17   695 
1 18   352 
1 19   368 
1 20   544 
1 21   648 
1 22   506 
1 23   713 
1 24   571 
1 25   224 
1 26   711 
1 27   759 
1 28   925 
1 29   927 
1 30   294 
1 31   909 
1 32   877 
1 33    30 
1 34   213 
1 35   222 
1 36    16 
1 37   329 
1 38    99 
1 39   239 
1 40   767 
1 41   618 
1 42   395 
1 43   850 
1 44   150 
1 45   418 
1 46   315 
1 47   104 
1 48   365 
1 49   393 
1 50   688 
1 51   381 
1 52   393 
1 53   928 
1 54   568 
1 55   941 
1 56    61 
1 57   278 
1 58    54 
1 59   820 
1 60   548 
1 61   366 
1 62   656 
1 63   600 
1 64   463 
1 65   288 
1 66   525 
1 67   322 
1 68   760 
1 69   650 
1 70   371 
1 71    54 
1 72   333 
1 73   982 
1 74   337 
1 75   903 
1 76    75 
1 77   604 
1 78   947 
1 79    15 
1 80   135 
1 81   625 
1 82   329 
1 83   611 
1 84   573 
1 85   704 
1 86   686 
1 87     7 
1 88   294 
1 89   172 
1 90   245 
1 91   106 
1 92   608 
1 93   466 
1 94   931 
1 95   177 
1 96   845 
1 97    70 
1 98   827 
1 99   856 
1 100   588 
2 4   514 
2 5   570 
2 6   434 
2 7   962 
2 8   989 
2 9   140 
2 10   681 
2 11   772 
2 12   289 
2 13   130 
2 14   181 
2 15   668 
2 16   677 
2 17   381 
2 18   831 
2 19   827 
2 20   623 
2 21    88 
2 22   613 
2 23   206 
2 24   282 
2 25   961 
2 26    33 
2 27   810 
2 28   641 
2 29   431 
2 30   990 
2 31   983 
2 32   154 
2 33   635 
2 34   421 
2 35   262 
2 36   879 
2 37   802 
2 38   844 
2 39   150 
2 40   345 
2 41   640 
2 42   562 
2 43   846 
2 44   761 
2 45   881 
2 46    48 
2 47   126 
2 48   147 
2 49    32 
2 50   990 
2 51   970 
2 52   144 
2 53   259 
2 54   237 
2 55   697 
2 56   885 
2 57    76 
2 58   765 
2 59   181 
2 60   544 
2 61   301 
2 62   970 
2 63    41 
2 64   815 
2 65   365 
2 66   128 
2 67   523 
2 68   200 
2 69   476 
2 70   808 
2 71   848 
2 72   805 
2 73   999 
2 74   937 
2 75   112 
2 76   684 
2 77   217 
2 78   540 
2 79    81 
2 80   877 
2 81   807 
2 82   327 
2 83   523 
2 84   269 
2 85   497 
2 86   350 
2 87   781 
2 88   655 
2 89   476 
2 90   628 
2 91   135 
2 92   834 
2 93   733 
2 94   361 
2 95   842 
2 96   365 
2 97   354 
2 98   298 
2 99   884 
2 100   734 
3 5    78 
3 6   716 
3 7   233 
3 8   942 
3 9   302 
3 10   173 
3 11   704 
3 12   432 
3 13   460 
3 14   374 
3 15   527 
3 16   986 
3 17    67 
3 18   983 
3 19   418 
3 20    96 
3 21   190 
3 22   820 
3 23   595 
3 24   722 
3 25    37 
3 26   450 
3 27   613 
3 28   390 
3 29   492 
3 30   280 
3 31   918 
3 32   894 
3 33    84 
3 34   432 
3 35   812 
3 36    35 
3 37   894 
3 38   679 
3 39   426 
3 40   580 
3 41   230 
3 42   190 
3 43   388 
3 44    72 
3 45   201 
3 46   921 
3 47   407 
3 48   337 
3 49   746 
3 50    75 
3 51   569 
3 52   616 
3 53   862 
3 54   765 
3 55   594 
3 56    41 
3 57   505 
3 58    28 
3 59   458 
3 60   119 
3 61   609 
3 62   187 
3 63   692 
3 64   421 
3 65   415 
3 66   984 
3 67   989 
3 68   793 
3 69   448 
3 70   242 
3 71   791 
3 72   672 
3 73   701 
3 74   206 
3 75   502 
3 76   232 
3 77   743 
3 78   573 
3 79   771 
3 80   684 
3 81   984 
3 82   505 
3 83   534 
3 84   846 
3 85   981 
3 86   316 
3 87   210 
3 88   956 
3 89   988 
3 90    83 
3 91    12 
3 92   845 
3 93   605 
3 94   643 
3 95   281 
3 96   467 
3 97   408 
3 98   893 
3 99   810 
3 100   335 
4 6   488 
4 7   271 
4 8   598 
4 9   903 
4 10   770 
4 11   334 
4 12   174 
4 13    47 
4 14   979 
4 15   866 
4 16   958 
4 17   453 
4 18    15 
4 19   344 
4 20   457 
4 21   741 
4 22   822 
4 23   125 
4 24   744 
4 25   402 
4 26   485 
4 27   479 
4 28   684 
4 29   209 
4 30   388 
4 31   450 
4 32   311 
4 33   666 
4 34   559 
4 35   921 
4 36   753 
4 37    83 
4 38   497 
4 39   391 
4 40   613 
4 41   963 
4 42   680 
4 43    44 
4 44   520 
4 45   519 
4 46   788 
4 47   835 
4 48   375 
4 49   457 
4 50   196 
4 51   654 
4 52   434 
4 53   250 
4 54   365 
4 55    45 
4 56   917 
4 57   188 
4 58   410 
4 59   507 
4 60   943 
4 61   800 
4 62   150 
4 63   451 
4 64   698 
4 65   177 
4 66   918 
4 67   192 
4 68   514 
4 69   450 
4 70   331 
4 71   721 
4 72   979 
4 73   873 
4 74   791 
4 75   243 
4 76   472 
4 77    13 
4 78   599 
4 79   663 
4 80   820 
4 81   859 
4 82   513 
4 83   296 
4 84   269 
4 85   365 
4 86   794 
4 87    21 
4 88   760 
4 89   943 
4 90   886 
4 91   166 
4 92   157 
4 93   470 
4 94   142 
4 95    61 
4 96   824 
4 97   715 
4 98   270 
4 99   662 
4 100   497 
5 7   353 
5 8    18 
5 9    11 
5 10   810 
5 11   827 
5 12   287 
5 13   553 
5 14   192 
5 15   834 
5 16    59 
5 17   688 
5 18   304 
5 19   700 
5 20   908 
5 21   374 
5 22   732 
5 23   507 
5 24   877 
5 25   950 
5 26   301 
5 27   481 
5 28   566 
5 29    13 
5 30   203 
5 31   181 
5 32   894 
5 33   235 
5 34   687 
5 35   351 
5 36   773 
5 37   327 
5 38   333 
5 39   937 
5 40   910 
5 41   721 
5 42   482 
5 43   962 
5 44   758 
5 45   672 
5 46   334 
5 47   427 
5 48   562 
5 49   499 
5 50   810 
5 51    73 
5 52   448 
5 53   828 
5 54   454 
5 55   535 
5 56   357 
5 57   467 
5 58   526 
5 59   850 
5 60   843 
5 61   885 
5 62   664 
5 63   419 
5 64   165 
5 65   383 
5 66   656 
5 67   533 
5 68   972 
5 69   248 
5 70   929 
5 71   101 
5 72   278 
5 73   918 
5 74   448 
5 75   967 
5 76   280 
5 77   886 
5 78   394 
5 79   979 
5 80   574 
5 81   162 
5 82   191 
5 83   474 
5 84   819 
5 85   645 
5 86   122 
5 87   685 
5 88   244 
5 89   733 
5 90   433 
5 91   545 
5 92   914 
5 93   732 
5 94   193 
5 95   439 
5 96   519 
5 97   218 
5 98   621 
5 99   475 
5 100   983 
6 8   163 
6 9   839 
6 10   320 
6 11   643 
6 12     7 
6 13   570 
6 14   711 
6 15   691 
6 16   669 
6 17    82 
6 18   225 
6 19   758 
6 20   395 
6 21    50 
6 22    79 
6 23   520 
6 24   156 
6 25   533 
6 26   381 
6 27   661 
6 28   253 
6 29    41 
6 30   151 
6 31   967 
6 32   190 
6 33   861 
6 34   989 
6 35   228 
6 36   555 
6 37   555 
6 38   835 
6 39   654 
6 40   875 
6 41   161 
6 42   285 
6 43   435 
6 44   295 
6 45    13 
6 46   912 
6 47   384 
6 48   328 
6 49   929 
6 50   397 
6 51   916 
6 52   152 
6 53    27 
6 54   832 
6 55   318 
6 56   116 
6 57   359 
6 58   961 
6 59   882 
6 60   831 
6 61   801 
6 62   786 
6 63   972 
6 64   639 
6 65   275 
6 66   263 
6 67   950 
6 68   838 
6 69    65 
6 70   500 
6 71   929 
6 72   706 
6 73   190 
6 74   644 
6 75   536 
6 76   360 
6 77   417 
6 78   999 
6 79   980 
6 80   143 
6 81   583 
6 82   634 
6 83   707 
6 84   523 
6 85   455 
6 86   424 
6 87   288 
6 88   913 
6 89   951 
6 90   767 
6 91   775 
6 92   173 
6 93   570 
6 94   143 
6 95   816 
6 96   689 
6 97   433 
6 98   921 
6 99   735 
6 100   839 
7 9   250 
7 10   348 
7 11   266 
7 12   465 
7 13   744 
7 14   147 
7 15   813 
7 16   104 
7 17   127 
7 18   439 
7 19   791 
7 20    17 
7 21   204 
7 22   280 
7 23   401 
7 24   414 
7 25   664 
7 26   531 
7 27   716 
7 28   926 
7 29   642 
7 30    35 
7 31   841 
7 32   664 
7 33   731 
7 34   519 
7 35   276 
7 36   766 
7 37   222 
7 38   443 
7 39   888 
7 40   563 
7 41   313 
7 42   112 
7 43   989 
7 44   828 
7 45   212 
7 46   471 
7 47   848 
7 48   999 
7 49   532 
7 50   638 
7 51   809 
7 52   759 
7 53   626 
7 54   770 
7 55   837 
7 56   609 
7 57   204 
7 58   521 
7 59   836 
7 60   379 
7 61   657 
7 62     0 
7 63   469 
7 64   599 
7 65   517 
7 66   682 
7 67   810 
7 68   196 
7 69   965 
7 70   126 
7 71   590 
7 72   770 
7 73   537 
7 74   638 
7 75   653 
7 76   530 
7 77   332 
7 78   512 
7 79    43 
7 80    71 
7 81   939 
7 82   557 
7 83   448 
7 84   411 
7 85   989 
7 86   534 
7 87   812 
7 88   455 
7 89   102 
7 90   341 
7 91   456 
7 92   675 
7 93   259 
7 94   405 
7 95   460 
7 96   801 
7 97   513 
7 98   865 
7 99   602 
7 100   587 
8 10   423 
8 11   603 
8 12   682 
8 13   879 
8 14   600 
8 15   518 
8 16   575 
8 17   129 
8 18   236 
8 19   947 
8 20   112 
8 21   660 
8 22   837 
8 23   312 
8 24   998 
8 25   362 
8 26   944 
8 27   810 
8 28   162 
8 29    95 
8 30   267 
8 31   898 
8 32   524 
8 33   811 
8 34   160 
8 35   329 
8 36   208 
8 37   456 
8 38   115 
8 39   248 
8 40   369 
8 41   488 
8 42   677 
8 43   939 
8 44   691 
8 45   981 
8 46   462 
8 47   204 
8 48   944 
8 49   207 
8 50   572 
8 51   972 
8 52   666 
8 53   601 
8 54   644 
8 55   581 
8 56   599 
8 57   867 
8 58   664 
8 59   663 
8 60   407 
8 61   542 
8 62   121 
8 63    11 
8 64   262 
8 65   747 
8 66   373 
8 67   525 
8 68   721 
8 69   442 
8 70   863 
8 71   443 
8 72   867 
8 73   710 
8 74   369 
8 75   775 
8 76   232 
8 77   408 
8 78   219 
8 79   175 
8 80   532 
8 81    52 
8 82   512 
8 83   585 
8 84   661 
8 85   717 
8 86   441 
8 87   843 
8 88   899 
8 89   109 
8 90   372 
8 91   487 
8 92   355 
8 93   495 
8 94   480 
8 95   201 
8 96   298 
8 97   860 
8 98   204 
8 99   867 
8 100   379 
9 11   327 
9 12   658 
9 13   270 
9 14    33 
9 15   283 
9 16    72 
9 17   947 
9 18   858 
9 19    77 
9 20   676 
9 21   402 
9 22   316 
9 23   887 
9 24   112 
9 25   103 
9 26   786 
9 27   882 
9 28   942 
9 29   924 
9 30    94 
9 31   837 
9 32   126 
9 33   993 
9 34   751 
9 35   711 
9 36   759 
9 37   604 
9 38   469 
9 39   167 
9 40    61 
9 41   179 
9 42   155 
9 43   497 
9 44   269 
9 45   111 
9 46   699 
9 47    51 
9 48   405 
9 49   670 
9 50   172 
9 51   515 
9 52   831 
9 53   104 
9 54   295 
9 55   209 
9 56    49 
9 57   470 
9 58   694 
9 59   394 
9 60   736 
9 61   645 
9 62   880 
9 63   843 
9 64   667 
9 65   622 
9 66   570 
9 67   401 
9 68   779 
9 69   536 
9 70   192 
9 71     4 
9 72   702 
9 73   847 
9 74   436 
9 75   933 
9 76   692 
9 77   970 
9 78    23 
9 79   841 
9 80   620 
9 81   650 
9 82   648 
9 83   850 
9 84   343 
9 85   637 
9 86   835 
9 87   920 
9 88     5 
9 89    86 
9 90   491 
9 91   251 
9 92   987 
9 93   983 
9 94   953 
9 95   847 
9 96   582 
9 97   791 
9 98   264 
9 99   871 
9 100   825 
10 12   935 
10 13   781 
10 14   889 
10 15   370 
10 16   608 
10 17    30 
10 18    82 
10 19    36 
10 20   423 
10 21   641 
10 22   157 
10 23     8 
10 24   394 
10 25   889 
10 26   460 
10 27   805 
10 28   722 
10 29   880 
10 30   421 
10 31   997 
10 32    20 
10 33   952 
10 34   384 
10 35   930 
10 36   580 
10 37   978 
10 38   401 
10 39   953 
10 40   818 
10 41   209 
10 42   607 
10 43   889 
10 44   625 
10 45   314 
10 46   292 
10 47   814 
10 48   366 
10 49   713 
10 50   395 
10 51   845 
10 52   884 
10 53   524 
10 54   779 
10 55   770 
10 56   979 
10 57   411 
10 58   245 
10 59   307 
10 60   730 
10 61   600 
10 62   880 
10 63   704 
10 64   186 
10 65   322 
10 66   772 
10 67   596 
10 68     5 
10 69   650 
10 70   557 
10 71   833 
10 72   520 
10 73   896 
10 74   993 
10 75   917 
10 76    99 
10 77   259 
10 78   980 
10 79   937 
10 80   797 
10 81   794 
10 82   205 
10 83   704 
10 84   979 
10 85   796 
10 86   648 
10 87     4 
10 88   102 
10 89   272 
10 90   623 
10 91   213 
10 92   386 
10 93   343 
10 94   884 
10 95   615 
10 96   394 
10 97   352 
10 98   512 
10 99    11 
10 100   735 
11 13   960 
11 14    68 
11 15    17 
11 16   324 
11 17   444 
11 18   630 
11 19   121 
11 20   494 
11 21   759 
11 22   777 
11 23   197 
11 24   821 
11 25   329 
11 26   332 
11 27   266 
11 28   791 
11 29   923 
11 30   177 
11 31   141 
11 32   663 
11 33   143 
11 34   125 
11 35   704 
11 36    72 
11 37    19 
11 38   355 
11 39   650 
11 40   987 
11 41   904 
11 42   829 
11 43   795 
11 44   537 
11 45   539 
11 46   460 
11 47   836 
11 48     2 
11 49   533 
11 50   439 
11 51   900 
11 52   678 
11 53   218 
11 54   467 
11 55   103 
11 56   570 
11 57   523 
11 58    71 
11 59   714 
11 60   774 
11 61   610 
11 62   962 
11 63   418 
11 64   282 
11 65   430 
11 66   365 
11 67   428 
11 68   330 
11 69   265 
11 70   519 
11 71   383 
11 72   390 
11 73   464 
11 74    20 
11 75   294 
11 76   796 
11 77   153 
11 78   882 
11 79   969 
11 80   709 
11 81   964 
11 82   930 
11 83   797 
11 84   431 
11 85   646 
11 86   116 
11 87   964 
11 88   225 
11 89   155 
11 90   494 
11 91   574 
11 92   216 
11 93   577 
11 94   844 
11 95   497 
11 96   334 
11 97   125 
11 98   107 
11 99   698 
11 100   479 
12 14   637 
12 15   450 
12 16   200 
12 17   698 
12 18   641 
12 19    98 
12 20    27 
12 21   192 
12 22   660 
12 23   796 
12 24   292 
12 25   334 
12 26   724 
12 27   347 
12 28   600 
12 29   704 
12 30   655 
12 31   595 
12 32   909 
12 33   996 
12 34   419 
12 35   909 
12 36    86 
12 37   492 
12 38   393 
12 39   454 
12 40   998 
12 41   147 
12 42   375 
12 43   490 
12 44   856 
12 45   846 
12 46   941 
12 47   306 
12 48   955 
12 49   478 
12 50   170 
12 51   821 
12 52    52 
12 53   182 
12 54   158 
12 55   315 
12 56   648 
12 57   507 
12 58   366 
12 59   643 
12 60    39 
12 61   116 
12 62    82 
12 63   993 
12 64   897 
12 65   381 
12 66   548 
12 67   252 
12 68   214 
12 69   217 
12 70   953 
12 71   187 
12 72   553 
12 73   580 
12 74    45 
12 75   885 
12 76   760 
12 77     7 
12 78   270 
12 79   400 
12 80   865 
12 81   762 
12 82   984 
12 83   823 
12 84   699 
12 85   580 
12 86   844 
12 87   561 
12 88    20 
12 89   899 
12 90   503 
12 91   896 
12 92   945 
12 93   934 
12 94    38 
12 95   435 
12 96   312 
12 97   187 
12 98    16 
12 99   540 
12 100   812 
13 15   705 
13 16   847 
13 17   213 
13 18   489 
13 19   781 
13 20   835 
13 21    29 
13 22   207 
13 23   988 
13 24   239 
13 25   633 
13 26   667 
13 27   148 
13 28   135 
13 29   761 
13 30   484 
13 31   922 
13 32   530 
13 33   380 
13 34   732 
13 35   844 
13 36   711 
13 37    40 
13 38   902 
13 39   569 
13 40   885 
13 41   964 
13 42   582 
13 43   820 
13 44   211 
13 45   271 
13 46   204 
13 47   178 
13 48   322 
13 49   613 
13 50   767 
13 51     2 
13 52   396 
13 53   291 
13 54   867 
13 55   966 
13 56   953 
13 57   402 
13 58   715 
13 59   983 
13 60   469 
13 61   976 
13 62    72 
13 63   135 
13 64   356 
13 65   760 
13 66   782 
13 67   159 
13 68   581 
13 69   564 
13 70   300 
13 71   315 
13 72   766 
13 73   305 
13 74   254 
13 75   261 
13 76   677 
13 77   632 
13 78   986 
13 79   674 
13 80   193 
13 81   894 
13 82   632 
13 83   307 
13 84   308 
13 85   731 
13 86   216 
13 87   216 
13 88   290 
13 89   904 
13 90   734 
13 91   930 
13 92   392 
13 93   785 
13 94   853 
13 95   148 
13 96   428 
13 97   281 
13 98   938 
13 99   762 
13 100   409 
14 16   878 
14 17   182 
14 18   701 
14 19   405 
14 20    35 
14 21   436 
14 22   392 
14 23   150 
14 24   967 
14 25   991 
14 26   168 
14 27   655 
14 28    93 
14 29   321 
14 30   320 
14 31   824 
14 32    32 
14 33   475 
14 34   378 
14 35    71 
14 36   917 
14 37   476 
14 38   216 
14 39   256 
14 40   830 
14 41   760 
14 42   670 
14 43   760 
14 44   827 
14 45    46 
14 46    64 
14 47   792 
14 48   762 
14 49   832 
14 50   503 
14 51   815 
14 52   683 
14 53   576 
14 54   284 
14 55   726 
14 56   646 
14 57    28 
14 58   758 
14 59    24 
14 60    77 
14 61   946 
14 62   873 
14 63   996 
14 64   556 
14 65   109 
14 66   756 
14 67   555 
14 68   388 
14 69   853 
14 70   497 
14 71   200 
14 72   729 
14 73   890 
14 74   662 
14 75   598 
14 76   563 
14 77   723 
14 78   445 
14 79   472 
14 80   402 
14 81   558 
14 82   819 
14 83   562 
14 84   715 
14 85   365 
14 86   513 
14 87   566 
14 88   762 
14 89   775 
14 90    77 
14 91   869 
14 92   180 
14 93   715 
14 94   434 
14 95   387 
14 96   872 
14 97   845 
14 98   164 
14 99   112 
14 100   864 
15 17   184 
15 18   574 
15 19   989 
15 20   366 
15 21    32 
15 22   854 
15 23   261 
15 24    51 
15 25   105 
15 26   685 
15 27   529 
15 28   733 
15 29   597 
15 30    20 
15 31   206 
15 32    20 
15 33   107 
15 34   708 
15 35   576 
15 36   856 
15 37   871 
15 38   310 
15 39   451 
15 40   578 
15 41   706 
15 42   126 
15 43   993 
15 44    32 
15 45   122 
15 46   404 
15 47   154 
15 48   807 
15 49   938 
15 50   568 
15 51   172 
15 52   410 
15 53    35 
15 54   358 
15 55   452 
15 56   975 
15 57   839 
15 58   537 
15 59   306 
15 60   650 
15 61   503 
15 62   689 
15 63   687 
15 64   761 
15 65   765 
15 66   607 
15 67   721 
15 68   703 
15 69   203 
15 70   598 
15 71    78 
15 72   194 
15 73   122 
15 74   557 
15 75   193 
15 76   910 
15 77   654 
15 78   543 
15 79   777 
15 80    88 
15 81   341 
15 82   452 
15 83   618 
15 84   467 
15 85   363 
15 86    39 
15 87   597 
15 88   264 
15 89   211 
15 90   375 
15 91   985 
15 92   774 
15 93   561 
15 94   172 
15 95   816 
15 96   383 
15 97   736 
15 98   161 
15 99   127 
15 100   300 
16 18    76 
16 19   399 
16 20   823 
16 21   293 
16 22    30 
16 23   281 
16 24   556 
16 25   470 
16 26   728 
16 27    25 
16 28   276 
16 29   383 
16 30   535 
16 31   429 
16 32   535 
16 33    82 
16 34   129 
16 35   592 
16 36   283 
16 37   260 
16 38   878 
16 39   928 
16 40   124 
16 41   339 
16 42   659 
16 43   513 
16 44   873 
16 45   259 
16 46   611 
16 47   316 
16 48   522 
16 49   974 
16 50    35 
16 51   469 
16 52   392 
16 53   545 
16 54   660 
16 55   627 
16 56   815 
16 57   924 
16 58   467 
16 59   556 
16 60   472 
16 61   372 
16 62   391 
16 63   655 
16 64    91 
16 65   114 
16 66   189 
16 67   438 
16 68   357 
16 69   107 
16 70   727 
16 71   559 
16 72   393 
16 73   491 
16 74   588 
16 75   677 
16 76    12 
16 77   456 
16 78    92 
16 79   718 
16 80   788 
16 81   615 
16 82    27 
16 83   320 
16 84   813 
16 85   400 
16 86   652 
16 87   128 
16 88   539 
16 89   448 
16 90   875 
16 91   669 
16 92    86 
16 93   144 
16 94   527 
16 95   590 
16 96   256 
16 97   170 
16 98   105 
16 99   728 
16 100   241 
17 19   225 
17 20   213 
17 21   437 
17 22    69 
17 23   608 
17 24   925 
17 25   146 
17 26   709 
17 27   999 
17 28   949 
17 29   647 
17 30   865 
17 31   130 
17 32    90 
17 33   151 
17 34   201 
17 35   757 
17 36   107 
17 37   513 
17 38   216 
17 39   180 
17 40   293 
17 41    88 
17 42   679 
17 43    61 
17 44   807 
17 45   603 
17 46    82 
17 47   475 
17 48   565 
17 49   436 
17 50   491 
17 51   402 
17 52   459 
17 53   820 
17 54   212 
17 55   744 
17 56    95 
17 57   684 
17 58   574 
17 59   916 
17 60   168 
17 61   968 
17 62   965 
17 63   494 
17 64   433 
17 65   453 
17 66   859 
17 67   912 
17 68   295 
17 69   396 
17 70   275 
17 71    93 
17 72   502 
17 73   435 
17 74   666 
17 75   971 
17 76   548 
17 77   825 
17 78   798 
17 79   829 
17 80   423 
17 81   566 
17 82   957 
17 83    59 
17 84    72 
17 85   386 
17 86   613 
17 87   454 
17 88   706 
17 89   736 
17 90   988 
17 91   965 
17 92    27 
17 93   833 
17 94   588 
17 95   574 
17 96    86 
17 97   182 
17 98   737 
17 99   942 
17 100   484 
18 20    83 
18 21   462 
18 22   695 
18 23   911 
18 24   775 
18 25   842 
18 26   861 
18 27   378 
18 28   615 
18 29   359 
18 30   793 
18 31   701 
18 32   286 
18 33   558 
18 34   984 
18 35   966 
18 36   632 
18 37   730 
18 38   811 
18 39   968 
18 40   941 
18 41   417 
18 42   411 
18 43   400 
18 44   724 
18 45   865 
18 46   395 
18 47   863 
18 48   173 
18 49   370 
18 50   922 
18 51   220 
18 52   742 
18 53   168 
18 54   662 
18 55   351 
18 56   387 
18 57   364 
18 58   350 
18 59    76 
18 60   655 
18 61    70 
18 62   827 
18 63   306 
18 64   915 
18 65   298 
18 66   333 
18 67   861 
18 68   546 
18 69   640 
18 70   303 
18 71   394 
18 72   329 
18 73   254 
18 74   490 
18 75   161 
18 76    26 
18 77   783 
18 78   489 
18 79   263 
18 80   865 
18 81   401 
18 82   932 
18 83   194 
18 84   234 
18 85   878 
18 86   889 
18 87   344 
18 88   511 
18 89   872 
18 90   498 
18 91   698 
18 92   264 
18 93   784 
18 94   545 
18 95   497 
18 96   280 
18 97   718 
18 98   993 
18 99   960 
18 100    57 
19 21   276 
19 22    66 
19 23   343 
19 24   304 
19 25   831 
19 26   950 
19 27   644 
19 28   394 
19 29    94 
19 30   596 
19 31    60 
19 32   883 
19 33   712 
19 34   223 
19 35    67 
19 36   332 
19 37   507 
19 38   196 
19 39    53 
19 40   692 
19 41   557 
19 42   385 
19 43   744 
19 44   727 
19 45   163 
19 46   595 
19 47   203 
19 48   373 
19 49   761 
19 50   325 
19 51    25 
19 52   689 
19 53     4 
19 54   367 
19 55   779 
19 56   673 
19 57   660 
19 58   560 
19 59   311 
19 60   938 
19 61   911 
19 62    40 
19 63   273 
19 64   746 
19 65   132 
19 66   179 
19 67   128 
19 68    28 
19 69   812 
19 70   936 
19 71   215 
19 72   475 
19 73   329 
19 74   547 
19 75   649 
19 76   878 
19 77   222 
19 78   765 
19 79   784 
19 80   340 
19 81   401 
19 82   638 
19 83   731 
19 84   737 
19 85   472 
19 86   404 
19 87   455 
19 88   313 
19 89   354 
19 90   316 
19 91   611 
19 92   324 
19 93   623 
19 94   345 
19 95   274 
19 96   470 
19 97   987 
19 98    73 
19 99    24 
19 100   163 
20 22   686 
20 23   524 
20 24   585 
20 25   243 
20 26   200 
20 27   868 
20 28   719 
20 29   137 
20 30    63 
20 31   596 
20 32   912 
20 33   614 
20 34   895 
20 35   369 
20 36   205 
20 37   638 
20 38   366 
20 39   686 
20 40   494 
20 41   305 
20 42   533 
20 43   898 
20 44   833 
20 45   175 
20 46   221 
20 47   574 
20 48   687 
20 49   418 
20 50   486 
20 51   349 
20 52   611 
20 53   387 
20 54   580 
20 55   238 
20 56   252 
20 57   516 
20 58   673 
20 59   370 
20 60   536 
20 61   364 
20 62   651 
20 63   869 
20 64   839 
20 65   925 
20 66    86 
20 67   844 
20 68   524 
20 69   262 
20 70    70 
20 71   745 
20 72    92 
20 73   692 
20 74   445 
20 75   244 
20 76   227 
20 77   603 
20 78   459 
20 79   288 
20 80   149 
20 81   767 
20 82   357 
20 83   430 
20 84   906 
20 85   356 
20 86   185 
20 87   908 
20 88   974 
20 89   787 
20 90   489 
20 91   348 
20 92   918 
20 93   211 
20 94   469 
20 95   589 
20 96   623 
20 97   266 
20 98   704 
20 99   860 
20 100   994 
21 23   324 
21 24   706 
21 25   332 
21 26   166 
21 27   667 
21 28   422 
21 29    59 
21 30   125 
21 31   900 
21 32   344 
21 33   381 
21 34   166 
21 35   400 
21 36   459 
21 37   477 
21 38   878 
21 39   173 
21 40   961 
21 41   720 
21 42   115 
21 43   233 
21 44   882 
21 45   110 
21 46     7 
21 47   482 
21 48   846 
21 49   954 
21 50   704 
21 51   627 
21 52   911 
21 53   683 
21 54   612 
21 55   139 
21 56   415 
21 57   831 
21 58    75 
21 59   449 
21 60   409 
21 61   542 
21 62   367 
21 63   804 
21 64   617 
21 65   283 
21 66   114 
21 67    49 
21 68   255 
21 69   473 
21 70   569 
21 71   307 
21 72   267 
21 73   184 
21 74   494 
21 75   409 
21 76    43 
21 77   115 
21 78   561 
21 79   373 
21 80   719 
21 81   646 
21 82   983 
21 83    98 
21 84   829 
21 85   667 
21 86   887 
21 87   710 
21 88   408 
21 89   445 
21 90   640 
21 91   790 
21 92   320 
21 93   123 
21 94   543 
21 95   674 
21 96   408 
21 97   657 
21 98   338 
21 99   811 
21 100   518 
22 24   125 
22 25   679 
22 26   244 
22 27   754 
22 28   806 
22 29   255 
22 30   729 
22 31   847 
22 32   618 
22 33   739 
22 34   739 
22 35   381 
22 36   694 
22 37    43 
22 38    88 
22 39   868 
22 40    57 
22 41   916 
22 42    44 
22 43   817 
22 44   732 
22 45   542 
22 46   183 
22 47     2 
22 48   149 
22 49   510 
22 50   210 
22 51   909 
22 52   875 
22 53   856 
22 54   723 
22 55   531 
22 56   269 
22 57   917 
22 58   418 
22 59   550 
22 60   850 
22 61   501 
22 62   908 
22 63   946 
22 64   996 
22 65   754 
22 66   384 
22 67   830 
22 68   419 
22 69   663 
22 70   838 
22 71   389 
22 72   839 
22 73   699 
22 74    49 
22 75   935 
22 76   946 
22 77   930 
22 78    36 
22 79   962 
22 80   252 
22 81   446 
22 82   415 
22 83   379 
22 84   106 
22 85   965 
22 86   610 
22 87   881 
22 88   396 
22 89   475 
22 90   666 
22 91   999 
22 92    47 
22 93   174 
22 94   265 
22 95   311 
22 96   976 
22 97   792 
22 98   142 
22 99   233 
22 100   408 
23 25   916 
23 26   969 
23 27   502 
23 28   672 
23 29   697 
23 30   969 
23 31   834 
23 32   645 
23 33   933 
23 34   971 
23 35   857 
23 36   189 
23 37   859 
23 38    74 
23 39   902 
23 40   528 
23 41   328 
23 42   160 
23 43   314 
23 44   286 
23 45   516 
23 46   753 
23 47   266 
23 48   272 
23 49   199 
23 50   131 
23 51   619 
23 52   990 
23 53   667 
23 54   471 
23 55   259 
23 56   507 
23 57   180 
23 58   205 
23 59   409 
23 60   478 
23 61   868 
23 62   777 
23 63   596 
23 64   925 
23 65   166 
23 66    94 
23 67   343 
23 68   471 
23 69   445 
23 70   556 
23 71   129 
23 72   611 
23 73    51 
23 74   970 
23 75     6 
23 76   278 
23 77   546 
23 78   944 
23 79   710 
23 80   320 
23 81   687 
23 82   584 
23 83   786 
23 84   883 
23 85   823 
23 86   399 
23 87   825 
23 88   721 
23 89   634 
23 90   939 
23 91   315 
23 92   957 
23 93   503 
23 94   507 
23 95   162 
23 96   559 
23 97   306 
23 98   209 
23 99   903 
23 100   695 
24 26   210 
24 27   340 
24 28    93 
24 29   988 
24 30    99 
24 31   541 
24 32   705 
24 33   436 
24 34   529 
24 35    76 
24 36   650 
24 37   485 
24 38   461 
24 39   198 
24 40   852 
24 41   621 
24 42   517 
24 43   341 
24 44   181 
24 45   610 
24 46   371 
24 47   691 
24 48   712 
24 49   535 
24 50   168 
24 51   727 
24 52   668 
24 53   248 
24 54   522 
24 55   436 
24 56   596 
24 57   901 
24 58   340 
24 59   649 
24 60   456 
24 61   832 
24 62   704 
24 63   354 
24 64   830 
24 65   313 
24 66   138 
24 67   580 
24 68   665 
24 69   198 
24 70    44 
24 71   961 
24 72   911 
24 73   558 
24 74   764 
24 75   771 
24 76   349 
24 77   588 
24 78   804 
24 79   245 
24 80    74 
24 81   198 
24 82   249 
24 83    19 
24 84   123 
24 85    81 
24 86    97 
24 87   971 
24 88    94 
24 89   398 
24 90   869 
24 91   405 
24 92   104 
24 93   251 
24 94   588 
24 95   480 
24 96   680 
24 97    91 
24 98   137 
24 99   523 
24 100   386 
25 27   552 
25 28   163 
25 29   541 
25 30   215 
25 31   758 
25 32   287 
25 33   648 
25 34   825 
25 35   582 
25 36    14 
25 37   253 
25 38    91 
25 39   226 
25 40    47 
25 41   877 
25 42   493 
25 43   786 
25 44   506 
25 45   761 
25 46   378 
25 47   200 
25 48   761 
25 49    32 
25 50   609 
25 51   981 
25 52   896 
25 53   484 
25 54     6 
25 55   997 
25 56    14 
25 57   860 
25 58    66 
25 59   761 
25 60   495 
25 61   590 
25 62   485 
25 63   287 
25 64   456 
25 65   745 
25 66   985 
25 67   925 
25 68   445 
25 69   333 
25 70   744 
25 71   810 
25 72   668 
25 73   652 
25 74   306 
25 75   672 
25 76   273 
25 77   495 
25 78   851 
25 79   260 
25 80   627 
25 81   335 
25 82   164 
25 83   829 
25 84   931 
25 85   881 
25 86   155 
25 87   525 
25 88   595 
25 89   754 
25 90   257 
25 91   325 
25 92   537 
25 93   144 
25 94    24 
25 95   438 
25 96   750 
25 97   796 
25 98   282 
25 99   616 
25 100   393 
26 28    16 
26 29   658 
26 30   798 
26 31   580 
26 32   363 
26 33   289 
26 34   494 
26 35   613 
26 36   461 
26 37   136 
26 38   458 
26 39   616 
26 40   601 
26 41   373 
26 42   881 
26 43   697 
26 44   150 
26 45   245 
26 46   367 
26 47   332 
26 48   915 
26 49    19 
26 50   200 
26 51   851 
26 52   848 
26 53   551 
26 54   190 
26 55   104 
26 56   400 
26 57   976 
26 58   461 
26 59   755 
26 60   173 
26 61   815 
26 62    66 
26 63   764 
26 64   509 
26 65   696 
26 66   252 
26 67   711 
26 68   325 
26 69   605 
26 70   990 
26 71   402 
26 72   379 
26 73   345 
26 74   903 
26 75   444 
26 76   347 
26 77   617 
26 78    91 
26 79   275 
26 80   989 
26 81   710 
26 82   126 
26 83   504 
26 84   870 
26 85   928 
26 86   944 
26 87   519 
26 88   115 
26 89   895 
26 90   511 
26 91   980 
26 92   897 
26 93   842 
26 94   221 
26 95   287 
26 96   277 
26 97   888 
26 98     3 
26 99   885 
26 100   127 
27 29   999 
27 30   356 
27 31   837 
27 32   373 
27 33   280 
27 34    97 
27 35   902 
27 36   346 
27 37   532 
27 38   252 
27 39   647 
27 40    34 
27 41   106 
27 42   282 
27 43   833 
27 44   834 
27 45   620 
27 46   626 
27 47   415 
27 48   503 
27 49    20 
27 50   720 
27 51   673 
27 52   212 
27 53   583 
27 54   153 
27 55   967 
27 56   724 
27 57    52 
27 58   915 
27 59   841 
27 60   585 
27 61   255 
27 62   906 
27 63   211 
27 64   253 
27 65   532 
27 66   958 
27 67    85 
27 68   764 
27 69   448 
27 70   446 
27 71   577 
27 72   309 
27 73   559 
27 74   644 
27 75   533 
27 76   202 
27 77   670 
27 78   995 
27 79   556 
27 80   546 
27 81   500 
27 82   958 
27 83   566 
27 84   131 
27 85   267 
27 86   468 
27 87   585 
27 88   553 
27 89   629 
27 90   353 
27 91   341 
27 92   312 
27 93   953 
27 94   550 
27 95   576 
27 96   948 
27 97   212 
27 98   658 
27 99   463 
27 100   656 
28 30   661 
28 31   114 
28 32   205 
28 33   137 
28 34   330 
28 35   233 
28 36   361 
28 37    61 
28 38   856 
28 39   552 
28 40   779 
28 41   979 
28 42   699 
28 43   154 
28 44   570 
28 45   314 
28 46   806 
28 47   980 
28 48   394 
28 49   130 
28 50   640 
28 51    26 
28 52   285 
28 53    80 
28 54   433 
28 55   423 
28 56   543 
28 57    19 
28 58    11 
28 59    70 
28 60   181 
28 61   619 
28 62   760 
28 63   722 
28 64   449 
28 65   127 
28 66   381 
28 67   740 
28 68   687 
28 69   533 
28 70   632 
28 71   759 
28 72   498 
28 73   269 
28 74   426 
28 75   119 
28 76   927 
28 77   627 
28 78   298 
28 79   757 
28 80   285 
28 81   820 
28 82   944 
28 83   865 
28 84   217 
28 85   302 
28 86   382 
28 87    43 
28 88    84 
28 89    51 
28 90   831 
28 91   310 
28 92   846 
28 93   492 
28 94   445 
28 95   509 
28 96   602 
28 97   190 
28 98   635 
28 99    85 
28 100   675 
29 31   639 
29 32   369 
29 33   238 
29 34   517 
29 35   996 
29 36   586 
29 37   416 
29 38   488 
29 39   162 
29 40   567 
29 41   736 
29 42   823 
29 43   922 
29 44   100 
29 45   551 
29 46   853 
29 47   879 
29 48   397 
29 49   108 
29 50    50 
29 51   568 
29 52   665 
29 53    84 
29 54   450 
29 55   667 
29 56   878 
29 57    79 
29 58   848 
29 59   123 
29 60   621 
29 61   651 
29 62    28 
29 63   695 
29 64   596 
29 65   554 
29 66   391 
29 67    89 
29 68   338 
29 69   167 
29 70   749 
29 71   208 
29 72   954 
29 73   693 
29 74   624 
29 75   413 
29 76   817 
29 77   345 
29 78    90 
29 79   558 
29 80   459 
29 81   473 
29 82   916 
29 83   364 
29 84   401 
29 85   654 
29 86   946 
29 87   374 
29 88   584 
29 89   602 
29 90   240 
29 91   377 
29 92   501 
29 93   347 
29 94   616 
29 95   422 
29 96   438 
29 97   552 
29 98   254 
29 99   569 
29 100   687 
30 32   653 
30 33   694 
30 34   510 
30 35   388 
30 36    71 
30 37   599 
30 38   726 
30 39   937 
30 40   447 
30 41   669 
30 42   276 
30 43   949 
30 44   679 
30 45    25 
30 46   315 
30 47   123 
30 48    70 
30 49   253 
30 50   619 
30 51   159 
30 52   668 
30 53   453 
30 54   211 
30 55   531 
30 56   237 
30 57   741 
30 58   149 
30 59   684 
30 60   235 
30 61     0 
30 62   337 
30 63   122 
30 64   735 
30 65   653 
30 66   796 
30 67   345 
30 68   477 
30 69   672 
30 70    49 
30 71    93 
30 72   784 
30 73   335 
30 74   961 
30 75   160 
30 76   341 
30 77   305 
30 78   262 
30 79   162 
30 80   363 
30 81   494 
30 82   887 
30 83   801 
30 84   251 
30 85   735 
30 86   852 
30 87   634 
30 88   617 
30 89   655 
30 90   637 
30 91   870 
30 92   564 
30 93   751 
30 94   712 
30 95   954 
30 96   883 
30 97    58 
30 98   898 
30 99   124 
30 100   514 
31 33   291 
31 34   460 
31 35    32 
31 36   450 
31 37   610 
31 38   489 
31 39   301 
31 40   881 
31 41   672 
31 42   728 
31 43   911 
31 44   146 
31 45   977 
31 46   264 
31 47   383 
31 48   834 
31 49   108 
31 50   586 
31 51   480 
31 52   950 
31 53   389 
31 54   588 
31 55   428 
31 56   148 
31 57   124 
31 58   560 
31 59   476 
31 60   432 
31 61   780 
31 62   123 
31 63   147 
31 64   940 
31 65   601 
31 66   102 
31 67   250 
31 68   937 
31 69   322 
31 70   690 
31 71   793 
31 72   743 
31 73   888 
31 74   288 
31 75    50 
31 76    96 
31 77   633 
31 78   222 
31 79   665 
31 80   202 
31 81   981 
31 82   286 
31 83   967 
31 84   996 
31 85   361 
31 86   616 
31 87   972 
31 88   797 
31 89   652 
31 90   381 
31 91   686 
31 92    97 
31 93   418 
31 94   923 
31 95   428 
31 96   598 
31 97   362 
31 98   654 
31 99   448 
31 100   796 
32 34   903 
32 35   793 
32 36   147 
32 37    86 
32 38   348 
32 39   318 
32 40   518 
32 41   805 
32 42   901 
32 43   710 
32 44   104 
32 45   359 
32 46   801 
32 47    23 
32 48    94 
32 49   190 
32 50   851 
32 51   153 
32 52   356 
32 53   509 
32 54   618 
32 55   845 
32 56   567 
32 57   846 
32 58   448 
32 59    64 
32 60   557 
32 61   573 
32 62   908 
32 63   376 
32 64   719 
32 65   953 
32 66   388 
32 67   126 
32 68   338 
32 69   584 
32 70   906 
32 71   384 
32 72    79 
32 73   540 
32 74   616 
32 75   745 
32 76   788 
32 77   339 
32 78   287 
32 79   622 
32 80   182 
32 81   549 
32 82   472 
32 83   519 
32 84   517 
32 85    84 
32 86   147 
32 87   642 
32 88   658 
32 89   472 
32 90   443 
32 91   192 
32 92   616 
32 93   143 
32 94   649 
32 95   543 
32 96   470 
32 97    89 
32 98   729 
32 99   903 
32 100   562 
33 35   220 
33 36   685 
33 37   849 
33 38   404 
33 39   296 
33 40   391 
33 41   354 
33 42   134 
33 43   109 
33 44   730 
33 45   723 
33 46   686 
33 47   625 
33 48   971 
33 49   352 
33 50   619 
33 51   570 
33 52   576 
33 53    95 
33 54   505 
33 55   742 
33 56   731 
33 57   885 
33 58   889 
33 59   653 
33 60   315 
33 61   170 
33 62   109 
33 63   619 
33 64   980 
33 65   628 
33 66   428 
33 67   362 
33 68    51 
33 69    72 
33 70   138 
33 71   216 
33 72   715 
33 73   501 
33 74   606 
33 75   534 
33 76   931 
33 77    24 
33 78    43 
33 79   286 
33 80    65 
33 81   472 
33 82   125 
33 83   446 
33 84   128 
33 85   104 
33 86   482 
33 87   390 
33 88   688 
33 89   195 
33 90     7 
33 91   132 
33 92   439 
33 93   991 
33 94   798 
33 95   555 
33 96   904 
33 97   191 
33 98   153 
33 99   809 
33 100   713 
34 36   673 
34 37   196 
34 38   888 
34 39   978 
34 40   568 
34 41   119 
34 42   649 
34 43   156 
34 44   457 
34 45   781 
34 46   769 
34 47   529 
34 48    26 
34 49   648 
34 50   599 
34 51   359 
34 52   938 
34 53   439 
34 54    78 
34 55   220 
34 56   192 
34 57     5 
34 58   195 
34 59   903 
34 60   863 
34 61   759 
34 62   806 
34 63    62 
34 64   750 
34 65   878 
34 66   792 
34 67   442 
34 68   332 
34 69   582 
34 70    83 
34 71   756 
34 72   360 
34 73   644 
34 74   803 
34 75   825 
34 76   579 
34 77   399 
34 78   575 
34 79   360 
34 80   136 
34 81     0 
34 82   608 
34 83   938 
34 84   677 
34 85   164 
34 86   914 
34 87   484 
34 88    96 
34 89    93 
34 90   170 
34 91   559 
34 92   291 
34 93   396 
34 94   769 
34 95   719 
34 96   766 
34 97   398 
34 98   592 
34 99   449 
34 100   383 
35 37   972 
35 38   274 
35 39   878 
35 40   776 
35 41   529 
35 42   163 
35 43   427 
35 44   777 
35 45   116 
35 46   222 
35 47   443 
35 48    66 
35 49   894 
35 50   570 
35 51   138 
35 52   793 
35 53   906 
35 54   622 
35 55   172 
35 56   822 
35 57   406 
35 58   860 
35 59   117 
35 60   249 
35 61   848 
35 62   621 
35 63   548 
35 64   384 
35 65   448 
35 66   903 
35 67   704 
35 68   497 
35 69   524 
35 70   477 
35 71   808 
35 72   923 
35 73   254 
35 74    23 
35 75   974 
35 76     0 
35 77   536 
35 78   370 
35 79   403 
35 80   230 
35 81   304 
35 82    62 
35 83   156 
35 84   275 
35 85   828 
35 86   905 
35 87   129 
35 88   736 
35 89   458 
35 90   165 
35 91   479 
35 92    58 
35 93   776 
35 94   518 
35 95   540 
35 96   810 
35 97    43 
35 98   983 
35 99   256 
35 100   681 
36 38   582 
36 39   464 
36 40   480 
36 41   167 
36 42   509 
36 43   103 
36 44   806 
36 45   660 
36 46   684 
36 47   188 
36 48   632 
36 49    46 
36 50   191 
36 51   507 
36 52   361 
36 53   863 
36 54   605 
36 55    21 
36 56   703 
36 57   464 
36 58   171 
36 59   927 
36 60    11 
36 61   379 
36 62    69 
36 63   259 
36 64   657 
36 65   468 
36 66   108 
36 67   468 
36 68   446 
36 69   555 
36 70   990 
36 71   268 
36 72   463 
36 73   297 
36 74   618 
36 75   227 
36 76   556 
36 77   740 
36 78   132 
36 79   433 
36 80   515 
36 81   556 
36 82    44 
36 83    24 
36 84   884 
36 85    85 
36 86   821 
36 87   909 
36 88   845 
36 89   947 
36 90     7 
36 91    56 
36 92   615 
36 93   168 
36 94   718 
36 95   410 
36 96   334 
36 97   924 
36 98   392 
36 99   849 
36 100   949 
37 39    13 
37 40   458 
37 41   258 
37 42   678 
37 43   265 
37 44   471 
37 45   894 
37 46     8 
37 47    42 
37 48   587 
37 49   497 
37 50    70 
37 51   312 
37 52   104 
37 53   819 
37 54   995 
37 55   875 
37 56   960 
37 57   317 
37 58    25 
37 59    43 
37 60   773 
37 61   206 
37 62   702 
37 63   435 
37 64    88 
37 65   424 
37 66   568 
37 67    60 
37 68   110 
37 69    69 
37 70   538 
37 71   447 
37 72   412 
37 73   121 
37 74   969 
37 75   692 
37 76   461 
37 77   844 
37 78   789 
37 79    56 
37 80   453 
37 81   991 
37 82   364 
37 83   237 
37 84   831 
37 85   798 
37 86   631 
37 87    88 
37 88   135 
37 89   859 
37 90   476 
37 91   415 
37 92   117 
37 93    80 
37 94    34 
37 95   118 
37 96    85 
37 97   652 
37 98   812 
37 99   634 
37 100    33 
38 40   995 
38 41   225 
38 42   340 
38 43   316 
38 44   909 
38 45   104 
38 46   325 
38 47   940 
38 48   333 
38 49    38 
38 50   125 
38 51   102 
38 52   588 
38 53   541 
38 54   835 
38 55   153 
38 56   594 
38 57   678 
38 58   646 
38 59   466 
38 60   449 
38 61   920 
38 62   446 
38 63   453 
38 64   732 
38 65   839 
38 66   503 
38 67    10 
38 68   637 
38 69   278 
38 70   696 
38 71   657 
38 72   519 
38 73   430 
38 74   768 
38 75   837 
38 76   412 
38 77   809 
38 78   994 
38 79   433 
38 80     1 
38 81   658 
38 82   662 
38 83   161 
38 84   950 
38 85    67 
38 86   869 
38 87   997 
38 88   763 
38 89   505 
38 90   215 
38 91   603 
38 92   943 
38 93   887 
38 94   953 
38 95   214 
38 96   412 
38 97   948 
38 98   487 
38 99   693 
38 100   205 
39 41   639 
39 42   745 
39 43   899 
39 44   282 
39 45   966 
39 46   423 
39 47   912 
39 48   606 
39 49   645 
39 50   196 
39 51   423 
39 52   899 
39 53   377 
39 54   150 
39 55   830 
39 56   636 
39 57   527 
39 58   413 
39 59   180 
39 60   549 
39 61   900 
39 62   962 
39 63   898 
39 64   527 
39 65   542 
39 66   877 
39 67   855 
39 68   997 
39 69   346 
39 70   929 
39 71   597 
39 72   498 
39 73   484 
39 74   619 
39 75   994 
39 76   781 
39 77   873 
39 78   132 
39 79   305 
39 80    76 
39 81    11 
39 82   196 
39 83   199 
39 84   730 
39 85   585 
39 86   969 
39 87    93 
39 88   766 
39 89   259 
39 90   318 
39 91     3 
39 92   596 
39 93   448 
39 94   945 
39 95   374 
39 96   173 
39 97   322 
39 98   938 
39 99   912 
39 100   435 
40 42   868 
40 43   174 
40 44   219 
40 45   375 
40 46    87 
40 47   247 
40 48   702 
40 49   527 
40 50   953 
40 51   336 
40 52   786 
40 53   525 
40 54   169 
40 55    68 
40 56   353 
40 57   785 
40 58   562 
40 59   808 
40 60   742 
40 61   378 
40 62   217 
40 63   657 
40 64    89 
40 65   540 
40 66   220 
40 67   386 
40 68   179 
40 69   754 
40 70   570 
40 71   502 
40 72   678 
40 73   135 
40 74   845 
40 75   652 
40 76   582 
40 77   663 
40 78   974 
40 79   112 
40 80    75 
40 81   968 
40 82   430 
40 83   438 
40 84   457 
40 85   586 
40 86   623 
40 87   304 
40 88   916 
40 89   764 
40 90   468 
40 91   634 
40 92   425 
40 93   652 
40 94   756 
40 95   720 
40 96   763 
40 97   552 
40 98   401 
40 99   822 
40 100   173 
41 43   192 
41 44   228 
41 45    16 
41 46   469 
41 47    53 
41 48   170 
41 49   143 
41 50   162 
41 51   141 
41 52   828 
41 53   632 
41 54   935 
41 55   132 
41 56   405 
41 57   784 
41 58   810 
41 59   778 
41 60   500 
41 61   430 
41 62   811 
41 63   523 
41 64   737 
41 65   132 
41 66   428 
41 67   940 
41 68   534 
41 69   324 
41 70   761 
41 71   444 
41 72   925 
41 73   800 
41 74     0 
41 75   367 
41 76   844 
41 77   915 
41 78   356 
41 79    25 
41 80   787 
41 81   259 
41 82   338 
41 83   125 
41 84   100 
41 85   632 
41 86   306 
41 87   827 
41 88   620 
41 89   749 
41 90   686 
41 91   892 
41 92   705 
41 93   343 
41 94   282 
41 95   130 
41 96   982 
41 97   603 
41 98   994 
41 99   329 
41 100   352 
42 44    55 
42 45   508 
42 46    38 
42 47   771 
42 48   252 
42 49   538 
42 50   716 
42 51   803 
42 52   691 
42 53   857 
42 54   802 
42 55   258 
42 56    82 
42 57   124 
42 58   837 
42 59   385 
42 60   995 
42 61   225 
42 62    90 
42 63   298 
42 64   477 
42 65   851 
42 66   205 
42 67   787 
42 68   891 
42 69   769 
42 70   634 
42 71   462 
42 72   627 
42 73   905 
42 74   933 
42 75   759 
42 76    83 
42 77   423 
42 78   829 
42 79   304 
42 80    21 
42 81   871 
42 82   155 
42 83   835 
42 84   496 
42 85   607 
42 86   530 
42 87   726 
42 88    68 
42 89   880 
42 90   417 
42 91   897 
42 92   136 
42 93   219 
42 94     3 
42 95   530 
42 96   171 
42 97   681 
42 98   944 
42 99   782 
42 100   524 
43 45   150 
43 46   772 
43 47    76 
43 48    79 
43 49   417 
43 50   738 
43 51   762 
43 52   334 
43 53   304 
43 54    22 
43 55   963 
43 56   651 
43 57   841 
43 58   434 
43 59   993 
43 60   409 
43 61   439 
43 62    53 
43 63   113 
43 64   958 
43 65   448 
43 66   417 
43 67   664 
43 68   852 
43 69   639 
43 70    94 
43 71   571 
43 72   448 
43 73   258 
43 74   828 
43 75   666 
43 76   303 
43 77   766 
43 78    34 
43 79    24 
43 80   445 
43 81   251 
43 82   589 
43 83    67 
43 84   103 
43 85   982 
43 86   942 
43 87   600 
43 88   670 
43 89   436 
43 90   647 
43 91   726 
43 92   417 
43 93   349 
43 94   716 
43 95   103 
43 96   788 
43 97   479 
43 98   722 
43 99   649 
43 100   579 
44 46   743 
44 47    23 
44 48   738 
44 49    29 
44 50   911 
44 51   765 
44 52   772 
44 53   361 
44 54   497 
44 55   884 
44 56   322 
44 57   264 
44 58   165 
44 59    29 
44 60   317 
44 61   848 
44 62   953 
44 63   641 
44 64   349 
44 65   364 
44 66   423 
44 67   185 
44 68   136 
44 69   776 
44 70   762 
44 71   467 
44 72   122 
44 73   283 
44 74   551 
44 75   638 
44 76   672 
44 77    26 
44 78    47 
44 79   112 
44 80   656 
44 81   870 
44 82    38 
44 83   366 
44 84   793 
44 85   486 
44 86   164 
44 87    72 
44 88   498 
44 89   216 
44 90   257 
44 91    19 
44 92   378 
44 93    31 
44 94   455 
44 95   981 
44 96   129 
44 97   568 
44 98   213 
44 99   784 
44 100   484 
45 47   564 
45 48   214 
45 49   389 
45 50   947 
45 51   480 
45 52   886 
45 53   198 
45 54   493 
45 55   435 
45 56   185 
45 57   611 
45 58   317 
45 59   302 
45 60   813 
45 61    15 
45 62   996 
45 63   723 
45 64   616 
45 65   725 
45 66   917 
45 67   838 
45 68    89 
45 69   633 
45 70   256 
45 71   296 
45 72   125 
45 73   702 
45 74   566 
45 75   480 
45 76   667 
45 77   624 
45 78   903 
45 79   341 
45 80   167 
45 81   585 
45 82   860 
45 83   350 
45 84   352 
45 85   972 
45 86   847 
45 87   960 
45 88   163 
45 89   936 
45 90   535 
45 91   740 
45 92   251 
45 93   908 
45 94    39 
45 95   712 
45 96   576 
45 97   739 
45 98   673 
45 99    52 
45 100   611 
46 48   552 
46 49   314 
46 50   709 
46 51   650 
46 52   831 
46 53   272 
46 54   728 
46 55   635 
46 56   224 
46 57   534 
46 58   630 
46 59   101 
46 60   679 
46 61   521 
46 62   278 
46 63   756 
46 64   612 
46 65   512 
46 66   528 
46 67   198 
46 68   702 
46 69    52 
46 70   769 
46 71   330 
46 72   941 
46 73   539 
46 74   698 
46 75   793 
46 76    23 
46 77   323 
46 78   149 
46 79   688 
46 80   702 
46 81   819 
46 82   242 
46 83   342 
46 84   501 
46 85   264 
46 86   646 
46 87   585 
46 88   182 
46 89    51 
46 90   532 
46 91   261 
46 92   998 
46 93   423 
46 94   777 
46 95   536 
46 96   547 
46 97   514 
46 98   426 
46 99   431 
46 100   777 
47 49   743 
47 50    99 
47 51    43 
47 52   304 
47 53   102 
47 54   422 
47 55   890 
47 56   755 
47 57   367 
47 58   203 
47 59   140 
47 60   670 
47 61   465 
47 62   969 
47 63   216 
47 64   157 
47 65   732 
47 66     6 
47 67   984 
47 68   885 
47 69   965 
47 70   572 
47 71   114 
47 72   774 
47 73   575 
47 74   459 
47 75   870 
47 76   256 
47 77   801 
47 78   106 
47 79   763 
47 80   488 
47 81   421 
47 82   748 
47 83   456 
47 84   283 
47 85   594 
47 86   706 
47 87   444 
47 88   173 
47 89   893 
47 90   655 
47 91   596 
47 92   706 
47 93   151 
47 94   267 
47 95   884 
47 96    10 
47 97   665 
47 98   625 
47 99   395 
47 100   528 
48 50   136 
48 51   369 
48 52   397 
48 53   129 
48 54   636 
48 55   547 
48 56   238 
48 57   884 
48 58   491 
48 59   251 
48 60     5 
48 61   865 
48 62   514 
48 63   571 
48 64   130 
48 65   204 
48 66   712 
48 67   364 
48 68   506 
48 69   802 
48 70   542 
48 71   555 
48 72   961 
48 73   728 
48 74   667 
48 75   547 
48 76   923 
48 77   250 
48 78   100 
48 79   791 
48 80    60 
48 81   926 
48 82   109 
48 83   918 
48 84   784 
48 85   937 
48 86   581 
48 87   160 
48 88   788 
48 89   720 
48 90   526 
48 91   584 
48 92   624 
48 93   269 
48 94   668 
48 95   540 
48 96    11 
48 97   432 
48 98   451 
48 99   505 
48 100   908 
49 51   637 
49 52   970 
49 53    33 
49 54   825 
49 55   923 
49 56   703 
49 57   581 
49 58   901 
49 59   593 
49 60   525 
49 61   293 
49 62   559 
49 63   875 
49 64    98 
49 65   286 
49 66   387 
49 67   854 
49 68    28 
49 69   318 
49 70    83 
49 71   895 
49 72   729 
49 73   753 
49 74   860 
49 75    59 
49 76   728 
49 77   331 
49 78    10 
49 79   327 
49 80   126 
49 81   258 
49 82   259 
49 83   588 
49 84   825 
49 85   568 
49 86   721 
49 87   842 
49 88   757 
49 89   889 
49 90   816 
49 91   991 
49 92   836 
49 93   520 
49 94    22 
49 95   268 
49 96   961 
49 97   553 
49 98   275 
49 99   217 
49 100   524 
50 52   379 
50 53    99 
50 54   464 
50 55   818 
50 56    95 
50 57   909 
50 58   885 
50 59   740 
50 60    56 
50 61   176 
50 62   318 
50 63   982 
50 64   874 
50 65    53 
50 66    55 
50 67   888 
50 68   266 
50 69    78 
50 70    53 
50 71   847 
50 72   226 
50 73   974 
50 74   651 
50 75    96 
50 76   341 
50 77   984 
50 78   354 
50 79   121 
50 80   104 
50 81    29 
50 82   213 
50 83    38 
50 84   131 
50 85   454 
50 86   267 
50 87   531 
50 88   973 
50 89   898 
50 90   318 
50 91   285 
50 92   732 
50 93   973 
50 94   540 
50 95   455 
50 96   180 
50 97   465 
50 98   616 
50 99   328 
50 100   742 
51 53   214 
51 54    31 
51 55   945 
51 56    82 
51 57   356 
51 58   265 
51 59    12 
51 60   557 
51 61   146 
51 62   403 
51 63   717 
51 64   259 
51 65   111 
51 66   785 
51 67   354 
51 68   559 
51 69   339 
51 70   313 
51 71    66 
51 72   523 
51 73   757 
51 74    71 
51 75   859 
51 76   423 
51 77   973 
51 78   761 
51 79    77 
51 80   189 
51 81   321 
51 82   494 
51 83   136 
51 84   877 
51 85   598 
51 86   585 
51 87   114 
51 88   102 
51 89   619 
51 90   220 
51 91   242 
51 92   376 
51 93   509 
51 94   140 
51 95   228 
51 96    13 
51 97   254 
51 98   427 
51 99   449 
51 100   795 
52 54   776 
52 55   424 
52 56   410 
52 57   469 
52 58   861 
52 59    77 
52 60   586 
52 61   668 
52 62   158 
52 63   760 
52 64   299 
52 65     1 
52 66   195 
52 67   192 
52 68   340 
52 69   576 
52 70   166 
52 71   229 
52 72   972 
52 73   397 
52 74   533 
52 75    90 
52 76   555 
52 77   580 
52 78   954 
52 79   847 
52 80   837 
52 81   115 
52 82   833 
52 83   297 
52 84   111 
52 85   453 
52 86   776 
52 87   650 
52 88   349 
52 89    17 
52 90   562 
52 91    54 
52 92   881 
52 93   661 
52 94   938 
52 95   994 
52 96   290 
52 97     6 
52 98   280 
52 99     4 
52 100   404 
53 55   781 
53 56   860 
53 57   623 
53 58   581 
53 59   775 
53 60   328 
53 61   513 
53 62   974 
53 63   732 
53 64   426 
53 65   972 
53 66   167 
53 67   885 
53 68   932 
53 69   436 
53 70   444 
53 71   637 
53 72   654 
53 73   679 
53 74   757 
53 75   561 
53 76     4 
53 77   365 
53 78   336 
53 79   928 
53 80   886 
53 81   973 
53 82   489 
53 83   804 
53 84   252 
53 85   311 
53 86   730 
53 87   836 
53 88   228 
53 89    20 
53 90   725 
53 91   588 
53 92   871 
53 93   797 
53 94   719 
53 95   510 
53 96   409 
53 97   911 
53 98   584 
53 99   656 
53 100   518 
54 56   558 
54 57   810 
54 58   874 
54 59   537 
54 60   253 
54 61    82 
54 62   967 
54 63   147 
54 64   725 
54 65   329 
54 66   633 
54 67   512 
54 68   795 
54 69   525 
54 70   464 
54 71   580 
54 72   559 
54 73   272 
54 74   791 
54 75   510 
54 76   659 
54 77   128 
54 78   774 
54 79    15 
54 80   751 
54 81   656 
54 82   331 
54 83   433 
54 84   419 
54 85   402 
54 86   892 
54 87   640 
54 88   858 
54 89   802 
54 90   640 
54 91   413 
54 92   852 
54 93   171 
54 94   590 
54 95   674 
54 96   200 
54 97   905 
54 98   158 
54 99   436 
54 100   964 
55 57   538 
55 58   988 
55 59   620 
55 60   205 
55 61   547 
55 62    43 
55 63   177 
55 64   205 
55 65   700 
55 66   833 
55 67   631 
55 68    26 
55 69   166 
55 70   653 
55 71     2 
55 72   330 
55 73   379 
55 74    44 
55 75   745 
55 76   138 
55 77   494 
55 78   427 
55 79   880 
55 80   126 
55 81   511 
55 82   915 
55 83   987 
55 84   158 
55 85   873 
55 86   873 
55 87   101 
55 88   415 
55 89   335 
55 90   259 
55 91   617 
55 92   410 
55 93    21 
55 94   854 
55 95   773 
55 96   883 
55 97   817 
55 98   690 
55 99   135 
55 100    86 
56 58   613 
56 59   612 
56 60   314 
56 61   940 
56 62   270 
56 63   655 
56 64   833 
56 65   110 
56 66   164 
56 67   813 
56 68   422 
56 69   873 
56 70   992 
56 71   601 
56 72   163 
56 73    67 
56 74   906 
56 75   573 
56 76   904 
56 77   544 
56 78   720 
56 79   767 
56 80   104 
56 81   801 
56 82   537 
56 83   816 
56 84   871 
56 85   922 
56 86   317 
56 87   236 
56 88   538 
56 89   679 
56 90   837 
56 91   319 
56 92   340 
56 93   328 
56 94    10 
56 95   404 
56 96   335 
56 97   319 
56 98   934 
56 99   139 
56 100   763 
57 59   181 
57 60   841 
57 61   897 
57 62    98 
57 63   483 
57 64   840 
57 65   615 
57 66   239 
57 67   482 
57 68   614 
57 69   752 
57 70   857 
57 71   475 
57 72   247 
57 73   656 
57 74   682 
57 75   880 
57 76     9 
57 77   928 
57 78   420 
57 79   553 
57 80   726 
57 81   113 
57 82   110 
57 83   400 
57 84   119 
57 85   908 
57 86   649 
57 87   813 
57 88   834 
57 89   514 
57 90   257 
57 91   758 
57 92   422 
57 93   554 
57 94   103 
57 95   660 
57 96   556 
57 97   587 
57 98   817 
57 99   841 
57 100   308 
58 60   580 
58 61   341 
58 62   138 
58 63   823 
58 64   763 
58 65   708 
58 66   784 
58 67   593 
58 68   647 
58 69   641 
58 70   664 
58 71   499 
58 72   727 
58 73   455 
58 74   476 
58 75   357 
58 76   978 
58 77   321 
58 78   500 
58 79   921 
58 80   312 
58 81    64 
58 82   373 
58 83   186 
58 84   192 
58 85   464 
58 86   629 
58 87   995 
58 88   466 
58 89   616 
58 90   816 
58 91   761 
58 92   390 
58 93   229 
58 94   990 
58 95   884 
58 96   137 
58 97   338 
58 98   119 
58 99   289 
58 100   791 
59 61   553 
59 62   271 
59 63   281 
59 64   446 
59 65   805 
59 66   293 
59 67   605 
59 68   324 
59 69   230 
59 70   583 
59 71   141 
59 72   846 
59 73   991 
59 74   236 
59 75   415 
59 76   331 
59 77   717 
59 78   249 
59 79   830 
59 80   567 
59 81   962 
59 82   540 
59 83    47 
59 84   853 
59 85   542 
59 86   147 
59 87   635 
59 88   124 
59 89   410 
59 90   499 
59 91   520 
59 92   406 
59 93    92 
59 94   325 
59 95   453 
59 96   463 
59 97   556 
59 98   861 
59 99   565 
59 100   177 
60 62   232 
60 63   740 
60 64    12 
60 65   847 
60 66   243 
60 67   298 
60 68   107 
60 69    40 
60 70   958 
60 71   516 
60 72   164 
60 73   638 
60 74    78 
60 75   628 
60 76   169 
60 77   251 
60 78    76 
60 79    72 
60 80   825 
60 81   812 
60 82   547 
60 83   618 
60 84   897 
60 85   297 
60 86   259 
60 87   877 
60 88   614 
60 89     8 
60 90   229 
60 91   202 
60 92   508 
60 93   289 
60 94   651 
60 95   242 
60 96    83 
60 97   778 
60 98   388 
60 99   738 
60 100   686 
61 63   955 
61 64   777 
61 65   962 
61 66   802 
61 67   263 
61 68    61 
61 69   251 
61 70   265 
61 71   898 
61 72   758 
61 73   187 
61 74   556 
61 75   456 
61 76   750 
61 77   780 
61 78   378 
61 79   601 
61 80   428 
61 81    11 
61 82   402 
61 83   615 
61 84   526 
61 85   934 
61 86   308 
61 87   656 
61 88   293 
61 89   634 
61 90   404 
61 91   290 
61 92   388 
61 93   294 
61 94   448 
61 95   364 
61 96   756 
61 97   100 
61 98   465 
61 99   671 
61 100   490 
62 64   522 
62 65   681 
62 66   963 
62 67   515 
62 68   717 
62 69   639 
62 70   304 
62 71   140 
62 72   208 
62 73   329 
62 74   444 
62 75   320 
62 76   168 
62 77   502 
62 78   214 
62 79   348 
62 80    89 
62 81   505 
62 82   467 
62 83   501 
62 84   510 
62 85   227 
62 86   975 
62 87   725 
62 88   871 
62 89    64 
62 90   513 
62 91   284 
62 92   126 
62 93   655 
62 94   882 
62 95    38 
62 96   747 
62 97   721 
62 98    80 
62 99   898 
62 100   265 
63 65   669 
63 66   473 
63 67   905 
63 68   954 
63 69   618 
63 70   369 
63 71   776 
63 72   976 
63 73   417 
63 74   306 
63 75   275 
63 76    54 
63 77   453 
63 78   402 
63 79   122 
63 80   215 
63 81    83 
63 82   263 
63 83   918 
63 84   676 
63 85   619 
63 86   540 
63 87   497 
63 88   324 
63 89    18 
63 90   473 
63 91   159 
63 92   556 
63 93   169 
63 94   249 
63 95   326 
63 96    68 
63 97   323 
63 98   338 
63 99   248 
63 100   619 
64 66   104 
64 67   195 
64 68   682 
64 69    60 
64 70   663 
64 71   803 
64 72   381 
64 73   333 
64 74   653 
64 75   365 
64 76   198 
64 77   415 
64 78   454 
64 79   890 
64 80   900 
64 81   143 
64 82    57 
64 83   730 
64 84    58 
64 85   456 
64 86   596 
64 87   960 
64 88   508 
64 89   634 
64 90   939 
64 91   554 
64 92   262 
64 93    10 
64 94   217 
64 95   710 
64 96   210 
64 97   808 
64 98   633 
64 99   127 
64 100   613 
65 67   316 
65 68   811 
65 69   873 
65 70   527 
65 71   845 
65 72   923 
65 73   188 
65 74   199 
65 75   226 
65 76   552 
65 77   408 
65 78   851 
65 79   900 
65 80    93 
65 81   254 
65 82   587 
65 83   615 
65 84   429 
65 85   536 
65 86   537 
65 87   139 
65 88   537 
65 89   810 
65 90    14 
65 91   865 
65 92   446 
65 93   200 
65 94   862 
65 95   359 
65 96   239 
65 97   111 
65 98   178 
65 99    72 
65 100    93 
66 68   863 
66 69   204 
66 70   638 
66 71   310 
66 72    69 
66 73   705 
66 74   894 
66 75    74 
66 76   574 
66 77   211 
66 78   375 
66 79   105 
66 80   923 
66 81   336 
66 82   510 
66 83   207 
66 84   826 
66 85   242 
66 86   219 
66 87   810 
66 88    13 
66 89   119 
66 90   509 
66 91   842 
66 92   775 
66 93   315 
66 94   447 
66 95   987 
66 96   717 
66 97   483 
66 98   285 
66 99   882 
66 100   672 
67 69   469 
67 70   376 
67 71   946 
67 72   714 
67 73   191 
67 74   197 
67 75   293 
67 76   448 
67 77   284 
67 78   270 
67 79   824 
67 80   801 
67 81   713 
67 82   348 
67 83   422 
67 84   854 
67 85   749 
67 86    28 
67 87   422 
67 88   228 
67 89   366 
67 90   484 
67 91   610 
67 92   846 
67 93   628 
67 94   824 
67 95   375 
67 96   421 
67 97   219 
67 98   648 
67 99   210 
67 100    93 
68 70   849 
68 71   668 
68 72   827 
68 73   933 
68 74   263 
68 75   970 
68 76   415 
68 77   564 
68 78   183 
68 79   937 
68 80   320 
68 81   667 
68 82   228 
68 83    22 
68 84   400 
68 85   412 
68 86   234 
68 87   781 
68 88   227 
68 89   732 
68 90   656 
68 91   680 
68 92   435 
68 93   756 
68 94   745 
68 95   688 
68 96   663 
68 97   931 
68 98   579 
68 99   276 
68 100   186 
69 71   750 
69 72   947 
69 73    27 
69 74   130 
69 75   968 
69 76     5 
69 77   579 
69 78   237 
69 79   607 
69 80   911 
69 81   300 
69 82   877 
69 83    46 
69 84   445 
69 85   863 
69 86   743 
69 87   363 
69 88    30 
69 89   210 
69 90    46 
69 91   648 
69 92   692 
69 93   464 
69 94   424 
69 95   580 
69 96   612 
69 97   983 
69 98   345 
69 99   313 
69 100   212 
70 72   449 
70 73   167 
70 74    95 
70 75   761 
70 76   616 
70 77   619 
70 78   438 
70 79   549 
70 80     1 
70 81   839 
70 82   201 
70 83   874 
70 84    61 
70 85    38 
70 86   357 
70 87   211 
70 88   373 
70 89   994 
70 90   283 
70 91   841 
70 92   334 
70 93   942 
70 94   225 
70 95   962 
70 96   520 
70 97   331 
70 98   389 
70 99   295 
70 100    57 
71 73   793 
71 74   634 
71 75   150 
71 76   231 
71 77   226 
71 78   897 
71 79   876 
71 80    39 
71 81   624 
71 82   714 
71 83   481 
71 84   225 
71 85   980 
71 86   180 
71 87   221 
71 88   684 
71 89   226 
71 90   732 
71 91   652 
71 92   316 
71 93    15 
71 94   450 
71 95   693 
71 96   673 
71 97   704 
71 98   702 
71 99   589 
71 100   923 
72 74   739 
72 75   416 
72 76   143 
72 77   525 
72 78   571 
72 79   482 
72 80   218 
72 81   611 
72 82   184 
72 83   363 
72 84    99 
72 85   887 
72 86   907 
72 87   878 
72 88   579 
72 89     2 
72 90   535 
72 91   331 
72 92   733 
72 93   243 
72 94   783 
72 95   804 
72 96   662 
72 97   995 
72 98   563 
72 99   828 
72 100   420 
73 75    43 
73 76   464 
73 77    82 
73 78   308 
73 79   276 
73 80    28 
73 81   577 
73 82   929 
73 83   413 
73 84   375 
73 85   254 
73 86   953 
73 87   478 
73 88   319 
73 89   616 
73 90   637 
73 91   886 
73 92   787 
73 93   557 
73 94   460 
73 95   333 
73 96   645 
73 97    35 
73 98   553 
73 99   803 
73 100   931 
74 76   534 
74 77   181 
74 78   740 
74 79   900 
74 80   973 
74 81    61 
74 82   474 
74 83   105 
74 84   447 
74 85   158 
74 86   519 
74 87   679 
74 88   740 
74 89   423 
74 90    83 
74 91   192 
74 92   144 
74 93   702 
74 94   993 
74 95   930 
74 96   957 
74 97   775 
74 98   966 
74 99   223 
74 100   967 
75 77   499 
75 78   188 
75 79   931 
75 80   262 
75 81   723 
75 82   680 
75 83   492 
75 84   780 
75 85    81 
75 86   446 
75 87   537 
75 88   934 
75 89   819 
75 90   119 
75 91   887 
75 92   757 
75 93   518 
75 94   251 
75 95   695 
75 96   854 
75 97   658 
75 98   755 
75 99   658 
75 100   900 
76 78   722 
76 79   123 
76 80   991 
76 81   826 
76 82    85 
76 83   711 
76 84   642 
76 85   911 
76 86   292 
76 87   401 
76 88   202 
76 89   862 
76 90    98 
76 91   472 
76 92   875 
76 93   164 
76 94   854 
76 95   513 
76 96   926 
76 97   999 
76 98   694 
76 99   832 
76 100   363 
77 79   703 
77 80   499 
77 81   659 
77 82   971 
77 83   343 
77 84   469 
77 85   425 
77 86   485 
77 87   371 
77 88   387 
77 89   651 
77 90   856 
77 91   205 
77 92   638 
77 93   265 
77 94   419 
77 95   279 
77 96   692 
77 97   690 
77 98   868 
77 99   774 
77 100   609 
78 80   217 
78 81   728 
78 82   405 
78 83   976 
78 84    59 
78 85   987 
78 86   963 
78 87   687 
78 88    35 
78 89   818 
78 90   956 
78 91   891 
78 92   118 
78 93   613 
78 94   821 
78 95   875 
78 96   219 
78 97   452 
78 98   478 
78 99    60 
78 100   866 
79 81   355 
79 82   692 
79 83   121 
79 84    63 
79 85   973 
79 86   728 
79 87   996 
79 88   953 
79 89   263 
79 90   331 
79 91   789 
79 92   579 
79 93    46 
79 94   473 
79 95   494 
79 96   150 
79 97   686 
79 98   927 
79 99   344 
79 100   682 
80 82   120 
80 83   223 
80 84   209 
80 85   539 
80 86   523 
80 87   148 
80 88   239 
80 89   813 
80 90   894 
80 91   978 
80 92   171 
80 93    26 
80 94   112 
80 95   945 
80 96   928 
80 97    44 
80 98   210 
80 99   605 
80 100    96 
81 83   211 
81 84   911 
81 85   213 
81 86   102 
81 87   247 
81 88   753 
81 89   103 
81 90   628 
81 91   622 
81 92   167 
81 93   748 
81 94   297 
81 95   950 
81 96   249 
81 97   451 
81 98   498 
81 99   800 
81 100   670 
82 84   276 
82 85   975 
82 86    34 
82 87   987 
82 88   984 
82 89   271 
82 90   398 
82 91   372 
82 92   380 
82 93   859 
82 94   506 
82 95   542 
82 96   335 
82 97   720 
82 98   533 
82 99   172 
82 100   825 
83 85   485 
83 86   368 
83 87   327 
83 88   641 
83 89   225 
83 90   914 
83 91   882 
83 92   582 
83 93   731 
83 94   846 
83 95   911 
83 96   748 
83 97   212 
83 98   397 
83 99   772 
83 100   585 
84 86   340 
84 87   507 
84 88   824 
84 89    19 
84 90   310 
84 91   285 
84 92   147 
84 93    99 
84 94   613 
84 95   685 
84 96   614 
84 97   270 
84 98   373 
84 99    36 
84 100   293 
85 87   792 
85 88    48 
85 89   996 
85 90   864 
85 91   920 
85 92    20 
85 93   158 
85 94   109 
85 95   102 
85 96   595 
85 97   878 
85 98   756 
85 99    10 
85 100   528 
86 88    15 
86 89   813 
86 90   698 
86 91   420 
86 92   239 
86 93   264 
86 94    74 
86 95   468 
86 96   800 
86 97   859 
86 98   369 
86 99   249 
86 100   667 
87 89   729 
87 90   303 
87 91   145 
87 92   979 
87 93   716 
87 94   957 
87 95   629 
87 96   316 
87 97   809 
87 98   842 
87 99   743 
87 100   162 
88 90   155 
88 91   217 
88 92   585 
88 93   486 
88 94    68 
88 95   858 
88 96   605 
88 97   615 
88 98   299 
88 99   137 
88 100    17 
89 91   838 
89 92   283 
89 93   597 
89 94   468 
89 95   988 
89 96   219 
89 97   701 
89 98   809 
89 99   716 
89 100   839 
90 92   163 
90 93   853 
90 94   681 
90 95   261 
90 96     0 
90 97   750 
90 98   375 
90 99   908 
90 100   205 
91 93   488 
91 94   480 
91 95   973 
91 96   319 
91 97   482 
91 98   240 
91 99    53 
91 100   733 
92 94   300 
92 95   313 
92 96   410 
92 97   692 
92 98   536 
92 99   493 
92 100   129 
93 95   934 
93 96   698 
93 97   976 
93 98   143 
93 99   182 
93 100   906 
94 96    52 
94 97   286 
94 98   868 
94 99   906 
94 100   500 
95 97   193 
95 98   883 
95 99   990 
95 100   823 
96 98   459 
96 99   755 
96 100   294 
97 99   999 
97 100   720 
98 100   320 
0 
0 
0 
0 
0 
0 
0 
0 
0 
0 
0 
0 
0 
0 
0 
0 
0 
0 
0 
0 
0 
0 
0 
0 
0 
0 
0 
0 
0 
0 
0 
0 
0 
0 
0 
0 
0 
0 
0 
0 
0 
0 
0 
0 
0 
0 
0 
0 
0 
0 
0 
0 
0 
0 
0 
0 
0 
0 
0 
0 
0 
0 
0 
0 
0 
0 
0 
0 
0 
0 
0 
0 
0 
0 
0 
0 
0 
0 
0 
0 
0 
0 
0 
0 
0 
0 
0 
0 
0 
0 
0 
0 
0 
0 
0 
0 
0 
0 
0 
0 
  587   344 
  986   127 
  248   495 
  945   917 
  487   294 
   12   477 
  879   276 
  513   205 
  868   532 
  666   168 
  656   807 
  710    51 
  436    61 
  867   815 
  576   247 
   83   276 
  560   505 
  739   267 
  599   843 
  917   482 
  703   130 
  625   143 
  882   636 
  863   910 
   79   379 
  576   423 
  492   837 
  534   277 
  123   458 
  981   681 
   78   261 
  854   989 
  130   471 
  668   759 
  263    87 
  301   680 
  619   676 
  624   259 
  805   287 
  878   877 
  986   718 
  137   452 
  289   427 
  191   470 
  336   362 
  346   207 
  152    93 
  911    12 
  163   770 
  938   950 
  106   642 
  739   177 
  665   185 
   35   514 
  517   862 
  358   233 
  971   717 
  405   493 
  203   929 
  755   969 
  642    93 
   30   941 
  340   778 
  894   401 
  879   121 
  759   709 
  105   863 
  991   316 
  514   350 
  943   868 
  101   444 
  735   786 
  788   972 
   29   467 
    2   619 
  836   679 
  611   841 
  320   536 
  256   198 
  866    84 
  313   109 
  877   936 
  542   444 
  101   132 
  999   641 
  564   855 
  950    86 
  550   580 
  226   370 
   61    70 
   23   451 
  719   562 
  595   866 
  480   325 
  668   803 
  453   308 
  755   582 
  167   380 
  202   460 
  351   678 
