80 1175 
1 41   821 
1 42   316 
2 42   813 
2 43   162 
3 43   272 
3 44   214 
4 44   657 
4 45   479 
5 45   407 
5 46   248 
6 46   182 
6 47   685 
7 47   679 
7 48   380 
8 48   362 
8 49   828 
9 49   922 
9 50   648 
10 50   492 
10 51   195 
11 51   545 
11 52   796 
12 52   215 
12 53   437 
13 53   538 
13 54   962 
14 54   272 
14 55    81 
15 55   928 
15 56   159 
16 56   975 
16 57    13 
17 57   353 
17 58   922 
18 58   239 
18 59   276 
19 59   858 
19 60   201 
20 60   679 
20 61   747 
21 61   310 
21 62   371 
22 62   282 
22 63   293 
23 63   951 
23 64   366 
24 64   617 
24 65   480 
25 65   381 
25 66    73 
26 66   575 
26 67   834 
27 67   106 
27 68   511 
28 68   277 
28 69   642 
29 69   523 
29 70   769 
30 70   587 
30 71   438 
31 71   466 
31 72   852 
32 72   820 
32 73   607 
33 73   502 
33 74   197 
34 74    51 
34 75   965 
35 75   815 
35 76   825 
36 76   194 
36 77   261 
37 77   874 
37 78   686 
38 78    22 
38 79    46 
39 79   366 
39 80   226 
40 80    87 
1 43   542 
1 44   329 
1 45    20 
1 46   264 
1 48   236 
1 49   392 
1 51   522 
1 52   264 
1 53   330 
1 54   283 
1 57   318 
1 58   172 
1 59   375 
1 60   532 
1 61   316 
1 62   277 
1 63   148 
1 64   522 
1 65   414 
1 66   188 
1 68    73 
1 70   664 
1 71   541 
1 72   386 
1 73   526 
1 75   682 
1 76   152 
1 78   298 
1 79    81 
1 80   598 
2 41   380 
2 44   616 
2 45   494 
2 46   317 
2 47   683 
2 49   207 
2 50     0 
2 51   146 
2 52   625 
2 53    63 
2 54   298 
2 55   214 
2 56   317 
2 57   687 
2 58    91 
2 59   163 
2 61   105 
2 62   566 
2 63   221 
2 64   463 
2 65   679 
2 69   489 
2 71   570 
2 73   274 
2 74   232 
2 75   474 
2 76    41 
2 77   651 
2 78   630 
2 80   562 
3 41    89 
3 42   341 
3 45   608 
3 46   538 
3 48   651 
3 50   119 
3 51   408 
3 52   467 
3 53   380 
3 55    26 
3 56     0 
3 58   153 
3 60   138 
3 61   403 
3 62   456 
3 63   685 
3 64   106 
3 65   144 
3 66   483 
3 68   518 
3 69   388 
3 70   274 
3 71   282 
3 72   492 
3 73   108 
3 74    73 
3 75   143 
3 76   596 
3 77   220 
3 79   636 
3 80   614 
4 41   243 
4 42    33 
4 46    74 
4 47   152 
4 48   472 
4 50   672 
4 51   384 
4 52   520 
4 53   555 
4 54    54 
4 55   355 
4 56   207 
4 58   425 
4 59   353 
4 61   662 
4 62   478 
4 64   411 
4 65   511 
4 67   634 
4 69   232 
4 70     9 
4 71   498 
4 72   407 
4 74   463 
4 75    47 
4 76   586 
4 77   584 
4 78   549 
4 79   409 
4 80   373 
5 41   184 
5 42    72 
5 43   677 
5 44    79 
5 47   290 
5 48   324 
5 49   163 
5 51    56 
5 52   298 
5 53   492 
5 54   240 
5 55   361 
5 57   428 
5 58   523 
5 59    89 
5 61   559 
5 64    92 
5 65   572 
5 66   671 
5 69   115 
5 70   492 
5 71   349 
5 72    76 
5 73   657 
5 76   419 
5 77   440 
5 78   189 
5 79   376 
5 80   286 
6 42   528 
6 44    40 
6 45   511 
6 50   518 
6 51   650 
6 52   259 
6 53   649 
6 55   390 
6 58   661 
6 59   393 
6 62   578 
6 63   587 
6 64   392 
6 65    75 
6 66   651 
6 67    55 
6 68   443 
6 69    94 
6 71   554 
6 74   474 
6 76   410 
6 77   181 
6 80   560 
7 41   454 
7 42   379 
7 43   129 
7 45   697 
7 49    98 
7 50   218 
7 51   134 
7 54   582 
7 55   518 
7 56   518 
7 57   619 
7 58   580 
7 59    37 
7 60    16 
7 61   254 
7 62   562 
7 63   633 
7 64   604 
7 67   323 
7 68   413 
7 69   111 
7 71    24 
7 73   282 
7 74   551 
7 75   362 
7 77   669 
7 78   506 
7 79   345 
7 80     8 
8 43   671 
8 44    60 
8 45   283 
8 50   636 
8 51   474 
8 52   137 
8 53   140 
8 54   459 
8 55   289 
8 57    46 
8 58    89 
8 59   232 
8 60   192 
8 62   617 
8 63   245 
8 64   428 
8 65   376 
8 66   546 
8 67    90 
8 68   192 
8 69   482 
8 70   250 
8 71   500 
8 72   135 
8 73   126 
8 74   436 
8 76   436 
8 77   301 
8 78    15 
9 41   191 
9 42   215 
9 43   106 
9 44     9 
9 46   411 
9 47   126 
9 48   363 
9 52   111 
9 54   605 
9 55   433 
9 56   145 
9 58    46 
9 60   171 
9 61   613 
9 62   495 
9 63   576 
9 64    32 
9 66   602 
9 68   526 
9 69   570 
9 70    58 
9 71   570 
9 73   288 
9 74   486 
9 75   404 
9 76   415 
9 77   433 
9 79    71 
9 80   517 
10 42   581 
10 43   640 
10 44   400 
10 45    44 
10 46   232 
10 47   366 
10 48   505 
10 49   383 
10 52    52 
10 55   204 
10 57   309 
10 59   588 
10 61   431 
10 62   199 
10 64   398 
10 65    95 
10 66   360 
10 67   255 
10 68   272 
10 69   497 
10 70    21 
10 71   577 
10 72   324 
10 73   506 
10 74   239 
10 75   644 
10 76   422 
10 77   100 
10 79    36 
11 42    55 
11 43   500 
11 44   443 
11 46    92 
11 47   691 
11 49    96 
11 50   247 
11 53   637 
11 55   579 
11 56   110 
11 58   658 
11 59   100 
11 60   686 
11 63   613 
11 64   215 
11 65   169 
11 66    44 
11 67   438 
11 70   560 
11 71   447 
11 72    62 
11 73   208 
11 75   402 
11 76   650 
11 77   663 
11 78   495 
11 79   548 
11 80    99 
12 44   257 
12 45   643 
12 47   692 
12 48   227 
12 49   676 
12 50   504 
12 51   590 
12 54   479 
12 56   544 
12 58   365 
12 59   452 
12 61   167 
12 62   153 
12 64   583 
12 66    28 
12 67    23 
12 68   680 
12 69   587 
12 71   502 
12 72   680 
12 73   638 
12 74   571 
12 75   427 
12 76   122 
12 77   115 
12 78   339 
12 79   414 
13 43   432 
13 44   186 
13 45   591 
13 46   658 
13 49   658 
13 50    16 
13 51   217 
13 52   462 
13 55   470 
13 56   264 
13 58   675 
13 60    22 
13 63    94 
13 64   640 
13 67   209 
13 76   652 
13 77   454 
13 80   569 
14 41   309 
14 42   533 
14 46   378 
14 47   140 
14 48   662 
14 49   544 
14 50   306 
14 51   314 
14 52   656 
14 53   184 
14 56    98 
14 57   517 
14 59   120 
14 60   166 
14 61   435 
14 62   249 
14 64   605 
14 65   621 
14 67   678 
14 68   542 
14 69   419 
14 70   252 
14 74   226 
14 76   600 
14 77   150 
14 78   522 
15 41   435 
15 42   653 
15 43   241 
15 44   663 
15 45   664 
15 46   255 
15 48   468 
15 50    38 
15 51   463 
15 53    95 
15 54   377 
15 58    37 
15 59   557 
15 61   663 
15 62   679 
15 63     4 
15 64   309 
15 66   616 
15 67   344 
15 68   289 
15 69   690 
15 71   353 
15 72   544 
15 74   277 
15 75   586 
15 76    31 
15 77    88 
15 78    50 
15 79   583 
15 80    96 
16 42   292 
16 43   295 
16 44    20 
16 45   442 
16 46   479 
16 47   677 
16 48   622 
16 52   449 
16 53   198 
16 58   395 
16 59   607 
16 61   630 
16 63   328 
16 65   606 
16 66   131 
16 67   363 
16 68   437 
16 69   542 
16 70   393 
16 71    37 
16 72    82 
16 73   162 
16 74   601 
16 75   197 
16 76   398 
16 77   242 
16 79   619 
16 80    99 
17 41    32 
17 42   343 
17 44   204 
17 46   583 
17 47   271 
17 48   255 
17 50   543 
17 51   233 
17 52   379 
17 54   104 
17 55   379 
17 56   298 
17 59   624 
17 60   374 
17 61   162 
17 62    16 
17 63   648 
17 64   435 
17 65    29 
17 66   397 
17 68    87 
17 69   431 
17 70   618 
17 71    63 
17 74    99 
17 75   317 
17 76   294 
17 78    91 
17 79   175 
17 80   341 
18 42   520 
18 44   348 
18 45   315 
18 46   450 
18 47   171 
18 48   419 
18 49   122 
18 50    73 
18 51   521 
18 52   119 
18 53   103 
18 55   671 
18 56    69 
18 60   529 
18 61   563 
18 62   152 
18 63   343 
18 64   379 
18 65    64 
18 66   311 
18 67     7 
18 68   613 
18 69   596 
18 70   107 
18 71   239 
18 73   628 
18 74   542 
18 75   133 
18 76   562 
18 78   243 
18 79    71 
18 80   648 
19 43    96 
19 44   446 
19 45   529 
19 48   291 
19 49   156 
19 51   182 
19 52   234 
19 53   118 
19 54    84 
19 55    57 
19 56   226 
19 57   253 
19 58   169 
19 61   541 
19 63   184 
19 65   664 
19 67   433 
19 68   509 
19 69   328 
19 72   455 
19 73   561 
19 74   145 
19 79   582 
19 80   525 
20 41   373 
20 42    68 
20 43   388 
20 47   418 
20 49   125 
20 50   655 
20 52    22 
20 53    17 
20 54    75 
20 56   381 
20 57   385 
20 59   522 
20 62   159 
20 63   339 
20 64   154 
20 67   183 
20 68   285 
20 69   348 
20 70    23 
20 71   617 
20 72   115 
20 73   604 
20 74    35 
20 77   180 
20 78    64 
20 79   690 
20 80   577 
21 42   168 
21 43   128 
21 44   658 
21 45   453 
21 46   156 
21 47   267 
21 48   194 
21 49   363 
21 50   450 
21 52   123 
21 53   548 
21 54   599 
21 55   459 
21 58    21 
21 60   659 
21 63   305 
21 64   624 
21 65   412 
21 68   208 
21 69   360 
21 71   202 
21 72   194 
21 73    95 
21 76   145 
21 77   342 
21 78   670 
21 79    47 
21 80    66 
22 42    64 
22 43   685 
22 44   506 
22 45    26 
22 46    37 
22 47   673 
22 48   512 
22 50   608 
22 52   386 
22 53   218 
22 54   235 
22 61   363 
22 64   210 
22 65   560 
22 66   330 
22 67   333 
22 70    56 
22 71    49 
22 73   361 
22 75    28 
22 77   393 
22 79   624 
22 80   557 
23 41   415 
23 42   603 
23 44   286 
23 45   579 
23 47    98 
23 49    91 
23 50   219 
23 51   304 
23 53   465 
23 54   328 
23 55   669 
23 57   125 
23 58   631 
23 59   507 
23 60   656 
23 61   291 
23 65   263 
23 68   369 
23 70    74 
23 71   447 
23 72   578 
23 73   413 
23 74   540 
23 75    35 
23 76   163 
23 77    83 
23 78   675 
23 79   117 
23 80    81 
24 41   274 
24 42   162 
24 43   308 
24 44   264 
24 46   101 
24 47   443 
24 48   515 
24 49   307 
24 50   583 
24 51   603 
24 52    19 
24 53   408 
24 54   490 
24 55   605 
24 56   404 
24 59   684 
24 61   307 
24 63   604 
24 66   520 
24 67   425 
24 68   202 
24 69   501 
24 70   581 
24 73   289 
24 74    92 
24 75   448 
24 76   239 
24 79   235 
25 41   333 
25 42   510 
25 43    35 
25 44   132 
25 45   130 
25 47   175 
25 49   189 
25 50   625 
25 51   572 
25 52   529 
25 53   371 
25 54    21 
25 58   175 
25 59     7 
25 61   144 
25 63   653 
25 64   338 
25 67   453 
25 68    89 
25 69   657 
25 70   380 
25 74   151 
25 75   330 
25 76   104 
25 77   269 
25 78   201 
25 79   414 
25 80   437 
26 41   232 
26 42   546 
26 44   554 
26 45   319 
26 46   461 
26 47   493 
26 48   591 
26 49   175 
26 50   622 
26 52    31 
26 53   405 
26 54   386 
26 57   593 
26 59    92 
26 60   667 
26 62    32 
26 63   610 
26 64   475 
26 65   538 
26 68   549 
26 69   560 
26 70   111 
26 71   324 
26 72   483 
26 73   378 
26 74   210 
26 75   166 
26 76   445 
26 79   600 
26 80    49 
27 41   665 
27 42   308 
27 44   619 
27 45   179 
27 46   372 
27 48   550 
27 49   687 
27 52   309 
27 55   252 
27 56   242 
27 57   668 
27 58   143 
27 59     0 
27 60   529 
27 61   596 
27 62   332 
27 63   449 
27 64    41 
27 65    24 
27 69   621 
27 70   300 
27 71   455 
27 73   201 
27 74   442 
27 76   593 
27 78   237 
27 79   651 
28 42   649 
28 47    70 
28 48   406 
28 50   229 
28 52   384 
28 53   449 
28 54   426 
28 55    71 
28 58    14 
28 59   436 
28 60   129 
28 62   126 
28 64   160 
28 66   331 
28 67   152 
28 70   308 
28 71   373 
28 72    13 
28 73   451 
28 74   149 
28 75   694 
28 76   136 
29 41    55 
29 42   577 
29 43   694 
29 44   405 
29 45   689 
29 46   186 
29 47   285 
29 49   665 
29 50   188 
29 52   243 
29 53   620 
29 55   584 
29 56   579 
29 57   251 
29 58   182 
29 59   133 
29 61   374 
29 62    86 
29 63   144 
29 65    23 
29 67   687 
29 68   409 
29 71   195 
29 72   169 
29 73    48 
29 74   519 
29 75   411 
29 78   346 
29 79    41 
29 80   492 
30 41   304 
30 42    65 
30 43    53 
30 44    10 
30 45   509 
30 47   695 
30 48   163 
30 49   444 
30 50    98 
30 51   170 
30 53   251 
30 55   579 
30 56    41 
30 57   536 
30 58   678 
30 60   284 
30 61   604 
30 62   359 
30 63   550 
30 67    17 
30 72   400 
30 73   341 
30 74   545 
30 75   575 
30 76   628 
30 78   178 
30 80   601 
31 43   495 
31 44   213 
31 46   551 
31 47   255 
31 48   279 
31 50   224 
31 52    99 
31 53   515 
31 54   462 
31 55   358 
31 56   445 
31 57   406 
31 59    75 
31 60   112 
31 61   504 
31 62    25 
31 63   511 
31 64   382 
31 66   296 
31 68   197 
31 69   450 
31 70    11 
31 74   355 
31 75   697 
31 76   538 
31 77   224 
31 78   113 
31 80    92 
32 42   541 
32 43   680 
32 44   535 
32 46   279 
32 47   271 
32 48   584 
32 53   204 
32 55   563 
32 57   502 
32 58   139 
32 60   172 
32 62   564 
32 65   618 
32 66   179 
32 67   171 
32 71   132 
32 74     6 
32 75   488 
32 76    82 
32 79   601 
32 80   598 
33 41   425 
33 44   234 
33 45   311 
33 47   223 
33 49   302 
33 50   618 
33 51   101 
33 52   452 
33 53   570 
33 54   653 
33 55   480 
33 56    63 
33 57   696 
33 58   228 
33 59   691 
33 60   204 
33 61   387 
33 62   107 
33 64   367 
33 66   183 
33 68   457 
33 69   184 
33 75    36 
33 78   330 
33 80   637 
34 41    12 
34 42   295 
34 43   524 
34 44   346 
34 45   402 
34 46   558 
34 47   260 
34 48   516 
34 50   423 
34 51    37 
34 53   273 
34 55   425 
34 56   673 
34 57   209 
34 58   268 
34 59    11 
34 61   200 
34 63   615 
34 64   445 
34 65   396 
34 66   271 
34 68   444 
34 69   280 
34 70   179 
34 71   690 
34 76   511 
34 77   278 
34 80   143 
35 42    83 
35 44   528 
35 46   126 
35 47    30 
35 49   348 
35 50   228 
35 51   408 
35 52   618 
35 53   523 
35 54   414 
35 55   342 
35 56   620 
35 57   538 
35 60    45 
35 62   672 
35 63   260 
35 64   337 
35 65   534 
35 66   518 
35 68   399 
35 69   360 
35 70   651 
35 71   135 
35 72   120 
35 73   306 
35 74    94 
35 78   438 
35 79   232 
35 80   300 
36 43   412 
36 45    80 
36 46   155 
36 47   428 
36 48   318 
36 50   148 
36 51   134 
36 53   244 
36 55   359 
36 56   553 
36 57   331 
36 58   498 
36 59   564 
36 61   513 
36 62   663 
36 63   180 
36 64   678 
36 65   362 
36 68    23 
36 69   488 
36 70   585 
36 71   337 
36 72   109 
36 73   132 
36 74   275 
36 75   404 
36 78    34 
36 79   594 
37 41   258 
37 42   363 
37 43   188 
37 44   222 
37 46   609 
37 48   246 
37 49   572 
37 51   297 
37 52   187 
37 53    86 
37 55   219 
37 56   426 
37 58   451 
37 60   651 
37 61   427 
37 62   410 
37 63   482 
37 64   561 
37 65   391 
37 67   117 
37 68   663 
37 74   483 
37 75   214 
37 76   239 
37 80   174 
38 41     2 
38 42   441 
38 43   672 
38 44   280 
38 46    81 
38 49   111 
38 50   254 
38 52   451 
38 53   461 
38 54   362 
38 56   381 
38 57    76 
38 58   207 
38 61    60 
38 62   252 
38 63   413 
38 64   300 
38 65   207 
38 66   404 
38 68   437 
38 69   632 
38 70   598 
38 71   640 
38 74   623 
38 75   621 
38 76    38 
38 77   444 
38 80   185 
39 41   440 
39 43   228 
39 45   217 
39 46   441 
39 47   224 
39 50   193 
39 52   213 
39 53   185 
39 54   543 
39 56   240 
39 57   230 
39 58   457 
39 59   696 
39 60   576 
39 61   630 
39 62   400 
39 64   261 
39 65   383 
39 66    48 
39 67   580 
39 68   399 
39 69   349 
39 71    93 
39 72    44 
39 73   313 
39 74   316 
39 75   242 
39 76   613 
39 77   111 
39 78    67 
40 41   678 
40 43   311 
40 44   578 
40 45    71 
40 48   627 
40 50   499 
40 51   174 
40 53   523 
40 55   366 
40 57     1 
40 58   309 
40 60   646 
40 62     2 
40 63   310 
40 64   645 
40 68   595 
40 70   640 
40 71   341 
40 72   683 
40 74   580 
40 75   213 
40 76   407 
40 77   398 
0 
0 
0 
0 
0 
0 
0 
0 
0 
0 
0 
0 
0 
0 
0 
0 
0 
0 
0 
0 
0 
0 
0 
0 
0 
0 
0 
0 
0 
0 
0 
0 
0 
0 
0 
0 
0 
0 
0 
0 
0 
0 
0 
0 
0 
0 
0 
0 
0 
0 
0 
0 
0 
0 
0 
0 
0 
0 
0 
0 
0 
0 
0 
0 
0 
0 
0 
0 
0 
0 
0 
0 
0 
0 
0 
0 
0 
0 
0 
0 
  977   782 
  501   506 
   63   207 
  908   434 
  325   257 
  248   381 
  220   878 
  990   183 
  275    18 
  459   384 
  696   645 
   77   900 
  936   207 
  621   281 
  111   530 
  721   516 
  844   327 
  254   776 
  700    15 
  134   783 
  593   630 
  756   682 
  624   887 
  383   183 
  294   290 
  908   600 
   46   545 
  562   259 
  370   717 
  811   668 
  178   124 
  339   115 
  441   567 
  681   822 
   45   613 
  771   153 
   60   228 
   75    23 
  114   334 
  155    25 
  228   237 
  876   694 
  367   311 
   59   257 
  323   689 
  349   298 
  690   549 
  846   800 
  927   663 
  760   617 
  416   400 
  730   895 
  940   671 
  923   331 
  114   762 
  371   609 
  583   994 
  310   699 
  898   260 
  248   148 
  960   760 
  461   128 
  155   748 
  285   745 
  502   683 
  253    50 
  377   217 
  950   467 
  171   577 
  616   128 
  388   371 
  615   796 
  858   207 
  354   256 
  704   690 
  179   234 
  307    89 
  171    73 
  365   563 
  926   223 
80 2232 
1 2    56 
2 3   408 
3 4   297 
4 5   222 
5 6   180 
6 7   947 
7 8   316 
8 9   108 
9 10   804 
10 11   233 
11 12   115 
12 13   508 
13 14   917 
14 15   527 
15 16   527 
16 17   242 
17 18   745 
18 19   313 
19 20   837 
20 21   256 
21 22    53 
22 23   767 
23 24   774 
24 25   218 
25 26   153 
26 27   602 
27 28   365 
28 29   373 
29 30   674 
30 31   608 
31 32   840 
32 33    20 
33 34   281 
34 35   834 
35 36   140 
36 37   153 
37 38   588 
38 39   960 
39 40    55 
40 41   786 
41 42   837 
42 43   198 
43 44   311 
44 45   516 
45 46    81 
46 47   531 
47 48   370 
48 49   501 
49 50   574 
50 51   599 
51 52   108 
52 53   172 
53 54   296 
54 55   525 
55 56   674 
56 57   664 
57 58   563 
58 59   481 
59 60   550 
60 61   378 
61 62   524 
62 63   882 
63 64   417 
64 65   564 
65 66   491 
66 67   855 
67 68   563 
68 69   208 
69 70    48 
70 71   341 
71 72   440 
72 73   749 
73 74   241 
74 75    38 
75 76   831 
76 77   510 
77 78   695 
78 79    31 
79 80   966 
1 3   416 
1 5   649 
1 7   440 
1 10   376 
1 11    31 
1 12   671 
1 13   722 
1 14   445 
1 15   603 
1 16   945 
1 17    46 
1 18    56 
1 20   899 
1 21   925 
1 22   498 
1 23   325 
1 24   447 
1 25   331 
1 26   257 
1 29   160 
1 30   140 
1 31    54 
1 33   845 
1 34   512 
1 36   594 
1 38    57 
1 40   103 
1 41   755 
1 43   335 
1 44   312 
1 45   384 
1 46   950 
1 48   324 
1 49   416 
1 51   446 
1 52   959 
1 53   890 
1 54   927 
1 55   917 
1 56   213 
1 59   186 
1 60   323 
1 61   990 
1 62   425 
1 63   869 
1 64   987 
1 65   904 
1 67   829 
1 68   784 
1 70   784 
1 71   291 
1 73    47 
1 74   671 
1 75   359 
1 76   821 
1 77   663 
1 78   813 
1 79   606 
1 80   174 
2 4   250 
2 9   709 
2 11    24 
2 12   685 
2 13   195 
2 14    41 
2 17   109 
2 18   215 
2 19   111 
2 20   180 
2 21   477 
2 22    89 
2 25   224 
2 28   575 
2 29   192 
2 30   787 
2 31   539 
2 33   851 
2 35   582 
2 36   342 
2 37   224 
2 40   657 
2 41   177 
2 42   646 
2 43   451 
2 45   285 
2 47   469 
2 48   997 
2 49   139 
2 51   555 
2 52   328 
2 53   986 
2 54   840 
2 55   802 
2 57   228 
2 59   115 
2 60   722 
2 65   738 
2 67   601 
2 68   164 
2 69   862 
2 70   871 
2 72   240 
2 73   722 
2 74   374 
2 75   589 
2 76   723 
2 78   730 
3 5   140 
3 6   817 
3 7   790 
3 8   511 
3 9   468 
3 10   662 
3 11   890 
3 12     7 
3 13   438 
3 14   411 
3 16   418 
3 18   685 
3 20   303 
3 21   555 
3 22    55 
3 23   904 
3 24   854 
3 25   310 
3 26   564 
3 29   286 
3 30   492 
3 33   452 
3 34   620 
3 35   853 
3 37   819 
3 38   312 
3 39   401 
3 40   684 
3 41   263 
3 42   833 
3 43   561 
3 44   205 
3 46   868 
3 47   320 
3 48   388 
3 50     7 
3 51   309 
3 52   540 
3 53    97 
3 54   507 
3 55   949 
3 56   818 
3 57   903 
3 58   499 
3 59   668 
3 60   846 
3 61   254 
3 62   509 
3 63   814 
3 64     9 
3 65   370 
3 66   751 
3 67   292 
3 68   120 
3 69   694 
3 70   372 
3 72   305 
3 75   784 
3 77   551 
3 78   383 
3 79   628 
3 80   990 
4 7    85 
4 8   719 
4 9   801 
4 10   515 
4 11   337 
4 13   252 
4 14   142 
4 17   857 
4 18   263 
4 19   368 
4 20   194 
4 21   246 
4 22   211 
4 23   522 
4 24   382 
4 25   952 
4 27   151 
4 29   170 
4 30   573 
4 31   305 
4 32   824 
4 33   650 
4 34   792 
4 35   423 
4 36   373 
4 37   978 
4 38   721 
4 39   710 
4 41   822 
4 43   809 
4 45   676 
4 46   464 
4 47   612 
4 49   530 
4 51   584 
4 52   461 
4 53   355 
4 54   697 
4 55   621 
4 56   898 
4 57   596 
4 58   466 
4 59   878 
4 61   897 
4 62   989 
4 63   271 
4 64   906 
4 65   730 
4 66   669 
4 68   346 
4 70   106 
4 71   139 
4 72   235 
4 73   595 
4 74   148 
4 76   222 
4 78   415 
4 80   524 
5 7   278 
5 8   436 
5 9   308 
5 11   600 
5 12   126 
5 14   173 
5 15   749 
5 16   146 
5 17    91 
5 20   345 
5 22   827 
5 23   800 
5 24   186 
5 25   921 
5 26   187 
5 28   712 
5 30    42 
5 31   479 
5 32   112 
5 33   749 
5 34   260 
5 35   783 
5 37   324 
5 38   348 
5 40   677 
5 41   480 
5 42   325 
5 44   356 
5 45   331 
5 47   294 
5 48   642 
5 49   613 
5 50   488 
5 51   418 
5 52   748 
5 53   556 
5 55    14 
5 57   884 
5 60   621 
5 62    89 
5 63   780 
5 66   345 
5 67   929 
5 68   924 
5 69   559 
5 70   555 
5 71   370 
5 72   716 
5 73   258 
5 74   816 
5 75   891 
5 77   843 
5 80   302 
6 8   421 
6 9   275 
6 10   812 
6 13   733 
6 14   691 
6 17   124 
6 18   254 
6 19    27 
6 20   377 
6 21   351 
6 23   151 
6 24   246 
6 26   565 
6 27   547 
6 28   813 
6 29   402 
6 30   658 
6 31   441 
6 32   164 
6 33   468 
6 34   868 
6 35   226 
6 37    49 
6 38   656 
6 39   588 
6 41   773 
6 45   550 
6 48   323 
6 50     4 
6 53   468 
6 54   593 
6 55   350 
6 56   300 
6 58   679 
6 59   856 
6 60    12 
6 61   551 
6 62   107 
6 63   224 
6 64   819 
6 65   203 
6 66   299 
6 67   448 
6 68   157 
6 69   570 
6 70   244 
6 71   832 
6 73    49 
6 76   242 
6 77   854 
6 78   218 
6 79   198 
6 80   784 
7 9     5 
7 10    22 
7 11   833 
7 13   874 
7 14   848 
7 16   708 
7 17    74 
7 18   311 
7 19   589 
7 21   828 
7 22   189 
7 24   754 
7 26   788 
7 27   362 
7 28   834 
7 29   824 
7 31   775 
7 32   590 
7 33     3 
7 34   424 
7 35   449 
7 36   912 
7 37   597 
7 38   659 
7 39   660 
7 40   334 
7 41   215 
7 43   291 
7 44   898 
7 45   542 
7 46   223 
7 47   953 
7 48   975 
7 49    25 
7 50   707 
7 51    20 
7 56   644 
7 57   464 
7 58   966 
7 59    46 
7 60   131 
7 62   803 
7 64   863 
7 65   990 
7 66    68 
7 67   744 
7 68   281 
7 69   823 
7 70   830 
7 71   130 
7 72   248 
7 73   994 
7 74   281 
7 76   117 
7 77   352 
7 78   879 
7 79   655 
7 80    80 
8 11   549 
8 12   869 
8 13   153 
8 15   454 
8 16   639 
8 17   434 
8 18   992 
8 19   549 
8 20   376 
8 21   725 
8 22   434 
8 23     1 
8 25   664 
8 26    18 
8 29    79 
8 30   879 
8 31   261 
8 34   817 
8 35   485 
8 36   531 
8 37   260 
8 38   529 
8 39   583 
8 40   969 
8 43   907 
8 44   361 
8 47   164 
8 49   901 
8 50   656 
8 51   654 
8 52   522 
8 55   386 
8 56   871 
8 58   444 
8 62   694 
8 63   608 
8 64   462 
8 67   245 
8 69   178 
8 71    62 
8 72   503 
8 73   607 
8 74   500 
8 75   191 
8 77   273 
8 80   154 
9 11   986 
9 14   395 
9 15   193 
9 17   717 
9 18   326 
9 19   512 
9 22   232 
9 24   666 
9 25   108 
9 27   707 
9 31   697 
9 32   649 
9 33   726 
9 36   624 
9 39   129 
9 40   572 
9 41   129 
9 43   870 
9 44     9 
9 46   669 
9 48    51 
9 49   825 
9 50   554 
9 51   375 
9 53   395 
9 54     4 
9 56   272 
9 58    92 
9 60   997 
9 61    65 
9 63   889 
9 66   583 
9 67   608 
9 68   367 
9 70   208 
9 72   834 
9 73   151 
9 75   598 
9 76   339 
9 77   208 
9 78   833 
9 79   715 
10 12   449 
10 13   696 
10 14   955 
10 16   792 
10 17   201 
10 18   110 
10 20   206 
10 23    43 
10 25   524 
10 26   478 
10 27   981 
10 28   840 
10 29   765 
10 31    25 
10 32   308 
10 33   361 
10 34   981 
10 35   418 
10 37   193 
10 39   778 
10 40   848 
10 41   384 
10 44   550 
10 45   555 
10 46   965 
10 47   782 
10 48   647 
10 49   416 
10 50   435 
10 51   762 
10 53   961 
10 54   453 
10 55   914 
10 56   912 
10 57   820 
10 58   951 
10 60   591 
10 61   461 
10 62   454 
10 63    46 
10 64   336 
10 65   733 
10 67   982 
10 68   859 
10 71   600 
10 73   776 
10 75   627 
10 76   129 
10 77   637 
10 79   552 
10 80   403 
11 13   744 
11 14   768 
11 15   506 
11 18   906 
11 19   492 
11 20   983 
11 22   483 
11 23   989 
11 24    58 
11 27   118 
11 28    86 
11 29   600 
11 30   566 
11 33   774 
11 34   414 
11 36   991 
11 37   494 
11 39   390 
11 41   743 
11 42    73 
11 43   989 
11 46   445 
11 47   278 
11 48   304 
11 50   145 
11 51   190 
11 52   879 
11 54   319 
11 55   593 
11 56   493 
11 57   173 
11 60   570 
11 61   873 
11 62   956 
11 63   982 
11 64   931 
11 65   337 
11 66   442 
11 67   213 
11 68   582 
11 69   987 
11 70   907 
11 71   596 
11 72     0 
11 73   810 
11 74   382 
11 75   523 
11 76   209 
11 77   767 
11 78    86 
12 14   384 
12 15   778 
12 16   591 
12 17   781 
12 21   589 
12 22   434 
12 24   374 
12 25   624 
12 27   631 
12 28   722 
12 29   241 
12 30   823 
12 31   665 
12 32   651 
12 33   889 
12 34   563 
12 35   979 
12 38   957 
12 39   797 
12 41   147 
12 42   293 
12 43    91 
12 44   386 
12 45   539 
12 46   310 
12 47   396 
12 48   138 
12 49   625 
12 53   994 
12 54   697 
12 55   661 
12 56   185 
12 57   325 
12 58   989 
12 59   816 
12 60   339 
12 62   324 
12 63    13 
12 64    70 
12 65   112 
12 66   630 
12 67   661 
12 68   327 
12 73   193 
12 74   699 
12 75   691 
12 76   428 
12 77   801 
12 78   984 
12 79   462 
12 80   214 
13 19   696 
13 20   407 
13 21     7 
13 22   637 
13 23   323 
13 25   185 
13 26   124 
13 27   300 
13 29   285 
13 30   583 
13 32   597 
13 34   571 
13 36   112 
13 37   573 
13 38   544 
13 40   442 
13 42   508 
13 44   555 
13 45   203 
13 48   953 
13 49   882 
13 50   102 
13 51   974 
13 52   369 
13 53   592 
13 54   895 
13 55   662 
13 56   314 
13 57   342 
13 58   717 
13 60   892 
13 61   653 
13 62   921 
13 63   367 
13 64   421 
13 66   170 
13 67    81 
13 68   232 
13 69   300 
13 70    46 
13 71   492 
13 72   774 
13 74   524 
13 76   723 
13 77   938 
13 79   935 
14 16   916 
14 22   941 
14 23   455 
14 25    45 
14 26   541 
14 32   997 
14 33   123 
14 34   591 
14 35   904 
14 37   121 
14 38   623 
14 39   190 
14 41   903 
14 42   866 
14 43   185 
14 44   808 
14 45   149 
14 46    14 
14 47   885 
14 49    19 
14 50   157 
14 51    16 
14 52   459 
14 53   757 
14 55    68 
14 58   635 
14 61   205 
14 63    97 
14 64    36 
14 66   458 
14 68   140 
14 69   407 
14 72   331 
14 74   950 
14 75   723 
14 76   246 
14 77   151 
14 79   406 
14 80   408 
15 17   714 
15 18   762 
15 20     8 
15 21   935 
15 22   346 
15 23   251 
15 24   563 
15 25   715 
15 26   266 
15 27   739 
15 28   315 
15 29   413 
15 30   408 
15 31   750 
15 32   325 
15 33   380 
15 34   920 
15 35    72 
15 36   196 
15 37   347 
15 38   951 
15 39   309 
15 40   760 
15 42   688 
15 44   876 
15 45   794 
15 46   460 
15 48   876 
15 50   266 
15 51   580 
15 53   781 
15 54   486 
15 56   325 
15 58   874 
15 59   768 
15 62   986 
15 66   820 
15 67   836 
15 69   161 
15 70   862 
15 71   258 
15 72   488 
15 73   894 
15 74   207 
15 75   320 
15 76   154 
15 78   206 
15 79   860 
16 18   699 
16 19   972 
16 20   732 
16 22   166 
16 24   756 
16 25   309 
16 26   890 
16 27   797 
16 28   282 
16 29   171 
16 31   585 
16 32    16 
16 33   872 
16 34    82 
16 35    53 
16 36   345 
16 37   857 
16 38   893 
16 40    67 
16 41   112 
16 42   420 
16 43   102 
16 44   280 
16 45   847 
16 46   915 
16 48   993 
16 49   217 
16 51    94 
16 52   744 
16 53    62 
16 54    62 
16 55   500 
16 56   620 
16 57   424 
16 59   305 
16 60   973 
16 61   674 
16 63   426 
16 66   498 
16 67   816 
16 68   327 
16 70   170 
16 71   184 
16 72   162 
16 73   364 
16 74   171 
16 75   262 
16 76   410 
16 78   755 
16 79   942 
16 80   364 
17 22   218 
17 25    65 
17 26   609 
17 27   999 
17 28   933 
17 30   221 
17 31   425 
17 32   815 
17 34   114 
17 35   284 
17 37   102 
17 38    97 
17 39   692 
17 40   858 
17 41   924 
17 45   380 
17 46   668 
17 47   499 
17 49   183 
17 50   190 
17 52   375 
17 53   385 
17 55   386 
17 57   786 
17 58   339 
17 59   885 
17 60   858 
17 62   934 
17 63   679 
17 64   303 
17 65   676 
17 66   463 
17 67   425 
17 71   816 
17 72   558 
17 73   255 
17 74   178 
17 75   473 
17 77   831 
17 79   927 
17 80   521 
18 20   219 
18 21    42 
18 22    63 
18 23   794 
18 24   210 
18 26   523 
18 27   229 
18 28   506 
18 29   173 
18 31   888 
18 32   418 
18 33   253 
18 34   998 
18 37   764 
18 38   665 
18 40   332 
18 41   203 
18 49   422 
18 50   524 
18 53   294 
18 54   642 
18 55   352 
18 57   798 
18 58   676 
18 59   830 
18 60   361 
18 61   833 
18 63   887 
18 64   923 
18 65    18 
18 67   526 
18 68   153 
18 69   383 
18 71   175 
18 72   403 
18 73    91 
18 74   366 
18 75   151 
18 76   841 
18 78   862 
18 80   793 
19 22   536 
19 23   331 
19 24   181 
19 25   968 
19 26   995 
19 27    72 
19 29    98 
19 30    54 
19 31   381 
19 32   887 
19 34   440 
19 36   599 
19 38   775 
19 39   386 
19 40   467 
19 41   501 
19 43   567 
19 46   991 
19 48    13 
19 50   157 
19 51    65 
19 52   654 
19 53   363 
19 55   376 
19 56   444 
19 58   223 
19 59   648 
19 60   347 
19 63   239 
19 64   957 
19 68   634 
19 70   315 
19 72   535 
19 73   260 
19 75   222 
19 77   649 
19 78   846 
19 79   223 
19 80   313 
20 22   808 
20 23   572 
20 24   869 
20 31   817 
20 33     2 
20 34   625 
20 35   416 
20 37   615 
20 38   565 
20 39   458 
20 41   551 
20 43   288 
20 44   924 
20 45   758 
20 47    37 
20 48   951 
20 49   889 
20 50   198 
20 51   459 
20 53    56 
20 54   382 
20 56   555 
20 57   482 
20 59   952 
20 60   213 
20 62     0 
20 63     5 
20 64   572 
20 65   790 
20 66   684 
20 67   512 
20 68   295 
20 69   767 
20 71   627 
20 72   561 
20 77   109 
20 78   408 
20 79   211 
20 80   232 
21 23   306 
21 24   745 
21 25    49 
21 26   623 
21 27   796 
21 28   152 
21 30   500 
21 31    68 
21 32   290 
21 33   677 
21 34   440 
21 35    95 
21 37   604 
21 38   694 
21 39   529 
21 40   949 
21 42   341 
21 44   405 
21 45   364 
21 48   724 
21 52   689 
21 55   360 
21 56   861 
21 57   808 
21 58   982 
21 61   568 
21 62    77 
21 63   483 
21 64   974 
21 65   636 
21 67   445 
21 68   280 
21 69   408 
21 70   462 
21 72   764 
21 73   306 
21 74   447 
21 75   408 
21 76   881 
21 79   142 
21 80   386 
22 24   767 
22 25   173 
22 26    47 
22 28   355 
22 29   991 
22 30     4 
22 32   260 
22 34   934 
22 35    25 
22 36   588 
22 37   191 
22 38   915 
22 39   629 
22 43   512 
22 44   586 
22 45   923 
22 46   325 
22 47   743 
22 48   528 
22 49   993 
22 50   267 
22 51    70 
22 53    56 
22 54   112 
22 55   583 
22 56   882 
22 58   595 
22 60   704 
22 62   120 
22 63   562 
22 64   993 
22 65   204 
22 66   905 
22 67   732 
22 68   494 
22 70   453 
22 71   435 
22 73   853 
22 75   163 
22 76   826 
22 77   639 
22 78   524 
22 79    50 
22 80   290 
23 25    57 
23 26   907 
23 28   948 
23 29   209 
23 30   764 
23 31   875 
23 32   200 
23 33   319 
23 37   197 
23 38   956 
23 39    27 
23 40   401 
23 42   189 
23 43   580 
23 44   885 
23 45   211 
23 46   270 
23 49   877 
23 50   857 
23 51   457 
23 53   230 
23 54   203 
23 55   363 
23 56   250 
23 57   956 
23 58   314 
23 59   259 
23 60   548 
23 62   375 
23 64   183 
23 66   660 
23 69   186 
23 70   751 
23 71   499 
23 72   208 
23 73   755 
23 75   388 
23 76   685 
23 77   957 
23 78   150 
23 79   877 
24 27   597 
24 29   149 
24 30   745 
24 31   931 
24 33   852 
24 36   142 
24 37   372 
24 39   971 
24 44   265 
24 45   398 
24 46   426 
24 47   762 
24 50   992 
24 54   590 
24 55   964 
24 57   920 
24 58   930 
24 59   972 
24 61   566 
24 62   734 
24 63   423 
24 64   638 
24 66   400 
24 67   187 
24 68   706 
24 70   823 
24 71   998 
24 72   793 
24 73   194 
24 74    23 
24 75   498 
24 76   790 
24 78   214 
24 80   665 
25 27   409 
25 28   510 
25 32    49 
25 33   847 
25 34   928 
25 35   390 
25 36   156 
25 37   360 
25 38   999 
25 40    79 
25 43   859 
25 44   899 
25 45   651 
25 47   478 
25 48    17 
25 49   307 
25 50   456 
25 51   389 
25 52   436 
25 53   928 
25 55   713 
25 56   349 
25 60   822 
25 62   774 
25 63   204 
25 64   867 
25 65   169 
25 66   987 
25 68   735 
25 69   283 
25 71   391 
25 73   360 
25 74   160 
25 75   779 
25 76   852 
25 77   153 
25 78   717 
25 79   160 
25 80    57 
26 28   427 
26 29   125 
26 30   407 
26 31   297 
26 32     0 
26 33   922 
26 34   355 
26 35   747 
26 36   169 
26 37   666 
26 38   144 
26 41   532 
26 43    71 
26 45   506 
26 47   169 
26 48   239 
26 49   824 
26 50   861 
26 51   291 
26 52    55 
26 53     3 
26 55   121 
26 56   280 
26 57   112 
26 59    19 
26 60   934 
26 61   615 
26 63   413 
26 64    32 
26 65   348 
26 66   674 
26 67   750 
26 68   504 
26 70   116 
26 71   938 
26 72   641 
26 73   290 
26 74   988 
26 76   159 
26 77   264 
26 78   361 
26 79    93 
26 80   151 
27 29   346 
27 30   914 
27 31   711 
27 33   392 
27 35   829 
27 37   208 
27 38   729 
27 39   213 
27 40   253 
27 41   922 
27 42   139 
27 44   833 
27 45   938 
27 46   857 
27 47   282 
27 48   924 
27 50   762 
27 54   447 
27 55   588 
27 56    13 
27 57   278 
27 58   672 
27 59   706 
27 60   199 
27 66   664 
27 67   429 
27 68   305 
27 69    77 
27 72   226 
27 73   849 
27 74   148 
27 75   983 
27 76   158 
28 30     2 
28 32   784 
28 33   528 
28 34   556 
28 35   820 
28 38   183 
28 39   824 
28 40     7 
28 43   611 
28 44    72 
28 45   532 
28 46   377 
28 48   526 
28 49   856 
28 53    89 
28 54   668 
28 55   719 
28 56   615 
28 57   960 
28 58   379 
28 59   439 
28 61   260 
28 64   212 
28 65   569 
28 66   164 
28 67   697 
28 68   648 
28 70   290 
28 74   477 
28 75   291 
28 76   821 
28 77   525 
28 78    56 
28 79   513 
29 31   952 
29 32   410 
29 33   357 
29 35   156 
29 37   401 
29 38   525 
29 41   803 
29 43   614 
29 44    95 
29 47   989 
29 48   155 
29 49   668 
29 51   967 
29 53    59 
29 54   498 
29 56   842 
29 58   190 
29 59   991 
29 60   138 
29 61   484 
29 64   924 
29 65   190 
29 67   634 
29 68   233 
29 69    40 
29 70   736 
29 71   512 
29 72   186 
29 74   692 
29 76   125 
29 77     8 
29 79   403 
29 80   848 
30 32   937 
30 33   521 
30 35   212 
30 36   177 
30 39   193 
30 40   130 
30 41   468 
30 42   707 
30 43   794 
30 45   777 
30 46   746 
30 47   758 
30 48   755 
30 49   443 
30 51   805 
30 54   987 
30 55   797 
30 58   343 
30 59   886 
30 61   896 
30 62   525 
30 63   750 
30 64   549 
30 65   656 
30 66   234 
30 67   279 
30 69   987 
30 70   611 
30 72    99 
30 74   902 
30 75   642 
30 76   362 
30 78   352 
30 80   207 
31 34   658 
31 36   776 
31 37   831 
31 38   847 
31 39   132 
31 40   945 
31 41   330 
31 42   647 
31 43   417 
31 44   419 
31 46   974 
31 48    83 
31 49   746 
31 50   652 
31 52   415 
31 54   149 
31 56   824 
31 57   412 
31 58    39 
31 62   873 
31 63    80 
31 64   693 
31 65   622 
31 66   159 
31 67   485 
31 69   650 
31 71   446 
31 72   749 
31 74    21 
31 75   379 
31 77   510 
31 79   248 
31 80   119 
32 34   192 
32 35   262 
32 36   232 
32 37   307 
32 39    29 
32 40   521 
32 41   582 
32 42   706 
32 43   666 
32 44   425 
32 45   323 
32 46   930 
32 47   888 
32 49   622 
32 50   603 
32 51   661 
32 52   593 
32 53   333 
32 55   730 
32 58   729 
32 59   426 
32 60   644 
32 61   337 
32 62     8 
32 64   754 
32 65   446 
32 66   656 
32 67   181 
32 68    56 
32 69   456 
32 70    17 
32 72   205 
32 73   907 
32 76   449 
32 77   366 
32 79   688 
32 80   951 
33 35   144 
33 36   606 
33 37   624 
33 39   843 
33 41   800 
33 42   591 
33 44   182 
33 45   482 
33 46   425 
33 47   145 
33 48   477 
33 49   590 
33 50   183 
33 51   242 
33 52   753 
33 53     6 
33 55   992 
33 59   539 
33 60   939 
33 62   632 
33 63   441 
33 64   983 
33 65   547 
33 66   723 
33 67   737 
33 68    11 
33 69   738 
33 73   388 
33 74    37 
33 75   198 
33 76   771 
33 77   824 
33 78   924 
33 79   294 
33 80   794 
34 36   562 
34 37   392 
34 41   344 
34 42    96 
34 43   817 
34 44   445 
34 45   300 
34 46   582 
34 48   402 
34 50   707 
34 51   594 
34 52   191 
34 55   896 
34 56   480 
34 57   796 
34 58   366 
34 59   177 
34 61   811 
34 62    43 
34 63   530 
34 64   704 
34 65   819 
34 66   101 
34 67   659 
34 69   714 
34 70   143 
34 71   495 
34 72    12 
34 73   804 
34 74   908 
34 75   192 
34 76   660 
34 77   494 
34 78   702 
34 79   322 
34 80   720 
35 37   605 
35 39   305 
35 40   620 
35 42   908 
35 44   961 
35 46   706 
35 48    87 
35 52   725 
35 54   420 
35 55   615 
35 57   507 
35 58   984 
35 59   188 
35 60    53 
35 61    26 
35 64   375 
35 65   580 
35 66   347 
35 68   518 
35 69   936 
35 74   168 
35 75   819 
35 78   669 
35 79   291 
36 38   875 
36 39   670 
36 41   403 
36 42   553 
36 44   453 
36 45   530 
36 46   890 
36 47   315 
36 50   104 
36 51   269 
36 52   356 
36 53   929 
36 54   881 
36 58   468 
36 60   318 
36 62   265 
36 63   585 
36 64   947 
36 69   997 
36 71   196 
36 72     7 
36 73   269 
36 75   754 
36 76   689 
36 77   383 
36 78   923 
36 79    17 
36 80     2 
37 39   762 
37 41   985 
37 42   109 
37 43   722 
37 44   366 
37 45   325 
37 46   474 
37 47    69 
37 48   280 
37 49   492 
37 50    96 
37 52   855 
37 55   801 
37 56   238 
37 57   734 
37 59   903 
37 60   493 
37 61   843 
37 63    19 
37 64   497 
37 66   763 
37 67   349 
37 68   475 
37 69   929 
37 71   841 
37 75   990 
37 77   945 
37 78   949 
37 80   916 
38 40   208 
38 44   743 
38 46   945 
38 49   942 
38 50   740 
38 53   692 
38 54   264 
38 57   816 
38 58   658 
38 60   208 
38 62   729 
38 63   302 
38 64   983 
38 66   172 
38 67    90 
38 68   439 
38 69   527 
38 74    67 
38 76   163 
38 78   185 
38 80   455 
39 41    92 
39 42   143 
39 43     6 
39 44   919 
39 45   753 
39 46   336 
39 48   393 
39 49   285 
39 51   245 
39 53    78 
39 55    69 
39 58   402 
39 61   671 
39 63   534 
39 64   126 
39 65   333 
39 66   212 
39 67    55 
39 68   515 
39 70   365 
39 71   105 
39 72   267 
39 74   929 
39 75     6 
39 76   478 
39 80   338 
40 42   422 
40 43   624 
40 46   362 
40 47   980 
40 48   338 
40 51    89 
40 54   394 
40 55   359 
40 58   913 
40 60   499 
40 61   225 
40 62   741 
40 63   663 
40 64    61 
40 65   234 
40 66   368 
40 68   251 
40 69   695 
40 70   694 
40 71   209 
40 73   840 
40 74   588 
40 75   282 
40 76   957 
40 77   938 
40 80   117 
41 43   712 
41 44   426 
41 46    61 
41 47   323 
41 48    43 
41 49   889 
41 50   202 
41 52   799 
41 53   960 
41 54   275 
41 55   814 
41 56   842 
41 59   775 
41 60   642 
41 61   696 
41 62   783 
41 64   304 
41 65   859 
41 68   895 
41 69   397 
41 70   626 
41 71   589 
41 72   105 
41 73   807 
41 76   320 
41 78   182 
41 79   456 
41 80    27 
42 44    77 
42 45   671 
42 46   603 
42 48   151 
42 49    48 
42 54   338 
42 55   327 
42 56   969 
42 57   965 
42 58   541 
42 61   336 
42 62   102 
42 63   873 
42 65   664 
42 66    33 
42 67   250 
42 69   566 
42 72   617 
42 73   390 
42 74   383 
42 75   367 
42 76   392 
42 77   312 
42 78   865 
42 79   681 
42 80    99 
43 46   642 
43 48   131 
43 50   153 
43 51   867 
43 52   181 
43 53   690 
43 56   371 
43 57    91 
43 58    99 
43 59   342 
43 61   482 
43 62   899 
43 64    87 
43 66   307 
43 68   117 
43 69   897 
43 70   188 
43 71   501 
43 72   337 
43 73   657 
43 74   589 
43 75   443 
43 77   552 
43 78   227 
43 79   483 
43 80   596 
44 46    84 
44 47   762 
44 48   664 
44 49   918 
44 50   477 
44 51   984 
44 52   134 
44 54   583 
44 55   580 
44 56   722 
44 59   522 
44 60   720 
44 62   994 
44 63   528 
44 64   409 
44 65   938 
44 66   460 
44 67    79 
44 68   901 
44 69   300 
44 71   384 
44 72   939 
44 73   604 
44 74   306 
44 75     2 
44 77   901 
44 79   413 
44 80   469 
45 47   935 
45 53   911 
45 54   202 
45 55   904 
45 57   823 
45 59   362 
45 60   182 
45 62   908 
45 63   793 
45 65   284 
45 66   674 
45 70   899 
45 72   432 
45 73   680 
45 74   965 
45 75    79 
45 78   670 
45 79   862 
46 48   922 
46 49   229 
46 50   618 
46 51     6 
46 52   973 
46 53   727 
46 55   441 
46 57   948 
46 58   642 
46 61     0 
46 62   718 
46 63    66 
46 65   731 
46 67   317 
46 70   794 
46 71   848 
46 72   972 
46 73   301 
46 74   921 
46 75   449 
46 76   708 
46 77   644 
46 78    34 
46 79   934 
46 80   669 
47 49   617 
47 52   670 
47 53   878 
47 54   427 
47 55   807 
47 56    41 
47 58    64 
47 60   812 
47 61   454 
47 62   332 
47 63   969 
47 66    59 
47 67   762 
47 68   484 
47 69   577 
47 71   738 
47 72    43 
47 73   223 
47 75    93 
47 77   819 
47 78   637 
47 80   129 
48 50   504 
48 51     2 
48 52   821 
48 53   377 
48 54   758 
48 55   746 
48 56   691 
48 58   141 
48 62   179 
48 63   273 
48 67   480 
48 68   734 
48 69   614 
48 70   661 
48 71   592 
48 73   663 
48 74   918 
48 76   633 
48 78   846 
48 80   422 
49 52   846 
49 54   366 
49 57   326 
49 58   571 
49 60   994 
49 61    63 
49 62   684 
49 63   786 
49 64    29 
49 65   904 
49 66   149 
49 67   564 
49 68   286 
49 69   534 
49 71   294 
49 72   432 
49 73   529 
49 74   565 
49 77   678 
49 80   833 
50 53   798 
50 54   380 
50 55    14 
50 56   390 
50 57   582 
50 60   427 
50 62   411 
50 63   487 
50 64   702 
50 66   299 
50 67    87 
50 71   286 
50 74   385 
50 78   542 
51 53   413 
51 54   408 
51 56   990 
51 57   330 
51 58   413 
51 59   940 
51 60   742 
51 61   232 
51 62   961 
51 63   323 
51 64   496 
51 65   878 
51 66   496 
51 67   716 
51 69   104 
51 70   262 
51 71   192 
51 74    90 
51 75   736 
51 78   870 
51 79   259 
51 80   869 
52 54   966 
52 55   819 
52 56   315 
52 57   938 
52 58   384 
52 59   128 
52 60   405 
52 63   993 
52 65   665 
52 66   563 
52 67   774 
52 69   664 
52 70   465 
52 71   549 
52 72   729 
52 73   527 
52 74   695 
52 76   758 
52 78   717 
53 55   186 
53 56   109 
53 58   798 
53 59   475 
53 60   622 
53 61   660 
53 62   520 
53 63   493 
53 65   926 
53 66   220 
53 67   780 
53 68     6 
53 69   354 
53 70   409 
53 72   355 
53 74    20 
53 75   283 
53 76   110 
53 77   316 
53 78   414 
53 79   520 
54 56   372 
54 57   498 
54 58   282 
54 65   266 
54 66   785 
54 68   940 
54 70   295 
54 71   721 
54 72   898 
54 73   201 
54 76   717 
54 80   350 
55 58   288 
55 59   342 
55 60   275 
55 61   942 
55 62   159 
55 63    97 
55 64   529 
55 65   245 
55 66   429 
55 67   797 
55 68   983 
55 69   605 
55 70   172 
55 71   568 
55 72   446 
55 73   732 
55 74   899 
55 76   751 
55 77   445 
55 78   842 
56 58   250 
56 59    57 
56 61    64 
56 62    67 
56 64   888 
56 65   500 
56 66    65 
56 67   414 
56 69    86 
56 70    83 
56 72   862 
56 74   620 
56 76   113 
56 77   835 
56 78   999 
56 80   812 
57 59   839 
57 62   456 
57 64   692 
57 65   992 
57 68   200 
57 69   302 
57 70   183 
57 71   396 
57 74   480 
57 75   957 
57 76     4 
57 79   949 
57 80   992 
58 60   250 
58 62   561 
58 63   950 
58 64   287 
58 65   848 
58 69   893 
58 70    46 
58 72   172 
58 73   459 
58 74   819 
58 75   358 
58 76   407 
58 77   766 
58 78    20 
58 79   236 
58 80   108 
59 61    32 
59 62   384 
59 63   146 
59 64   811 
59 65   154 
59 66   177 
59 68   112 
59 69   313 
59 71   852 
59 72   230 
59 73   487 
59 74   476 
59 75   329 
59 78   784 
59 79   249 
60 62   510 
60 63   433 
60 64    75 
60 66    15 
60 68    97 
60 69   807 
60 70   950 
60 71   581 
60 73    97 
60 74   235 
60 76   571 
60 79   648 
61 63    56 
61 65    46 
61 67   318 
61 69   415 
61 70   705 
61 71   497 
61 72   264 
61 74   170 
61 75   841 
61 76   182 
61 77   152 
61 78   785 
61 79   588 
61 80   935 
62 64   103 
62 68   683 
62 69   162 
62 73   308 
62 74   662 
62 76    96 
62 77    68 
62 78   324 
62 79   673 
62 80   109 
63 67   293 
63 68   558 
63 69   226 
63 70    72 
63 71   680 
63 73   476 
63 74   964 
63 75   530 
63 78     4 
63 79   758 
64 66   628 
64 67   689 
64 68   257 
64 70   971 
64 71   587 
64 72   329 
64 73   260 
64 75   408 
64 76   835 
64 77   784 
64 78   121 
65 67   508 
65 68   192 
65 69   156 
65 71   673 
65 72   821 
65 74   126 
65 75   453 
65 77   307 
65 79   461 
65 80   481 
66 68   798 
66 69   131 
66 72   613 
66 73   998 
66 74    91 
66 76   338 
66 77   908 
66 79   703 
67 70   901 
67 71   307 
67 73   239 
67 74   655 
67 75   157 
67 76   790 
67 77   136 
67 78   343 
68 70   231 
68 71   223 
68 72   397 
68 73   309 
68 76   245 
68 77   989 
68 79   864 
68 80   493 
69 72   457 
69 74   444 
69 77   239 
69 79   174 
69 80   360 
70 72   787 
70 73   521 
70 75   170 
70 76   306 
70 77   347 
70 78   229 
70 80   147 
71 73    74 
71 75   118 
71 76   956 
71 78   328 
71 79   649 
72 75   390 
72 77   607 
72 78   309 
72 79   726 
72 80    92 
73 75   717 
73 77   328 
73 79   339 
73 80   819 
74 76   863 
74 77   491 
74 78   544 
75 77   990 
75 79   230 
75 80   201 
76 79   607 
76 80   772 
78 80    27 
0 
0 
0 
0 
0 
0 
0 
0 
0 
0 
0 
0 
0 
0 
0 
0 
0 
0 
0 
0 
0 
0 
0 
0 
0 
0 
0 
0 
0 
0 
0 
0 
0 
0 
0 
0 
0 
0 
0 
0 
0 
0 
0 
0 
0 
0 
0 
0 
0 
0 
0 
0 
0 
0 
0 
0 
0 
0 
0 
0 
0 
0 
0 
0 
0 
0 
0 
0 
0 
0 
0 
0 
0 
0 
0 
0 
0 
0 
0 
0 
  848   440 
  285   451 
  585   559 
   55   288 
  654   716 
  157   958 
  321   430 
  992   254 
  770   939 
  239   965 
  968   173 
   68    81 
  575   703 
  423   206 
  548   468 
  887   811 
   85   609 
  630    93 
  525   793 
  490   905 
  582   852 
  423   996 
  121   441 
  163   324 
  184   982 
  934   661 
  350   207 
  913   972 
   80   218 
   70    13 
   59   216 
   22   167 
  991    83 
  756   722 
  430   354 
  581   631 
   26   721 
  875   405 
  519   317 
  293   571 
  493   613 
   51   981 
  981   283 
  302   375 
  515   310 
    0   171 
  680   889 
  739    21 
  645   840 
  703   258 
  296   803 
  663    53 
  321   735 
  698   167 
  824   610 
  341   145 
  776   530 
  168   183 
  258   153 
  983   962 
  838   246 
  777   890 
  591   622 
   36   821 
  659   583 
  727   989 
  879   557 
  691   515 
  856   997 
  487   324 
  461   865 
  183     0 
  313   422 
   48   418 
  762   655 
  911   914 
  814   777 
  926   207 
  354   413 
  279   538 
