80 1600 
1 41   156 
1 42    18 
2 42    77 
2 43   818 
3 43   554 
3 44   557 
4 44    78 
4 45   935 
5 45   746 
5 46   663 
6 46    93 
6 47   533 
7 47   210 
7 48   640 
8 48   624 
8 49   137 
9 49   597 
9 50   974 
10 50   971 
10 51    15 
11 51   721 
11 52   803 
12 52   487 
12 53   884 
13 53   738 
13 54   860 
14 54   401 
14 55   944 
15 55   997 
15 56   335 
16 56   719 
16 57   396 
17 57   623 
17 58   654 
18 58   349 
18 59   457 
19 59   764 
19 60   636 
20 60   266 
20 61   927 
21 61   987 
21 62   657 
22 62   776 
22 63   976 
23 63   293 
23 64   917 
24 64   128 
24 65    27 
25 65   335 
25 66   103 
26 66   957 
26 67   668 
27 67   537 
27 68    95 
28 68   132 
28 69     6 
29 69   360 
29 70   223 
30 70   281 
30 71   784 
31 71   570 
31 72   804 
32 72   101 
32 73   881 
33 73   479 
33 74   135 
34 74    47 
34 75   150 
35 75   185 
35 76   964 
36 76   860 
36 77   156 
37 77   710 
37 78     3 
38 78   250 
38 79   205 
39 79   247 
39 80    38 
40 80   151 
1 43   562 
1 44   119 
1 45   969 
1 46   817 
1 47   937 
1 48   430 
1 49   222 
1 50   434 
1 51   480 
1 52   259 
1 53   413 
1 54   530 
1 55     9 
1 56   210 
1 57   718 
1 58    69 
1 59   754 
1 60   629 
1 61   933 
1 62   266 
1 63   227 
1 64   464 
1 65   255 
1 66   311 
1 67    18 
1 68   817 
1 69   642 
1 70   156 
1 71   711 
1 72   330 
1 73   515 
1 74    20 
1 75   102 
1 76   569 
1 77   275 
1 78   399 
1 79   581 
1 80   820 
2 41    21 
2 44   177 
2 45   575 
2 46   758 
2 47     0 
2 48   950 
2 49   509 
2 50   716 
2 51   111 
2 52   997 
2 53   302 
2 54   609 
2 55   988 
2 56   794 
2 57   399 
2 58    93 
2 59   173 
2 60   740 
2 61   931 
2 62   859 
2 63   186 
2 64   700 
2 65   342 
2 66   950 
2 67   290 
2 68   212 
2 69   933 
2 70   969 
2 71   611 
2 72   354 
2 73   883 
2 74   689 
2 75   118 
2 76   401 
2 77   399 
2 78   740 
2 79    50 
2 80   160 
3 41   384 
3 42   837 
3 45    62 
3 46   461 
3 47   685 
3 48   680 
3 49    35 
3 50   330 
3 51   488 
3 52    88 
3 53   132 
3 54   991 
3 55   972 
3 56   558 
3 57   556 
3 58   456 
3 59   320 
3 60    47 
3 61   567 
3 62   848 
3 63   810 
3 64   505 
3 65   165 
3 66   158 
3 67   678 
3 68   936 
3 69   551 
3 70   567 
3 71   417 
3 72   450 
3 73   318 
3 74   862 
3 75   640 
3 76   675 
3 77   811 
3 78   563 
3 79   818 
3 80   599 
4 41   593 
4 42   502 
4 43    34 
4 46   383 
4 47    64 
4 48   781 
4 49    13 
4 50   472 
4 51   767 
4 52   843 
4 53   781 
4 54   279 
4 55   145 
4 56   144 
4 57   369 
4 58   524 
4 59     1 
4 60   126 
4 61   820 
4 62   454 
4 63   352 
4 64    83 
4 65    61 
4 66   174 
4 67   640 
4 68    98 
4 69   649 
4 70   951 
4 71   904 
4 72   128 
4 73   268 
4 74   184 
4 75    25 
4 76    75 
4 77    88 
4 78   608 
4 79   435 
4 80   239 
5 41   895 
5 42   684 
5 43    75 
5 44   494 
5 47   759 
5 48   472 
5 49   726 
5 50   317 
5 51   714 
5 52   652 
5 53   194 
5 54   492 
5 55   296 
5 56   357 
5 57   285 
5 58   412 
5 59   789 
5 60   156 
5 61   895 
5 62   173 
5 63   675 
5 64   527 
5 65   769 
5 66   420 
5 67   420 
5 68   357 
5 69   337 
5 70   709 
5 71   670 
5 72   807 
5 73   391 
5 74   983 
5 75   646 
5 76   530 
5 77   328 
5 78   836 
5 79   821 
5 80   777 
6 41   710 
6 42   987 
6 43   496 
6 44   667 
6 45   679 
6 48   966 
6 49   558 
6 50    32 
6 51   409 
6 52   602 
6 53   246 
6 54   577 
6 55   540 
6 56   630 
6 57   171 
6 58   468 
6 59   767 
6 60   237 
6 61   986 
6 62    38 
6 63   958 
6 64    64 
6 65   354 
6 66   704 
6 67   862 
6 68   111 
6 69   894 
6 70   596 
6 71   765 
6 72   331 
6 73   593 
6 74   797 
6 75   197 
6 76   129 
6 77   526 
6 78   178 
6 79   533 
6 80   804 
7 41   476 
7 42   981 
7 43   610 
7 44   217 
7 45   414 
7 46   487 
7 49   913 
7 50   661 
7 51   903 
7 52   201 
7 53   615 
7 54    91 
7 55   536 
7 56   235 
7 57   282 
7 58   372 
7 59   175 
7 60   795 
7 61   973 
7 62   106 
7 63   912 
7 64   294 
7 65   172 
7 66   241 
7 67   648 
7 68   384 
7 69   899 
7 70   869 
7 71   368 
7 72    45 
7 73   869 
7 74   667 
7 75   569 
7 76   277 
7 77   407 
7 78   920 
7 79   256 
7 80   141 
8 41   829 
8 42   354 
8 43    28 
8 44   992 
8 45   982 
8 46   949 
8 47   127 
8 50   234 
8 51   800 
8 52   654 
8 53   341 
8 54   745 
8 55   167 
8 56   464 
8 57   166 
8 58   653 
8 59   310 
8 60   639 
8 61   761 
8 62   419 
8 63   510 
8 64   940 
8 65   691 
8 66   690 
8 67   684 
8 68    31 
8 69   177 
8 70   730 
8 71   451 
8 72   489 
8 73   167 
8 74   117 
8 75   743 
8 76   147 
8 77   115 
8 78   411 
8 79   391 
8 80   613 
9 41    42 
9 42   850 
9 43   907 
9 44   439 
9 45   287 
9 46   927 
9 47   549 
9 48   525 
9 51   921 
9 52   677 
9 53   846 
9 54   829 
9 55   989 
9 56   833 
9 57   595 
9 58   825 
9 59   963 
9 60   188 
9 61   777 
9 62   765 
9 63   115 
9 64   914 
9 65   600 
9 66   466 
9 67   503 
9 68   941 
9 69   535 
9 70   857 
9 71   273 
9 72   129 
9 73   134 
9 74   919 
9 75   379 
9 76   470 
9 77   769 
9 78   401 
9 79   320 
9 80   559 
10 41   180 
10 42   536 
10 43   479 
10 44   231 
10 45   255 
10 46   287 
10 47   603 
10 48   676 
10 49   490 
10 52   479 
10 53   167 
10 54   597 
10 55   226 
10 56   895 
10 57   920 
10 58   890 
10 59   491 
10 60   393 
10 61   767 
10 62   371 
10 63     0 
10 64   878 
10 65    64 
10 66   211 
10 67   967 
10 68   769 
10 69   497 
10 70   520 
10 71   293 
10 72   881 
10 73   358 
10 74   293 
10 75   253 
10 76   278 
10 77   262 
10 78   629 
10 79   130 
10 80   152 
11 41   879 
11 42   286 
11 43    83 
11 44   392 
11 45   391 
11 46   621 
11 47   375 
11 48   901 
11 49   104 
11 50   434 
11 53    28 
11 54   792 
11 55    89 
11 56   634 
11 57   199 
11 58   365 
11 59   237 
11 60   674 
11 61   318 
11 62   735 
11 63   782 
11 64   201 
11 65   919 
11 66   751 
11 67   111 
11 68    65 
11 69   619 
11 70   521 
11 71   968 
11 72   145 
11 73   936 
11 74   214 
11 75   908 
11 76   790 
11 77   733 
11 78    89 
11 79   839 
11 80   443 
12 41   296 
12 42   347 
12 43    48 
12 44   434 
12 45    17 
12 46   837 
12 47   765 
12 48   864 
12 49   247 
12 50   413 
12 51   738 
12 54   667 
12 55   166 
12 56   486 
12 57   300 
12 58   342 
12 59   662 
12 60   404 
12 61   726 
12 62   647 
12 63   578 
12 64   634 
12 65   297 
12 66   830 
12 67   470 
12 68    93 
12 69   204 
12 70   252 
12 71   278 
12 72   411 
12 73   801 
12 74   261 
12 75   140 
12 76   238 
12 77   976 
12 78   782 
12 79   782 
12 80   315 
13 41   335 
13 42   910 
13 43   326 
13 44   892 
13 45   383 
13 46   737 
13 47   990 
13 48   971 
13 49   433 
13 50     2 
13 51   174 
13 52   206 
13 55   472 
13 56   881 
13 57   710 
13 58   671 
13 59   413 
13 60     7 
13 61   436 
13 62   878 
13 63   783 
13 64   154 
13 65   908 
13 66   361 
13 67   141 
13 68   245 
13 69    80 
13 70   336 
13 71     7 
13 72   743 
13 73   242 
13 74   765 
13 75    31 
13 76   279 
13 77   805 
13 78   624 
13 79   814 
13 80   804 
14 41   260 
14 42   559 
14 43   453 
14 44   449 
14 45   912 
14 46   793 
14 47   687 
14 48   581 
14 49   700 
14 50   189 
14 51   396 
14 52   659 
14 53   399 
14 56   990 
14 57   561 
14 58    91 
14 59   975 
14 60   435 
14 61   924 
14 62   493 
14 63   894 
14 64   102 
14 65   568 
14 66   435 
14 67   698 
14 68    30 
14 69   910 
14 70   298 
14 71   631 
14 72    15 
14 73    42 
14 74   414 
14 75   160 
14 76   720 
14 77   236 
14 78   343 
14 79   703 
14 80   153 
15 41   287 
15 42   462 
15 43   499 
15 44   575 
15 45   715 
15 46   756 
15 47   280 
15 48   643 
15 49   627 
15 50    42 
15 51   672 
15 52   199 
15 53   364 
15 54   649 
15 57   593 
15 58   858 
15 59   777 
15 60   830 
15 61   295 
15 62   187 
15 63   509 
15 64   855 
15 65   368 
15 66   382 
15 67   408 
15 68    21 
15 69   954 
15 70   882 
15 71   540 
15 72   423 
15 73   229 
15 74   419 
15 75   966 
15 76   181 
15 77   798 
15 78   944 
15 79   961 
15 80   555 
16 41    94 
16 42   486 
16 43   684 
16 44   292 
16 45   857 
16 46   518 
16 47   936 
16 48   843 
16 49   873 
16 50   163 
16 51   859 
16 52   519 
16 53   609 
16 54   816 
16 55   695 
16 58   946 
16 59   649 
16 60   951 
16 61   412 
16 62   530 
16 63    79 
16 64   757 
16 65    92 
16 66    71 
16 67   155 
16 68   919 
16 69   693 
16 70   519 
16 71    68 
16 72   279 
16 73   474 
16 74   555 
16 75   395 
16 76   419 
16 77   319 
16 78   257 
16 79   571 
16 80    96 
17 41   307 
17 42   722 
17 43   933 
17 44   998 
17 45   158 
17 46    38 
17 47   902 
17 48    74 
17 49    44 
17 50   865 
17 51   730 
17 52   181 
17 53   957 
17 54   213 
17 55   439 
17 56    12 
17 59   725 
17 60   698 
17 61   477 
17 62   146 
17 63   411 
17 64   194 
17 65   766 
17 66   120 
17 67   185 
17 68   420 
17 69   826 
17 70   452 
17 71   519 
17 72   893 
17 73   332 
17 74   475 
17 75   857 
17 76   635 
17 77   562 
17 78   964 
17 79   215 
17 80   934 
18 41   226 
18 42    71 
18 43   554 
18 44   232 
18 45   225 
18 46   890 
18 47   120 
18 48   119 
18 49   344 
18 50   997 
18 51   543 
18 52   811 
18 53   872 
18 54   987 
18 55   567 
18 56   993 
18 57   692 
18 60    82 
18 61   407 
18 62   473 
18 63   388 
18 64   661 
18 65   661 
18 66    78 
18 67   473 
18 68   828 
18 69   524 
18 70   384 
18 71   194 
18 72   860 
18 73   258 
18 74    98 
18 75   985 
18 76   809 
18 77   441 
18 78   134 
18 79   111 
18 80   792 
19 41   934 
19 42   971 
19 43   327 
19 44   971 
19 45   469 
19 46   477 
19 47   341 
19 48   518 
19 49   935 
19 50   886 
19 51   345 
19 52   716 
19 53   647 
19 54   866 
19 55   505 
19 56   501 
19 57   745 
19 58   825 
19 61   369 
19 62   182 
19 63   852 
19 64   454 
19 65   968 
19 66   776 
19 67   838 
19 68   920 
19 69   315 
19 70   366 
19 71   988 
19 72   948 
19 73   498 
19 74   213 
19 75   574 
19 76    36 
19 77   784 
19 78   111 
19 79   293 
19 80   752 
20 41   367 
20 42    45 
20 43   961 
20 44    51 
20 45   489 
20 46   907 
20 47    66 
20 48   629 
20 49   806 
20 50   958 
20 51   663 
20 52    34 
20 53   969 
20 54   167 
20 55   992 
20 56   340 
20 57   119 
20 58   354 
20 59   476 
20 62    74 
20 63   826 
20 64   176 
20 65   637 
20 66   664 
20 67   934 
20 68   395 
20 69   488 
20 70   641 
20 71   526 
20 72   144 
20 73   851 
20 74   799 
20 75    97 
20 76   274 
20 77   274 
20 78    46 
20 79     5 
20 80   662 
21 41   825 
21 42   457 
21 43   163 
21 44   874 
21 45   744 
21 46   873 
21 47   929 
21 48   399 
21 49    63 
21 50   150 
21 51    60 
21 52   806 
21 53   722 
21 54   290 
21 55   283 
21 56   315 
21 57   365 
21 58    48 
21 59   987 
21 60   183 
21 63   158 
21 64   804 
21 65   613 
21 66   390 
21 67   773 
21 68   738 
21 69   209 
21 70   753 
21 71   875 
21 72   489 
21 73   310 
21 74   604 
21 75   761 
21 76   485 
21 77   795 
21 78   217 
21 79   908 
21 80   319 
22 41   545 
22 42   952 
22 43   601 
22 44   655 
22 45   714 
22 46   962 
22 47   835 
22 48   914 
22 49   800 
22 50   673 
22 51   527 
22 52   725 
22 53    68 
22 54   849 
22 55   372 
22 56   578 
22 57   456 
22 58   611 
22 59   796 
22 60   729 
22 61   491 
22 64   440 
22 65   472 
22 66   605 
22 67   290 
22 68   627 
22 69   731 
22 70   617 
22 71   838 
22 72   380 
22 73   410 
22 74   457 
22 75   310 
22 76   820 
22 77   516 
22 78     1 
22 79   772 
22 80   193 
23 41   925 
23 42     6 
23 43   546 
23 44   571 
23 45   476 
23 46   268 
23 47   686 
23 48   599 
23 49   222 
23 50   293 
23 51   652 
23 52   479 
23 53   151 
23 54   487 
23 55    64 
23 56   930 
23 57   657 
23 58   531 
23 59   840 
23 60   304 
23 61   166 
23 62   888 
23 65   827 
23 66   174 
23 67   813 
23 68   920 
23 69   276 
23 70   967 
23 71   138 
23 72   735 
23 73   736 
23 74   570 
23 75   739 
23 76   887 
23 77   471 
23 78   495 
23 79   797 
23 80   918 
24 41   737 
24 42   735 
24 43   958 
24 44   664 
24 45    17 
24 46   316 
24 47     3 
24 48   549 
24 49   949 
24 50   166 
24 51   123 
24 52   756 
24 53   134 
24 54   673 
24 55   972 
24 56   244 
24 57   715 
24 58   286 
24 59    38 
24 60   175 
24 61   149 
24 62   237 
24 63   659 
24 66   226 
24 67   517 
24 68   509 
24 69   418 
24 70   198 
24 71   120 
24 72   620 
24 73   154 
24 74   226 
24 75    34 
24 76   900 
24 77   889 
24 78     9 
24 79   910 
24 80   932 
25 41   386 
25 42   588 
25 43   199 
25 44   766 
25 45   749 
25 46   172 
25 47    17 
25 48   448 
25 49   203 
25 50   541 
25 51    34 
25 52   633 
25 53   551 
25 54   978 
25 55   246 
25 56    10 
25 57   182 
25 58   204 
25 59   845 
25 60   479 
25 61   114 
25 62    99 
25 63   602 
25 64   423 
25 67   149 
25 68   471 
25 69    76 
25 70   682 
25 71   404 
25 72   453 
25 73   462 
25 74   148 
25 75   217 
25 76   258 
25 77   272 
25 78   316 
25 79   214 
25 80   828 
26 41   263 
26 42   540 
26 43   596 
26 44    64 
26 45    74 
26 46   921 
26 47   582 
26 48     9 
26 49    39 
26 50   180 
26 51   439 
26 52   351 
26 53   564 
26 54   179 
26 55   577 
26 56   621 
26 57   858 
26 58   906 
26 59   337 
26 60    30 
26 61   294 
26 62   559 
26 63   248 
26 64   414 
26 65   161 
26 68   361 
26 69   361 
26 70   472 
26 71   924 
26 72   857 
26 73   569 
26 74   625 
26 75   176 
26 76   309 
26 77   479 
26 78   149 
26 79    41 
26 80   867 
27 41   246 
27 42   334 
27 43   715 
27 44   745 
27 45   992 
27 46   498 
27 47    56 
27 48    10 
27 49   133 
27 50   625 
27 51   450 
27 52   896 
27 53   584 
27 54   616 
27 55   850 
27 56   465 
27 57   697 
27 58   847 
27 59   531 
27 60   157 
27 61   223 
27 62    51 
27 63   917 
27 64   251 
27 65   628 
27 66   950 
27 69   483 
27 70   584 
27 71   740 
27 72   209 
27 73   528 
27 74   835 
27 75   488 
27 76    82 
27 77    40 
27 78   143 
27 79   165 
27 80    24 
28 41   493 
28 42   645 
28 43   927 
28 44   712 
28 45   266 
28 46   417 
28 47   355 
28 48   794 
28 49   882 
28 50    65 
28 51   881 
28 52   312 
28 53   558 
28 54   370 
28 55    25 
28 56   788 
28 57   550 
28 58   905 
28 59   799 
28 60   692 
28 61   447 
28 62   197 
28 63   862 
28 64   800 
28 65   638 
28 66    19 
28 67   980 
28 70   842 
28 71   346 
28 72   184 
28 73   110 
28 74   992 
28 75   829 
28 76   981 
28 77   526 
28 78   801 
28 79    48 
28 80   770 
29 41   826 
29 42   106 
29 43   784 
29 44   424 
29 45   633 
29 46   311 
29 47   503 
29 48   924 
29 49   122 
29 50   317 
29 51   120 
29 52   408 
29 53   932 
29 54   463 
29 55   235 
29 56   148 
29 57   960 
29 58   494 
29 59   171 
29 60   718 
29 61   477 
29 62   282 
29 63   216 
29 64   351 
29 65    74 
29 66   359 
29 67   708 
29 68   597 
29 71   734 
29 72   790 
29 73   649 
29 74   363 
29 75   625 
29 76   584 
29 77   810 
29 78   401 
29 79   448 
29 80   840 
30 41   283 
30 42   196 
30 43   859 
30 44   328 
30 45   537 
30 46   577 
30 47    11 
30 48   989 
30 49   401 
30 50   416 
30 51   456 
30 52   945 
30 53   750 
30 54    48 
30 55   539 
30 56   572 
30 57   514 
30 58   248 
30 59   359 
30 60    57 
30 61   475 
30 62   246 
30 63   275 
30 64   663 
30 65   205 
30 66   317 
30 67   320 
30 68   962 
30 69   566 
30 72   686 
30 73   393 
30 74   582 
30 75   840 
30 76   736 
30 77   636 
30 78   281 
30 79   613 
30 80   351 
31 41   455 
31 42   886 
31 43   356 
31 44    17 
31 45   379 
31 46   537 
31 47   612 
31 48   723 
31 49    85 
31 50   731 
31 51   587 
31 52   194 
31 53    42 
31 54   910 
31 55   322 
31 56   279 
31 57   664 
31 58   339 
31 59   626 
31 60   318 
31 61   138 
31 62   870 
31 63   652 
31 64   761 
31 65   321 
31 66   566 
31 67   546 
31 68   724 
31 69   750 
31 70   175 
31 73   258 
31 74   124 
31 75   721 
31 76   626 
31 77   283 
31 78   554 
31 79   548 
31 80   938 
32 41   407 
32 42   105 
32 43   992 
32 44   401 
32 45   365 
32 46   999 
32 47   765 
32 48   649 
32 49   462 
32 50   453 
32 51   147 
32 52    70 
32 53   405 
32 54   530 
32 55   446 
32 56   844 
32 57   353 
32 58   766 
32 59   131 
32 60   494 
32 61   351 
32 62   863 
32 63   346 
32 64   888 
32 65   984 
32 66    43 
32 67   617 
32 68   328 
32 69   137 
32 70   138 
32 71   635 
32 74   954 
32 75   849 
32 76   824 
32 77    77 
32 78   426 
32 79   660 
32 80   698 
33 41   488 
33 42   181 
33 43   581 
33 44   867 
33 45    40 
33 46   476 
33 47   529 
33 48   976 
33 49   509 
33 50    64 
33 51   337 
33 52   237 
33 53   399 
33 54   418 
33 55   362 
33 56   299 
33 57   820 
33 58   811 
33 59    42 
33 60    12 
33 61   642 
33 62   342 
33 63   883 
33 64   483 
33 65   397 
33 66    36 
33 67   153 
33 68   157 
33 69   542 
33 70   676 
33 71   529 
33 72    38 
33 75   725 
33 76   961 
33 77   285 
33 78   152 
33 79   309 
33 80   738 
34 41   481 
34 42   405 
34 43   320 
34 44   195 
34 45   419 
34 46   391 
34 47   287 
34 48    54 
34 49   539 
34 50   960 
34 51   622 
34 52   125 
34 53   441 
34 54   960 
34 55   271 
34 56   189 
34 57    86 
34 58   372 
34 59   500 
34 60   721 
34 61   902 
34 62   758 
34 63   981 
34 64   551 
34 65   112 
34 66   864 
34 67    93 
34 68   991 
34 69   895 
34 70   453 
34 71   640 
34 72   880 
34 73   588 
34 76   224 
34 77   207 
34 78    33 
34 79   383 
34 80   960 
35 41   777 
35 42   706 
35 43   233 
35 44   772 
35 45   362 
35 46   228 
35 47   518 
35 48   564 
35 49   424 
35 50   107 
35 51   232 
35 52   794 
35 53   550 
35 54   604 
35 55   920 
35 56   152 
35 57   232 
35 58   512 
35 59   465 
35 60   707 
35 61   182 
35 62   569 
35 63   154 
35 64   216 
35 65    56 
35 66   163 
35 67   619 
35 68   286 
35 69   842 
35 70   979 
35 71   448 
35 72   880 
35 73   610 
35 74   652 
35 77   967 
35 78   424 
35 79    19 
35 80   769 
36 41    36 
36 42   569 
36 43   135 
36 44   416 
36 45   889 
36 46   840 
36 47   177 
36 48   493 
36 49   856 
36 50   444 
36 51   718 
36 52   167 
36 53   611 
36 54   145 
36 55   884 
36 56    34 
36 57   705 
36 58   576 
36 59   836 
36 60   465 
36 61   386 
36 62   294 
36 63    69 
36 64   889 
36 65   731 
36 66   852 
36 67   928 
36 68    17 
36 69   280 
36 70   920 
36 71   310 
36 72   361 
36 73   781 
36 74   666 
36 75   149 
36 78   931 
36 79   113 
36 80   903 
37 41   294 
37 42   316 
37 43   769 
37 44   293 
37 45   692 
37 46   351 
37 47   333 
37 48   675 
37 49   501 
37 50   108 
37 51   893 
37 52   495 
37 53    33 
37 54   248 
37 55   457 
37 56   676 
37 57    64 
37 58   180 
37 59   334 
37 60   408 
37 61   855 
37 62   784 
37 63   436 
37 64   451 
37 65    21 
37 66   911 
37 67   711 
37 68   314 
37 69   742 
37 70   574 
37 71   938 
37 72   184 
37 73   194 
37 74   464 
37 75    18 
37 76   860 
37 79   488 
37 80   136 
38 41   518 
38 42    13 
38 43   312 
38 44   818 
38 45   663 
38 46   305 
38 47   422 
38 48     1 
38 49   180 
38 50   593 
38 51   736 
38 52   999 
38 53   904 
38 54   682 
38 55   588 
38 56   861 
38 57   578 
38 58   998 
38 59   459 
38 60   122 
38 61   692 
38 62    14 
38 63   461 
38 64   499 
38 65   316 
38 66   423 
38 67   173 
38 68   918 
38 69   153 
38 70   369 
38 71   560 
38 72    89 
38 73   225 
38 74   121 
38 75   104 
38 76   847 
38 77   327 
38 80   875 
39 41   294 
39 42   154 
39 43   330 
39 44   834 
39 45   738 
39 46   707 
39 47   517 
39 48   680 
39 49   577 
39 50   131 
39 51    90 
39 52   878 
39 53   631 
39 54    66 
39 55   261 
39 56   698 
39 57   383 
39 58   483 
39 59   172 
39 60    66 
39 61   613 
39 62   272 
39 63   695 
39 64   949 
39 65   228 
39 66   718 
39 67   145 
39 68   165 
39 69   291 
39 70   489 
39 71   864 
39 72   584 
39 73   503 
39 74   902 
39 75   136 
39 76   362 
39 77   869 
39 78   173 
40 41   903 
40 42   673 
40 43   761 
40 44   755 
40 45   221 
40 46   235 
40 47   517 
40 48   861 
40 49   704 
40 50   265 
40 51   311 
40 52   551 
40 53   921 
40 54   993 
40 55   426 
40 56   916 
40 57   995 
40 58   727 
40 59   759 
40 60   584 
40 61   425 
40 62   364 
40 63   611 
40 64   201 
40 65   888 
40 66   218 
40 67   214 
40 68   538 
40 69   130 
40 70   380 
40 71   965 
40 72   271 
40 73   873 
40 74   133 
40 75   621 
40 76   984 
40 77   502 
40 78   587 
40 79   576 
0 
0 
0 
0 
0 
0 
0 
0 
0 
0 
0 
0 
0 
0 
0 
0 
0 
0 
0 
0 
0 
0 
0 
0 
0 
0 
0 
0 
0 
0 
0 
0 
0 
0 
0 
0 
0 
0 
0 
0 
0 
0 
0 
0 
0 
0 
0 
0 
0 
0 
0 
0 
0 
0 
0 
0 
0 
0 
0 
0 
0 
0 
0 
0 
0 
0 
0 
0 
0 
0 
0 
0 
0 
0 
0 
0 
0 
0 
0 
0 
  964   686 
   59   780 
  621   771 
  808   369 
  672   918 
  386    97 
  625   669 
  299   738 
  370   384 
  924   236 
  329   200 
  830    65 
  417   908 
  441   737 
  254   725 
  635   679 
  725   988 
  547   960 
  844   405 
  212   979 
  927   733 
  364   456 
  960   236 
  892   808 
  393   801 
  220   153 
  221   123 
  127   609 
   57   715 
   81   795 
   91   770 
  527   303 
  296   825 
  425   514 
  384     0 
  436   611 
  539   909 
  244    11 
  938   450 
   63    24 
  422   371 
  195   756 
  666   979 
   63   376 
  912   992 
  839   458 
  652   926 
  779   579 
  433   524 
  713   231 
  933   261 
  704   788 
  314   422 
  418   507 
  129   470 
  703   913 
  131   270 
  340   547 
  179   214 
  927   159 
   73   277 
  927   700 
  783   762 
  428   440 
   31   414 
  810   775 
  632   307 
  378   110 
  451    52 
  880   415 
    7   668 
  451   356 
  107   757 
  813    78 
  223   159 
  814   595 
  616   154 
  686   127 
  858   910 
  462   488 
80 3160 
1 2   960 
2 3   780 
3 4   386 
4 5   902 
5 6   651 
6 7   704 
7 8   579 
8 9   928 
9 10   904 
10 11   345 
11 12   974 
12 13   725 
13 14   355 
14 15   437 
15 16   629 
16 17   962 
17 18   408 
18 19   463 
19 20   897 
20 21   540 
21 22   736 
22 23    66 
23 24   642 
24 25   355 
25 26   855 
26 27   600 
27 28   401 
28 29   764 
29 30     0 
30 31   638 
31 32   245 
32 33   616 
33 34   291 
34 35   800 
35 36    79 
36 37   417 
37 38   147 
38 39   449 
39 40   636 
40 41   152 
41 42   314 
42 43   153 
43 44   644 
44 45   324 
45 46   878 
46 47   675 
47 48   590 
48 49   537 
49 50   633 
50 51   720 
51 52   371 
52 53   650 
53 54    27 
54 55   809 
55 56   146 
56 57   755 
57 58   306 
58 59   999 
59 60   342 
60 61   559 
61 62   712 
62 63   519 
63 64   170 
64 65   219 
65 66   144 
66 67    69 
67 68   771 
68 69   896 
69 70   874 
70 71   430 
71 72   471 
72 73   667 
73 74   446 
74 75   162 
75 76   324 
76 77   665 
77 78   689 
78 79   295 
79 80   974 
1 3   758 
1 4   776 
1 5   265 
1 6   122 
1 7   150 
1 8   526 
1 9   111 
1 10   699 
1 11   762 
1 12   144 
1 13   600 
1 14    87 
1 15   416 
1 16   107 
1 17   612 
1 18   613 
1 19   611 
1 20   166 
1 21   862 
1 22   353 
1 23   523 
1 24   514 
1 25   834 
1 26   383 
1 27   119 
1 28   258 
1 29   798 
1 30   980 
1 31   612 
1 32   811 
1 33   861 
1 34   755 
1 35   222 
1 36     1 
1 37   937 
1 38   392 
1 39   798 
1 40    55 
1 41   359 
1 42   562 
1 43   411 
1 44   639 
1 45     6 
1 46    27 
1 47   473 
1 48   184 
1 49   986 
1 50   673 
1 51   106 
1 52   862 
1 53   696 
1 54   872 
1 55   212 
1 56   639 
1 57   294 
1 58   321 
1 59   342 
1 60   898 
1 61   342 
1 62   475 
1 63   988 
1 64   605 
1 65   498 
1 66   420 
1 67   727 
1 68   243 
1 69   319 
1 70   282 
1 71   624 
1 72   131 
1 73   773 
1 74   308 
1 75    14 
1 76   568 
1 77    12 
1 78    15 
1 79    78 
1 80   900 
2 4   720 
2 5   367 
2 6   695 
2 7   633 
2 8   318 
2 9   838 
2 10   236 
2 11   926 
2 12    36 
2 13   799 
2 14   590 
2 15   306 
2 16   102 
2 17   428 
2 18    81 
2 19   795 
2 20   463 
2 21   539 
2 22   777 
2 23    29 
2 24   758 
2 25   700 
2 26   828 
2 27    50 
2 28    31 
2 29   966 
2 30   742 
2 31   204 
2 32   723 
2 33   691 
2 34   939 
2 35   312 
2 36    41 
2 37   184 
2 38   438 
2 39   969 
2 40   650 
2 41   731 
2 42   108 
2 43   564 
2 44    19 
2 45   533 
2 46   338 
2 47   530 
2 48   950 
2 49   908 
2 50   378 
2 51   492 
2 52   131 
2 53   141 
2 54   618 
2 55   759 
2 56   403 
2 57   339 
2 58   133 
2 59   362 
2 60    18 
2 61   933 
2 62   408 
2 63   423 
2 64   253 
2 65   293 
2 66   479 
2 67    43 
2 68   525 
2 69   901 
2 70    90 
2 71   701 
2 72   152 
2 73    21 
2 74   568 
2 75   331 
2 76   917 
2 77   283 
2 78   679 
2 79   140 
2 80   388 
3 5   281 
3 6    89 
3 7   630 
3 8   196 
3 9   655 
3 10    30 
3 11   153 
3 12   144 
3 13   642 
3 14   420 
3 15   580 
3 16   838 
3 17   291 
3 18   755 
3 19   456 
3 20    16 
3 21   631 
3 22   754 
3 23   661 
3 24   703 
3 25   175 
3 26   150 
3 27   105 
3 28   151 
3 29   858 
3 30     8 
3 31   769 
3 32    72 
3 33   558 
3 34   945 
3 35   194 
3 36   335 
3 37   157 
3 38   687 
3 39   339 
3 40   938 
3 41    50 
3 42   370 
3 43   648 
3 44   574 
3 45   679 
3 46   417 
3 47   150 
3 48   289 
3 49   472 
3 50   491 
3 51   689 
3 52   536 
3 53   737 
3 54     7 
3 55   651 
3 56   954 
3 57   879 
3 58   543 
3 59   182 
3 60   312 
3 61   460 
3 62   404 
3 63   792 
3 64   989 
3 65   561 
3 66   913 
3 67   673 
3 68   341 
3 69   221 
3 70    44 
3 71   547 
3 72   667 
3 73   525 
3 74   956 
3 75   499 
3 76     5 
3 77    88 
3 78   942 
3 79   782 
3 80   415 
4 6   126 
4 7   825 
4 8    90 
4 9   947 
4 10   440 
4 11    40 
4 12    61 
4 13   426 
4 14   802 
4 15   913 
4 16   761 
4 17   122 
4 18   638 
4 19   126 
4 20    91 
4 21   398 
4 22   827 
4 23   407 
4 24   106 
4 25   455 
4 26   863 
4 27   324 
4 28   382 
4 29   415 
4 30     6 
4 31   568 
4 32    61 
4 33   468 
4 34   907 
4 35   804 
4 36   119 
4 37   279 
4 38    19 
4 39   780 
4 40   903 
4 41   547 
4 42   342 
4 43   148 
4 44   430 
4 45   992 
4 46   845 
4 47   456 
4 48   487 
4 49   698 
4 50   191 
4 51   368 
4 52   117 
4 53   316 
4 54    69 
4 55   529 
4 56   116 
4 57   876 
4 58   118 
4 59   677 
4 60   341 
4 61   278 
4 62   764 
4 63   799 
4 64   449 
4 65   131 
4 66   741 
4 67   616 
4 68   704 
4 69   223 
4 70    54 
4 71   130 
4 72   295 
4 73    61 
4 74   924 
4 75   990 
4 76   313 
4 77   767 
4 78   148 
4 79   725 
4 80   878 
5 7   328 
5 8   132 
5 9   947 
5 10   458 
5 11   603 
5 12   779 
5 13    41 
5 14   878 
5 15   702 
5 16   531 
5 17    96 
5 18   638 
5 19   909 
5 20   356 
5 21   808 
5 22   790 
5 23   691 
5 24   464 
5 25   979 
5 26    29 
5 27   152 
5 28   334 
5 29   658 
5 30   709 
5 31   388 
5 32    28 
5 33   953 
5 34   382 
5 35   324 
5 36   332 
5 37   810 
5 38     5 
5 39   213 
5 40   771 
5 41   282 
5 42   367 
5 43   526 
5 44   140 
5 45   839 
5 46   194 
5 47   629 
5 48   941 
5 49   953 
5 50   125 
5 51   883 
5 52    86 
5 53   638 
5 54   917 
5 55   362 
5 56   884 
5 57   294 
5 58   725 
5 59   573 
5 60   924 
5 61     3 
5 62   317 
5 63   156 
5 64   406 
5 65   762 
5 66   922 
5 67   650 
5 68   182 
5 69   383 
5 70   841 
5 71   973 
5 72   188 
5 73    11 
5 74   757 
5 75   203 
5 76   859 
5 77   849 
5 78   425 
5 79    21 
5 80   336 
6 8   490 
6 9    17 
6 10   377 
6 11   327 
6 12   528 
6 13   255 
6 14   545 
6 15   933 
6 16   843 
6 17   657 
6 18   999 
6 19   844 
6 20    58 
6 21   415 
6 22   565 
6 23   895 
6 24   198 
6 25   105 
6 26   607 
6 27   790 
6 28   918 
6 29   146 
6 30   174 
6 31   769 
6 32   332 
6 33   642 
6 34   400 
6 35   812 
6 36   802 
6 37   463 
6 38   913 
6 39   991 
6 40   258 
6 41   184 
6 42   956 
6 43   171 
6 44    95 
6 45   667 
6 46   787 
6 47   925 
6 48   552 
6 49   780 
6 50   959 
6 51   896 
6 52   811 
6 53   705 
6 54    70 
6 55   194 
6 56   171 
6 57    10 
6 58    22 
6 59   814 
6 60    53 
6 61   455 
6 62   101 
6 63   234 
6 64   926 
6 65   161 
6 66   724 
6 67   689 
6 68   758 
6 69   233 
6 70   852 
6 71   415 
6 72   595 
6 73   644 
6 74    95 
6 75   348 
6 76   215 
6 77   949 
6 78   108 
6 79   884 
6 80    94 
7 9   337 
7 10   416 
7 11   928 
7 12   387 
7 13   711 
7 14   845 
7 15   888 
7 16   756 
7 17   721 
7 18   358 
7 19   774 
7 20   392 
7 21    64 
7 22   892 
7 23   544 
7 24   180 
7 25   759 
7 26   350 
7 27   509 
7 28   423 
7 29   825 
7 30    93 
7 31   455 
7 32   806 
7 33   348 
7 34   877 
7 35   793 
7 36   986 
7 37   975 
7 38    34 
7 39   540 
7 40    86 
7 41   679 
7 42   920 
7 43   709 
7 44   655 
7 45   444 
7 46   341 
7 47   929 
7 48   197 
7 49    25 
7 50   799 
7 51   860 
7 52   971 
7 53   806 
7 54   716 
7 55   328 
7 56   948 
7 57    23 
7 58   551 
7 59   736 
7 60   654 
7 61   479 
7 62    11 
7 63   777 
7 64   344 
7 65   491 
7 66    75 
7 67   142 
7 68   759 
7 69   548 
7 70   123 
7 71   141 
7 72   141 
7 73   705 
7 74   309 
7 75   989 
7 76   314 
7 77   913 
7 78   145 
7 79   583 
7 80   554 
8 10   858 
8 11   669 
8 12    81 
8 13   898 
8 14    66 
8 15   861 
8 16    42 
8 17   693 
8 18   889 
8 19   654 
8 20   163 
8 21   955 
8 22   820 
8 23   477 
8 24   414 
8 25   719 
8 26   253 
8 27   570 
8 28   280 
8 29   744 
8 30   300 
8 31   197 
8 32   200 
8 33   800 
8 34   989 
8 35   784 
8 36   470 
8 37   818 
8 38    55 
8 39    37 
8 40   596 
8 41   825 
8 42   321 
8 43   142 
8 44   372 
8 45   996 
8 46   209 
8 47   980 
8 48   937 
8 49   910 
8 50   709 
8 51   572 
8 52   882 
8 53   681 
8 54   482 
8 55   368 
8 56   647 
8 57   264 
8 58   774 
8 59   938 
8 60   529 
8 61    70 
8 62   558 
8 63   429 
8 64   219 
8 65   626 
8 66   794 
8 67    14 
8 68   970 
8 69   202 
8 70   283 
8 71   205 
8 72   918 
8 73    16 
8 74   743 
8 75   160 
8 76   584 
8 77   856 
8 78   592 
8 79   649 
8 80    22 
9 11   132 
9 12   257 
9 13   867 
9 14   909 
9 15    34 
9 16   761 
9 17   363 
9 18     7 
9 19    73 
9 20   624 
9 21   523 
9 22   998 
9 23   451 
9 24   454 
9 25   109 
9 26   662 
9 27   792 
9 28   778 
9 29   199 
9 30    51 
9 31   451 
9 32   259 
9 33   305 
9 34   255 
9 35   886 
9 36   849 
9 37   197 
9 38   359 
9 39   255 
9 40   346 
9 41   313 
9 42   762 
9 43   391 
9 44   269 
9 45   878 
9 46   432 
9 47   106 
9 48   575 
9 49   803 
9 50   259 
9 51   154 
9 52   406 
9 53   597 
9 54   650 
9 55   450 
9 56   527 
9 57   126 
9 58   385 
9 59    94 
9 60    75 
9 61   703 
9 62   496 
9 63   988 
9 64   996 
9 65    33 
9 66   612 
9 67   134 
9 68   852 
9 69   718 
9 70   436 
9 71   262 
9 72   158 
9 73   348 
9 74   127 
9 75   193 
9 76   864 
9 77    53 
9 78   566 
9 79   728 
9 80   935 
10 12   117 
10 13   426 
10 14   966 
10 15   731 
10 16   872 
10 17   614 
10 18   508 
10 19   524 
10 20   182 
10 21   354 
10 22   950 
10 23   574 
10 24   581 
10 25   804 
10 26   602 
10 27   606 
10 28   886 
10 29   983 
10 30   354 
10 31   328 
10 32    67 
10 33   649 
10 34   725 
10 35   487 
10 36    50 
10 37   807 
10 38   397 
10 39   637 
10 40    84 
10 41   731 
10 42   829 
10 43   809 
10 44   961 
10 45   696 
10 46   397 
10 47   977 
10 48   365 
10 49   634 
10 50   348 
10 51   871 
10 52   357 
10 53   987 
10 54   103 
10 55   986 
10 56   213 
10 57   589 
10 58   740 
10 59   529 
10 60   988 
10 61   649 
10 62   210 
10 63   123 
10 64   945 
10 65    74 
10 66   393 
10 67   294 
10 68   645 
10 69   362 
10 70   826 
10 71   577 
10 72   748 
10 73   664 
10 74   320 
10 75   656 
10 76   284 
10 77   897 
10 78   213 
10 79   333 
10 80   450 
11 13   259 
11 14   111 
11 15   919 
11 16    14 
11 17   987 
11 18   248 
11 19   373 
11 20   714 
11 21   647 
11 22    47 
11 23   839 
11 24   604 
11 25   834 
11 26   121 
11 27   563 
11 28   833 
11 29   457 
11 30   402 
11 31   699 
11 32   382 
11 33   603 
11 34   758 
11 35   314 
11 36   809 
11 37   139 
11 38   127 
11 39   688 
11 40   183 
11 41    30 
11 42   410 
11 43   395 
11 44   235 
11 45   352 
11 46   756 
11 47     9 
11 48   168 
11 49   683 
11 50   585 
11 51   762 
11 52    78 
11 53   638 
11 54   938 
11 55    97 
11 56   174 
11 57   819 
11 58   408 
11 59    77 
11 60   177 
11 61   306 
11 62   341 
11 63   628 
11 64   198 
11 65   864 
11 66   877 
11 67   207 
11 68   392 
11 69   321 
11 70    37 
11 71   123 
11 72   495 
11 73   391 
11 74   699 
11 75   537 
11 76   533 
11 77   433 
11 78   667 
11 79   836 
11 80   750 
12 14    55 
12 15   300 
12 16    95 
12 17   387 
12 18   391 
12 19   676 
12 20    88 
12 21   750 
12 22    88 
12 23   293 
12 24   625 
12 25   208 
12 26   610 
12 27   969 
12 28   445 
12 29   777 
12 30   295 
12 31   640 
12 32   854 
12 33    83 
12 34   245 
12 35   341 
12 36   135 
12 37    99 
12 38   281 
12 39   589 
12 40   155 
12 41   391 
12 42   590 
12 43    79 
12 44   952 
12 45    24 
12 46   996 
12 47   128 
12 48   180 
12 49   799 
12 50   575 
12 51   960 
12 52   930 
12 53   316 
12 54   493 
12 55    89 
12 56   608 
12 57   342 
12 58   833 
12 59   748 
12 60   508 
12 61   322 
12 62   143 
12 63   808 
12 64   769 
12 65   504 
12 66   920 
12 67   400 
12 68   597 
12 69   699 
12 70   106 
12 71   470 
12 72   597 
12 73   169 
12 74   238 
12 75   728 
12 76   609 
12 77   394 
12 78   341 
12 79   811 
12 80   720 
13 15   899 
13 16    72 
13 17   834 
13 18   776 
13 19   779 
13 20   913 
13 21   605 
13 22   948 
13 23   395 
13 24   965 
13 25   432 
13 26   365 
13 27   574 
13 28   784 
13 29   675 
13 30   428 
13 31   803 
13 32   276 
13 33   174 
13 34   409 
13 35    30 
13 36   256 
13 37   430 
13 38   370 
13 39    58 
13 40   403 
13 41    81 
13 42   917 
13 43   329 
13 44   563 
13 45   826 
13 46   888 
13 47   714 
13 48   507 
13 49   663 
13 50    29 
13 51   697 
13 52   528 
13 53   450 
13 54   725 
13 55   429 
13 56   111 
13 57   726 
13 58   751 
13 59   693 
13 60   953 
13 61   420 
13 62    40 
13 63   643 
13 64    58 
13 65   974 
13 66    49 
13 67   604 
13 68   586 
13 69   219 
13 70   446 
13 71   747 
13 72   429 
13 73    15 
13 74    70 
13 75   388 
13 76   692 
13 77   802 
13 78   639 
13 79   812 
13 80   273 
14 16   718 
14 17    76 
14 18   669 
14 19   598 
14 20   483 
14 21   493 
14 22   421 
14 23   648 
14 24   858 
14 25   224 
14 26   628 
14 27   964 
14 28   187 
14 29   892 
14 30    68 
14 31   845 
14 32   254 
14 33   355 
14 34   140 
14 35   637 
14 36   182 
14 37   236 
14 38   608 
14 39   985 
14 40   226 
14 41   576 
14 42   871 
14 43   732 
14 44   523 
14 45    44 
14 46   508 
14 47   796 
14 48   193 
14 49   205 
14 50   512 
14 51   678 
14 52   449 
14 53   913 
14 54   719 
14 55   301 
14 56   398 
14 57   936 
14 58    82 
14 59   326 
14 60   529 
14 61   372 
14 62   527 
14 63   444 
14 64   409 
14 65   615 
14 66   893 
14 67   233 
14 68   341 
14 69   567 
14 70    76 
14 71   180 
14 72   187 
14 73   468 
14 74   757 
14 75    66 
14 76   455 
14 77   129 
14 78   566 
14 79   620 
14 80   417 
15 17   505 
15 18   483 
15 19   479 
15 20   393 
15 21    78 
15 22   861 
15 23   323 
15 24   636 
15 25   629 
15 26   624 
15 27   777 
15 28   374 
15 29   331 
15 30   533 
15 31   633 
15 32   472 
15 33   745 
15 34   607 
15 35   486 
15 36    88 
15 37   864 
15 38    11 
15 39   722 
15 40   830 
15 41   861 
15 42   269 
15 43    66 
15 44   274 
15 45   420 
15 46    59 
15 47   425 
15 48   344 
15 49   526 
15 50   950 
15 51   409 
15 52   239 
15 53   164 
15 54   253 
15 55   754 
15 56   852 
15 57   380 
15 58   966 
15 59   337 
15 60   393 
15 61   443 
15 62   775 
15 63   474 
15 64    43 
15 65   869 
15 66   545 
15 67   101 
15 68   273 
15 69   655 
15 70   983 
15 71   623 
15 72   230 
15 73   263 
15 74   271 
15 75   773 
15 76   498 
15 77   599 
15 78   283 
15 79    54 
15 80   208 
16 18   439 
16 19   669 
16 20   830 
16 21   475 
16 22   623 
16 23    62 
16 24    23 
16 25   630 
16 26   223 
16 27   900 
16 28   251 
16 29   208 
16 30   734 
16 31   528 
16 32   595 
16 33   611 
16 34   704 
16 35   106 
16 36    27 
16 37   969 
16 38   304 
16 39   902 
16 40   646 
16 41   895 
16 42   593 
16 43   850 
16 44   750 
16 45   245 
16 46   958 
16 47   431 
16 48   833 
16 49   831 
16 50   641 
16 51    88 
16 52   613 
16 53   995 
16 54   630 
16 55   221 
16 56   723 
16 57   267 
16 58   553 
16 59   723 
16 60   640 
16 61   211 
16 62   407 
16 63    21 
16 64   780 
16 65    55 
16 66   974 
16 67   232 
16 68   705 
16 69   209 
16 70   325 
16 71   222 
16 72    40 
16 73   178 
16 74   152 
16 75   685 
16 76   145 
16 77   527 
16 78   106 
16 79   508 
16 80   252 
17 19   861 
17 20   324 
17 21   877 
17 22   442 
17 23   541 
17 24   632 
17 25   990 
17 26   644 
17 27   911 
17 28   163 
17 29   366 
17 30   122 
17 31   771 
17 32   419 
17 33   149 
17 34   829 
17 35   324 
17 36   644 
17 37   338 
17 38   474 
17 39   689 
17 40   710 
17 41   751 
17 42    74 
17 43   936 
17 44    66 
17 45   871 
17 46   971 
17 47   734 
17 48   243 
17 49    37 
17 50   497 
17 51   768 
17 52   165 
17 53   184 
17 54   191 
17 55   856 
17 56   193 
17 57   159 
17 58   382 
17 59    84 
17 60   496 
17 61   866 
17 62   729 
17 63    15 
17 64   836 
17 65   665 
17 66   122 
17 67     8 
17 68   869 
17 69    73 
17 70   728 
17 71   577 
17 72   220 
17 73   681 
17 74     5 
17 75   446 
17 76   704 
17 77   932 
17 78   720 
17 79   481 
17 80   643 
18 20   967 
18 21   889 
18 22   961 
18 23   921 
18 24   768 
18 25   897 
18 26   559 
18 27   637 
18 28    43 
18 29   427 
18 30   573 
18 31   816 
18 32   161 
18 33   123 
18 34   660 
18 35   551 
18 36   585 
18 37   395 
18 38   106 
18 39   666 
18 40    98 
18 41    65 
18 42   349 
18 43   513 
18 44   173 
18 45   467 
18 46   547 
18 47    32 
18 48   596 
18 49   694 
18 50   102 
18 51   539 
18 52   454 
18 53   382 
18 54   687 
18 55   792 
18 56   944 
18 57   978 
18 58    79 
18 59   112 
18 60   425 
18 61   875 
18 62   741 
18 63   461 
18 64   647 
18 65   280 
18 66   614 
18 67   682 
18 68   436 
18 69   663 
18 70   213 
18 71   802 
18 72   507 
18 73    19 
18 74   773 
18 75     8 
18 76   110 
18 77   332 
18 78   289 
18 79   585 
18 80   649 
19 21   152 
19 22   991 
19 23   144 
19 24   574 
19 25   962 
19 26   287 
19 27   545 
19 28   228 
19 29   233 
19 30   228 
19 31   237 
19 32   319 
19 33   719 
19 34   380 
19 35   167 
19 36   659 
19 37   270 
19 38    51 
19 39   535 
19 40   168 
19 41   415 
19 42   741 
19 43   336 
19 44   565 
19 45   283 
19 46   713 
19 47   646 
19 48   117 
19 49    17 
19 50   371 
19 51   916 
19 52   369 
19 53   976 
19 54   988 
19 55   919 
19 56   248 
19 57   473 
19 58   957 
19 59   296 
19 60   939 
19 61   194 
19 62   758 
19 63    76 
19 64   372 
19 65   160 
19 66   188 
19 67   730 
19 68   323 
19 69   581 
19 70   214 
19 71    28 
19 72   151 
19 73   160 
19 74   544 
19 75    42 
19 76   232 
19 77   777 
19 78   309 
19 79     6 
19 80   829 
20 22   538 
20 23   697 
20 24   291 
20 25   602 
20 26   104 
20 27   609 
20 28   978 
20 29   231 
20 30   742 
20 31   104 
20 32   301 
20 33   412 
20 34   984 
20 35   200 
20 36   227 
20 37   628 
20 38   103 
20 39   357 
20 40   570 
20 41   719 
20 42   457 
20 43   498 
20 44   361 
20 45   682 
20 46   205 
20 47   339 
20 48   927 
20 49   556 
20 50   622 
20 51   570 
20 52   356 
20 53   441 
20 54   364 
20 55   601 
20 56    69 
20 57   190 
20 58   446 
20 59   323 
20 60   259 
20 61   804 
20 62   407 
20 63   739 
20 64   825 
20 65    36 
20 66   387 
20 67   798 
20 68   761 
20 69   886 
20 70    48 
20 71   316 
20 72   846 
20 73   922 
20 74   327 
20 75   853 
20 76   537 
20 77    24 
20 78   186 
20 79   669 
20 80   542 
21 23   223 
21 24   295 
21 25   793 
21 26   229 
21 27   663 
21 28   149 
21 29   881 
21 30   175 
21 31   518 
21 32   796 
21 33   973 
21 34   980 
21 35     3 
21 36   587 
21 37   917 
21 38   404 
21 39   785 
21 40   135 
21 41   287 
21 42   324 
21 43   785 
21 44   171 
21 45   647 
21 46   761 
21 47   387 
21 48   859 
21 49   605 
21 50   587 
21 51   285 
21 52   790 
21 53   907 
21 54   265 
21 55   638 
21 56   852 
21 57   311 
21 58   676 
21 59   648 
21 60   985 
21 61   983 
21 62   893 
21 63   866 
21 64   372 
21 65    74 
21 66   753 
21 67   532 
21 68   245 
21 69   906 
21 70   675 
21 71   884 
21 72   572 
21 73   365 
21 74   946 
21 75    57 
21 76   108 
21 77   769 
21 78    85 
21 79   965 
21 80   823 
22 24   143 
22 25   246 
22 26   451 
22 27   614 
22 28   636 
22 29   350 
22 30   407 
22 31   433 
22 32   346 
22 33   452 
22 34   245 
22 35   612 
22 36   850 
22 37   824 
22 38   902 
22 39   192 
22 40   570 
22 41   866 
22 42   869 
22 43    65 
22 44    61 
22 45   776 
22 46   632 
22 47   239 
22 48   430 
22 49   946 
22 50   617 
22 51   444 
22 52   373 
22 53   164 
22 54   576 
22 55   642 
22 56    90 
22 57   295 
22 58   568 
22 59   767 
22 60   544 
22 61   754 
22 62   671 
22 63   951 
22 64   320 
22 65   540 
22 66   473 
22 67   440 
22 68   659 
22 69   990 
22 70   379 
22 71   500 
22 72   407 
22 73   654 
22 74   915 
22 75   287 
22 76   949 
22 77   244 
22 78   555 
22 79   452 
22 80   261 
23 25   282 
23 26   184 
23 27   628 
23 28    16 
23 29   282 
23 30   427 
23 31   496 
23 32   325 
23 33   378 
23 34   551 
23 35   948 
23 36   826 
23 37     7 
23 38   733 
23 39   406 
23 40   855 
23 41   658 
23 42   585 
23 43   133 
23 44   701 
23 45   166 
23 46   728 
23 47   746 
23 48   972 
23 49   949 
23 50   289 
23 51   981 
23 52   265 
23 53   318 
23 54   180 
23 55    38 
23 56   125 
23 57   376 
23 58    91 
23 59   478 
23 60   716 
23 61   844 
23 62   761 
23 63   795 
23 64   213 
23 65   876 
23 66    58 
23 67   614 
23 68   790 
23 69   274 
23 70   428 
23 71   518 
23 72   372 
23 73   920 
23 74   686 
23 75    80 
23 76   525 
23 77   295 
23 78   689 
23 79   644 
23 80   635 
24 26   818 
24 27   937 
24 28   220 
24 29   515 
24 30   393 
24 31   347 
24 32   628 
24 33   860 
24 34   831 
24 35   768 
24 36   573 
24 37   678 
24 38   725 
24 39   698 
24 40   336 
24 41   243 
24 42   999 
24 43   597 
24 44   471 
24 45   392 
24 46   186 
24 47   409 
24 48   458 
24 49   334 
24 50   370 
24 51   604 
24 52   876 
24 53   748 
24 54   778 
24 55   403 
24 56   215 
24 57   975 
24 58   206 
24 59   912 
24 60   134 
24 61   717 
24 62   152 
24 63    99 
24 64   443 
24 65   684 
24 66   740 
24 67   928 
24 68   579 
24 69   983 
24 70   293 
24 71   374 
24 72     9 
24 73   779 
24 74   316 
24 75   911 
24 76   566 
24 77   568 
24 78   292 
24 79    20 
24 80   481 
25 27   869 
25 28   406 
25 29    81 
25 30   585 
25 31   746 
25 32   608 
25 33   626 
25 34   932 
25 35   374 
25 36   983 
25 37   352 
25 38   349 
25 39   855 
25 40   546 
25 41   708 
25 42   139 
25 43   704 
25 44   255 
25 45   443 
25 46   283 
25 47   936 
25 48   738 
25 49   113 
25 50    42 
25 51   241 
25 52   922 
25 53   664 
25 54   327 
25 55   558 
25 56   325 
25 57   850 
25 58   977 
25 59   201 
25 60   395 
25 61   179 
25 62   382 
25 63   500 
25 64   241 
25 65   189 
25 66   371 
25 67   273 
25 68   983 
25 69    13 
25 70   497 
25 71   925 
25 72   222 
25 73   148 
25 74   564 
25 75    32 
25 76   471 
25 77   709 
25 78   327 
25 79   643 
25 80   371 
26 28    71 
26 29    16 
26 30   573 
26 31   354 
26 32   923 
26 33   330 
26 34   549 
26 35   948 
26 36   512 
26 37   572 
26 38   412 
26 39   304 
26 40   635 
26 41   115 
26 42   453 
26 43   805 
26 44   398 
26 45   622 
26 46   754 
26 47   947 
26 48   314 
26 49   681 
26 50   328 
26 51   552 
26 52   134 
26 53   759 
26 54   556 
26 55   767 
26 56   640 
26 57   936 
26 58   172 
26 59   339 
26 60   981 
26 61   205 
26 62   217 
26 63   568 
26 64   107 
26 65   610 
26 66   142 
26 67   951 
26 68   696 
26 69   362 
26 70   196 
26 71   515 
26 72   944 
26 73   810 
26 74   822 
26 75   821 
26 76   351 
26 77   305 
26 78   990 
26 79   366 
26 80   274 
27 29   652 
27 30   732 
27 31    25 
27 32   129 
27 33    39 
27 34   546 
27 35   924 
27 36    29 
27 37   423 
27 38   404 
27 39   408 
27 40   422 
27 41   753 
27 42   618 
27 43   663 
27 44   433 
27 45   795 
27 46   249 
27 47   774 
27 48   520 
27 49   279 
27 50   151 
27 51   945 
27 52    12 
27 53   103 
27 54    64 
27 55   352 
27 56   152 
27 57   437 
27 58   354 
27 59   462 
27 60   889 
27 61   650 
27 62   758 
27 63   371 
27 64    94 
27 65   453 
27 66   723 
27 67   991 
27 68   614 
27 69   275 
27 70   392 
27 71    93 
27 72   106 
27 73   526 
27 74   341 
27 75   334 
27 76   343 
27 77   839 
27 78   186 
27 79    23 
27 80   561 
28 30   370 
28 31   970 
28 32   692 
28 33   807 
28 34   722 
28 35   648 
28 36   553 
28 37    11 
28 38    38 
28 39   478 
28 40   720 
28 41   544 
28 42   332 
28 43   590 
28 44   338 
28 45   285 
28 46   604 
28 47   655 
28 48    79 
28 49   610 
28 50   713 
28 51   990 
28 52   715 
28 53   705 
28 54   216 
28 55   709 
28 56   990 
28 57   478 
28 58   848 
28 59   491 
28 60    25 
28 61   655 
28 62   718 
28 63   770 
28 64   671 
28 65   494 
28 66   344 
28 67   582 
28 68   242 
28 69   630 
28 70   543 
28 71   136 
28 72   331 
28 73   602 
28 74   223 
28 75   504 
28 76   683 
28 77   439 
28 78   373 
28 79   765 
28 80   407 
29 31   722 
29 32    96 
29 33   895 
29 34   596 
29 35   772 
29 36   360 
29 37     4 
29 38   444 
29 39   913 
29 40   815 
29 41   123 
29 42   133 
29 43   788 
29 44    84 
29 45   602 
29 46   983 
29 47   455 
29 48   840 
29 49   943 
29 50   233 
29 51   549 
29 52   351 
29 53    11 
29 54   345 
29 55   747 
29 56   841 
29 57   145 
29 58   707 
29 59   810 
29 60    13 
29 61    75 
29 62   525 
29 63   760 
29 64    47 
29 65   123 
29 66   822 
29 67   665 
29 68   654 
29 69    63 
29 70   315 
29 71   598 
29 72    91 
29 73   700 
29 74   787 
29 75   203 
29 76   335 
29 77   164 
29 78   866 
29 79   745 
29 80   327 
30 32   702 
30 33   740 
30 34   307 
30 35   567 
30 36   673 
30 37   333 
30 38   361 
30 39   522 
30 40   104 
30 41   738 
30 42    74 
30 43   668 
30 44    68 
30 45    90 
30 46   295 
30 47   836 
30 48   717 
30 49   862 
30 50   830 
30 51   458 
30 52   402 
30 53   126 
30 54   732 
30 55   292 
30 56    38 
30 57   237 
30 58    39 
30 59   990 
30 60    97 
30 61   153 
30 62   229 
30 63   319 
30 64   525 
30 65   737 
30 66   718 
30 67   858 
30 68   789 
30 69   373 
30 70   168 
30 71   810 
30 72   817 
30 73   714 
30 74   842 
30 75   694 
30 76   978 
30 77   524 
30 78   113 
30 79   894 
30 80    98 
31 33   546 
31 34   276 
31 35    95 
31 36   829 
31 37    34 
31 38    38 
31 39   629 
31 40   523 
31 41   879 
31 42   341 
31 43   371 
31 44   162 
31 45   706 
31 46   967 
31 47   489 
31 48   270 
31 49   277 
31 50   133 
31 51   391 
31 52   875 
31 53    27 
31 54   977 
31 55   228 
31 56   260 
31 57   839 
31 58   515 
31 59   600 
31 60   260 
31 61   228 
31 62    38 
31 63   925 
31 64   424 
31 65    12 
31 66   541 
31 67   804 
31 68   325 
31 69   139 
31 70   430 
31 71   361 
31 72   871 
31 73   509 
31 74   316 
31 75   625 
31 76   707 
31 77   603 
31 78   416 
31 79   562 
31 80   565 
32 34   361 
32 35   210 
32 36   351 
32 37   844 
32 38   278 
32 39   335 
32 40    55 
32 41   782 
32 42   441 
32 43   107 
32 44   262 
32 45    90 
32 46   232 
32 47   972 
32 48   314 
32 49   403 
32 50   875 
32 51   331 
32 52   790 
32 53   455 
32 54   483 
32 55   953 
32 56   752 
32 57   588 
32 58   342 
32 59   545 
32 60   626 
32 61   361 
32 62   963 
32 63   876 
32 64    19 
32 65   598 
32 66   455 
32 67   707 
32 68   732 
32 69   893 
32 70   430 
32 71   268 
32 72   877 
32 73   647 
32 74   223 
32 75   386 
32 76   615 
32 77    93 
32 78    27 
32 79   906 
32 80    36 
33 35   707 
33 36   732 
33 37   301 
33 38   593 
33 39   632 
33 40   669 
33 41   399 
33 42    38 
33 43   626 
33 44   473 
33 45   270 
33 46   381 
33 47    11 
33 48   528 
33 49   329 
33 50   183 
33 51   248 
33 52   543 
33 53   748 
33 54   964 
33 55   928 
33 56    28 
33 57   994 
33 58   338 
33 59   521 
33 60   756 
33 61   460 
33 62   994 
33 63   395 
33 64   604 
33 65   464 
33 66   897 
33 67    57 
33 68   663 
33 69   180 
33 70   563 
33 71   388 
33 72   956 
33 73   586 
33 74   359 
33 75   459 
33 76   100 
33 77   811 
33 78   846 
33 79   199 
33 80   586 
34 36   347 
34 37   539 
34 38   995 
34 39   556 
34 40   502 
34 41   212 
34 42   111 
34 43    73 
34 44   316 
34 45   641 
34 46   983 
34 47   902 
34 48   526 
34 49   833 
34 50   646 
34 51   804 
34 52   414 
34 53   453 
34 54   885 
34 55   580 
34 56   560 
34 57     3 
34 58   971 
34 59   734 
34 60   542 
34 61   765 
34 62    10 
34 63   764 
34 64    97 
34 65    56 
34 66   865 
34 67   499 
34 68   954 
34 69   521 
34 70   299 
34 71   631 
34 72   222 
34 73   690 
34 74   157 
34 75   672 
34 76   854 
34 77   112 
34 78   626 
34 79   310 
34 80   164 
35 37   901 
35 38   841 
35 39   343 
35 40   829 
35 41   834 
35 42   480 
35 43   571 
35 44   833 
35 45   930 
35 46   238 
35 47   204 
35 48   862 
35 49   869 
35 50   772 
35 51   153 
35 52   954 
35 53   813 
35 54   399 
35 55   658 
35 56   527 
35 57   839 
35 58   971 
35 59   453 
35 60   611 
35 61   600 
35 62   464 
35 63   701 
35 64    60 
35 65   594 
35 66   704 
35 67   280 
35 68   395 
35 69   126 
35 70   452 
35 71   756 
35 72   525 
35 73   402 
35 74   195 
35 75    35 
35 76   245 
35 77   616 
35 78   636 
35 79   853 
35 80   452 
36 38   628 
36 39   296 
36 40     1 
36 41   678 
36 42   375 
36 43   566 
36 44   542 
36 45   617 
36 46   282 
36 47   473 
36 48   227 
36 49   165 
36 50   127 
36 51   585 
36 52   134 
36 53   796 
36 54   106 
36 55   372 
36 56   849 
36 57   715 
36 58   645 
36 59   600 
36 60   303 
36 61    60 
36 62   252 
36 63   967 
36 64   490 
36 65   986 
36 66   648 
36 67   899 
36 68   971 
36 69   985 
36 70   822 
36 71   436 
36 72    29 
36 73   825 
36 74     8 
36 75   812 
36 76   391 
36 77   210 
36 78    24 
36 79   301 
36 80   807 
37 39   797 
37 40   920 
37 41   877 
37 42   255 
37 43   156 
37 44   191 
37 45   950 
37 46   557 
37 47   391 
37 48   326 
37 49   295 
37 50   543 
37 51   630 
37 52   780 
37 53   485 
37 54   604 
37 55   304 
37 56   239 
37 57   310 
37 58   193 
37 59   110 
37 60   835 
37 61   577 
37 62   876 
37 63   876 
37 64   405 
37 65   305 
37 66   497 
37 67   981 
37 68   185 
37 69   185 
37 70   371 
37 71   731 
37 72   687 
37 73   223 
37 74   682 
37 75   630 
37 76   452 
37 77   847 
37 78   128 
37 79   351 
37 80    20 
38 40   951 
38 41   468 
38 42   569 
38 43   673 
38 44   533 
38 45   200 
38 46   686 
38 47   674 
38 48   473 
38 49   890 
38 50   603 
38 51   712 
38 52   300 
38 53   139 
38 54   884 
38 55   701 
38 56   710 
38 57   713 
38 58    67 
38 59   959 
38 60   333 
38 61   855 
38 62   175 
38 63   405 
38 64   451 
38 65    23 
38 66    78 
38 67   270 
38 68   832 
38 69   573 
38 70   515 
38 71   108 
38 72   527 
38 73   659 
38 74   140 
38 75   573 
38 76    93 
38 77   285 
38 78   774 
38 79   524 
38 80   959 
39 41   869 
39 42    72 
39 43   174 
39 44   149 
39 45   114 
39 46   667 
39 47   626 
39 48    18 
39 49   722 
39 50   106 
39 51   657 
39 52   337 
39 53     5 
39 54   905 
39 55   322 
39 56   640 
39 57   312 
39 58   624 
39 59   264 
39 60   385 
39 61   642 
39 62   861 
39 63   261 
39 64   920 
39 65   615 
39 66   334 
39 67   565 
39 68    15 
39 69   190 
39 70   677 
39 71   730 
39 72   510 
39 73   843 
39 74   339 
39 75    29 
39 76   128 
39 77   856 
39 78   388 
39 79   488 
39 80   977 
40 42   702 
40 43    33 
40 44   870 
40 45   822 
40 46   885 
40 47   288 
40 48    25 
40 49    88 
40 50   804 
40 51   381 
40 52   493 
40 53   995 
40 54   452 
40 55   269 
40 56   666 
40 57   583 
40 58   530 
40 59   942 
40 60   286 
40 61   922 
40 62   565 
40 63   127 
40 64   326 
40 65   822 
40 66   946 
40 67    61 
40 68   272 
40 69   185 
40 70   803 
40 71   271 
40 72   155 
40 73   671 
40 74   428 
40 75   167 
40 76   353 
40 77   992 
40 78   102 
40 79   443 
40 80   985 
41 43   853 
41 44   265 
41 45   796 
41 46   326 
41 47   905 
41 48   856 
41 49   526 
41 50   849 
41 51   498 
41 52   261 
41 53   244 
41 54   588 
41 55   111 
41 56   453 
41 57   788 
41 58   240 
41 59   218 
41 60   448 
41 61   536 
41 62    60 
41 63   137 
41 64     0 
41 65   593 
41 66    65 
41 67   446 
41 68   882 
41 69   676 
41 70   199 
41 71   527 
41 72   779 
41 73   226 
41 74   128 
41 75   699 
41 76   361 
41 77   735 
41 78   106 
41 79   169 
41 80   947 
42 44   430 
42 45   463 
42 46   935 
42 47   182 
42 48   542 
42 49   207 
42 50   285 
42 51   836 
42 52   377 
42 53   127 
42 54   549 
42 55   458 
42 56    69 
42 57   641 
42 58   608 
42 59   627 
42 60   563 
42 61   149 
42 62   492 
42 63   628 
42 64   953 
42 65   609 
42 66   193 
42 67   644 
42 68   461 
42 69   767 
42 70   375 
42 71   700 
42 72   501 
42 73   402 
42 74   168 
42 75   787 
42 76   473 
42 77   315 
42 78   650 
42 79   607 
42 80   924 
43 45   677 
43 46   927 
43 47   474 
43 48   338 
43 49   893 
43 50   363 
43 51   876 
43 52   560 
43 53   977 
43 54   253 
43 55   152 
43 56   325 
43 57   797 
43 58   309 
43 59     1 
43 60   211 
43 61    98 
43 62   587 
43 63   576 
43 64   923 
43 65   631 
43 66   548 
43 67   847 
43 68   507 
43 69   712 
43 70   661 
43 71   480 
43 72   194 
43 73    98 
43 74   339 
43 75   220 
43 76   738 
43 77   317 
43 78   861 
43 79   821 
43 80   239 
44 46   795 
44 47   937 
44 48   499 
44 49   236 
44 50   500 
44 51   238 
44 52    30 
44 53     8 
44 54   252 
44 55   183 
44 56   344 
44 57   217 
44 58    51 
44 59   809 
44 60   936 
44 61   243 
44 62   286 
44 63   562 
44 64    89 
44 65   837 
44 66   291 
44 67   638 
44 68   162 
44 69   782 
44 70   267 
44 71   407 
44 72     0 
44 73   663 
44 74   966 
44 75   535 
44 76   275 
44 77   423 
44 78   662 
44 79   773 
44 80   133 
45 47   697 
45 48   353 
45 49   981 
45 50   656 
45 51   157 
45 52   507 
45 53   746 
45 54   102 
45 55   112 
45 56   252 
45 57   176 
45 58   740 
45 59   962 
45 60   894 
45 61   174 
45 62   885 
45 63   821 
45 64   444 
45 65   671 
45 66   773 
45 67   556 
45 68   882 
45 69    60 
45 70   849 
45 71   995 
45 72   102 
45 73   519 
45 74   253 
45 75     9 
45 76   245 
45 77   142 
45 78   606 
45 79   586 
45 80   751 
46 48   810 
46 49    53 
46 50   253 
46 51   761 
46 52   149 
46 53    58 
46 54   185 
46 55   439 
46 56   750 
46 57    40 
46 58   958 
46 59    32 
46 60   255 
46 61   443 
46 62   519 
46 63   132 
46 64   265 
46 65   183 
46 66    42 
46 67   994 
46 68   712 
46 69    49 
46 70   521 
46 71   858 
46 72   549 
46 73   196 
46 74   963 
46 75    66 
46 76   907 
46 77   838 
46 78   738 
46 79   924 
46 80   123 
47 49   239 
47 50   891 
47 51   407 
47 52   383 
47 53   749 
47 54   358 
47 55   598 
47 56   990 
47 57   310 
47 58   887 
47 59    14 
47 60   639 
47 61   975 
47 62   970 
47 63   114 
47 64   100 
47 65   923 
47 66   651 
47 67   819 
47 68   661 
47 69   643 
47 70   957 
47 71   578 
47 72   596 
47 73   797 
47 74    84 
47 75   125 
47 76   833 
47 77   805 
47 78   827 
47 79   645 
47 80   969 
48 50   783 
48 51   491 
48 52   563 
48 53   165 
48 54    95 
48 55    53 
48 56   905 
48 57   610 
48 58   707 
48 59   408 
48 60   886 
48 61   397 
48 62   668 
48 63   801 
48 64   569 
48 65   516 
48 66   647 
48 67   710 
48 68   186 
48 69   955 
48 70   470 
48 71   700 
48 72   595 
48 73   859 
48 74   201 
48 75   503 
48 76   386 
48 77   371 
48 78   295 
48 79   534 
48 80   998 
49 51   285 
49 52   934 
49 53   565 
49 54   876 
49 55   790 
49 56   160 
49 57    15 
49 58    99 
49 59   884 
49 60   831 
49 61   167 
49 62    97 
49 63   638 
49 64   257 
49 65   742 
49 66    76 
49 67   432 
49 68   316 
49 69   171 
49 70   969 
49 71   617 
49 72   537 
49 73   327 
49 74   674 
49 75   422 
49 76   819 
49 77   199 
49 78   699 
49 79   585 
49 80   843 
50 52   816 
50 53   490 
50 54   769 
50 55   552 
50 56   622 
50 57   616 
50 58   469 
50 59    95 
50 60   473 
50 61   791 
50 62   626 
50 63   412 
50 64   155 
50 65   365 
50 66    36 
50 67   672 
50 68   430 
50 69   374 
50 70   172 
50 71   124 
50 72   166 
50 73   361 
50 74   441 
50 75   329 
50 76   137 
50 77   568 
50 78   645 
50 79   116 
50 80   424 
51 53   699 
51 54   171 
51 55   523 
51 56   618 
51 57   990 
51 58   887 
51 59     9 
51 60   303 
51 61   570 
51 62    10 
51 63   172 
51 64   658 
51 65   609 
51 66   168 
51 67   986 
51 68   619 
51 69   767 
51 70   339 
51 71   599 
51 72   918 
51 73   211 
51 74   388 
51 75   117 
51 76   793 
51 77   482 
51 78   339 
51 79   677 
51 80   256 
52 54   836 
52 55   955 
52 56   820 
52 57   837 
52 58   803 
52 59   231 
52 60   322 
52 61   798 
52 62   531 
52 63   474 
52 64    14 
52 65   995 
52 66   766 
52 67   127 
52 68   277 
52 69   718 
52 70   489 
52 71   980 
52 72   634 
52 73   306 
52 74   229 
52 75   753 
52 76   819 
52 77   884 
52 78   341 
52 79   995 
52 80   126 
53 55   483 
53 56    99 
53 57   767 
53 58   690 
53 59   157 
53 60   510 
53 61   280 
53 62   989 
53 63   803 
53 64   915 
53 65   642 
53 66   865 
53 67   254 
53 68   557 
53 69   696 
53 70   420 
53 71   998 
53 72   182 
53 73   272 
53 74    67 
53 75    87 
53 76   471 
53 77   383 
53 78   191 
53 79   350 
53 80   643 
54 56   607 
54 57   455 
54 58   161 
54 59     5 
54 60    48 
54 61   831 
54 62   202 
54 63   438 
54 64   562 
54 65   834 
54 66   450 
54 67   820 
54 68   690 
54 69   206 
54 70   998 
54 71   307 
54 72   321 
54 73   374 
54 74   969 
54 75   481 
54 76   627 
54 77   982 
54 78   453 
54 79   492 
54 80   230 
55 57   266 
55 58   416 
55 59   683 
55 60   150 
55 61   959 
55 62   168 
55 63   780 
55 64   870 
55 65   357 
55 66   301 
55 67   703 
55 68   730 
55 69   491 
55 70   760 
55 71   897 
55 72   772 
55 73   946 
55 74   356 
55 75     3 
55 76   632 
55 77   528 
55 78   833 
55 79   830 
55 80   319 
56 58   752 
56 59   541 
56 60   258 
56 61   529 
56 62   840 
56 63   691 
56 64   819 
56 65   261 
56 66   742 
56 67   291 
56 68   666 
56 69    36 
56 70   235 
56 71   542 
56 72   910 
56 73   895 
56 74     4 
56 75   212 
56 76   140 
56 77   557 
56 78   183 
56 79   348 
56 80   655 
57 59   970 
57 60   464 
57 61   124 
57 62   266 
57 63   981 
57 64   861 
57 65   372 
57 66   986 
57 67   256 
57 68    84 
57 69   542 
57 70   155 
57 71   469 
57 72   899 
57 73   421 
57 74   287 
57 75    70 
57 76   370 
57 77   729 
57 78   719 
57 79   759 
57 80   382 
58 60   375 
58 61   201 
58 62   928 
58 63    71 
58 64   333 
58 65   119 
58 66   641 
58 67   219 
58 68   218 
58 69   399 
58 70   834 
58 71   518 
58 72   566 
58 73   112 
58 74   185 
58 75   591 
58 76    21 
58 77   648 
58 78    82 
58 79   280 
58 80   766 
59 61   705 
59 62   258 
59 63   390 
59 64   959 
59 65   339 
59 66    10 
59 67   713 
59 68   308 
59 69   852 
59 70   894 
59 71   919 
59 72   785 
59 73   799 
59 74   392 
59 75   891 
59 76   396 
59 77   657 
59 78   248 
59 79   391 
59 80   476 
60 62   108 
60 63   322 
60 64   148 
60 65   745 
60 66   724 
60 67    24 
60 68   614 
60 69   662 
60 70   596 
60 71   882 
60 72   927 
60 73   602 
60 74   841 
60 75   536 
60 76   889 
60 77   905 
60 78   599 
60 79   908 
60 80   271 
61 63    68 
61 64   147 
61 65   589 
61 66   624 
61 67   714 
61 68   111 
61 69   862 
61 70   617 
61 71    55 
61 72    92 
61 73   622 
61 74   437 
61 75   952 
61 76    19 
61 77   812 
61 78   322 
61 79   492 
61 80   623 
62 64   627 
62 65   358 
62 66   424 
62 67     2 
62 68   402 
62 69   408 
62 70    38 
62 71   176 
62 72   410 
62 73   696 
62 74   491 
62 75   765 
62 76   517 
62 77    75 
62 78   555 
62 79    78 
62 80   492 
63 65   654 
63 66   544 
63 67   120 
63 68   480 
63 69   725 
63 70   531 
63 71   526 
63 72     3 
63 73   835 
63 74   787 
63 75   709 
63 76   796 
63 77    25 
63 78     2 
63 79   606 
63 80   357 
64 66   538 
64 67   475 
64 68   555 
64 69   154 
64 70    26 
64 71   528 
64 72   808 
64 73   791 
64 74   401 
64 75   464 
64 76   837 
64 77   457 
64 78   384 
64 79   920 
64 80   285 
65 67   249 
65 68   357 
65 69   362 
65 70   856 
65 71   545 
65 72   466 
65 73   282 
65 74   419 
65 75   335 
65 76   474 
65 77   851 
65 78   130 
65 79    85 
65 80   427 
66 68    66 
66 69   241 
66 70   494 
66 71   228 
66 72   853 
66 73   824 
66 74   598 
66 75   261 
66 76   384 
66 77    66 
66 78   918 
66 79   289 
66 80   330 
67 69   539 
67 70   402 
67 71   569 
67 72   939 
67 73    34 
67 74   604 
67 75   352 
67 76   692 
67 77   124 
67 78   650 
67 79   628 
67 80   155 
68 70   943 
68 71   660 
68 72   122 
68 73   652 
68 74   436 
68 75   754 
68 76   829 
68 77   632 
68 78   521 
68 79   251 
68 80     1 
69 71    11 
69 72   205 
69 73   633 
69 74   837 
69 75   567 
69 76   639 
69 77   910 
69 78   981 
69 79   560 
69 80   494 
70 72   221 
70 73   590 
70 74   401 
70 75    91 
70 76   463 
70 77    54 
70 78   636 
70 79   756 
70 80   610 
71 73   807 
71 74   239 
71 75   893 
71 76   409 
71 77   848 
71 78   320 
71 79   251 
71 80   373 
72 74   959 
72 75   142 
72 76   595 
72 77   644 
72 78   488 
72 79   122 
72 80   981 
73 75   280 
73 76   787 
73 77   988 
73 78   401 
73 79   469 
73 80   122 
74 76   899 
74 77   823 
74 78   453 
74 79   411 
74 80   726 
75 77   362 
75 78   631 
75 79   667 
75 80   965 
76 78   563 
76 79   139 
76 80   263 
77 79   663 
77 80   930 
78 80   695 
0 
0 
0 
0 
0 
0 
0 
0 
0 
0 
0 
0 
0 
0 
0 
0 
0 
0 
0 
0 
0 
0 
0 
0 
0 
0 
0 
0 
0 
0 
0 
0 
0 
0 
0 
0 
0 
0 
0 
0 
0 
0 
0 
0 
0 
0 
0 
0 
0 
0 
0 
0 
0 
0 
0 
0 
0 
0 
0 
0 
0 
0 
0 
0 
0 
0 
0 
0 
0 
0 
0 
0 
0 
0 
0 
0 
0 
0 
0 
0 
  796   509 
  901   234 
  970    38 
  260   824 
  253   580 
  113   471 
   84   943 
  979   325 
  139   717 
  778   100 
  157   722 
  904   446 
   85   286 
  227   612 
  564   346 
  750   728 
  268   751 
  592   680 
   91   646 
   95   882 
    3    35 
  794   359 
  658    84 
  290   686 
   96   577 
  988   834 
  757   198 
  244   560 
  826   871 
  694   855 
    1   900 
  235   759 
  185    63 
  329   573 
  512    74 
  635   166 
   16   764 
  715   303 
  809   862 
  760   891 
  559   326 
  454   262 
  569   168 
  535   342 
  766   882 
  655   243 
  636   827 
   73   345 
  736     6 
  602   437 
  229    15 
   71   457 
  863   801 
  222   321 
  947   188 
  270   115 
  807   165 
  631   900 
  349   934 
  638   767 
  835   576 
  291   946 
  353   328 
    4   414 
  735   396 
  788   114 
   90   755 
  410   198 
  395   645 
   17   563 
  111   348 
  518   655 
  676    99 
  194   702 
  953   318 
   11   925 
  945    44 
  530   415 
  763   748 
  317   585 
