100 1850 
1 51   310 
1 52   371 
2 52   282 
2 53   293 
3 53   951 
3 54   366 
4 54   617 
4 55   480 
5 55   381 
5 56    73 
6 56   575 
6 57   834 
7 57   106 
7 58   511 
8 58   277 
8 59   642 
9 59   523 
9 60   769 
10 60   587 
10 61   438 
11 61   466 
11 62   852 
12 62   820 
12 63   607 
13 63   502 
13 64   197 
14 64    51 
14 65   965 
15 65   815 
15 66   825 
16 66   194 
16 67   261 
17 67   874 
17 68   686 
18 68    22 
18 69    46 
19 69   366 
19 70   226 
20 70    87 
20 71   542 
21 71   329 
21 72    20 
22 72   264 
22 73   755 
23 73   236 
23 74   392 
24 74   725 
24 75   522 
25 75   264 
25 76   330 
26 76   283 
26 77   731 
27 77   945 
27 78   318 
28 78   172 
28 79   375 
29 79   532 
29 80   316 
30 80   277 
30 81   148 
31 81   522 
31 82   414 
32 82   188 
32 83   877 
33 83    73 
33 84   859 
34 84   664 
34 85   541 
35 85   386 
35 86   526 
36 86   756 
36 87   682 
37 87   152 
37 88   960 
38 88   298 
38 89    81 
39 89   598 
39 90   380 
40 90   616 
40 91   494 
41 91   317 
41 92   683 
42 92   712 
42 93   207 
43 93     0 
43 94   146 
44 94   625 
44 95    63 
45 95   298 
45 96   214 
46 96   317 
46 97   687 
47 97    91 
47 98   163 
48 98   822 
48 99   105 
49 99   566 
49 100   221 
50 100   463 
1 53   679 
1 57   489 
1 59   570 
1 61   274 
1 62   232 
1 63   474 
1 64    41 
1 65   651 
1 66   630 
1 68   562 
1 69    89 
1 70   341 
1 71   608 
1 72   538 
1 74   651 
1 75   708 
1 76   119 
1 77   408 
1 78   467 
1 79   380 
1 80   707 
1 81    26 
1 82     0 
1 84   153 
1 86   138 
1 87   403 
1 88   456 
1 89   685 
1 90   106 
1 91   144 
1 92   483 
1 94   518 
1 95   388 
1 96   274 
1 97   282 
1 98   492 
1 99   108 
1 100    73 
2 51   143 
2 54   596 
2 55   220 
2 57   636 
2 58   614 
2 59   243 
2 60    33 
2 62    74 
2 63   152 
2 64   472 
2 66   672 
2 67   384 
2 68   520 
2 69   555 
2 70    54 
2 71   355 
2 72   207 
2 73   710 
2 74   425 
2 75   353 
2 77   662 
2 78   478 
2 80   411 
2 81   511 
2 83   634 
2 84   704 
2 85   232 
2 86     9 
2 87   498 
2 88   407 
2 90   463 
2 91    47 
2 92   586 
2 93   584 
2 94   549 
2 95   409 
2 96   373 
2 97   184 
2 98    72 
2 99   677 
2 100    79 
3 51   290 
3 52   324 
3 55   163 
3 57    56 
3 58   298 
3 59   492 
3 60   240 
3 61   361 
3 63   428 
3 64   523 
3 65    89 
3 67   559 
3 70    92 
3 71   572 
3 72   671 
3 75   115 
3 76   492 
3 77   349 
3 78    76 
3 79   657 
3 82   419 
3 83   440 
3 84   189 
3 85   376 
3 86   286 
3 88   528 
3 90    40 
3 91   511 
3 94   518 
3 95   650 
3 96   259 
3 97   649 
3 98   703 
3 99   390 
4 52   661 
4 53   393 
4 58   578 
4 59   587 
4 60   392 
4 61    75 
4 62   651 
4 63    55 
4 64   443 
4 65    94 
4 67   554 
4 70   474 
4 72   410 
4 73   181 
4 76   560 
4 77   454 
4 78   379 
4 79   129 
4 81   697 
4 83    98 
4 84   218 
4 85   134 
4 88   582 
4 89   518 
4 90   518 
4 91   619 
4 92   580 
4 93    37 
4 94    16 
4 95   254 
4 96   562 
4 97   633 
4 98   604 
5 51   323 
5 52   413 
5 53   111 
5 57    24 
5 59   282 
5 60   551 
5 61   362 
5 63   669 
5 64   506 
5 65   345 
5 66     8 
5 69   671 
5 70    60 
5 71   283 
5 74   636 
5 75   474 
5 76   137 
5 77   140 
5 78   459 
5 79   289 
5 81    46 
5 82    89 
5 83   232 
5 84   192 
5 86   617 
5 87   245 
5 88   428 
5 89   376 
5 90   546 
5 91    90 
5 92   192 
5 93   482 
5 94   250 
5 95   500 
5 96   135 
5 97   126 
5 98   436 
5 100   436 
6 51   301 
6 52    15 
6 55   191 
6 58   215 
6 59   106 
6 60     9 
6 62   411 
6 63   126 
6 64   363 
6 66   111 
6 68   605 
6 69   433 
6 70   145 
6 72    46 
6 74   171 
6 75   613 
6 76   495 
6 77   576 
6 78    32 
6 80   602 
6 82   526 
6 83   570 
6 84    58 
6 85   570 
6 87   288 
6 88   486 
6 89   404 
6 90   415 
6 91   433 
6 93    71 
6 94   517 
6 96   581 
6 97   640 
6 98   400 
6 99    44 
6 100   232 
7 51   366 
7 52   505 
7 53   383 
7 54    52 
7 59   204 
7 61   309 
7 63   588 
7 65   431 
7 66   199 
7 68   398 
7 69    95 
7 70   360 
7 71   255 
7 72   272 
7 73   497 
7 74    21 
7 75   577 
7 76   324 
7 77   506 
7 78   239 
7 79   644 
7 80   422 
7 81   100 
7 83    36 
7 86    55 
7 87   500 
7 88   443 
7 90    92 
7 91   691 
7 93    96 
7 94   247 
7 95   637 
7 97   579 
7 98   110 
7 100   658 
8 51   100 
8 52   686 
8 55   613 
8 56   215 
8 57   169 
8 60    44 
8 61   438 
8 64   560 
8 65   447 
8 66    62 
8 67   208 
8 69   402 
8 70   650 
8 71   663 
8 72   495 
8 73   548 
8 74    99 
8 78   257 
8 79   643 
8 80   702 
8 81   692 
8 82   227 
8 83   676 
8 84   504 
8 85   590 
8 86   479 
8 88   544 
8 90   365 
8 91   452 
8 93   167 
8 94   153 
8 96   583 
8 98    28 
8 99    23 
8 100   680 
9 51   587 
9 53   502 
9 54   680 
9 55   638 
9 56   571 
9 57   427 
9 58   122 
9 61   115 
9 62   339 
9 63   414 
9 67   432 
9 68   186 
9 69   591 
9 70   658 
9 73   658 
9 74    16 
9 75   217 
9 76   462 
9 77   470 
9 78   264 
9 80   675 
9 82    22 
9 85    94 
9 86   640 
9 89   209 
9 98   652 
9 99   454 
10 52   569 
10 53   309 
10 54   533 
10 58   378 
10 59   140 
10 62   662 
10 63   544 
10 64   306 
10 65   314 
10 66   656 
10 67   184 
10 68    98 
10 69   517 
10 71   120 
10 72   166 
10 73   435 
10 74   249 
10 76   605 
10 77   621 
10 79   678 
10 80   542 
10 81   419 
10 82   252 
10 86   226 
10 88   600 
10 89   150 
10 90   522 
10 92   709 
10 93   435 
10 94   653 
10 95   241 
10 96   663 
10 97   664 
10 98   255 
10 100   468 
11 52    38 
11 53   463 
11 55    95 
11 56   377 
11 58    37 
11 59   557 
11 63   663 
11 64   679 
11 65     4 
11 66   309 
11 68   616 
11 69   344 
11 70   289 
11 71   690 
11 73   353 
11 74   544 
11 75   710 
11 76   277 
11 77   586 
11 78    31 
11 79    88 
11 80    50 
11 81   583 
11 82    96 
11 84   292 
11 85   295 
11 86    20 
11 87   442 
11 88   479 
11 89   677 
11 90   622 
11 94   449 
11 95   198 
11 98   395 
11 99   607 
12 51   630 
12 53   328 
12 55   606 
12 56   131 
12 57   363 
12 58   437 
12 59   542 
12 60   393 
12 61    37 
12 64    82 
12 65   162 
12 66   601 
12 67   197 
12 68   398 
12 69   242 
12 71   619 
12 72    99 
12 73    32 
12 74   343 
12 76   204 
12 78   583 
12 79   271 
12 80   255 
12 82   543 
12 83   233 
12 84   379 
12 86   104 
12 87   379 
12 88   298 
12 89   624 
12 90   374 
12 91   162 
12 92    16 
12 93   648 
12 94   435 
12 95    29 
12 96   397 
12 97   704 
12 98    87 
12 99   431 
12 100   618 
13 51    63 
13 54    99 
13 55   317 
13 56   294 
13 58    91 
13 59   175 
13 60   341 
13 62   520 
13 66   348 
13 67   315 
13 68   450 
13 69   171 
13 70   419 
13 71   122 
13 72    73 
13 73   521 
13 74   119 
13 75   103 
13 77   671 
13 78    69 
13 80   529 
13 81   563 
13 82   152 
13 83   343 
13 84   379 
13 85    64 
13 86   311 
13 87     7 
13 88   613 
13 89   596 
13 90   107 
13 91   239 
13 93   628 
13 94   542 
13 95   133 
13 96   562 
13 98   243 
13 99    71 
13 100   648 
14 51   705 
14 53    96 
14 54   446 
14 55   529 
14 58   291 
14 59   156 
14 61   182 
14 62   234 
14 63   118 
14 66    84 
14 67    57 
14 68   226 
14 69   253 
14 70   169 
14 71   541 
14 73   184 
14 75   664 
14 77   433 
14 78   509 
14 79   328 
14 82   455 
14 83   561 
14 84   145 
14 89   582 
14 90   525 
14 91   373 
14 92    68 
14 93   388 
14 97   418 
14 99   125 
14 100   655 
15 52    22 
15 53    17 
15 54    75 
15 56   381 
15 57   385 
15 59   522 
15 60   159 
15 61   339 
15 62   154 
15 67   183 
15 68   285 
15 69   348 
15 70    23 
15 71   617 
15 72   115 
15 73   604 
15 74    35 
15 77   180 
15 78    64 
15 79   690 
15 80   577 
15 82   168 
15 83   128 
15 84   658 
15 85   453 
15 86   156 
15 87   267 
15 88   194 
15 89   363 
15 90   450 
15 92   123 
15 93   548 
15 94   599 
15 95   459 
15 96   705 
15 98    21 
15 100   659 
16 51   305 
16 52   624 
16 53   412 
16 56   208 
16 57   360 
16 59   202 
16 60   194 
16 61    95 
16 64   145 
16 65   342 
16 68   670 
16 69    47 
16 70    66 
16 72    64 
16 73   685 
16 74   506 
16 75    26 
16 76    37 
16 77   673 
16 78   512 
16 80   608 
16 81   702 
16 82   386 
16 83   218 
16 84   235 
16 91   363 
16 92   210 
16 93   560 
16 94   330 
16 95   333 
16 98    56 
16 99    49 
17 51   361 
17 53    28 
17 55   393 
17 57   624 
17 58   557 
17 59   415 
17 60   603 
17 62   286 
17 63   579 
17 65    98 
17 69    91 
17 70   219 
17 71   304 
17 73   465 
17 74   328 
17 75   669 
17 77   125 
17 78   631 
17 79   507 
17 80   656 
17 81   291 
17 83   263 
17 86   369 
17 88    74 
17 89   447 
17 90   578 
17 91   413 
17 92   540 
17 93    35 
17 94   163 
17 95    83 
17 96   675 
17 97   117 
17 98    81 
17 99   274 
17 100   162 
18 51   308 
18 52   264 
18 53   705 
18 54   101 
18 55   443 
18 56   515 
18 57   307 
18 58   583 
18 59   603 
18 60    19 
18 61   408 
18 62   490 
18 63   605 
18 64   404 
18 67   684 
18 71   307 
18 73   604 
18 74   520 
18 75   425 
18 76   202 
18 77   501 
18 78   581 
18 81   289 
18 82    92 
18 83   448 
18 84   239 
18 87   235 
18 89   333 
18 90   510 
18 91    35 
18 92   132 
18 93   130 
18 95   175 
18 97   189 
18 98   625 
18 99   572 
18 100   529 
19 51   371 
19 52    21 
19 56   175 
19 57     7 
19 59   144 
19 61   653 
19 62   338 
19 63   453 
19 64    89 
19 65   657 
19 66   380 
19 72   151 
19 73   330 
19 74   104 
19 75   269 
19 76   201 
19 77   414 
19 78   437 
19 79   232 
19 80   546 
19 82   554 
19 83   319 
19 84   461 
19 85   493 
19 86   591 
19 87   175 
19 88   622 
19 90    31 
19 91   405 
19 92   386 
19 95   593 
19 97    92 
19 98   667 
19 100    32 
20 51   610 
20 52   475 
20 53   538 
20 54   549 
20 55   560 
20 56   111 
20 57   324 
20 58   483 
20 59   378 
20 60   210 
20 61   166 
20 62   445 
20 65   600 
20 66    49 
20 67   665 
20 68   308 
20 72   619 
20 73   179 
20 74   372 
20 76   550 
20 77   687 
20 80   309 
20 83   252 
20 84   242 
20 85   668 
20 86   143 
20 87     0 
20 88   529 
20 89   596 
20 90   332 
20 91   449 
20 92    41 
20 93    24 
20 95   621 
20 96   300 
20 97   455 
20 99   201 
20 100   442 
21 52   593 
21 54   237 
21 55   651 
21 58   649 
21 63    70 
21 64   406 
21 66   229 
21 68   384 
21 69   449 
21 70   426 
21 73    71 
21 76    14 
21 77   436 
21 78   129 
21 80   126 
21 81   702 
21 82   160 
21 84   331 
21 85   152 
21 86   308 
21 87   373 
21 88    13 
21 89   451 
21 90   149 
21 91   694 
21 92   136 
21 97    55 
21 98   577 
21 99   694 
21 100   405 
22 51   689 
22 52   186 
22 53   285 
22 55   665 
22 56   188 
22 58   243 
22 59   620 
22 61   584 
22 62   579 
22 63   251 
22 64   182 
22 65   133 
22 67   374 
22 68    86 
22 69   144 
22 71    23 
22 75   687 
22 76   409 
22 77   195 
22 78   169 
22 79    48 
22 80   519 
22 81   411 
22 84   346 
22 85    41 
22 86   492 
22 87   304 
22 88    65 
22 89    53 
22 90    10 
22 91   509 
22 93   695 
22 94   163 
22 95   444 
22 96    98 
22 97   170 
22 99   251 
23 51   579 
23 52    41 
23 53   536 
23 54   678 
23 56   284 
23 57   604 
23 58   359 
23 59   550 
23 63    17 
23 66   400 
23 67   341 
23 68   545 
23 69   575 
23 70   628 
23 72   178 
23 76   601 
23 77   702 
23 79   495 
23 80   213 
23 82   551 
23 83   255 
23 84   279 
23 86   224 
23 88    99 
23 89   515 
23 90   462 
23 91   358 
23 92   445 
23 93   406 
23 95    75 
23 96   112 
23 97   504 
23 98    25 
23 99   511 
23 100   382 
24 52   296 
24 54   197 
24 55   450 
24 56    11 
24 58   355 
24 59   697 
24 60   538 
24 61   224 
24 62   113 
24 64    92 
24 66   541 
24 67   680 
24 68   535 
24 70   279 
24 71   271 
24 72   584 
24 79   204 
24 81   563 
24 83   502 
24 84   139 
24 86   172 
24 88   564 
24 89   701 
24 91   618 
24 92   179 
24 93   171 
24 97   132 
24 98     6 
24 99   488 
24 100    82 
25 53   601 
25 54   598 
25 55   425 
25 58   234 
25 59   311 
25 61   223 
25 63   302 
25 64   618 
25 65   101 
25 66   452 
25 67   570 
25 68   653 
25 69   480 
25 70    63 
25 71   696 
25 72   228 
25 73   691 
25 74   204 
25 77   387 
25 78   107 
25 80   367 
25 82   183 
25 84   457 
25 85   184 
25 89    36 
25 92   330 
25 93   704 
25 94   637 
25 95    12 
25 96   295 
25 97   524 
25 98   346 
25 99   402 
25 100   558 
26 51   260 
26 52   516 
26 54   423 
26 55    37 
26 57   273 
26 59   425 
26 60   673 
26 61   209 
26 62   268 
26 63    11 
26 65   200 
26 67   615 
26 68   445 
26 69   396 
26 70   271 
26 72   444 
26 73   280 
26 74   179 
26 75   690 
26 78   703 
26 80   511 
26 81   278 
26 84   143 
26 86    83 
26 88   528 
26 90   126 
26 91    30 
26 93   348 
26 94   228 
26 95   408 
26 96   618 
26 97   523 
26 98   414 
26 99   342 
26 100   620 
27 51   538 
27 54    45 
27 56   672 
27 57   260 
27 58   337 
27 59   534 
27 60   518 
27 62   399 
27 63   360 
27 64   651 
27 65   135 
27 66   120 
27 67   306 
27 68    94 
27 70   438 
27 71   232 
27 72   300 
27 75   412 
27 79    80 
27 80   155 
27 81   428 
27 82   318 
27 84   148 
27 85   134 
27 87   244 
27 89   359 
27 90   553 
27 91   331 
27 92   498 
27 93   564 
27 95   513 
27 96   663 
27 97   180 
27 98   678 
27 99   362 
28 52    23 
28 53   488 
28 54   585 
28 55   337 
28 56   109 
28 57   132 
28 58   275 
28 59   404 
28 60    34 
28 61   594 
28 63   258 
28 64   363 
28 65   188 
28 66   222 
28 68   609 
28 70   246 
28 71   572 
28 73   297 
28 74   187 
28 75    86 
28 77   219 
28 80   426 
28 82   451 
28 83   700 
28 84   651 
28 85   427 
28 86   410 
28 87   482 
28 88   561 
28 89   391 
28 91   117 
28 92   663 
28 98   483 
28 99   214 
28 100   239 
29 52   174 
29 53     2 
29 54   441 
29 55   672 
29 56   280 
29 58    81 
29 61   111 
29 62   254 
29 64   451 
29 65   461 
29 66   362 
29 68   381 
29 69    76 
29 70   207 
29 73    60 
29 74   252 
29 75   413 
29 76   300 
29 77   207 
29 78   404 
29 82   437 
29 83   632 
29 84   598 
29 85   640 
29 88   623 
29 89   621 
29 90    38 
29 91   444 
29 92   185 
29 93   440 
29 95   228 
29 97   217 
29 98   441 
29 99   224 
30 52   193 
30 54   213 
30 55   185 
30 56   543 
30 58   240 
30 59   230 
30 60   457 
30 61   696 
30 62   576 
30 63   630 
30 64   400 
30 66   261 
30 67   383 
30 68    48 
30 69   580 
30 70   399 
30 71   349 
30 73    93 
30 74    44 
30 75   313 
30 76   316 
30 77   242 
30 78   613 
30 79   111 
30 82    67 
30 83   678 
30 85   311 
30 86   578 
30 87    71 
30 90   627 
30 92   499 
30 93   174 
30 95   523 
30 97   366 
30 99     1 
30 100   309 
31 52   646 
31 53   705 
31 54     2 
31 55   310 
31 56   645 
31 60   595 
31 62   640 
31 63   341 
31 64   683 
31 66   580 
31 67   213 
31 68   407 
31 69   398 
31 73   440 
31 74   285 
31 75   451 
31 76   585 
31 77   559 
31 78    55 
31 79   288 
31 80   654 
31 84   157 
31 86   321 
31 87   430 
31 89   254 
31 92   239 
31 95   173 
31 96    68 
31 97    81 
31 98   575 
31 99   703 
31 100   423 
32 51   206 
32 52   548 
32 53   468 
32 56    85 
32 57   609 
32 58   630 
32 59    93 
32 60   525 
32 62   490 
32 64   582 
32 66   423 
32 68   121 
32 69   441 
32 70   163 
32 71   324 
32 72   184 
32 75   661 
32 76   350 
32 77   207 
32 80    80 
32 81   218 
32 84    70 
32 85    13 
32 86    59 
32 87   216 
32 88    22 
32 89   167 
32 91    83 
32 94   430 
32 95   354 
32 96   581 
32 97   631 
32 98    26 
33 51   405 
33 52   519 
33 53   317 
33 54   293 
33 55   571 
33 56   493 
33 57   613 
33 58    51 
33 61   283 
33 62   302 
33 63   375 
33 64   515 
33 65   310 
33 66     0 
33 67   171 
33 68   680 
33 71    21 
33 72   645 
33 74   703 
33 75   258 
33 76   296 
33 78   663 
33 79    53 
33 80   321 
33 82   698 
33 85   167 
33 87   610 
33 88   341 
33 89   145 
33 91   530 
33 92   168 
33 93   183 
33 94   258 
33 95   153 
33 99   246 
34 52   591 
34 53   622 
34 54    36 
34 56   659 
34 57   583 
34 61   557 
34 62   691 
34 63   515 
34 66   487 
34 67   324 
34 68   461 
34 70   183 
34 71     0 
34 72   313 
34 73   422 
34 74    48 
34 75   418 
34 77   655 
34 83   207 
34 86   354 
34 87   413 
34 88   279 
34 89   538 
34 90    56 
34 91   408 
34 92   297 
34 93   222 
34 94   180 
34 96   316 
34 97   108 
34 99   233 
34 100   115 
35 51   508 
35 53   527 
35 54   527 
35 55   242 
35 57   313 
35 59   256 
35 60    53 
35 63   218 
35 64   153 
35 65   602 
35 66   365 
35 67   373 
35 68   674 
35 69   608 
35 71    20 
35 72   281 
35 74   140 
35 75   153 
35 76   588 
35 78    55 
35 81   198 
35 82   311 
35 83   516 
35 84    81 
35 87   531 
35 88   370 
35 89   501 
35 90   574 
35 91   599 
35 92   108 
35 93   172 
35 94   296 
35 95   525 
35 96   674 
35 97   664 
35 98   563 
35 99   481 
35 100   550 
36 51   378 
36 52   524 
36 54   417 
36 55   564 
36 56   491 
36 58   563 
36 59   208 
36 60    48 
36 61   341 
36 62   440 
36 64   241 
36 65    38 
36 67   510 
36 68   695 
36 69    31 
36 71   669 
36 72   416 
36 74   594 
36 75   649 
36 77   518 
36 78   440 
36 81   393 
36 82   376 
36 83   659 
36 84    31 
36 85   405 
36 88   671 
36 89    93 
36 91   300 
36 92   445 
36 93   294 
36 94   603 
36 95   657 
36 97   420 
36 98    46 
36 99   331 
36 100    56 
37 51   703 
37 52   308 
37 54   698 
37 56   288 
37 57   498 
37 58   457 
37 59   325 
37 60   448 
37 61   447 
37 62   396 
37 63   331 
37 64   285 
37 65   257 
37 68   134 
37 69   160 
37 70   687 
37 71   140 
37 72   572 
37 73    54 
37 75   143 
37 77   460 
37 78   512 
37 80   568 
37 81   594 
37 83   197 
37 84    57 
37 86   538 
37 89   103 
37 90   610 
37 93   633 
37 94   335 
37 95    51 
37 96   312 
37 97   654 
37 98   384 
37 99   231 
38 52   150 
38 53   324 
38 54   562 
38 55   416 
38 57   692 
38 58   446 
38 59   201 
38 61     4 
38 63   308 
38 65   662 
38 67   579 
38 68   213 
38 71   235 
38 72   186 
38 73   592 
38 74   323 
38 75   510 
38 77   235 
38 78   425 
38 79   132 
38 81   466 
38 83   417 
38 86    26 
38 90   610 
38 93   355 
38 95   108 
38 96   291 
38 98   566 
38 99    47 
38 100   697 
39 51   671 
39 52   660 
39 53   359 
39 54   452 
39 56   333 
39 57   663 
39 58   591 
39 60    24 
39 61   606 
39 62    11 
39 63   174 
39 64   560 
39 65   250 
39 70   606 
39 71   709 
39 73   239 
39 74    24 
39 75   316 
39 76   685 
39 77   405 
39 78   195 
39 79   199 
39 80    41 
39 83   409 
39 84   109 
39 85   494 
39 86   215 
39 87   198 
39 88   111 
39 91   264 
39 92   180 
39 93   304 
39 94   477 
39 95   322 
39 96    89 
39 99     2 
39 100   224 
40 53   375 
40 54   575 
40 55   503 
40 56   192 
40 57    90 
40 59   436 
40 60   539 
40 62   225 
40 65   282 
40 66   582 
40 67   382 
40 68   342 
40 69   492 
40 70   224 
40 73   356 
40 74   657 
40 75   391 
40 76   177 
40 77   588 
40 78   646 
40 79   545 
40 80   451 
40 81   703 
40 82    57 
40 83   285 
40 85   438 
40 86   469 
40 87   154 
40 89   402 
40 92   139 
40 94   161 
40 95   555 
40 96   624 
40 97   328 
40 98   111 
40 100   509 
41 52    98 
41 55   499 
41 56   228 
41 58   119 
41 59   115 
41 60   501 
41 62   703 
41 66   172 
41 69   246 
41 70   601 
41 71   681 
41 72   164 
41 73   227 
41 75   537 
41 78   223 
41 79   240 
41 80   379 
41 82   617 
41 83   374 
41 84   193 
41 85   589 
41 86   647 
41 89   195 
41 95   106 
41 96   140 
41 97   148 
41 99   138 
42 51   520 
42 52   511 
42 53   535 
42 54   468 
42 55     5 
42 56   662 
42 57    73 
42 59    59 
42 60     7 
42 61   150 
42 62   438 
42 63   462 
42 64   411 
42 66   618 
42 67   418 
42 69   215 
42 70   685 
42 72   338 
42 73   303 
42 74   386 
42 75   555 
42 76   665 
42 77    55 
42 78   631 
42 80   698 
42 82   547 
42 83   310 
42 84   371 
42 85   564 
42 88   448 
42 89   286 
42 90    17 
42 91   492 
42 96   689 
42 97   452 
42 98   121 
42 99   620 
42 100   344 
43 53   442 
43 55   699 
43 56   312 
43 57   674 
43 58   401 
43 59   508 
43 60   684 
43 61   136 
43 62   263 
43 63   494 
43 65   483 
43 66   561 
43 67   554 
43 68   205 
43 70   287 
43 72   162 
43 73   320 
43 74   525 
43 75   388 
43 77   570 
43 78     7 
43 79   136 
43 80   309 
43 81   243 
43 82   540 
43 83   326 
43 84    97 
43 85   568 
43 86   507 
43 87   285 
43 89   660 
43 91   568 
43 95   471 
43 96   499 
43 97   108 
43 98   668 
43 99   649 
44 51   105 
44 52   254 
44 53   352 
44 54   509 
44 55   105 
44 57   597 
44 58     9 
44 59   630 
44 60   370 
44 61   110 
44 63   456 
44 64   292 
44 65     5 
44 66   120 
44 67   199 
44 68   694 
44 69   625 
44 70   372 
44 72   567 
44 73   305 
44 76   259 
44 79   569 
44 80   551 
44 81   603 
44 82   383 
44 83   571 
44 84   628 
44 85   558 
44 88   321 
44 89    85 
44 90   487 
44 92    74 
44 96   140 
44 97   515 
44 98   467 
44 99   337 
45 51   189 
45 52   252 
45 53   328 
45 54   142 
45 57   282 
45 59    81 
45 60   263 
45 61   683 
45 62   368 
45 63   549 
45 64   194 
45 65   114 
45 66   246 
45 67   316 
45 68   211 
45 69   194 
45 70   522 
45 71   186 
45 72   382 
45 73   329 
45 76   663 
45 77   151 
45 79    26 
45 80   170 
45 81    68 
45 82   573 
45 83   550 
45 84   305 
45 85   522 
45 87   646 
45 88   650 
45 89   488 
45 91   562 
45 92   423 
45 93   175 
45 94   373 
45 97   278 
45 99   164 
46 51   389 
46 52   710 
46 54   345 
46 57   621 
46 60   654 
46 61   676 
46 62    61 
46 63   464 
46 64   544 
46 65   612 
46 67   474 
46 68   530 
46 70   493 
46 71   584 
46 72   130 
46 73   461 
46 74   243 
46 75   355 
46 76   139 
46 77   697 
46 78   413 
46 79   621 
46 80   683 
46 82   686 
46 83   596 
46 84   279 
46 85   466 
46 86   666 
46 89   572 
46 91   248 
46 93   600 
46 94   271 
46 95   686 
46 99   472 
47 51   394 
47 52   669 
47 54    15 
47 55   346 
47 57   144 
47 58   106 
47 59   156 
47 60   139 
47 61    47 
47 62   235 
47 63   583 
47 64   595 
47 65   192 
47 66   148 
47 68   506 
47 69   222 
47 71    98 
47 72   415 
47 74    40 
47 75   524 
47 76   664 
47 77   278 
47 78   381 
47 79   436 
47 80   359 
47 81   308 
47 83   174 
47 84   600 
47 85   150 
47 86   126 
47 88   602 
47 89   173 
47 90   236 
47 92   264 
47 93   146 
47 94   411 
47 95    91 
47 100   428 
48 51   345 
48 53   582 
48 55   470 
48 57   237 
48 58   186 
48 59   573 
48 61   183 
48 62   187 
48 64   647 
48 67   147 
48 68    42 
48 69   422 
48 70   479 
48 71   101 
48 72   112 
48 73   611 
48 75   591 
48 76   260 
48 77   616 
48 80   206 
48 81   324 
48 82     4 
48 83   348 
48 85   519 
48 86   677 
48 87   690 
48 88   480 
48 89   264 
48 90   325 
48 92   480 
48 93   356 
48 94   501 
48 95   331 
48 97   527 
48 100   294 
49 51   176 
49 52   642 
49 53   409 
49 54   613 
49 55   602 
49 56   488 
49 57   182 
49 58   418 
49 59   584 
49 61   670 
49 62   556 
49 64   403 
49 65    14 
49 67   326 
49 71   143 
49 72   621 
49 74    27 
49 75    89 
49 76   198 
49 80   493 
49 81   345 
49 82   600 
49 84   243 
49 86   281 
49 87   559 
49 88   287 
49 89   555 
49 90   360 
49 91   370 
49 92   323 
49 94   301 
49 95   258 
49 96    84 
49 98   185 
50 53   448 
50 57    32 
50 58   302 
50 59    71 
50 60   421 
50 61   624 
50 62   275 
50 63   357 
50 67   137 
50 69   346 
50 70   691 
50 73   281 
50 74   124 
50 75   520 
50 76   254 
50 77   193 
50 78    27 
50 79   315 
50 80   377 
50 81   499 
50 82   351 
50 84   226 
50 85   151 
50 86   643 
50 87   246 
50 89   189 
50 90   565 
50 91   595 
50 92   547 
50 93   243 
50 95    31 
50 96   402 
50 97   535 
50 98   658 
50 99     1 
0 
0 
0 
0 
0 
0 
0 
0 
0 
0 
0 
0 
0 
0 
0 
0 
0 
0 
0 
0 
0 
0 
0 
0 
0 
0 
0 
0 
0 
0 
0 
0 
0 
0 
0 
0 
0 
0 
0 
0 
0 
0 
0 
0 
0 
0 
0 
0 
0 
0 
0 
0 
0 
0 
0 
0 
0 
0 
0 
0 
0 
0 
0 
0 
0 
0 
0 
0 
0 
0 
0 
0 
0 
0 
0 
0 
0 
0 
0 
0 
0 
0 
0 
0 
0 
0 
0 
0 
0 
0 
0 
0 
0 
0 
0 
0 
0 
0 
0 
0 
  977   782 
  501   506 
   63   207 
  908   434 
  325   257 
  248   381 
  220   878 
  990   183 
  275    18 
  459   384 
  696   645 
   77   900 
  936   207 
  621   281 
  111   530 
  721   516 
  844   327 
  254   776 
  700    15 
  134   783 
  593   630 
  756   682 
  624   887 
  383   183 
  294   290 
  908   600 
   46   545 
  562   259 
  370   717 
  811   668 
  178   124 
  339   115 
  441   567 
  681   822 
   45   613 
  771   153 
   60   228 
   75    23 
  114   334 
  155    25 
  228   237 
  876   694 
  367   311 
   59   257 
  323   689 
  349   298 
  690   549 
  846   800 
  927   663 
  760   617 
  416   400 
  730   895 
  940   671 
  923   331 
  114   762 
  371   609 
  583   994 
  310   699 
  898   260 
  248   148 
  960   760 
  461   128 
  155   748 
  285   745 
  502   683 
  253    50 
  377   217 
  950   467 
  171   577 
  616   128 
  388   371 
  615   796 
  858   207 
  354   256 
  704   690 
  179   234 
  307    89 
  171    73 
  365   563 
  926   223 
  821   316 
  813   162 
  272   214 
  657   479 
  407   248 
  182   685 
  679   380 
  362   828 
  922   648 
  492   195 
  545   796 
  215   437 
  538   962 
  272    81 
  928   159 
  975    13 
  353   922 
  239   276 
  858   201 
  679   747 
100 3533 
1 2   404 
2 3   994 
3 4    48 
4 5   281 
5 6   974 
6 7   355 
7 8   117 
8 9   222 
9 10   352 
10 11   103 
11 12   879 
12 13   285 
13 14   655 
14 15    20 
15 16    80 
16 17   958 
17 18    37 
18 19   549 
19 20    70 
20 21   869 
21 22   167 
22 23   153 
23 24   842 
24 25   310 
25 26   454 
26 27   394 
27 28   639 
28 29   100 
29 30   434 
30 31   237 
31 32   992 
32 33   369 
33 34   549 
34 35   480 
35 36   376 
36 37   678 
37 38   725 
38 39   400 
39 40   434 
40 41   359 
41 42     1 
42 43   871 
43 44   545 
44 45   664 
45 46   371 
46 47    18 
47 48   769 
48 49   919 
49 50   182 
50 51    79 
51 52   204 
52 53   879 
53 54   144 
54 55   261 
55 56   964 
56 57   763 
57 58   700 
58 59   817 
59 60    20 
60 61   485 
61 62   339 
62 63   531 
63 64    99 
64 65   260 
65 66    84 
66 67   529 
67 68   207 
68 69   583 
69 70   480 
70 71   969 
71 72   785 
72 73   792 
73 74   157 
74 75   907 
75 76   384 
76 77   361 
77 78   930 
78 79   767 
79 80    91 
80 81   164 
81 82   909 
82 83   101 
83 84   901 
84 85   211 
85 86   656 
86 87   617 
87 88   654 
88 89   264 
89 90   522 
90 91   726 
91 92   909 
92 93   538 
93 94   386 
94 95   469 
95 96   871 
96 97   903 
97 98   491 
98 99   444 
99 100   791 
1 5   694 
1 6   608 
1 7   462 
1 10   245 
1 12   178 
1 14    62 
1 15   503 
1 16   607 
1 17   500 
1 18   191 
1 20   273 
1 23   154 
1 24   986 
1 27   395 
1 28   193 
1 30   717 
1 31   326 
1 32   512 
1 35   232 
1 37   666 
1 38   108 
1 40   707 
1 44   697 
1 45   649 
1 46   726 
1 49   624 
1 52   129 
1 53   572 
1 54   129 
1 56   870 
1 57     9 
1 59   669 
1 61    51 
1 62   825 
1 63   554 
1 64   375 
1 66   395 
1 67     4 
1 69   272 
1 71    92 
1 73   997 
1 74    65 
1 76   889 
1 79   583 
1 80   608 
1 81   367 
1 83   208 
1 84   628 
1 86   151 
1 88   598 
1 89   339 
1 90   208 
1 91   833 
1 92   715 
1 94   449 
1 95   696 
1 96   955 
1 98   792 
1 99   201 
1 100   110 
2 5   206 
2 8    43 
2 10   524 
2 11   478 
2 12   981 
2 13   840 
2 14   765 
2 16    25 
2 17   308 
2 18   361 
2 19   981 
2 20   418 
2 22   193 
2 24   778 
2 25   848 
2 26   384 
2 29   550 
2 30   555 
2 31   965 
2 32   782 
2 33   647 
2 34   416 
2 35   435 
2 36   762 
2 38   961 
2 39   453 
2 40   914 
2 41   912 
2 42   820 
2 43   951 
2 45   591 
2 46   461 
2 47   454 
2 48    46 
2 49   336 
2 50   733 
2 52   982 
2 53   859 
2 56   600 
2 58   776 
2 60   627 
2 61   129 
2 62   637 
2 64   552 
2 65   403 
2 66   744 
2 67   768 
2 68   506 
2 71   906 
2 72   492 
2 73   983 
2 75   483 
2 76   989 
2 77    58 
2 80   118 
2 81    86 
2 82   600 
2 83   566 
2 86   774 
2 87   414 
2 89   991 
2 90   494 
2 92   390 
2 94   743 
2 95    73 
2 96   989 
2 99   445 
2 100   278 
3 5   304 
3 7   145 
3 8   190 
3 9   879 
3 11   319 
3 12   593 
3 13   493 
3 14   173 
3 15   972 
3 16   570 
3 17   873 
3 18   956 
3 19   982 
3 20   931 
3 21   337 
3 22   442 
3 23   213 
3 24   582 
3 25   987 
3 26   907 
3 27   596 
3 28     0 
3 29   810 
3 30   382 
3 31   523 
3 32   209 
3 33   767 
3 34    86 
3 37   384 
3 38   778 
3 39   591 
3 40   781 
3 44   589 
3 45   434 
3 47   374 
3 48   624 
3 50   631 
3 51   722 
3 52   241 
3 53   823 
3 54   665 
3 55   651 
3 56   889 
3 57   563 
3 58   979 
3 61   957 
3 62   797 
3 64   147 
3 65   293 
3 66    91 
3 67   386 
3 68   539 
3 69   310 
3 70   396 
3 71   138 
3 72   625 
3 76   994 
3 77   697 
3 78   661 
3 79   185 
3 80   325 
3 81   989 
3 82   816 
3 83   339 
3 85   324 
3 86    13 
3 87    70 
3 88   112 
3 89   630 
3 90   661 
3 91   327 
3 96   193 
3 97   699 
3 98   691 
3 99   428 
3 100   801 
4 6   984 
4 7   462 
4 8   214 
4 13   696 
4 14   407 
4 15     7 
4 16   637 
4 17   323 
4 19   185 
4 20   124 
4 21   300 
4 23   285 
4 24   583 
4 26   597 
4 28   571 
4 30   112 
4 31   573 
4 32   544 
4 34   442 
4 36   508 
4 38   555 
4 39   203 
4 42   953 
4 43   882 
4 44   102 
4 45   974 
4 46   369 
4 47   592 
4 48   895 
4 49   662 
4 50   314 
4 51   342 
4 52   717 
4 54   892 
4 55   653 
4 56   921 
4 57   367 
4 58   421 
4 60   170 
4 61    81 
4 62   232 
4 63   300 
4 64    46 
4 65   492 
4 66   774 
4 68   524 
4 70   723 
4 71   938 
4 73   935 
4 75   916 
4 81   941 
4 82   455 
4 84    45 
4 85   541 
4 91   997 
4 92   123 
4 93   591 
4 94   904 
4 96   121 
4 97   623 
4 98   190 
4 100   903 
5 7   866 
5 8   185 
5 9   808 
5 10   149 
5 11    14 
5 12   885 
5 14    19 
5 15   157 
5 16    16 
5 17   459 
5 18   757 
5 20    68 
5 23   635 
5 26   205 
5 28    97 
5 29    36 
5 31   458 
5 33   140 
5 34   407 
5 37   331 
5 39   950 
5 40   723 
5 41   246 
5 42   151 
5 44   406 
5 45   408 
5 46   714 
5 47   762 
5 49     8 
5 50   935 
5 51   346 
5 52   251 
5 53   563 
5 54   715 
5 55   266 
5 56   739 
5 57   315 
5 58   413 
5 59   408 
5 60   750 
5 61   325 
5 62   380 
5 63   920 
5 64    72 
5 65   196 
5 66   347 
5 67   951 
5 68   309 
5 69   760 
5 71   688 
5 73   876 
5 74   794 
5 75   460 
5 77   876 
5 79   266 
5 80   580 
5 82   781 
5 83   486 
5 85   325 
5 87   874 
5 88   768 
5 91   986 
5 95   820 
5 96   836 
5 98   161 
5 99   862 
5 100   258 
6 8   488 
6 9   894 
6 10   207 
6 11   320 
6 12   154 
6 14   206 
6 15   860 
6 17   699 
6 18   972 
6 19   732 
6 21   166 
6 23   756 
6 24   309 
6 25   890 
6 26   797 
6 27   282 
6 28   171 
6 30   585 
6 31    16 
6 32   872 
6 33    82 
6 34    53 
6 35   345 
6 36   857 
6 37   893 
6 39    67 
6 40   112 
6 41   420 
6 42   102 
6 43   280 
6 44   847 
6 45   915 
6 47   993 
6 48   217 
6 50    94 
6 51   744 
6 52    62 
6 53    62 
6 54   500 
6 55   620 
6 56   424 
6 58   305 
6 59   973 
6 60   674 
6 62   426 
6 65   498 
6 66   816 
6 67   327 
6 69   170 
6 70   184 
6 71   162 
6 72   364 
6 73   171 
6 74   262 
6 75   410 
6 77   755 
6 78   942 
6 79   364 
6 83   218 
6 86    65 
6 87   609 
6 88   999 
6 89   933 
6 91   221 
6 92   425 
6 93   815 
6 95   114 
6 96   284 
6 98   102 
6 99    97 
6 100   692 
7 9   858 
7 10   924 
7 14   380 
7 15   668 
7 16   499 
7 18   183 
7 19   190 
7 21   375 
7 22   385 
7 24   386 
7 26   786 
7 27   339 
7 28   885 
7 29   858 
7 31   934 
7 32   679 
7 33   303 
7 34   676 
7 35   463 
7 36   425 
7 40   816 
7 41   558 
7 42   255 
7 43   178 
7 44   473 
7 46   831 
7 48   927 
7 49   521 
7 50   219 
7 51    42 
7 52    63 
7 53   794 
7 54   210 
7 56   523 
7 57   229 
7 58   506 
7 59   173 
7 61   888 
7 62   418 
7 63   253 
7 64   998 
7 66   333 
7 68   665 
7 70   332 
7 71   203 
7 79   422 
7 80   524 
7 83   294 
7 84   642 
7 85   352 
7 87   798 
7 88   676 
7 89   830 
7 90   361 
7 91   833 
7 93   887 
7 94   923 
7 95    18 
7 97   526 
7 98   153 
7 99   383 
8 10   175 
8 11   403 
8 12    91 
8 13   366 
8 14   151 
8 15   841 
8 17   862 
8 19   793 
8 21   536 
8 22   331 
8 23   181 
8 24   968 
8 25   995 
8 26    72 
8 28    98 
8 29    54 
8 30   381 
8 31   887 
8 33   440 
8 35   599 
8 37   775 
8 38   386 
8 39   467 
8 40   501 
8 42   567 
8 45   991 
8 47    13 
8 49   157 
8 50    65 
8 51   654 
8 52   363 
8 54   376 
8 55   444 
8 57   223 
8 58   648 
8 59   347 
8 62   239 
8 63   957 
8 67   634 
8 69   315 
8 71   535 
8 72   260 
8 74   222 
8 76   649 
8 77   846 
8 78   223 
8 79   313 
8 80   808 
8 81   572 
8 82   869 
8 89   817 
8 91     2 
8 92   625 
8 93   416 
8 95   615 
8 96   565 
8 97   458 
8 99   551 
9 11   288 
9 12   924 
9 13   758 
9 15    37 
9 16   951 
9 17   889 
9 18   198 
9 19   459 
9 21    56 
9 22   382 
9 24   555 
9 25   482 
9 27   952 
9 28   213 
9 30     0 
9 31     5 
9 32   572 
9 33   790 
9 34   684 
9 35   512 
9 36   295 
9 37   767 
9 39   627 
9 40   561 
9 45   109 
9 46   408 
9 47   211 
9 48   232 
9 49   306 
9 50   745 
9 51    49 
9 52   623 
9 53   796 
9 54   152 
9 56   500 
9 57    68 
9 58   290 
9 59   677 
9 60   440 
9 61    95 
9 63   604 
9 64   694 
9 65   529 
9 66   949 
9 68   341 
9 70   405 
9 71   364 
9 74   724 
9 78   689 
9 81   360 
9 82   861 
9 83   808 
9 84   982 
9 85   952 
9 86   568 
9 87    77 
9 88   483 
9 89   974 
9 90   636 
9 92   445 
9 93   280 
9 94   408 
9 95   462 
9 97   764 
9 98   306 
9 99   447 
9 100   408 
10 12   881 
10 15   142 
10 16   386 
10 17   767 
10 18   173 
10 19    47 
10 21   355 
10 22   991 
10 23     4 
10 25   260 
10 27   934 
10 28    25 
10 29   588 
10 30   191 
10 31   915 
10 32   629 
10 36   512 
10 37   586 
10 38   923 
10 39   325 
10 40   743 
10 41   528 
10 42   993 
10 43   267 
10 44    70 
10 46    56 
10 47   112 
10 48   583 
10 49   882 
10 51   595 
10 53   704 
10 55   120 
10 56   562 
10 57   993 
10 58   204 
10 59   905 
10 60   732 
10 61   494 
10 63   453 
10 64   435 
10 66   853 
10 68   163 
10 69   826 
10 70   639 
10 71   524 
10 72    50 
10 73   290 
10 74    57 
10 75   907 
10 77   948 
10 78   209 
10 79   764 
10 80   875 
10 81   200 
10 82   319 
10 83   972 
10 85   197 
10 86   956 
10 87    27 
10 88   401 
10 90   189 
10 91   580 
10 92   885 
10 93   211 
10 94   270 
10 97   877 
10 98   857 
10 99   457 
11 13   230 
11 14   203 
11 15   363 
11 16   250 
11 17   956 
11 18   314 
11 19   259 
11 20   548 
11 22   375 
11 24   183 
11 26   660 
11 29   186 
11 30   751 
11 31   499 
11 32   208 
11 33   755 
11 35   388 
11 36   685 
11 37   957 
11 38   150 
11 39   877 
11 42   597 
11 44   149 
11 45   745 
11 46   931 
11 48   852 
11 51   142 
11 52   372 
11 54   971 
11 59   265 
11 60   398 
11 61   426 
11 62   762 
11 65   992 
11 68   574 
11 69   284 
11 72   920 
11 73   930 
11 74   972 
11 76   566 
11 77   734 
11 78   423 
11 79   638 
11 81   400 
11 82   187 
11 83   706 
11 85   823 
11 86   998 
11 87   793 
11 88   194 
11 89    23 
11 90   498 
11 91   790 
11 93   214 
11 95   665 
11 96   409 
11 97   510 
12 14    49 
12 15   847 
12 16   928 
12 17   390 
12 18   156 
12 19   360 
12 20   999 
12 22    79 
12 25   859 
12 26   899 
12 27   651 
12 29   478 
12 30    17 
12 31   307 
12 32   456 
12 33   389 
12 34   436 
12 35   928 
12 37   713 
12 38   349 
12 42   822 
12 44   774 
12 45   204 
12 46   867 
12 47   169 
12 48   987 
12 50   735 
12 51   283 
12 53   391 
12 55   360 
12 56   160 
12 57   779 
12 58   852 
12 59   153 
12 60   717 
12 61   160 
12 62    57 
12 63   427 
12 64   125 
12 65   407 
12 66   297 
12 67     0 
12 68   922 
12 69   355 
12 70   747 
12 71   169 
12 72   666 
12 73   144 
12 76   532 
12 78    71 
12 79   305 
12 80   961 
12 81   169 
12 82   239 
12 83   824 
12 84   861 
12 85   291 
12 86    55 
12 87     3 
12 89   121 
12 90   280 
12 91   112 
12 93    19 
12 94   934 
12 95   615 
12 97   413 
12 98    32 
12 99   348 
12 100   674 
13 15   750 
13 16   504 
13 18   116 
13 19   938 
13 20   641 
13 21   290 
13 22   988 
13 24   159 
13 25   264 
13 26   361 
13 27    93 
13 28   151 
13 29   346 
13 30   914 
13 31   711 
13 33   392 
13 35   829 
13 37   208 
13 38   729 
13 39   213 
13 40   253 
13 41   922 
13 42   139 
13 44   833 
13 45   938 
13 46   857 
13 47   282 
13 48   924 
13 50   762 
13 54   447 
13 55   588 
13 56    13 
13 57   278 
13 58   672 
13 59   706 
13 60   199 
13 66   664 
13 67   429 
13 68   305 
13 69    77 
13 72   226 
13 73   849 
13 74   148 
13 75   983 
13 76   158 
13 81     2 
13 83   784 
13 84   528 
13 85   556 
13 86   820 
13 89   183 
13 90   824 
13 91     7 
13 94   611 
13 95    72 
13 96   532 
13 97   377 
13 99   526 
13 100   856 
14 19    89 
14 20   668 
14 21   719 
14 22   615 
14 23   960 
14 24   379 
14 25   439 
14 27   260 
14 30   212 
14 31   569 
14 32   164 
14 33   697 
14 34   648 
14 36   290 
14 40   477 
14 41   291 
14 42   821 
14 43   525 
14 44    56 
14 45   513 
14 47   952 
14 48   410 
14 49   357 
14 51   156 
14 53   401 
14 54   525 
14 57   803 
14 59   614 
14 60    95 
14 63   989 
14 64   155 
14 65   668 
14 67   967 
14 69    59 
14 70   498 
14 72   842 
14 74   190 
14 75   991 
14 76   138 
14 77   484 
14 80   924 
14 81   190 
14 83   634 
14 84   233 
14 85    40 
14 86   736 
14 87   512 
14 88   186 
14 90   692 
14 92   125 
14 93     8 
14 95   403 
14 96   848 
14 97   937 
14 98   521 
14 100   212 
15 17   177 
15 20   193 
15 21   130 
15 22   468 
15 23   707 
15 24   794 
15 26   777 
15 27   746 
15 28   758 
15 29   755 
15 30   443 
15 32   805 
15 35   987 
15 36   797 
15 39   343 
15 40   886 
15 41    79 
15 43   525 
15 44   750 
15 45   549 
15 46   656 
15 47   234 
15 48   279 
15 50   987 
15 51   611 
15 53    99 
15 55   902 
15 56   642 
15 57   362 
15 59   352 
15 61   207 
15 63   658 
15 65   776 
15 66   831 
15 67   847 
15 68   132 
15 69   945 
15 70   330 
15 71   647 
15 72   417 
15 73   419 
15 74    19 
15 77    83 
15 78   746 
15 79   652 
15 81   415 
15 82   161 
15 83   819 
15 84   824 
15 85   412 
15 86    39 
15 90   873 
15 91    80 
15 92   693 
15 93   622 
15 94   159 
15 95   485 
15 97   650 
15 99   446 
15 100   749 
16 19    21 
16 20   379 
16 22   510 
16 24   248 
16 25   119 
16 26   192 
16 27   262 
16 28   232 
16 29   307 
16 31    29 
16 32   521 
16 33   582 
16 34   706 
16 35   666 
16 36   425 
16 37   323 
16 38   930 
16 39   888 
16 41   622 
16 42   603 
16 43   661 
16 44   593 
16 45   333 
16 47   730 
16 50   729 
16 51   426 
16 52   644 
16 53   337 
16 54     8 
16 56   754 
16 57   446 
16 58   656 
16 59   181 
16 60    56 
16 61   456 
16 62    17 
16 64   205 
16 65   907 
16 68   449 
16 69   366 
16 71   688 
16 72   951 
16 73   144 
16 74   606 
16 75   624 
16 77   843 
16 79   800 
16 80   591 
16 82   182 
16 83   482 
16 84   425 
16 85   145 
16 86   477 
16 87   590 
16 88   183 
16 89   242 
16 90   753 
16 91     6 
16 93   992 
16 97   539 
16 98   939 
16 100   632 
17 19   441 
17 20   983 
17 21   547 
17 22   723 
17 23   737 
17 24    11 
17 25   738 
17 29   388 
17 30    37 
17 31   198 
17 32   771 
17 33   824 
17 34   924 
17 35   294 
17 36   794 
17 37   562 
17 38   392 
17 39   934 
17 40   516 
17 41   631 
17 42   439 
17 44   445 
17 45   300 
17 46   582 
17 48   402 
17 50   707 
17 51   594 
17 52   191 
17 55   896 
17 56   480 
17 57   796 
17 58   366 
17 59   177 
17 61   811 
17 62    43 
17 63   530 
17 64   704 
17 65   819 
17 66   101 
17 67   659 
17 69   714 
17 70   143 
17 71   495 
17 72    12 
17 73   804 
17 74   908 
17 75   192 
17 76   660 
17 77   494 
17 78   702 
17 79   322 
17 80   720 
17 81   605 
17 83   305 
17 84   620 
17 86   908 
17 88   961 
17 90   706 
17 92    87 
17 96   725 
17 98   420 
17 99   615 
18 20   507 
18 21   984 
18 22   188 
18 23    53 
18 24    26 
18 27   375 
18 28   580 
18 29   347 
18 31   518 
18 32   936 
18 37   168 
18 38   819 
18 41   669 
18 42   291 
18 44   875 
18 45   670 
18 47   403 
18 48   553 
18 50   453 
18 51   530 
18 52   890 
18 53   315 
18 56   104 
18 57   269 
18 58   356 
18 59   929 
18 60   881 
18 64   468 
18 66   318 
18 68   265 
18 69   585 
18 70   947 
18 75   997 
18 77   196 
18 78     7 
18 79   269 
18 81   754 
18 82   689 
18 83   383 
18 84   923 
18 85    17 
18 86     2 
18 87   762 
18 89   985 
18 90   109 
18 91   722 
18 92   366 
18 93   325 
18 94   474 
18 95    69 
18 96   280 
18 97   492 
18 98    96 
18 100   855 
19 23   801 
19 24   238 
19 25   734 
19 27   903 
19 28   493 
19 29   843 
19 31    19 
19 32   497 
19 34   763 
19 35   349 
19 36   475 
19 37   929 
19 39   841 
19 43   990 
19 45   945 
19 46   949 
19 48   916 
19 49   208 
19 53   743 
19 55   945 
19 58   942 
19 59   740 
19 62   692 
19 63   264 
19 66   816 
19 67   658 
19 69   208 
19 71   729 
19 72   302 
19 73   983 
19 75   172 
19 76    90 
19 77   439 
19 78   527 
19 82   528 
19 83   778 
19 84   163 
19 86   185 
19 88   455 
19 89    92 
19 90   143 
19 91     6 
19 92   919 
19 93   753 
19 94   336 
19 96   393 
19 97   285 
19 99   245 
20 22    78 
20 24    69 
20 27   402 
20 30   671 
20 32   534 
20 33   126 
20 34   333 
20 35   212 
20 36    55 
20 37   515 
20 39   365 
20 40   105 
20 41   267 
20 43   929 
20 44     6 
20 45   478 
20 49   338 
20 50   422 
20 51   624 
20 54   362 
20 55   980 
20 56   338 
20 59    89 
20 62   394 
20 63   359 
20 66   913 
20 68   499 
20 69   225 
20 70   741 
20 71   663 
20 72    61 
20 73   234 
20 74   368 
20 76   251 
20 77   695 
20 78   694 
20 79   209 
20 81   840 
20 82   588 
20 83   282 
20 84   957 
20 85   938 
20 88   117 
20 89   712 
20 90   426 
20 92    61 
20 93   323 
20 94    43 
20 95   889 
20 96   202 
20 98   799 
20 99   960 
20 100   275 
21 23   814 
21 24   842 
21 27   775 
21 28   642 
21 29   696 
21 30   783 
21 32   304 
21 33   859 
21 36   895 
21 37   397 
21 38   626 
21 39   589 
21 40   105 
21 41   807 
21 43   511 
21 44   817 
21 45   182 
21 46   456 
21 47    27 
21 48    77 
21 49   671 
21 50   603 
21 52   151 
21 53    48 
21 58   338 
21 59   327 
21 60   969 
21 61   965 
21 62   541 
21 65   336 
21 66   102 
21 67   873 
21 69   664 
21 70    33 
21 71   250 
21 73   566 
21 76   617 
21 77   390 
21 78   383 
21 79   367 
21 80   392 
21 81   312 
21 82   865 
21 83   681 
21 84    99 
21 86   642 
21 88   131 
21 90   153 
21 91   867 
21 92   181 
21 93   690 
21 96   371 
21 97    91 
21 98    99 
21 99   342 
22 24   482 
22 25   899 
22 27    87 
22 29   307 
22 31   117 
22 32   897 
22 33   188 
22 34   501 
22 35   337 
22 36   657 
22 37   589 
22 38   443 
22 40   552 
22 41   227 
22 42   483 
22 43   596 
22 44    84 
22 45   762 
22 46   664 
22 47   918 
22 48   477 
22 49   984 
22 50   134 
22 52   583 
22 53   580 
22 54   722 
22 57   522 
22 58   720 
22 60   994 
22 61   528 
22 62   409 
22 63   938 
22 64   460 
22 65    79 
22 66   901 
22 67   300 
22 69   384 
22 70   939 
22 71   604 
22 72   306 
22 73     2 
22 75   901 
22 77   413 
22 78   469 
22 79   935 
22 85   911 
22 86   202 
22 87   904 
22 89   823 
22 91   362 
22 92   182 
22 94   908 
22 95   793 
22 97   284 
22 98   674 
23 26   899 
23 28   432 
23 29   680 
23 30   965 
23 31    79 
23 34   670 
23 35   862 
23 37   922 
23 38   229 
23 39   618 
23 40     6 
23 41   973 
23 42   727 
23 44   441 
23 46   948 
23 47   642 
23 50     0 
23 51   718 
23 52    66 
23 54   731 
23 55   424 
23 56   776 
23 57    61 
23 59   848 
23 60   972 
23 61   301 
23 62   921 
23 63   449 
23 64   708 
23 65   644 
23 66    34 
23 67   934 
23 68   669 
23 69   617 
23 72   670 
23 73   878 
23 74   427 
23 75   807 
23 76    41 
23 78    64 
23 80   812 
23 81   454 
23 82   332 
23 83   969 
23 86    59 
23 87   762 
23 88   484 
23 89   577 
23 91   738 
23 92    43 
23 93   223 
23 95    93 
23 97   819 
23 98   637 
23 100   129 
24 26   504 
24 27     2 
24 28   821 
24 29   377 
24 30   758 
24 31   746 
24 32   691 
24 34   141 
24 35   761 
24 37   179 
24 38   273 
24 42   480 
24 43   734 
24 44   614 
24 45   661 
24 46   592 
24 48   663 
24 49   918 
24 51   633 
24 53   846 
24 55   422 
24 57   846 
24 59   366 
24 62   326 
24 63   571 
24 64   551 
24 66    63 
24 67   684 
24 68   786 
24 69    29 
24 70   904 
24 71   149 
24 72   564 
24 73   286 
24 74   534 
24 76   294 
24 77   432 
24 78   529 
24 79   565 
24 82   678 
24 85   833 
24 87   798 
24 88   380 
24 89    14 
24 90   390 
24 91   582 
24 93   508 
24 94   857 
24 95   411 
24 96   487 
24 97   702 
24 99   299 
24 100    87 
25 30   286 
25 33   385 
25 37   542 
25 40   413 
25 41   408 
25 43   990 
25 44   330 
25 45   413 
25 46   940 
25 47   742 
25 48   232 
25 49   961 
25 50   323 
25 51   496 
25 52   878 
25 53   496 
25 54   716 
25 56   104 
25 57   262 
25 58   192 
25 61    90 
25 62   736 
25 63   933 
25 64   870 
25 65   259 
25 66   869 
25 67   966 
25 68   819 
25 69   315 
25 70   938 
25 71   384 
25 72   128 
25 73   405 
25 76   993 
25 78   665 
25 79   563 
25 80   774 
25 82   664 
25 83   465 
25 84   549 
25 85   729 
25 86   527 
25 87   695 
25 89   758 
25 91   717 
25 94   186 
25 95   109 
25 97   798 
25 98   475 
25 99   622 
25 100   660 
26 28   520 
26 29   493 
26 31   926 
26 32   220 
26 33   780 
26 34     6 
26 35   354 
26 36   409 
26 38   355 
26 40    20 
26 41   283 
26 42   110 
26 43   316 
26 44   414 
26 45   520 
26 47   372 
26 48   498 
26 49   282 
26 56   266 
26 57   785 
26 59   940 
26 61   295 
26 62   721 
26 63   898 
26 64   201 
26 67   717 
26 71   350 
26 73   288 
26 74   342 
26 75   275 
26 76   942 
26 77   159 
26 78    97 
26 79   529 
26 80   245 
26 81   429 
26 82   797 
26 83   983 
26 84   605 
26 85   172 
26 86   568 
26 87   446 
26 88   732 
26 89   899 
26 91   751 
26 92   445 
26 93   842 
26 96   250 
26 97    57 
26 99    64 
26 100    67 
27 30   888 
27 31   500 
27 32    65 
27 33   414 
27 35    86 
27 36    83 
27 38   862 
27 40   620 
27 42   113 
27 43   835 
27 44   999 
27 46   812 
27 47   839 
27 50   456 
27 51   559 
27 52   123 
27 54   829 
27 55   200 
27 56   302 
27 57   183 
27 58   396 
27 61   480 
27 62   957 
27 63     4 
27 66   949 
27 67   992 
27 68   250 
27 70   561 
27 71   950 
27 72   287 
27 73   848 
27 77   893 
27 78    46 
27 80   172 
27 81   459 
27 82   819 
27 83   358 
27 84   407 
27 85   766 
27 86    20 
27 87   236 
27 88   108 
27 89    32 
27 90   384 
27 91   146 
27 92   811 
27 93   154 
27 94   177 
27 96   112 
27 97   313 
27 99   852 
27 100   230 
28 30   487 
28 31   476 
28 32   329 
28 35   784 
28 36   249 
28 38   510 
28 39   433 
28 40    75 
28 42    15 
28 44    97 
28 45   807 
28 46   950 
28 47   581 
28 49    97 
28 50   235 
28 52   571 
28 55   648 
28 57    56 
28 59    46 
28 61   318 
28 63   415 
28 64   705 
28 65   497 
28 66   264 
28 68   170 
28 69   841 
28 70   182 
28 71   152 
28 72   785 
28 73   588 
28 74   935 
28 75   103 
28 79   683 
28 80   162 
28 84   308 
28 85   662 
28 87    96 
28 88    68 
28 89   324 
28 90   673 
28 91   109 
28 94   293 
28 95   558 
28 96   226 
28 97    72 
28 98   680 
28 100   476 
29 31   964 
29 32   530 
29 35     4 
29 36   758 
29 38   628 
29 39   689 
29 40   257 
29 42   971 
29 43   587 
29 44   329 
29 45   260 
29 47   408 
29 48   835 
29 49   784 
29 50   121 
29 53   508 
29 54   192 
29 55   156 
29 57   673 
29 58   821 
29 60   126 
29 61   453 
29 62   590 
29 63   799 
29 64   461 
29 65   481 
29 66   798 
29 67   131 
29 68   824 
29 69   613 
29 70   998 
29 71    91 
29 73   338 
29 74   908 
29 75     1 
29 76   796 
29 78   901 
29 79   307 
29 80   411 
29 81   322 
29 82   324 
29 83   636 
29 85   136 
29 86   343 
29 89   231 
29 90   223 
29 91   397 
29 92   309 
29 95   245 
29 96   989 
29 98   864 
29 99   493 
30 32   457 
30 34   444 
30 37   239 
30 39   174 
30 40   360 
30 41   787 
30 42   521 
30 44   170 
30 45   306 
30 46   347 
30 47   229 
30 49   147 
30 50    74 
30 52   118 
30 53   956 
30 55   328 
30 56   649 
30 59   390 
30 61   607 
30 62   309 
30 63   726 
30 64    92 
30 65   717 
30 67   328 
30 69   339 
30 70   819 
30 71   863 
30 72   491 
30 73   544 
30 76   990 
30 78   230 
30 79   201 
30 81   607 
30 82   772 
30 85    27 
30 87   859 
30 88    80 
30 91   395 
30 93   136 
30 94   586 
30 95   486 
30 96   236 
30 97   354 
30 98   882 
31 35   220 
31 39   992 
31 40   879 
31 41   761 
31 42   277 
31 43   619 
31 45   274 
31 46   396 
31 47   748 
31 49   522 
31 50   791 
31 51   194 
31 52   947 
31 53   179 
31 54   309 
31 55   392 
31 57   225 
31 58   714 
31 61   450 
31 64   764 
31 65   499 
31 68    82 
31 69    58 
31 70   530 
31 71   910 
31 72    63 
31 73   191 
31 74   100 
31 75   399 
31 76   750 
31 77   882 
31 78   647 
31 80   166 
31 81   429 
31 82   146 
31 85   363 
31 86   876 
31 87   477 
31 88   947 
31 89   689 
31 91   979 
31 93    67 
31 94   778 
31 95   977 
31 96   142 
31 98   382 
31 99   482 
31 100   375 
32 34   278 
32 35   172 
32 36   698 
32 37   972 
32 39   246 
32 40   865 
32 41   888 
32 42   184 
32 44    79 
32 45   695 
32 46   422 
32 49   622 
32 51   648 
32 52   469 
32 53    75 
32 54   826 
32 56   508 
32 57   343 
32 58   452 
32 59   747 
32 60   604 
32 61   906 
32 63   797 
32 64   522 
32 65   640 
32 67   113 
32 68   215 
32 69   410 
32 71   891 
32 72    42 
32 73   922 
32 74   361 
32 75   415 
32 76   253 
32 77    86 
32 79   609 
32 81   883 
32 83   303 
32 84   982 
32 85   302 
32 87    89 
32 88   843 
32 91   713 
32 92   580 
32 93   553 
32 94   370 
32 97   328 
33 36   673 
33 37   372 
33 39   459 
33 40   552 
33 41   841 
33 42   368 
33 43    21 
33 44   910 
33 45   774 
33 46   286 
33 47   316 
33 48   333 
33 49   927 
33 50   665 
33 51   701 
33 52   518 
33 53   114 
33 55   199 
33 57   426 
33 58   195 
33 59   626 
33 60   242 
33 61   949 
33 63   410 
33 64   684 
33 65    49 
33 66   951 
33 67    68 
33 69   722 
33 70    51 
33 72   699 
33 73   320 
33 74   568 
33 75   583 
33 76   704 
33 77   479 
33 78   939 
33 80   887 
33 82   641 
33 83   916 
33 85   956 
33 86   760 
33 87   467 
33 88   885 
33 89   891 
33 90   868 
33 91    35 
33 92    53 
33 95   418 
33 96   274 
33 97     5 
33 98   419 
33 99   124 
33 100   807 
34 36   658 
34 37   452 
34 38   102 
34 39   556 
34 42   679 
34 44   494 
34 46   791 
34 48   624 
34 49   284 
34 50   349 
34 51   616 
34 53   966 
34 54   816 
34 56   596 
34 57   160 
34 58   997 
34 59   130 
34 60   879 
34 61   797 
34 62   189 
34 63   960 
34 64   560 
34 65   358 
34 66   380 
34 67   503 
34 68   164 
34 69   103 
34 71   569 
34 72    18 
34 73   860 
34 74   559 
34 75   347 
34 77   280 
34 78   435 
34 80   337 
34 81   525 
34 82   806 
34 83   395 
34 85   955 
34 86   262 
34 87   251 
34 89    78 
34 90   289 
34 91    66 
34 92   992 
34 93    67 
34 94   647 
34 96   420 
34 98   287 
34 99   963 
34 100   235 
35 37    56 
35 38   563 
35 41   554 
35 43   246 
35 44   216 
35 45   230 
35 46    64 
35 47    99 
35 48   836 
35 50   737 
35 52   717 
35 53   505 
35 54    70 
35 55   497 
35 56   295 
35 57   271 
35 60   115 
35 61   448 
35 62   863 
35 63   760 
35 64   941 
35 65   295 
35 66   357 
35 69   632 
35 71   428 
35 72   780 
35 75   323 
35 76   122 
35 77   142 
35 78   941 
35 80     9 
35 82   833 
35 85   520 
35 87   109 
35 89   263 
35 90   141 
35 91   277 
35 92   856 
35 93   944 
35 95   339 
35 96   739 
35 97   452 
35 99     6 
35 100   541 
36 39   144 
36 40   948 
36 41   443 
36 43   782 
36 48   726 
36 49   792 
36 51   448 
36 52   617 
36 54   555 
36 55   551 
36 56   144 
36 57   919 
36 59   797 
36 60   917 
36 61   536 
36 65    74 
36 66   456 
36 67   469 
36 68   409 
36 70   562 
36 71   796 
36 73   931 
36 75   516 
36 77   453 
36 78   613 
36 79   528 
36 80   785 
36 82    37 
36 83   953 
36 84   126 
36 87   883 
36 89   215 
36 90   701 
36 91    69 
36 92   663 
36 93   943 
36 94   234 
36 95   613 
36 96   833 
36 97   671 
36 98   173 
36 99   560 
37 39   947 
37 40   218 
37 41   429 
37 45   911 
37 49   820 
37 52   327 
37 54   627 
37 55   428 
37 58   776 
37 59   414 
37 61   359 
37 64   523 
37 65   416 
37 66   470 
37 67   237 
37 68   850 
37 69   550 
37 70   336 
37 72   873 
37 73   999 
37 74   844 
37 75    37 
37 76   670 
37 78   602 
37 79   843 
37 82   696 
37 83   635 
37 84   456 
37 85   145 
37 88   382 
37 91   923 
37 92    25 
37 93   419 
37 94   496 
37 96   659 
37 97   690 
37 98   791 
38 40   812 
38 41    57 
38 42   563 
38 43   319 
38 44    26 
38 45   663 
38 46   488 
38 47   659 
38 48   606 
38 49   492 
38 50   220 
38 51   540 
38 54   716 
38 55    28 
38 57   470 
38 58   790 
38 59   332 
38 60   880 
38 61   827 
38 62   324 
38 63   298 
38 64   510 
38 68   172 
38 69   555 
38 70   126 
38 72   884 
38 76   531 
38 79    17 
38 80   262 
38 81    66 
38 83   958 
38 84   372 
38 85   799 
38 87   769 
38 88   946 
38 89   753 
38 91   141 
38 94   725 
38 95   702 
38 96   892 
38 97   753 
38 99   501 
39 41   698 
39 42   985 
39 43   199 
39 44   215 
39 45   973 
39 46   462 
39 47   945 
39 50   869 
39 51   923 
39 52   390 
39 54   767 
39 55   689 
39 56   559 
39 57   425 
39 58   791 
39 59   739 
39 60   274 
39 61    15 
39 62   734 
39 63   967 
39 65   777 
39 67   106 
39 69   876 
39 70   183 
39 71   944 
39 72   878 
39 73   337 
39 74   730 
39 76    38 
39 78   971 
39 81   675 
39 82   765 
39 83   883 
39 84   956 
39 85    16 
39 86   465 
39 88   187 
39 89   974 
39 90     6 
39 91   658 
39 94   304 
39 95   979 
39 97   112 
39 98   739 
39 99   344 
39 100   752 
40 43   183 
40 45   898 
40 46   601 
40 47   749 
40 52   419 
40 53   132 
40 54   575 
40 55    46 
40 56   466 
40 57   802 
40 58   189 
40 60    43 
40 61   950 
40 62   204 
40 63   345 
40 66   334 
40 67   876 
40 68   785 
40 69   508 
40 72   741 
40 73   122 
40 74   789 
40 75   682 
40 76   575 
40 77   239 
40 79   618 
40 80   786 
40 82   493 
40 83   203 
40 85   316 
40 86   349 
40 87   978 
40 89   481 
40 91   630 
40 93   800 
40 94   706 
40 95   175 
40 96   422 
40 97   253 
40 98   467 
40 99    63 
41 44   622 
41 45   725 
41 46   348 
41 47   351 
41 48   897 
41 49   825 
41 50   756 
41 51     1 
41 52   269 
41 53   179 
41 55   880 
41 56   839 
41 58    88 
41 59   576 
41 62   842 
41 64   617 
41 65   343 
41 66   368 
41 68   284 
41 69   773 
41 70   394 
41 71   567 
41 72   357 
41 73   131 
41 74   785 
41 77   941 
41 78    13 
41 79   685 
41 80   658 
41 81   781 
41 82   571 
41 83   746 
41 84    81 
41 85   940 
41 86   162 
41 87   966 
41 88   747 
41 89   293 
41 91   301 
41 92   509 
41 93   659 
41 94    26 
41 95   927 
41 97    42 
41 99   267 
41 100    31 
42 44   732 
42 45   672 
42 46   762 
42 48   953 
42 49   815 
42 50   880 
42 51   450 
42 52   783 
42 53   724 
42 54   153 
42 55   692 
42 56   479 
42 58   212 
42 59   465 
42 60   640 
42 62   245 
42 65   379 
42 67   297 
42 68     4 
42 69   769 
42 71   693 
42 72   509 
42 73   689 
42 74   400 
42 75   684 
42 76   217 
42 77   349 
42 78   558 
42 80   724 
42 82    69 
42 83   200 
42 87   974 
42 88   780 
42 89   646 
42 90    92 
42 91    18 
42 92   631 
42 93   493 
42 94   517 
42 96   347 
42 97    10 
42 99   487 
42 100   900 
43 45   231 
43 46   741 
43 47   918 
43 48   176 
43 50   274 
43 51    26 
43 52   533 
43 55    54 
43 56   331 
43 57   970 
43 58   789 
43 63   923 
43 64   633 
43 67   194 
43 69   184 
43 72   182 
43 73    92 
43 74   772 
43 75   731 
43 76   566 
43 77   630 
43 78   914 
43 79    37 
43 80   842 
43 81   845 
43 83   811 
43 85   725 
43 86   591 
43 87   272 
43 89   616 
43 90   302 
43 91   853 
43 92   911 
43 93   459 
43 94   888 
43 95   368 
43 98   684 
43 99   464 
44 46   589 
44 47   873 
44 48    74 
44 49   362 
44 50   319 
44 52   782 
44 53   797 
44 54   344 
44 55   637 
44 57   922 
44 60   382 
44 61    96 
44 62   361 
44 63   289 
44 64   423 
44 65   969 
44 67     7 
44 69   495 
44 70   662 
44 71   997 
44 72   929 
44 73   154 
44 74    63 
44 75   354 
44 76   583 
44 78   604 
44 79   581 
44 82   295 
44 83   728 
44 84   755 
44 86   518 
44 89    29 
44 90    67 
44 91   750 
44 92    35 
44 93   112 
44 94   566 
44 96   949 
44 98   816 
44 99   818 
44 100   923 
45 47   315 
45 48   537 
45 49   809 
45 53   193 
45 55   372 
45 56    49 
45 58   122 
45 59   823 
45 60   548 
45 61     6 
45 62   739 
45 63    88 
45 64   508 
45 65   543 
45 67   991 
45 68   925 
45 69   743 
45 70   120 
45 71   353 
45 73   264 
45 74   696 
45 77    63 
45 78   280 
45 79   902 
45 81   929 
45 82   285 
45 84   732 
45 85    36 
45 86   538 
45 88   427 
45 90   719 
45 91   353 
45 92   393 
45 93   502 
45 95   251 
45 97   668 
45 98   774 
46 48   381 
46 51   600 
46 52   811 
46 53   365 
46 54   730 
46 55   550 
46 56   436 
46 58   915 
46 59   326 
46 60   771 
46 61   867 
46 62   226 
46 63   695 
46 64   776 
46 65   201 
46 68   316 
46 72    90 
46 73   278 
46 74   239 
46 75   373 
46 78   707 
46 79   307 
46 80   621 
46 81   691 
46 83    21 
46 84   741 
46 85   746 
46 86   267 
46 88   812 
46 89    11 
46 91   761 
46 92   366 
46 94   513 
46 95   637 
46 96    68 
46 97   498 
46 98   991 
46 99   926 
46 100   393 
47 49   147 
47 50   959 
47 51   858 
47 54   879 
47 55   583 
47 56   908 
47 57   982 
47 59   318 
47 60   641 
47 61   964 
47 62   672 
47 65   279 
47 66   122 
47 68   388 
47 69   328 
47 70   862 
47 73   510 
47 74    34 
47 76   877 
47 77   193 
47 78   562 
47 81   682 
47 83   984 
47 85   981 
47 89   820 
47 90   939 
47 91   392 
47 92   411 
47 93   471 
47 95   877 
47 96    41 
47 97   455 
47 98    89 
47 99   162 
47 100   286 
48 50   407 
48 52   443 
48 54   414 
48 55   261 
48 58   220 
48 61   818 
48 62   889 
48 63   679 
48 65   696 
48 66   346 
48 67   306 
48 68   388 
48 70   640 
48 73   621 
48 75   227 
48 77   696 
48 78   376 
48 80   512 
48 81   406 
48 82   781 
48 83   388 
48 86   298 
48 87   728 
48 88   521 
48 89   158 
48 91   980 
48 92    16 
48 94   790 
48 95   781 
48 97   223 
48 98   706 
48 99   326 
48 100   347 
49 51   288 
49 52   497 
49 53   579 
49 55   989 
49 57   514 
49 58   744 
49 62    86 
49 63   257 
49 64   459 
49 65   274 
49 66   302 
49 67   319 
49 68   386 
49 69   550 
49 71   700 
49 72   413 
49 73   393 
49 74   464 
49 75   886 
49 76   526 
49 77   230 
49 79   609 
49 81   358 
49 84   780 
49 85   262 
49 86   388 
49 87   362 
49 88   711 
49 89    74 
49 91     6 
49 92   388 
49 93   292 
49 94   235 
49 97   680 
49 98   133 
49 99   523 
50 52   840 
50 54   844 
50 55   670 
50 56   540 
50 57   331 
50 58   108 
50 59   138 
50 60   801 
50 61   584 
50 62   702 
50 64    37 
50 65   731 
50 66   433 
50 67   872 
50 68   707 
50 69   917 
50 70   398 
50 71    63 
50 72   920 
50 73   554 
50 74   851 
50 75   195 
50 76     7 
50 78   558 
50 80   988 
50 81   524 
50 82   822 
50 83   860 
50 84   359 
50 86     1 
50 89   230 
50 90   134 
50 92   797 
50 93   135 
50 94   895 
50 95   278 
50 96   270 
50 97   794 
50 100   771 
51 53   925 
51 54   244 
51 55   320 
51 56   981 
51 57   941 
51 61   252 
51 62   462 
51 63   282 
51 65   385 
51 66   641 
51 67   640 
51 68   881 
51 69   810 
51 72   627 
51 74    78 
51 75   811 
51 76   213 
51 77   561 
51 78   158 
51 79   201 
51 80   282 
51 81   239 
51 82   224 
51 83    53 
51 85   167 
51 86   942 
51 87   206 
51 89   902 
51 90   986 
51 91   387 
51 92   453 
51 95   886 
51 98   339 
51 99     8 
52 55    59 
52 56   169 
52 58   967 
52 60   961 
52 61   108 
52 62   820 
52 63   617 
52 65   455 
52 67   933 
52 69   849 
52 70   701 
52 71    38 
52 72    88 
52 73   304 
52 74   146 
52 76   992 
52 77   334 
52 78   419 
52 79   726 
52 80   896 
52 81   179 
52 83   587 
52 84   299 
52 85   102 
52 86   447 
52 87   642 
52 88   332 
52 89   368 
52 90   962 
52 91   539 
52 92   291 
52 94   803 
52 95   769 
52 96   204 
52 97   154 
52 99   263 
52 100   623 
53 55   311 
53 56   968 
53 57   114 
53 59   498 
53 60   481 
53 62   266 
53 63   852 
53 65   943 
53 66   720 
53 67   834 
53 68   969 
53 69   118 
53 71     3 
53 72   623 
53 73   415 
53 74   553 
53 76   689 
53 77   796 
53 80   665 
53 81   112 
53 82   555 
53 83   321 
53 84   796 
53 85    90 
53 86    26 
53 88   770 
53 89    23 
53 92   591 
53 93   549 
53 94   308 
53 95    77 
53 96   864 
53 97   491 
53 99   211 
53 100   650 
54 56   623 
54 57   313 
54 59   226 
54 60   288 
54 61   402 
54 62   446 
54 63   378 
54 64   767 
54 65   831 
54 66   269 
54 69   287 
54 70   563 
54 71   224 
54 72   708 
54 73   320 
54 74   963 
54 75   434 
54 76   854 
54 77   593 
54 78   489 
54 79   687 
54 80   533 
54 82   273 
54 83    44 
54 86   152 
54 88   826 
54 89   624 
54 90   184 
54 91   850 
54 93   855 
54 94   977 
54 95     1 
54 97   795 
54 98   276 
55 57   258 
55 58   172 
55 59   310 
55 62    30 
55 63   815 
55 64   940 
55 65   812 
55 66   431 
55 67   777 
55 68   229 
55 70   581 
55 71   237 
55 72   750 
55 74   718 
55 75   354 
55 76   334 
55 77    87 
55 78   584 
55 79   483 
55 81   608 
55 84   640 
55 85   865 
55 86   197 
55 87   794 
55 89   583 
55 90   788 
55 91   609 
55 92   849 
55 95   816 
55 96   517 
55 98   199 
56 58    40 
56 59    34 
56 61   782 
56 62   122 
56 66   669 
56 67   545 
56 69    80 
56 72   318 
56 73   368 
56 74   847 
56 75   430 
56 76   630 
56 77    41 
56 78   272 
56 80    44 
56 81    30 
56 82   736 
56 86   683 
56 87   775 
56 89   861 
56 90   413 
56 91   110 
56 92   752 
56 93   629 
56 94    30 
56 95   161 
56 97   153 
56 98   876 
56 99   345 
56 100   912 
57 59   391 
57 64   707 
57 66   434 
57 67   181 
57 68   342 
57 69   938 
57 70   291 
57 71    61 
57 72   980 
57 73   504 
57 74   639 
57 75   808 
57 76   460 
57 78   764 
57 79    73 
57 80   951 
57 81   190 
57 82   678 
57 84   540 
57 85   404 
57 88   715 
57 89   671 
57 90   742 
57 91   437 
57 93   100 
57 94   734 
57 95   107 
57 97    47 
57 98   190 
58 60   630 
58 61   791 
58 62   953 
58 65   877 
58 66   828 
58 67   977 
58 69   941 
58 73   941 
58 74   951 
58 76   327 
58 78   319 
58 79   796 
58 80   725 
58 81   700 
58 82   934 
58 83   640 
58 87    59 
58 88    61 
58 89   603 
58 90   604 
58 92   478 
58 93   474 
58 94   327 
58 95   701 
58 97   125 
59 61   812 
59 62   930 
59 63   351 
59 64   126 
59 67   219 
59 69   517 
59 70   897 
59 71   486 
59 72   770 
59 73   412 
59 74   517 
59 76   306 
59 78   194 
59 79    71 
59 80    63 
59 85    63 
59 86   496 
59 88    78 
59 90    88 
59 92   411 
59 93   396 
59 94   774 
59 95   646 
59 97   997 
59 98   301 
59 100   517 
60 64    52 
60 65   630 
60 66   135 
60 67   473 
60 68   620 
60 69   693 
60 70   354 
60 72   764 
60 74   663 
60 75     5 
60 76   215 
60 77   714 
60 78   941 
60 79   951 
60 80   508 
60 81   604 
60 85   209 
60 86   377 
60 88   493 
60 89   251 
60 90    25 
60 92   688 
60 93   531 
60 94   352 
60 95   261 
60 96   148 
60 97    12 
60 100   354 
61 63   907 
61 65   892 
61 67   697 
61 69   969 
61 70   220 
61 71   816 
61 73   851 
61 74   518 
61 75   987 
61 77   899 
61 78   924 
61 79   329 
61 81   853 
61 82    47 
61 83   860 
61 84   434 
61 86   422 
61 87   707 
61 88   100 
61 89   708 
61 91   501 
61 95   285 
61 97   800 
61 98   420 
61 99   335 
61 100   274 
62 64   166 
62 65   754 
62 66   984 
62 67   959 
62 68   596 
62 71   178 
62 72   684 
62 73   562 
62 75   801 
62 76   152 
62 77   427 
62 78   381 
62 79   438 
62 80   452 
62 81   539 
62 82   231 
62 83   933 
62 84   427 
62 85   682 
62 87   566 
62 89   390 
62 90   105 
62 91   520 
62 93   329 
62 94   708 
62 95   189 
62 99   949 
62 100   837 
63 65   953 
63 67   927 
63 68   371 
63 69   862 
63 71   924 
63 72   847 
63 73   851 
63 74   370 
63 75   814 
63 77   301 
63 78   418 
63 79   836 
63 81   295 
63 84   672 
63 85    96 
63 86   303 
63 87   241 
63 89   554 
63 90   695 
63 91   239 
63 93   281 
63 94   781 
63 96   361 
63 97   922 
63 98   821 
63 99   165 
63 100    20 
64 66   533 
64 67   180 
64 70   711 
64 71   647 
64 72   700 
64 73   141 
64 74   613 
64 76   281 
64 77   485 
64 78   805 
64 79   559 
64 82   205 
64 83   997 
64 86   384 
64 87   888 
64 88    22 
64 91    43 
64 92   157 
64 93    86 
64 94    74 
64 95   594 
64 97   390 
64 100    44 
65 67   606 
65 72   844 
65 74   348 
65 76   805 
65 77   976 
65 78   995 
65 79   584 
65 80   166 
65 82   200 
65 83   829 
65 84   779 
65 87   188 
65 89   428 
65 90   857 
65 91   980 
65 92   508 
65 93   251 
65 94   304 
65 95   481 
65 96    25 
65 97    25 
65 98   990 
65 99   304 
65 100   132 
66 69   723 
66 70   309 
66 71   336 
66 72   959 
66 75   987 
66 76   471 
66 77   333 
66 78    35 
66 79   798 
66 80   127 
66 81   192 
66 82   293 
66 84   458 
66 85   924 
66 90   870 
66 93   607 
66 95   251 
66 96   304 
66 97   327 
66 98   251 
66 100   322 
67 69   877 
67 70   651 
67 71   431 
67 72   523 
67 74   484 
67 75   545 
67 76   229 
67 78   421 
67 79   263 
67 80   324 
67 81   411 
67 82   118 
67 83   745 
67 84   977 
67 85   322 
67 86   175 
67 87   730 
67 89   985 
67 90   590 
67 91   316 
67 92   596 
67 93   219 
67 96   264 
67 97   994 
67 99   201 
67 100   922 
68 70   899 
68 71   161 
68 72   138 
68 73   149 
68 75    78 
68 76   305 
68 77   156 
68 78   123 
68 79   941 
68 80   236 
68 81   791 
68 82   164 
68 83   458 
68 85   257 
68 86   314 
68 87   396 
68 91   455 
68 93   212 
68 94   277 
68 95   990 
68 96   114 
68 98   354 
68 99   758 
68 100   878 
69 71   858 
69 72   731 
69 74   684 
69 75    33 
69 76   172 
69 77   247 
69 78   525 
69 79   441 
69 80   916 
69 82   234 
69 83   458 
69 84    21 
69 85   637 
69 86   186 
69 87   725 
69 88   787 
69 89   968 
69 91    64 
69 93   639 
69 94   184 
69 95   684 
69 97    77 
69 98    81 
69 99   391 
69 100   239 
70 73   309 
70 74   156 
70 75   601 
70 76   139 
70 78   632 
70 79   807 
70 80   804 
70 82   148 
70 83   758 
70 85   850 
70 86   985 
70 87   783 
70 88   870 
70 89   397 
70 91   783 
70 92   454 
70 94    71 
70 95   522 
70 98   904 
70 100    12 
71 73   326 
71 75   303 
71 76   264 
71 77   236 
71 78    49 
71 79   200 
71 83     3 
71 86   207 
71 87   708 
71 89   839 
71 91   718 
71 93   592 
71 94   640 
71 95   186 
71 96   203 
71 97   927 
71 98   797 
71 99    34 
71 100   296 
72 75    72 
72 77   283 
72 78   611 
72 80    83 
72 81   573 
72 82   950 
72 83   277 
72 84   495 
72 85   744 
72 86   160 
72 87   276 
72 88   663 
72 89   636 
72 90   741 
72 91   256 
72 92   110 
72 93   401 
72 95   400 
72 98   382 
72 99   662 
72 100   890 
73 75    57 
73 76    25 
73 77   437 
73 78   249 
73 79   137 
73 82   887 
73 83   255 
73 85   105 
73 86   227 
73 88   170 
73 89   468 
73 91   219 
73 93   545 
73 94   161 
73 95    80 
73 96   585 
73 97   611 
73 98   802 
73 99   368 
73 100   587 
74 76   813 
74 77   754 
74 78   304 
74 80   844 
74 81   464 
74 83   464 
74 85   660 
74 87   413 
74 88   222 
74 89   199 
74 90    92 
74 91   628 
74 92   140 
74 93   604 
74 94   403 
74 96   258 
74 97   740 
74 98   250 
74 99   632 
75 77   146 
75 79   806 
75 80   645 
75 82   618 
75 83   422 
75 84   808 
75 87   576 
75 90   582 
75 92   237 
75 94   597 
75 95   877 
75 96    67 
75 97   313 
75 98   935 
75 99   749 
75 100    67 
76 78   192 
76 79   605 
76 80   156 
76 81   468 
76 83   820 
76 84   690 
76 85    55 
76 88   573 
76 89   298 
76 90   214 
76 91   103 
76 92   944 
76 94   887 
76 96   150 
76 98   644 
76 99   840 
76 100   311 
77 80   795 
77 81   286 
77 83   397 
77 85   169 
77 86   174 
77 87   226 
77 88   154 
77 89   181 
77 90   697 
77 92   241 
77 94   750 
77 95    73 
77 96   611 
77 98   559 
77 99   621 
78 81   556 
78 82   882 
78 85   458 
78 87   592 
78 88   988 
78 91   945 
78 94   416 
78 95   399 
78 96   932 
79 81   787 
79 83   672 
79 84   580 
79 85   471 
79 88    21 
79 89   923 
79 91   250 
79 92   837 
79 94    89 
79 96   192 
79 97   444 
79 99   741 
79 100   639 
80 82   129 
80 85   147 
80 86   487 
80 87   385 
80 88   783 
80 89   729 
80 90   675 
80 91   257 
80 94   879 
80 96   903 
80 97   629 
80 99   824 
80 100   966 
81 84   807 
81 85   223 
81 86   230 
81 88   472 
81 89   615 
81 90   992 
81 91   956 
81 92   586 
81 93    29 
81 94   970 
81 97   774 
81 98   361 
81 99   864 
81 100   407 
82 84   590 
82 85   296 
82 86   843 
82 87   267 
82 88     1 
82 89   119 
82 90   979 
82 91   235 
82 92   693 
82 93   954 
82 94   455 
82 95   303 
82 96   843 
82 97   208 
82 98   828 
82 100   142 
83 85   537 
83 86   474 
83 87   321 
83 88   930 
83 89   607 
83 90   696 
83 92   229 
83 93   189 
83 95   401 
83 98   208 
83 99   227 
84 86   221 
84 88   547 
84 90   495 
84 91   372 
84 92   488 
84 94   340 
84 96   244 
84 97   130 
84 98   405 
84 99   997 
84 100   122 
85 90   911 
85 91   325 
85 92   751 
85 94   484 
85 95   516 
85 98   180 
85 99   877 
85 100   166 
86 88   343 
86 89   374 
86 90   167 
86 91   869 
86 92   616 
86 93   214 
86 96   179 
86 99   625 
87 89    12 
87 90   291 
87 92   621 
87 93   852 
87 94   777 
87 95   602 
87 96   682 
87 97   949 
87 98   792 
87 99   731 
88 90   972 
88 93   362 
88 94   229 
88 96   969 
88 97   585 
88 98   853 
88 99   237 
88 100   290 
89 91   743 
89 92    30 
89 93   214 
89 94   285 
89 97   526 
89 98   670 
89 99   387 
90 93    27 
90 94   612 
90 95   487 
90 97   623 
90 98   429 
90 99   388 
91 93   155 
91 94   502 
91 95   418 
91 96   350 
91 97   422 
91 98   312 
92 94   912 
92 95   622 
92 96   297 
92 98   816 
92 99    43 
92 100   255 
93 95   253 
93 96    21 
93 97   492 
94 96   928 
94 97   836 
94 98   325 
94 99    70 
94 100    60 
95 97   512 
95 98   887 
95 99   877 
95 100   517 
96 98    28 
96 99   334 
96 100   973 
97 100   671 
0 
0 
0 
0 
0 
0 
0 
0 
0 
0 
0 
0 
0 
0 
0 
0 
0 
0 
0 
0 
0 
0 
0 
0 
0 
0 
0 
0 
0 
0 
0 
0 
0 
0 
0 
0 
0 
0 
0 
0 
0 
0 
0 
0 
0 
0 
0 
0 
0 
0 
0 
0 
0 
0 
0 
0 
0 
0 
0 
0 
0 
0 
0 
0 
0 
0 
0 
0 
0 
0 
0 
0 
0 
0 
0 
0 
0 
0 
0 
0 
0 
0 
0 
0 
0 
0 
0 
0 
0 
0 
0 
0 
0 
0 
0 
0 
0 
0 
0 
0 
  441   442 
  164   369 
  468   315 
  868   689 
  226   938 
  513    49 
  668   656 
  620   588 
  841    61 
  773   710 
  801   756 
   50   550 
  916   866 
  121   323 
  872   139 
    4   828 
  748   607 
  468   196 
  593   189 
  350   111 
  300   708 
  599   679 
  698   856 
  616    12 
  161   551 
  573   107 
  274   224 
  103   819 
  456   203 
  643   299 
  314   448 
  338   157 
  238   570 
  693   244 
  295   832 
  876   327 
   49   880 
  872   267 
  242   458 
  854   200 
  218   582 
  198   547 
  784   303 
    5   557 
   22   313 
  833   729 
  448   874 
  570   848 
  830   152 
  708   335 
   74   668 
  311    53 
  589   776 
  171   828 
  297   189 
  786    37 
  754   823 
  610   788 
  307   362 
  688   834 
  662   824 
  723   688 
  775   410 
  590   309 
    3   501 
  424   427 
  449   165 
  912   337 
  597   697 
  659   667 
  660   332 
  334   324 
  215   719 
  181   291 
  507   898 
  546   542 
  634   223 
  246   953 
  275   975 
  588    25 
  341   707 
  244    20 
  760   848 
  976   858 
  565   644 
  211   464 
  331   966 
  489    46 
   95   131 
  990   112 
  803   762 
  163   863 
  667   990 
  255    68 
  541   744 
  443   281 
  614   823 
  350   830 
  573   130 
  529   248 
