100 2500 
1 51   540 
1 52   576 
2 52   573 
2 53   788 
3 53   881 
3 54   424 
4 54   189 
4 55   296 
5 55    42 
5 56   775 
6 56   959 
6 57   336 
7 57   197 
7 58   709 
8 58   222 
8 59   711 
9 59   878 
9 60   435 
10 60   409 
10 61   407 
11 61   765 
11 62   529 
12 62   720 
12 63   887 
13 63   900 
13 64   406 
14 64   535 
14 65   915 
15 65   694 
15 66   321 
16 66   146 
16 67   454 
17 67   842 
17 68   662 
18 68   428 
18 69    38 
19 69   545 
19 70   122 
20 70   450 
20 71    97 
21 71   161 
21 72   260 
22 72   830 
22 73   470 
23 73   476 
23 74   934 
24 74   610 
24 75   568 
25 75   813 
25 76    78 
26 76   298 
26 77   890 
27 77   571 
27 78   782 
28 78   884 
28 79   910 
29 79     5 
29 80   223 
30 80   753 
30 81   437 
31 81   198 
31 82   270 
32 82   217 
32 83   761 
33 83   713 
33 84   625 
34 84   739 
34 85   688 
35 85    77 
35 86   742 
36 86   934 
36 87   274 
37 87     4 
37 88   198 
38 88   463 
38 89   257 
39 89   882 
39 90   264 
40 90   515 
40 91   570 
41 91   392 
41 92   865 
42 92   348 
42 93   821 
43 93   302 
43 94   341 
44 94   161 
44 95   534 
45 95   339 
45 96   151 
46 96   726 
46 97   227 
47 97   420 
47 98   561 
48 98   281 
48 99   836 
49 99   734 
49 100   232 
50 100    22 
1 53   884 
1 54    53 
1 55   747 
1 56   909 
1 57   451 
1 58   202 
1 59   707 
1 60   719 
1 61     6 
1 62   297 
1 63   293 
1 64   104 
1 65   903 
1 66   390 
1 67   779 
1 68   778 
1 69   421 
1 70   591 
1 71   353 
1 72   138 
1 73   845 
1 74   825 
1 75    54 
1 76   291 
1 77     6 
1 78   296 
1 79   241 
1 80   296 
1 81   724 
1 82   116 
1 83   278 
1 84   712 
1 85   201 
1 86   167 
1 87   826 
1 88   892 
1 89   879 
1 90   976 
1 91   972 
1 92   617 
1 93   945 
1 94   713 
1 95   797 
1 96   102 
1 97   939 
1 98     9 
1 99   784 
1 100   379 
2 51   982 
2 54   345 
2 55   173 
2 56   422 
2 57   722 
2 58   979 
2 59   719 
2 60   790 
2 61    60 
2 62   224 
2 63    35 
2 64   951 
2 65   346 
2 66   189 
2 67    11 
2 68   518 
2 69   473 
2 70    12 
2 71   643 
2 72   610 
2 73   578 
2 74   783 
2 75   648 
2 76   342 
2 77   712 
2 78    73 
2 79   745 
2 80   599 
2 81     8 
2 82   594 
2 83   924 
2 84   713 
2 85   532 
2 86   169 
2 87   357 
2 88    78 
2 89   612 
2 90   746 
2 91   261 
2 92   926 
2 93   780 
2 94   280 
2 95     6 
2 96    39 
2 97    85 
2 98   502 
2 99   892 
2 100   290 
3 51   434 
3 52   949 
3 55   382 
3 56   981 
3 57   280 
3 58   229 
3 59   521 
3 60   482 
3 61    22 
3 62     4 
3 63   282 
3 64   878 
3 65   421 
3 66    59 
3 67   880 
3 68   899 
3 69   748 
3 70   275 
3 71   768 
3 72    20 
3 73   844 
3 74   399 
3 75    80 
3 76   877 
3 77   900 
3 78   115 
3 79   901 
3 80   585 
3 81   758 
3 82   627 
3 83   607 
3 84   181 
3 85   201 
3 86   565 
3 87   551 
3 88   376 
3 89   930 
3 90   954 
3 91   442 
3 92   343 
3 93   236 
3 94   932 
3 95   392 
3 96   857 
3 97   732 
3 98   556 
3 99   943 
3 100    70 
4 51   163 
4 52   720 
4 53   218 
4 56   787 
4 57   107 
4 58    14 
4 59   713 
4 60    36 
4 61   442 
4 62   963 
4 63   436 
4 64   492 
4 65   468 
4 66   708 
4 67   389 
4 68    86 
4 69   847 
4 70   837 
4 71   698 
4 72   361 
4 73   892 
4 74   925 
4 75    32 
4 76    68 
4 77   821 
4 78   908 
4 79   351 
4 80   579 
4 81   224 
4 82   784 
4 83   149 
4 84   862 
4 85     0 
4 86    18 
4 87   747 
4 88   713 
4 89   952 
4 90   974 
4 91   703 
4 92   509 
4 93   846 
4 94   903 
4 95   252 
4 96    83 
4 97   571 
4 98   165 
4 99   142 
4 100   372 
5 51   351 
5 52   408 
5 53   916 
5 54   324 
5 57   238 
5 58   810 
5 59   753 
5 60   900 
5 61   291 
5 62   928 
5 63   466 
5 64   456 
5 65   876 
5 66    18 
5 67   996 
5 68   539 
5 69   828 
5 70   911 
5 71   953 
5 72    52 
5 73   308 
5 74   749 
5 75   997 
5 76   873 
5 77   654 
5 78   577 
5 79   704 
5 80   185 
5 81   988 
5 82   148 
5 83   371 
5 84   977 
5 85   527 
5 86    31 
5 87   766 
5 88   885 
5 89   730 
5 90   384 
5 91   241 
5 92   870 
5 93   748 
5 94   446 
5 95   742 
5 96   661 
5 97   764 
5 98     4 
5 99   238 
5 100   530 
6 51   185 
6 52   916 
6 53    10 
6 54   256 
6 55   193 
6 58   724 
6 59   851 
6 60   158 
6 61   756 
6 62   999 
6 63   690 
6 64   862 
6 65   322 
6 66   943 
6 67    95 
6 68   455 
6 69   596 
6 70   807 
6 71   754 
6 72   826 
6 73   517 
6 74   495 
6 75   375 
6 76   297 
6 77   105 
6 78   253 
6 79   585 
6 80   898 
6 81   931 
6 82   531 
6 83    51 
6 84   417 
6 85   655 
6 86   967 
6 87   869 
6 88   732 
6 89   110 
6 90   239 
6 91   777 
6 92   867 
6 93   596 
6 94   890 
6 95   319 
6 96     9 
6 97   557 
6 98   763 
6 99   878 
6 100   516 
7 51    50 
7 52    26 
7 53   222 
7 54   316 
7 55   746 
7 56   184 
7 59    61 
7 60   689 
7 61   533 
7 62   414 
7 63   138 
7 64   440 
7 65   156 
7 66   162 
7 67   196 
7 68   355 
7 69   955 
7 70   466 
7 71   103 
7 72   883 
7 73   552 
7 74   527 
7 75   488 
7 76   832 
7 77   918 
7 78   241 
7 79   676 
7 80   439 
7 81   493 
7 82   778 
7 83   468 
7 84   690 
7 85   567 
7 86   232 
7 87   437 
7 88   469 
7 89   388 
7 90   996 
7 91   468 
7 92   532 
7 93   902 
7 94   609 
7 95   733 
7 96   691 
7 97   178 
7 98   950 
7 99   633 
7 100   146 
8 51   923 
8 52    49 
8 53   415 
8 54   731 
8 55   102 
8 56   368 
8 57   844 
8 60   148 
8 61   240 
8 62   190 
8 63   573 
8 64   805 
8 65   159 
8 66   666 
8 67   881 
8 68   860 
8 69   249 
8 70   520 
8 71   599 
8 72   920 
8 73   566 
8 74   277 
8 75   627 
8 76   539 
8 77   383 
8 78   195 
8 79   274 
8 80   197 
8 81   578 
8 82   909 
8 83   703 
8 84   676 
8 85   812 
8 86   731 
8 87   608 
8 88   944 
8 89   506 
8 90   173 
8 91   305 
8 92   996 
8 93   242 
8 94   803 
8 95    68 
8 96   235 
8 97   207 
8 98   725 
8 99   314 
8 100   780 
9 51   161 
9 52   686 
9 53   729 
9 54     3 
9 55   366 
9 56   224 
9 57   939 
9 58   485 
9 61   559 
9 62   568 
9 63   498 
9 64   489 
9 65   693 
9 66   807 
9 67   250 
9 68   209 
9 69   402 
9 70   858 
9 71   405 
9 72   991 
9 73   680 
9 74   980 
9 75   489 
9 76   523 
9 77   591 
9 78   207 
9 79   507 
9 80   514 
9 81   922 
9 82     2 
9 83    95 
9 84   191 
9 85    72 
9 86   743 
9 87   429 
9 88   404 
9 89   659 
9 90   232 
9 91   865 
9 92   670 
9 93   775 
9 94    12 
9 95   474 
9 96   774 
9 97   100 
9 98   996 
9 99   747 
9 100   786 
10 51   261 
10 52    66 
10 53    25 
10 54    43 
10 55    62 
10 56   858 
10 57   288 
10 58   453 
10 59   724 
10 62   225 
10 63   646 
10 64   868 
10 65   912 
10 66   936 
10 67   131 
10 68   923 
10 69   134 
10 70   979 
10 71   186 
10 72   730 
10 73   791 
10 74   748 
10 75   294 
10 76   142 
10 77    70 
10 78   287 
10 79    49 
10 80   632 
10 81   962 
10 82    24 
10 83   152 
10 84   777 
10 85   474 
10 86   980 
10 87   144 
10 88   729 
10 89   996 
10 90   792 
10 91   112 
10 92   422 
10 93   362 
10 94   646 
10 95   678 
10 96   278 
10 97   673 
10 98    13 
10 99   988 
10 100   211 
11 51    36 
11 52   592 
11 53   410 
11 54   379 
11 55   925 
11 56   213 
11 57   840 
11 58   736 
11 59   622 
11 60   407 
11 63   942 
11 64   521 
11 65    92 
11 66   908 
11 67   161 
11 68   366 
11 69   894 
11 70   162 
11 71   821 
11 72   311 
11 73   494 
11 74   276 
11 75   275 
11 76    85 
11 77   527 
11 78   660 
11 79   430 
11 80   759 
11 81   539 
11 82   905 
11 83   509 
11 84   549 
11 85    38 
11 86   119 
11 87   516 
11 88    23 
11 89   197 
11 90   260 
11 91   855 
11 92   315 
11 93   836 
11 94   127 
11 95   613 
11 96   210 
11 97   248 
11 98   763 
11 99   469 
11 100   972 
12 51   569 
12 52   996 
12 53   702 
12 54   975 
12 55   382 
12 56   236 
12 57   125 
12 58   360 
12 59   620 
12 60   129 
12 61   297 
12 64   694 
12 65   503 
12 66   145 
12 67   524 
12 68    66 
12 69   131 
12 70    18 
12 71   621 
12 72   756 
12 73   623 
12 74   208 
12 75   320 
12 76   594 
12 77   926 
12 78   618 
12 79   424 
12 80   648 
12 81   513 
12 82   317 
12 83   440 
12 84   888 
12 85   168 
12 86   552 
12 87   840 
12 88   673 
12 89   188 
12 90   809 
12 91   283 
12 92   850 
12 93   199 
12 94   504 
12 95   564 
12 96   316 
12 97   416 
12 98   762 
12 99   971 
12 100   757 
13 51   882 
13 52   530 
13 53   144 
13 54   219 
13 55   934 
13 56   951 
13 57   625 
13 58   454 
13 59   671 
13 60   503 
13 61    86 
13 62   368 
13 65    81 
13 66   308 
13 67   510 
13 68   612 
13 69   971 
13 70   783 
13 71   508 
13 72   429 
13 73    73 
13 74   736 
13 75   411 
13 76   468 
13 77   208 
13 78   473 
13 79   394 
13 80   414 
13 81   184 
13 82   990 
13 83   102 
13 84   174 
13 85   823 
13 86   526 
13 87   583 
13 88   407 
13 89   892 
13 90   405 
13 91   965 
13 92   261 
13 93   973 
13 94   666 
13 95   300 
13 96   441 
13 97   983 
13 98   444 
13 99    46 
13 100   627 
14 51   935 
14 52   356 
14 53   737 
14 54   471 
14 55   618 
14 56   196 
14 57   470 
14 58   586 
14 59   447 
14 60   159 
14 61   918 
14 62   957 
14 63   715 
14 66    43 
14 67   809 
14 68   893 
14 69   466 
14 70   933 
14 71   876 
14 72   484 
14 73   151 
14 74   546 
14 75   233 
14 76   470 
14 77   440 
14 78   229 
14 79   950 
14 80    95 
14 81   416 
14 82   738 
14 83   263 
14 84   746 
14 85   231 
14 86   451 
14 87   927 
14 88   396 
14 89   744 
14 90   695 
14 91   514 
14 92   399 
14 93   274 
14 94   321 
14 95   710 
14 96   699 
14 97   161 
14 98   735 
14 99    45 
14 100   296 
15 51   733 
15 52   894 
15 53   322 
15 54   243 
15 55   417 
15 56    54 
15 57   235 
15 58   114 
15 59   960 
15 60   595 
15 61   554 
15 62   161 
15 63   843 
15 64   527 
15 67   822 
15 68   370 
15 69   626 
15 70   288 
15 71   439 
15 72   913 
15 73   340 
15 74   853 
15 75   179 
15 76   610 
15 77   532 
15 78   541 
15 79   855 
15 80   199 
15 81   524 
15 82   275 
15 83   286 
15 84    12 
15 85   392 
15 86   470 
15 87   109 
15 88   162 
15 89   905 
15 90   459 
15 91   164 
15 92   693 
15 93   110 
15 94   335 
15 95    86 
15 96   520 
15 97   209 
15 98   617 
15 99    93 
15 100   660 
16 51   470 
16 52   853 
16 53   846 
16 54   488 
16 55   509 
16 56   327 
16 57   744 
16 58    65 
16 59   126 
16 60   332 
16 61   952 
16 62   904 
16 63   317 
16 64   812 
16 65   854 
16 68   915 
16 69   994 
16 70   116 
16 71   436 
16 72   687 
16 73   264 
16 74   313 
16 75   797 
16 76   156 
16 77   307 
16 78   369 
16 79   718 
16 80   475 
16 81   531 
16 82   476 
16 83    38 
16 84   988 
16 85   678 
16 86   484 
16 87    82 
16 88   364 
16 89   650 
16 90    91 
16 91   132 
16 92   270 
16 93   301 
16 94   445 
16 95   419 
16 96   834 
16 97   270 
16 98   137 
16 99   165 
16 100   904 
17 51   521 
17 52   910 
17 53   187 
17 54    35 
17 55   890 
17 56   231 
17 57   453 
17 58   450 
17 59   813 
17 60   296 
17 61   432 
17 62   449 
17 63   402 
17 64     2 
17 65   351 
17 66    27 
17 69   481 
17 70   414 
17 71   548 
17 72   601 
17 73    76 
17 74   234 
17 75    11 
17 76   883 
17 77   221 
17 78   689 
17 79    54 
17 80   529 
17 81   770 
17 82   623 
17 83   957 
17 84    17 
17 85   875 
17 86   152 
17 87   953 
17 88   151 
17 89   882 
17 90   610 
17 91   946 
17 92   275 
17 93   953 
17 94   879 
17 95   865 
17 96   378 
17 97   574 
17 98   355 
17 99   403 
17 100    97 
18 51   857 
18 52   573 
18 53   589 
18 54   520 
18 55   131 
18 56    69 
18 57   523 
18 58   402 
18 59    38 
18 60   991 
18 61    55 
18 62   185 
18 63   474 
18 64   453 
18 65   494 
18 66   797 
18 67   675 
18 70   862 
18 71   824 
18 72    51 
18 73   313 
18 74   401 
18 75   854 
18 76   130 
18 77   565 
18 78    36 
18 79   636 
18 80   971 
18 81   980 
18 82   127 
18 83   317 
18 84   357 
18 85   261 
18 86   455 
18 87   905 
18 88   768 
18 89   593 
18 90   630 
18 91   425 
18 92   965 
18 93   795 
18 94   974 
18 95   150 
18 96   522 
18 97   106 
18 98   660 
18 99   594 
18 100   963 
19 51   800 
19 52   400 
19 53   939 
19 54   301 
19 55   890 
19 56   400 
19 57   512 
19 58   154 
19 59   157 
19 60   294 
19 61   444 
19 62   172 
19 63   376 
19 64   491 
19 65   335 
19 66   645 
19 67   219 
19 68   523 
19 71   281 
19 72   336 
19 73   710 
19 74   167 
19 75   490 
19 76   585 
19 77   660 
19 78   133 
19 79   862 
19 80   911 
19 81   644 
19 82   572 
19 83   409 
19 84   986 
19 85   756 
19 86   423 
19 87   485 
19 88   778 
19 89   855 
19 90   685 
19 91   423 
19 92   240 
19 93   902 
19 94   448 
19 95   899 
19 96   933 
19 97   708 
19 98   822 
19 99   579 
19 100   249 
20 51   380 
20 52   721 
20 53   349 
20 54    65 
20 55   842 
20 56    28 
20 57   335 
20 58   513 
20 59    95 
20 60   904 
20 61   333 
20 62   618 
20 63   642 
20 64   503 
20 65   431 
20 66   129 
20 67   893 
20 68   457 
20 69   761 
20 72   853 
20 73   148 
20 74    91 
20 75   682 
20 76   895 
20 77   415 
20 78   508 
20 79   288 
20 80   644 
20 81   255 
20 82   448 
20 83   506 
20 84    45 
20 85   761 
20 86    27 
20 87   856 
20 88   551 
20 89   122 
20 90   270 
20 91    29 
20 92   361 
20 93    63 
20 94   772 
20 95   155 
20 96   804 
20 97   479 
20 98   641 
20 99   935 
20 100   471 
21 51   985 
21 52   926 
21 53   667 
21 54    44 
21 55   142 
21 56    47 
21 57   594 
21 58    82 
21 59    52 
21 60   299 
21 61   759 
21 62   487 
21 63    95 
21 64   634 
21 65     3 
21 66   576 
21 67    36 
21 68   983 
21 69   137 
21 70    91 
21 73   550 
21 74   614 
21 75   425 
21 76    62 
21 77   796 
21 78    70 
21 79   151 
21 80   886 
21 81   737 
21 82   896 
21 83    58 
21 84   270 
21 85    56 
21 86    31 
21 87   604 
21 88   654 
21 89    44 
21 90   217 
21 91    72 
21 92   221 
21 93   769 
21 94   722 
21 95   728 
21 96   169 
21 97   484 
21 98   120 
21 99    91 
21 100   115 
22 51   971 
22 52   273 
22 53   287 
22 54   993 
22 55   796 
22 56     8 
22 57   699 
22 58   194 
22 59    73 
22 60   692 
22 61   855 
22 62    52 
22 63   388 
22 64   555 
22 65   745 
22 66   354 
22 67   910 
22 68   336 
22 69   330 
22 70   815 
22 71   802 
22 74   546 
22 75   462 
22 76   119 
22 77   771 
22 78   122 
22 79   589 
22 80   830 
22 81    15 
22 82   453 
22 83   969 
22 84   909 
22 85   139 
22 86   192 
22 87   106 
22 88   859 
22 89   309 
22 90   187 
22 91   854 
22 92    36 
22 93   826 
22 94   456 
22 95   511 
22 96   954 
22 97   354 
22 98   841 
22 99   375 
22 100   191 
23 51   542 
23 52   696 
23 53   448 
23 54   256 
23 55   236 
23 56   691 
23 57   523 
23 58   386 
23 59   640 
23 60   262 
23 61   293 
23 62   525 
23 63   470 
23 64   453 
23 65   382 
23 66   497 
23 67   434 
23 68   533 
23 69   865 
23 70   293 
23 71   782 
23 72   608 
23 75   154 
23 76   210 
23 77   789 
23 78   967 
23 79   482 
23 80   613 
23 81    53 
23 82   947 
23 83   372 
23 84   228 
23 85   378 
23 86   610 
23 87   922 
23 88   310 
23 89   138 
23 90   756 
23 91   649 
23 92   522 
23 93   645 
23 94   780 
23 95   830 
23 96   602 
23 97   996 
23 98   107 
23 99   505 
23 100   639 
24 51   218 
24 52    96 
24 53   596 
24 54   571 
24 55   623 
24 56    36 
24 57   805 
24 58   884 
24 59   290 
24 60   833 
24 61   940 
24 62    38 
24 63   271 
24 64   766 
24 65    74 
24 66   282 
24 67   275 
24 68   248 
24 69    90 
24 70   267 
24 71   775 
24 72   944 
24 73    89 
24 76    96 
24 77    49 
24 78   889 
24 79   335 
24 80   959 
24 81   537 
24 82   450 
24 83   221 
24 84   689 
24 85   281 
24 86   566 
24 87   961 
24 88   217 
24 89    23 
24 90    26 
24 91   459 
24 92   305 
24 93   294 
24 94   499 
24 95   598 
24 96   729 
24 97   987 
24 98   891 
24 99   563 
24 100   880 
25 51   166 
25 52   115 
25 53   873 
25 54   174 
25 55    14 
25 56   449 
25 57   940 
25 58   342 
25 59   249 
25 60   470 
25 61   634 
25 62   457 
25 63   973 
25 64   936 
25 65   634 
25 66   397 
25 67   193 
25 68   628 
25 69   304 
25 70   814 
25 71   615 
25 72   552 
25 73   434 
25 74    60 
25 77   506 
25 78   825 
25 79   197 
25 80   282 
25 81   124 
25 82   890 
25 83   139 
25 84   210 
25 85   739 
25 86   438 
25 87   826 
25 88   186 
25 89   148 
25 90   690 
25 91   643 
25 92    87 
25 93   310 
25 94   909 
25 95   312 
25 96   904 
25 97   222 
25 98   663 
25 99   846 
25 100   172 
26 51   794 
26 52   791 
26 53   818 
26 54   310 
26 55   223 
26 56   823 
26 57    85 
26 58    88 
26 59   467 
26 60   631 
26 61   196 
26 62   801 
26 63   333 
26 64    75 
26 65   494 
26 66   578 
26 67   773 
26 68   760 
26 69    56 
26 70   600 
26 71    32 
26 72    68 
26 73   732 
26 74   947 
26 75   115 
26 78   755 
26 79   182 
26 80   461 
26 81   104 
26 82   516 
26 83   553 
26 84   785 
26 85   189 
26 86   588 
26 87   467 
26 88    45 
26 89   537 
26 90   801 
26 91   890 
26 92   754 
26 93   459 
26 94   659 
26 95   963 
26 96   332 
26 97   244 
26 98   116 
26 99   306 
26 100   551 
27 51   736 
27 52   744 
27 53   731 
27 54   645 
27 55   294 
27 56   798 
27 57   680 
27 58   382 
27 59   668 
27 60   608 
27 61   189 
27 62    46 
27 63   678 
27 64   880 
27 65   387 
27 66   674 
27 67   757 
27 68   192 
27 69   410 
27 70   394 
27 71   363 
27 72    23 
27 73   612 
27 74   262 
27 75   938 
27 76   677 
27 79   816 
27 80   713 
27 81   283 
27 82   407 
27 83   266 
27 84   179 
27 85    36 
27 86   878 
27 87   590 
27 88   140 
27 89   453 
27 90   930 
27 91   260 
27 92   129 
27 93   670 
27 94   365 
27 95   211 
27 96   835 
27 97   462 
27 98   637 
27 99   604 
27 100   689 
28 51   922 
28 52   409 
28 53   285 
28 54   977 
28 55   658 
28 56   388 
28 57   774 
28 58   659 
28 59   165 
28 60   906 
28 61   313 
28 62   954 
28 63   801 
28 64   972 
28 65   398 
28 66   416 
28 67   769 
28 68   271 
28 69   467 
28 70   654 
28 71   473 
28 72   952 
28 73   563 
28 74   266 
28 75   523 
28 76   897 
28 77   832 
28 80   185 
28 81   718 
28 82   579 
28 83   706 
28 84    82 
28 85   337 
28 86   988 
28 87   954 
28 88   966 
28 89   270 
28 90   703 
28 91   153 
28 92   273 
28 93   620 
28 94   969 
28 95   630 
28 96   934 
28 97   539 
28 98   666 
28 99   307 
28 100   601 
29 51   565 
29 52   181 
29 53   451 
29 54   983 
29 55   691 
29 56   156 
29 57   324 
29 58   317 
29 59   275 
29 60   479 
29 61    67 
29 62    32 
29 63   883 
29 64    23 
29 65   945 
29 66   999 
29 67   912 
29 68   822 
29 69   998 
29 70   183 
29 71   431 
29 72   530 
29 73   349 
29 74    13 
29 75   979 
29 76   873 
29 77   629 
29 78   802 
29 81    10 
29 82   685 
29 83   805 
29 84    67 
29 85   504 
29 86   372 
29 87   196 
29 88   908 
29 89    90 
29 90   732 
29 91   288 
29 92   335 
29 93   443 
29 94   577 
29 95   484 
29 96    22 
29 97   981 
29 98   746 
29 99   249 
29 100   199 
30 51   285 
30 52   539 
30 53   912 
30 54   988 
30 55   434 
30 56   715 
30 57   580 
30 58   507 
30 59   464 
30 60   240 
30 61   395 
30 62    44 
30 63   686 
30 64   428 
30 65   350 
30 66   554 
30 67   877 
30 68   579 
30 69   130 
30 70   511 
30 71   348 
30 72   536 
30 73    66 
30 74   370 
30 75   521 
30 76   251 
30 77   145 
30 78    58 
30 79    98 
30 82   852 
30 83   693 
30 84   172 
30 85    11 
30 86   882 
30 87   613 
30 88    59 
30 89   618 
30 90   697 
30 91   239 
30 92   511 
30 93   638 
30 94   397 
30 95   107 
30 96    17 
30 97   256 
30 98   530 
30 99   989 
30 100   598 
31 51   448 
31 52    79 
31 53   359 
31 54    96 
31 55   318 
31 56   661 
31 57   181 
31 58   558 
31 59   810 
31 60   455 
31 61   483 
31 62   992 
31 63   467 
31 64   521 
31 65   827 
31 66    35 
31 67   382 
31 68   630 
31 69   680 
31 70   507 
31 71   366 
31 72   287 
31 73   752 
31 74   629 
31 75   193 
31 76   343 
31 77   925 
31 78   704 
31 79   768 
31 80   764 
31 83     7 
31 84   704 
31 85   837 
31 86     3 
31 87    23 
31 88   486 
31 89   696 
31 90   251 
31 91    64 
31 92   754 
31 93   667 
31 94   178 
31 95   760 
31 96   926 
31 97    52 
31 98   670 
31 99   991 
31 100   910 
32 51   896 
32 52   279 
32 53   226 
32 54   494 
32 55   997 
32 56   354 
32 57   934 
32 58   821 
32 59   137 
32 60   659 
32 61   298 
32 62   651 
32 63   763 
32 64   488 
32 65   736 
32 66   262 
32 67   591 
32 68   674 
32 69   396 
32 70   283 
32 71   998 
32 72   650 
32 73   544 
32 74   201 
32 75   313 
32 76   837 
32 77    56 
32 78   328 
32 79   888 
32 80   382 
32 81   456 
32 84   850 
32 85   304 
32 86   424 
32 87   944 
32 88   243 
32 89    70 
32 90   325 
32 91   627 
32 92   130 
32 93    60 
32 94   280 
32 95   479 
32 96   331 
32 97   756 
32 98   877 
32 99   577 
32 100   862 
33 51   288 
33 52    28 
33 53   260 
33 54   262 
33 55   432 
33 56    27 
33 57    68 
33 58   122 
33 59   223 
33 60   922 
33 61   252 
33 62   331 
33 63   432 
33 64   347 
33 65   406 
33 66   508 
33 67   676 
33 68   776 
33 69   223 
33 70   508 
33 71   908 
33 72   198 
33 73   573 
33 74   249 
33 75     2 
33 76   863 
33 77   920 
33 78   536 
33 79   514 
33 80   884 
33 81   189 
33 82   803 
33 85   377 
33 86   526 
33 87   122 
33 88   977 
33 89   573 
33 90   391 
33 91   441 
33 92   816 
33 93   621 
33 94    37 
33 95   768 
33 96   940 
33 97   393 
33 98    20 
33 99   564 
33 100   941 
34 51   810 
34 52   158 
34 53    30 
34 54   133 
34 55   249 
34 56   820 
34 57   318 
34 58   836 
34 59   662 
34 60   950 
34 61   919 
34 62   351 
34 63   449 
34 64    76 
34 65    77 
34 66   181 
34 67   927 
34 68   143 
34 69   338 
34 70   442 
34 71   603 
34 72   837 
34 73    10 
34 74    87 
34 75   941 
34 76   970 
34 77   931 
34 78   812 
34 79   197 
34 80   200 
34 81   809 
34 82   159 
34 83   936 
34 86   957 
34 87   489 
34 88   926 
34 89   825 
34 90   288 
34 91   477 
34 92   447 
34 93   959 
34 94   508 
34 95    74 
34 96   750 
34 97   699 
34 98   615 
34 99   927 
34 100   154 
35 51     3 
35 52   233 
35 53   527 
35 54   910 
35 55   397 
35 56   609 
35 57   242 
35 58   356 
35 59   264 
35 60   950 
35 61   778 
35 62   329 
35 63   772 
35 64   507 
35 65    21 
35 66   930 
35 67   220 
35 68   812 
35 69   106 
35 70    84 
35 71   230 
35 72    19 
35 73   722 
35 74   142 
35 75   910 
35 76   494 
35 77   595 
35 78   463 
35 79   685 
35 80   797 
35 81   217 
35 82    36 
35 83   597 
35 84   429 
35 87   279 
35 88   278 
35 89   805 
35 90   160 
35 91   376 
35 92   467 
35 93   332 
35 94   187 
35 95   116 
35 96   900 
35 97   534 
35 98   387 
35 99   478 
35 100   791 
36 51   102 
36 52   387 
36 53   449 
36 54   215 
36 55   906 
36 56   517 
36 57   391 
36 58   814 
36 59   796 
36 60     5 
36 61   660 
36 62   886 
36 63   815 
36 64   559 
36 65   459 
36 66   235 
36 67   423 
36 68   320 
36 69   562 
36 70   448 
36 71   931 
36 72     8 
36 73   725 
36 74   145 
36 75    14 
36 76   145 
36 77   241 
36 78   546 
36 79   339 
36 80   934 
36 81   668 
36 82   364 
36 83   396 
36 84    12 
36 85     2 
36 88   104 
36 89   260 
36 90   207 
36 91   280 
36 92   435 
36 93   936 
36 94   185 
36 95   319 
36 96     6 
36 97   764 
36 98   955 
36 99   754 
36 100   567 
37 51   792 
37 52   151 
37 53   117 
37 54   504 
37 55    42 
37 56   648 
37 57   210 
37 58   985 
37 59   568 
37 60   903 
37 61   143 
37 62   356 
37 63   422 
37 64   265 
37 65   775 
37 66   610 
37 67   324 
37 68   997 
37 69     2 
37 70   726 
37 71   383 
37 72   515 
37 73   347 
37 74   988 
37 75   892 
37 76    46 
37 77   226 
37 78    97 
37 79   356 
37 80   733 
37 81   916 
37 82   415 
37 83   421 
37 84   309 
37 85   232 
37 86   206 
37 89   220 
37 90   862 
37 91   524 
37 92   770 
37 93   663 
37 94   253 
37 95   591 
37 96   341 
37 97   169 
37 98   270 
37 99   823 
37 100   950 
38 51   221 
38 52   188 
38 53   417 
38 54   360 
38 55    38 
38 56   918 
38 57   987 
38 58     4 
38 59    13 
38 60   344 
38 61   708 
38 62   829 
38 63   419 
38 64   296 
38 65   498 
38 66   716 
38 67   316 
38 68   436 
38 69   925 
38 70   674 
38 71   271 
38 72   547 
38 73   557 
38 74   789 
38 75   736 
38 76   636 
38 77   552 
38 78   323 
38 79   634 
38 80   307 
38 81   471 
38 82   201 
38 83   179 
38 84   662 
38 85   865 
38 86   691 
38 87   883 
38 90    64 
38 91    36 
38 92   782 
38 93   434 
38 94    80 
38 95   845 
38 96   366 
38 97   963 
38 98   943 
38 99   226 
38 100   519 
39 51   171 
39 52   112 
39 53   244 
39 54    97 
39 55   750 
39 56   783 
39 57   386 
39 58   951 
39 59   218 
39 60   798 
39 61   634 
39 62   137 
39 63   383 
39 64   544 
39 65   143 
39 66   900 
39 67   457 
39 68   461 
39 69   889 
39 70   577 
39 71   591 
39 72   489 
39 73   225 
39 74    12 
39 75   944 
39 76   465 
39 77   403 
39 78   581 
39 79   155 
39 80   138 
39 81   275 
39 82   795 
39 83   835 
39 84   932 
39 85   189 
39 86   680 
39 87   861 
39 88   856 
39 91   995 
39 92   574 
39 93   265 
39 94   757 
39 95   807 
39 96   379 
39 97   182 
39 98   947 
39 99   905 
39 100   422 
40 51   944 
40 52   547 
40 53   821 
40 54   115 
40 55   125 
40 56   161 
40 57   349 
40 58   847 
40 59   495 
40 60   512 
40 61   334 
40 62   633 
40 63   593 
40 64   307 
40 65    98 
40 66   620 
40 67   482 
40 68   289 
40 69   518 
40 70   592 
40 71   634 
40 72   430 
40 73   258 
40 74   108 
40 75   609 
40 76   941 
40 77   256 
40 78   549 
40 79   258 
40 80   763 
40 81   903 
40 82   307 
40 83    77 
40 84   979 
40 85   209 
40 86   526 
40 87   593 
40 88   235 
40 89   611 
40 92   812 
40 93    37 
40 94   210 
40 95   885 
40 96   542 
40 97   138 
40 98    65 
40 99   702 
40 100   508 
41 51   879 
41 52   331 
41 53   709 
41 54   420 
41 55    12 
41 56   959 
41 57   659 
41 58    18 
41 59   731 
41 60   135 
41 61   843 
41 62   957 
41 63   421 
41 64   653 
41 65   199 
41 66   451 
41 67   694 
41 68   434 
41 69   325 
41 70   239 
41 71   241 
41 72   408 
41 73   971 
41 74    76 
41 75   448 
41 76   421 
41 77   957 
41 78    11 
41 79   976 
41 80   148 
41 81   371 
41 82   862 
41 83   696 
41 84   324 
41 85   831 
41 86   458 
41 87   563 
41 88   893 
41 89   389 
41 90   952 
41 93   345 
41 94   790 
41 95   947 
41 96   709 
41 97   380 
41 98   481 
41 99   386 
41 100   127 
42 51   608 
42 52   452 
42 53    14 
42 54   597 
42 55   278 
42 56   330 
42 57   672 
42 58   145 
42 59   655 
42 60   559 
42 61   874 
42 62   283 
42 63   671 
42 64   697 
42 65   658 
42 66   900 
42 67   200 
42 68   617 
42 69   754 
42 70   520 
42 71   662 
42 72   647 
42 73   679 
42 74   627 
42 75   894 
42 76   694 
42 77   290 
42 78   162 
42 79   857 
42 80   537 
42 81    24 
42 82   341 
42 83   502 
42 84    16 
42 85    46 
42 86   542 
42 87   956 
42 88   234 
42 89   217 
42 90   279 
42 91   221 
42 94   742 
42 95   847 
42 96   192 
42 97   993 
42 98   732 
42 99   568 
42 100   458 
43 51   370 
43 52   244 
43 53   165 
43 54   984 
43 55   647 
43 56   925 
43 57   509 
43 58   180 
43 59   134 
43 60   926 
43 61   579 
43 62   714 
43 63   426 
43 64    97 
43 65   413 
43 66   476 
43 67    48 
43 68   789 
43 69   290 
43 70   931 
43 71    55 
43 72   677 
43 73   407 
43 74   310 
43 75   453 
43 76   473 
43 77    27 
43 78   221 
43 79   783 
43 80   875 
43 81   835 
43 82   668 
43 83   510 
43 84   328 
43 85   260 
43 86   312 
43 87   642 
43 88   534 
43 89   825 
43 90   307 
43 91    86 
43 92   615 
43 95   788 
43 96   369 
43 97   750 
43 98   562 
43 99   320 
43 100   308 
44 51   769 
44 52   390 
44 53   714 
44 54   520 
44 55   370 
44 56   655 
44 57   642 
44 58    73 
44 59   357 
44 60   377 
44 61   233 
44 62   567 
44 63    34 
44 64   758 
44 65    46 
44 66   540 
44 67   386 
44 68   279 
44 69   901 
44 70   739 
44 71   162 
44 72   411 
44 73   767 
44 74   690 
44 75   577 
44 76   833 
44 77   915 
44 78   336 
44 79   762 
44 80   209 
44 81   821 
44 82   195 
44 83   890 
44 84   401 
44 85   179 
44 86   150 
44 87   758 
44 88   627 
44 89   533 
44 90   299 
44 91   986 
44 92   674 
44 93   540 
44 96   581 
44 97   709 
44 98   955 
44 99   971 
44 100   410 
45 51   359 
45 52   354 
45 53   483 
45 54   640 
45 55   180 
45 56   168 
45 57    65 
45 58   349 
45 59   935 
45 60   650 
45 61    86 
45 62   304 
45 63   779 
45 64   142 
45 65   640 
45 66   553 
45 67   468 
45 68   598 
45 69   642 
45 70   773 
45 71   921 
45 72   288 
45 73   349 
45 74   479 
45 75     7 
45 76   545 
45 77   449 
45 78     2 
45 79   397 
45 80   591 
45 81   537 
45 82   588 
45 83   992 
45 84   387 
45 85   993 
45 86   582 
45 87   461 
45 88   839 
45 89   832 
45 90   404 
45 91   750 
45 92   150 
45 93   361 
45 94   311 
45 97   158 
45 98   155 
45 99   552 
45 100   642 
46 51   173 
46 52   941 
46 53   864 
46 54   190 
46 55   843 
46 56   665 
46 57    52 
46 58   680 
46 59   911 
46 60   486 
46 61   352 
46 62   606 
46 63   405 
46 64   981 
46 65   273 
46 66   194 
46 67   578 
46 68    58 
46 69    15 
46 70   731 
46 71   484 
46 72   525 
46 73    81 
46 74   680 
46 75   798 
46 76   386 
46 77   954 
46 78   328 
46 79     8 
46 80    75 
46 81    78 
46 82   590 
46 83   240 
46 84   400 
46 85   985 
46 86   548 
46 87   512 
46 88   117 
46 89    80 
46 90   408 
46 91   492 
46 92   909 
46 93   306 
46 94   283 
46 95   573 
46 98   528 
46 99   568 
46 100   205 
47 51   820 
47 52   647 
47 53   696 
47 54   815 
47 55   480 
47 56   877 
47 57    68 
47 58   309 
47 59   967 
47 60   671 
47 61   683 
47 62   799 
47 63   563 
47 64   822 
47 65    57 
47 66   905 
47 67   305 
47 68   457 
47 69   381 
47 70   303 
47 71   664 
47 72   125 
47 73   408 
47 74   888 
47 75    33 
47 76   358 
47 77   264 
47 78   504 
47 79   613 
47 80   932 
47 81   982 
47 82   344 
47 83   933 
47 84   629 
47 85    32 
47 86   723 
47 87   380 
47 88   836 
47 89   172 
47 90   842 
47 91    42 
47 92   542 
47 93   188 
47 94   325 
47 95   935 
47 96   223 
47 99   687 
47 100   683 
48 51   805 
48 52   602 
48 53   984 
48 54   814 
48 55   616 
48 56   525 
48 57    91 
48 58   609 
48 59   419 
48 60   939 
48 61   731 
48 62   414 
48 63   598 
48 64   519 
48 65   323 
48 66   732 
48 67   470 
48 68   581 
48 69   864 
48 70   476 
48 71   432 
48 72     8 
48 73   468 
48 74   917 
48 75   271 
48 76   859 
48 77   472 
48 78   959 
48 79   405 
48 80   568 
48 81    72 
48 82   762 
48 83   897 
48 84     7 
48 85   422 
48 86    98 
48 87   666 
48 88   644 
48 89   761 
48 90   631 
48 91   834 
48 92   456 
48 93   177 
48 94   444 
48 95     8 
48 96   185 
48 97   582 
48 100   449 
49 51   303 
49 52   899 
49 53   127 
49 54   780 
49 55   793 
49 56   633 
49 57   333 
49 58   795 
49 59   185 
49 60   512 
49 61   326 
49 62   762 
49 63    16 
49 64   397 
49 65   548 
49 66   331 
49 67   325 
49 68   615 
49 69   719 
49 70   562 
49 71   966 
49 72   804 
49 73   388 
49 74   436 
49 75   718 
49 76   764 
49 77   868 
49 78   899 
49 79   593 
49 80   516 
49 81   851 
49 82   385 
49 83     2 
49 84   606 
49 85   452 
49 86   965 
49 87   589 
49 88   343 
49 89   184 
49 90   543 
49 91   805 
49 92   617 
49 93   684 
49 94   257 
49 95   435 
49 96   568 
49 97   503 
49 98   862 
50 51   706 
50 52   694 
50 53   293 
50 54   101 
50 55   260 
50 56   840 
50 57   818 
50 58   102 
50 59    31 
50 60   678 
50 61   256 
50 62   824 
50 63   439 
50 64   420 
50 65   785 
50 66    15 
50 67   175 
50 68    13 
50 69   216 
50 70   615 
50 71   796 
50 72   302 
50 73   181 
50 74   747 
50 75   595 
50 76     4 
50 77    94 
50 78   451 
50 79   342 
50 80   576 
50 81   276 
50 82   550 
50 83   166 
50 84   568 
50 85   968 
50 86   187 
50 87   399 
50 88   108 
50 89   548 
50 90   377 
50 91   716 
50 92    21 
50 93   834 
50 94   830 
50 95    43 
50 96   813 
50 97   514 
50 98   148 
50 99   207 
0 
0 
0 
0 
0 
0 
0 
0 
0 
0 
0 
0 
0 
0 
0 
0 
0 
0 
0 
0 
0 
0 
0 
0 
0 
0 
0 
0 
0 
0 
0 
0 
0 
0 
0 
0 
0 
0 
0 
0 
0 
0 
0 
0 
0 
0 
0 
0 
0 
0 
0 
0 
0 
0 
0 
0 
0 
0 
0 
0 
0 
0 
0 
0 
0 
0 
0 
0 
0 
0 
0 
0 
0 
0 
0 
0 
0 
0 
0 
0 
0 
0 
0 
0 
0 
0 
0 
0 
0 
0 
0 
0 
0 
0 
0 
0 
0 
0 
0 
0 
  898   775 
  623   403 
  490   916 
  734   413 
  962   115 
  984    91 
  371   152 
  273   458 
  855   590 
   64    85 
  622    85 
  150   570 
  189   358 
  638   164 
  990   955 
  714   328 
   92   929 
  742   396 
  622    39 
  280   207 
  876   139 
  238   429 
  650   812 
  401   799 
  377   864 
  504   574 
  511   532 
   75   529 
  978    90 
  996   512 
  177   633 
  475   281 
  794   149 
  800   230 
  432   845 
  659   451 
  171    52 
  876   627 
  738   589 
  845   307 
   41   312 
  278   211 
  537   363 
  113    63 
  775   430 
  874   313 
  179    42 
  425   917 
  218   749 
  967   578 
  213    87 
  948   275 
  825   967 
  326   876 
  618    49 
  352   282 
  579   957 
  576   464 
  956   406 
  695   310 
  779   953 
  291   166 
  833   383 
  914   722 
   51   870 
  901   643 
  307   237 
  425   726 
  775   690 
  693   328 
   76   869 
  897   688 
  775   832 
  931   505 
  816   211 
  960   539 
  689   931 
  158   884 
  894   253 
  531   915 
   29   365 
   91   870 
  874   182 
  946    32 
  585   319 
  688   834 
  597   987 
  604   248 
  671   718 
  537   714 
   31   561 
  850   655 
  282   994 
  932   145 
  165   631 
   18   109 
  592   889 
  964    16 
    4   115 
  894   941 
100 4950 
1 2   416 
2 3    46 
3 4   374 
4 5    76 
5 6   878 
6 7   986 
7 8    17 
8 9   478 
9 10   905 
10 11   631 
11 12   648 
12 13   959 
13 14   132 
14 15   498 
15 16   827 
16 17   861 
17 18   599 
18 19   288 
19 20    24 
20 21   241 
21 22   740 
22 23   640 
23 24   756 
24 25   503 
25 26   822 
26 27    55 
27 28    75 
28 29   531 
29 30   685 
30 31   103 
31 32   326 
32 33   941 
33 34   413 
34 35   509 
35 36   683 
36 37   729 
37 38    32 
38 39   459 
39 40   838 
40 41   387 
41 42   314 
42 43   849 
43 44   626 
44 45   397 
45 46   239 
46 47   302 
47 48    75 
48 49   550 
49 50   861 
50 51   629 
51 52   429 
52 53   669 
53 54   375 
54 55   231 
55 56   403 
56 57   904 
57 58   587 
58 59   927 
59 60   736 
60 61   811 
61 62   382 
62 63   204 
63 64    54 
64 65   377 
65 66   221 
66 67   177 
67 68   527 
68 69   260 
69 70   335 
70 71    97 
71 72   133 
72 73   546 
73 74   171 
74 75   697 
75 76   957 
76 77   515 
77 78   465 
78 79   405 
79 80   361 
80 81   731 
81 82   972 
82 83   955 
83 84   780 
84 85   533 
85 86   575 
86 87   135 
87 88   448 
88 89   779 
89 90   210 
90 91   642 
91 92   469 
92 93    21 
93 94   530 
94 95    70 
95 96   563 
96 97    27 
97 98   839 
98 99   363 
99 100   127 
1 3    45 
1 4   853 
1 5   104 
1 6   569 
1 7   654 
1 8   122 
1 9    81 
1 10   342 
1 11   364 
1 12   179 
1 13   833 
1 14   606 
1 15   232 
1 16   468 
1 17    69 
1 18   523 
1 19   550 
1 20   682 
1 21   889 
1 22   222 
1 23   243 
1 24   919 
1 25   493 
1 26   207 
1 27   245 
1 28   917 
1 29   256 
1 30    77 
1 31   959 
1 32    13 
1 33   908 
1 34   740 
1 35    63 
1 36   671 
1 37    73 
1 38   516 
1 39   735 
1 40   573 
1 41   691 
1 42   884 
1 43   173 
1 44   869 
1 45   277 
1 46   246 
1 47   568 
1 48   525 
1 49   808 
1 50   873 
1 51   966 
1 52   986 
1 53   783 
1 54   294 
1 55   572 
1 56     3 
1 57   327 
1 58   438 
1 59   559 
1 60   383 
1 61   962 
1 62   230 
1 63   798 
1 64   628 
1 65   447 
1 66   986 
1 67    70 
1 68   638 
1 69   389 
1 70   791 
1 71   211 
1 72   965 
1 73   320 
1 74   243 
1 75   990 
1 76   546 
1 77   795 
1 78   788 
1 79    48 
1 80    35 
1 81   692 
1 82   841 
1 83   870 
1 84   540 
1 85    24 
1 86   620 
1 87   457 
1 88   752 
1 89   231 
1 90   292 
1 91    11 
1 92   196 
1 93   809 
1 94   449 
1 95   782 
1 96   902 
1 97   890 
1 98   364 
1 99   466 
1 100   953 
2 4   506 
2 5   109 
2 6   103 
2 7   120 
2 8   342 
2 9   841 
2 10    12 
2 11   453 
2 12   683 
2 13   967 
2 14   798 
2 15   819 
2 16   903 
2 17    42 
2 18    57 
2 19   330 
2 20   232 
2 21   275 
2 22   588 
2 23   655 
2 24   360 
2 25   870 
2 26   433 
2 27   570 
2 28   794 
2 29   939 
2 30   858 
2 31   328 
2 32   734 
2 33   389 
2 34   460 
2 35   450 
2 36   693 
2 37   310 
2 38   141 
2 39   439 
2 40   902 
2 41   436 
2 42   745 
2 43   695 
2 44   621 
2 45   588 
2 46   321 
2 47   451 
2 48   514 
2 49    18 
2 50   489 
2 51    98 
2 52   827 
2 53   846 
2 54   559 
2 55   611 
2 56   417 
2 57   398 
2 58   646 
2 59   918 
2 60   732 
2 61   888 
2 62   892 
2 63   314 
2 64    43 
2 65   597 
2 66   503 
2 67    54 
2 68   654 
2 69   789 
2 70   516 
2 71   363 
2 72   888 
2 73   297 
2 74   452 
2 75    72 
2 76   330 
2 77   108 
2 78   595 
2 79   108 
2 80   336 
2 81   960 
2 82   988 
2 83   308 
2 84   698 
2 85   562 
2 86   699 
2 87   457 
2 88   765 
2 89   645 
2 90   708 
2 91   132 
2 92    32 
2 93   415 
2 94   133 
2 95    28 
2 96   351 
2 97   376 
2 98   464 
2 99   316 
2 100   580 
3 5   535 
3 6   483 
3 7   465 
3 8   834 
3 9   332 
3 10   226 
3 11   285 
3 12   691 
3 13   489 
3 14   358 
3 15   591 
3 16   893 
3 17   375 
3 18   328 
3 19   144 
3 20   634 
3 21   499 
3 22   715 
3 23   608 
3 24   935 
3 25   224 
3 26   748 
3 27    52 
3 28   604 
3 29   996 
3 30   151 
3 31   616 
3 32   383 
3 33   520 
3 34   374 
3 35   921 
3 36   847 
3 37   357 
3 38   841 
3 39   387 
3 40   228 
3 41   929 
3 42   997 
3 43    91 
3 44   971 
3 45    20 
3 46   527 
3 47   170 
3 48   352 
3 49   852 
3 50   977 
3 51   414 
3 52   760 
3 53   442 
3 54   404 
3 55   496 
3 56   220 
3 57   103 
3 58   586 
3 59    30 
3 60   832 
3 61   395 
3 62    65 
3 63   304 
3 64   297 
3 65    12 
3 66   151 
3 67   958 
3 68   722 
3 69   186 
3 70    43 
3 71   643 
3 72   261 
3 73   980 
3 74   478 
3 75   946 
3 76   754 
3 77   585 
3 78   499 
3 79   167 
3 80   172 
3 81    61 
3 82   875 
3 83   493 
3 84   196 
3 85    16 
3 86   257 
3 87   998 
3 88   927 
3 89   697 
3 90   864 
3 91   211 
3 92   556 
3 93   674 
3 94   848 
3 95   949 
3 96   123 
3 97   886 
3 98   150 
3 99   438 
3 100   318 
4 6   648 
4 7   973 
4 8   916 
4 9   602 
4 10    86 
4 11   665 
4 12   763 
4 13   466 
4 14   156 
4 15   162 
4 16   239 
4 17   352 
4 18   540 
4 19   154 
4 20   754 
4 21   571 
4 22    22 
4 23   771 
4 24   312 
4 25   695 
4 26   698 
4 27    42 
4 28   985 
4 29   812 
4 30   914 
4 31   904 
4 32   353 
4 33   784 
4 34   492 
4 35    42 
4 36   348 
4 37   291 
4 38   597 
4 39   782 
4 40   418 
4 41   865 
4 42   130 
4 43   113 
4 44   758 
4 45   760 
4 46   497 
4 47   275 
4 48    22 
4 49   575 
4 50   984 
4 51   824 
4 52   707 
4 53   111 
4 54    58 
4 55   452 
4 56   565 
4 57   892 
4 58   964 
4 59   626 
4 60   218 
4 61   479 
4 62   168 
4 63   933 
4 64    32 
4 65   791 
4 66   502 
4 67   669 
4 68   751 
4 69   120 
4 70    51 
4 71   163 
4 72   617 
4 73   326 
4 74   647 
4 75   282 
4 76   344 
4 77   876 
4 78   106 
4 79   426 
4 80   442 
4 81   997 
4 82   618 
4 83   704 
4 84   636 
4 85   516 
4 86   143 
4 87   413 
4 88   154 
4 89   911 
4 90   912 
4 91   630 
4 92   825 
4 93   789 
4 94   456 
4 95   412 
4 96   890 
4 97    82 
4 98   584 
4 99   925 
4 100   860 
5 7   665 
5 8    99 
5 9   873 
5 10   259 
5 11   122 
5 12   943 
5 13   256 
5 14   913 
5 15   248 
5 16   780 
5 17   532 
5 18   422 
5 19   298 
5 20   977 
5 21   892 
5 22    72 
5 23   666 
5 24   539 
5 25   617 
5 26   880 
5 27   391 
5 28   482 
5 29    64 
5 30   797 
5 31   180 
5 32   268 
5 33    26 
5 34   784 
5 35   678 
5 36   619 
5 37   298 
5 38   583 
5 39   756 
5 40   967 
5 41   619 
5 42    77 
5 43   345 
5 44   779 
5 45    61 
5 46   767 
5 47   192 
5 48   898 
5 49    40 
5 50   116 
5 51   111 
5 52   473 
5 53   285 
5 54   571 
5 55   837 
5 56   437 
5 57   408 
5 58   355 
5 59   145 
5 60   618 
5 61   490 
5 62   374 
5 63   774 
5 64   774 
5 65   696 
5 66   521 
5 67   144 
5 68     1 
5 69   629 
5 70   940 
5 71   989 
5 72   735 
5 73   686 
5 74   253 
5 75   408 
5 76   970 
5 77   461 
5 78   814 
5 79   238 
5 80   917 
5 81   316 
5 82   497 
5 83   151 
5 84   126 
5 85   383 
5 86   270 
5 87   573 
5 88   852 
5 89   886 
5 90   682 
5 91   260 
5 92   170 
5 93   217 
5 94   761 
5 95   518 
5 96   655 
5 97   655 
5 98   544 
5 99   647 
5 100   488 
6 8   569 
6 9    83 
6 10   986 
6 11   832 
6 12    36 
6 13   358 
6 14   212 
6 15    47 
6 16   825 
6 17   604 
6 18   859 
6 19   609 
6 20   930 
6 21   960 
6 22    36 
6 23   227 
6 24   923 
6 25   636 
6 26   677 
6 27   653 
6 28   424 
6 29   852 
6 30   222 
6 31   956 
6 32   276 
6 33   884 
6 34   135 
6 35   384 
6 36   747 
6 37   780 
6 38   265 
6 39   518 
6 40   826 
6 41   483 
6 42   841 
6 43   623 
6 44    32 
6 45   624 
6 46    17 
6 47   628 
6 48   159 
6 49    54 
6 50   200 
6 51   496 
6 52   443 
6 53   522 
6 54    12 
6 55   661 
6 56   197 
6 57   458 
6 58   682 
6 59    38 
6 60    14 
6 61   277 
6 62   377 
6 63   726 
6 64    88 
6 65   703 
6 66   824 
6 67    32 
6 68   757 
6 69   405 
6 70   733 
6 71   843 
6 72   886 
6 73   183 
6 74   960 
6 75    96 
6 76   837 
6 77   342 
6 78   640 
6 79   374 
6 80   583 
6 81    19 
6 82   862 
6 83   696 
6 84   357 
6 85   107 
6 86   387 
6 87   972 
6 88   225 
6 89   286 
6 90   605 
6 91    37 
6 92    90 
6 93   127 
6 94   402 
6 95   979 
6 96   434 
6 97   156 
6 98    73 
6 99   500 
6 100   149 
7 9   203 
7 10   679 
7 11   817 
7 12   924 
7 13   898 
7 14   900 
7 15    44 
7 16   214 
7 17    32 
7 18    56 
7 19   461 
7 20   923 
7 21   927 
7 22   946 
7 23   849 
7 24   308 
7 25   880 
7 26   630 
7 27   667 
7 28   423 
7 29   732 
7 30   390 
7 31   528 
7 32    84 
7 33   701 
7 34   842 
7 35   854 
7 36   692 
7 37    10 
7 38   427 
7 39   487 
7 40   882 
7 41   174 
7 42   662 
7 43   111 
7 44   511 
7 45   488 
7 46   690 
7 47   657 
7 48   190 
7 49    77 
7 50   567 
7 51    28 
7 52   751 
7 53   597 
7 54   587 
7 55   354 
7 56   988 
7 57   795 
7 58   901 
7 59   396 
7 60   725 
7 61    38 
7 62   471 
7 63   838 
7 64   937 
7 65   186 
7 66   947 
7 67   378 
7 68   107 
7 69    52 
7 70   380 
7 71   890 
7 72   319 
7 73   240 
7 74   449 
7 75   801 
7 76   721 
7 77   556 
7 78    54 
7 79   191 
7 80   926 
7 81   182 
7 82   150 
7 83   168 
7 84   308 
7 85   632 
7 86   518 
7 87   449 
7 88   844 
7 89   791 
7 90   821 
7 91   165 
7 92   301 
7 93   944 
7 94   825 
7 95   500 
7 96    48 
7 97   418 
7 98   207 
7 99   134 
7 100   868 
8 10   932 
8 11   195 
8 12   429 
8 13   469 
8 14   731 
8 15   685 
8 16    23 
8 17   401 
8 18   670 
8 19   313 
8 20   241 
8 21   431 
8 22   824 
8 23   185 
8 24   308 
8 25   185 
8 26   509 
8 27   855 
8 28   823 
8 29    57 
8 30   323 
8 31   496 
8 32   288 
8 33   275 
8 34    97 
8 35   770 
8 36   192 
8 37   701 
8 38   314 
8 39   745 
8 40   355 
8 41   196 
8 42    59 
8 43    11 
8 44   270 
8 45   982 
8 46   461 
8 47   474 
8 48   764 
8 49   982 
8 50   690 
8 51   336 
8 52   430 
8 53   852 
8 54   297 
8 55   181 
8 56    65 
8 57   800 
8 58   129 
8 59   545 
8 60     0 
8 61   551 
8 62   757 
8 63   123 
8 64   745 
8 65   488 
8 66   370 
8 67   584 
8 68   684 
8 69   805 
8 70   900 
8 71   448 
8 72   184 
8 73   804 
8 74   505 
8 75   480 
8 76   741 
8 77   457 
8 78   591 
8 79   792 
8 80   337 
8 81    25 
8 82   855 
8 83   416 
8 84   722 
8 85   195 
8 86   513 
8 87   196 
8 88   153 
8 89   453 
8 90   175 
8 91    27 
8 92   428 
8 93   788 
8 94     7 
8 95    94 
8 96   260 
8 97    39 
8 98   271 
8 99   784 
8 100   591 
9 11    34 
9 12   421 
9 13    17 
9 14   455 
9 15   629 
9 16   962 
9 17   881 
9 18   923 
9 19   660 
9 20   841 
9 21   807 
9 22   534 
9 23   807 
9 24   544 
9 25   292 
9 26   181 
9 27    16 
9 28   350 
9 29   163 
9 30   140 
9 31   608 
9 32   449 
9 33   981 
9 34   932 
9 35   317 
9 36   704 
9 37   641 
9 38   697 
9 39   455 
9 40   138 
9 41    65 
9 42   384 
9 43   811 
9 44   622 
9 45   372 
9 46   671 
9 47   653 
9 48   890 
9 49   138 
9 50   972 
9 51   129 
9 52   646 
9 53   992 
9 54   212 
9 55   109 
9 56   986 
9 57   965 
9 58   494 
9 59   903 
9 60   590 
9 61   474 
9 62   387 
9 63   792 
9 64   785 
9 65   608 
9 66   673 
9 67   929 
9 68   300 
9 69   550 
9 70   455 
9 71   512 
9 72   727 
9 73   496 
9 74   383 
9 75   475 
9 76   784 
9 77   483 
9 78   342 
9 79   537 
9 80   472 
9 81   483 
9 82   916 
9 83   103 
9 84   514 
9 85   646 
9 86   181 
9 87   409 
9 88   774 
9 89   260 
9 90   842 
9 91   796 
9 92   663 
9 93   303 
9 94   762 
9 95   460 
9 96     1 
9 97   725 
9 98   987 
9 99   148 
9 100   907 
10 12    82 
10 13    73 
10 14   464 
10 15   498 
10 16   578 
10 17   737 
10 18    57 
10 19   346 
10 20   958 
10 21   277 
10 22   507 
10 23   279 
10 24    28 
10 25   936 
10 26   601 
10 27   256 
10 28   871 
10 29   171 
10 30   238 
10 31   177 
10 32   900 
10 33   299 
10 34   886 
10 35   711 
10 36   377 
10 37   995 
10 38   144 
10 39   362 
10 40   216 
10 41   854 
10 42    72 
10 43   214 
10 44   141 
10 45   175 
10 46   332 
10 47   108 
10 48   282 
10 49    73 
10 50   285 
10 51   959 
10 52   771 
10 53   463 
10 54   736 
10 55   446 
10 56   167 
10 57   707 
10 58   190 
10 59   523 
10 60    90 
10 61   778 
10 62   349 
10 63   752 
10 64   300 
10 65   963 
10 66   211 
10 67   199 
10 68   660 
10 69    78 
10 70   640 
10 71    20 
10 72   468 
10 73   882 
10 74   218 
10 75   595 
10 76   918 
10 77   466 
10 78   660 
10 79   549 
10 80   948 
10 81   740 
10 82   280 
10 83    92 
10 84   548 
10 85   442 
10 86   995 
10 87   210 
10 88   583 
10 89   110 
10 90   976 
10 91   684 
10 92   291 
10 93   957 
10 94   451 
10 95   774 
10 96   886 
10 97   630 
10 98   749 
10 99   948 
10 100   700 
11 13   445 
11 14   922 
11 15   844 
11 16    19 
11 17   799 
11 18   977 
11 19   574 
11 20   481 
11 21   518 
11 22   216 
11 23   113 
11 24   435 
11 25   374 
11 26   838 
11 27   513 
11 28   289 
11 29   978 
11 30   725 
11 31   827 
11 32   546 
11 33   472 
11 34   636 
11 35   649 
11 36   572 
11 37     9 
11 38   956 
11 39   207 
11 40   611 
11 41    17 
11 42   284 
11 43   400 
11 44   996 
11 45   876 
11 46   260 
11 47   871 
11 48   157 
11 49   830 
11 50   989 
11 51   699 
11 52   776 
11 53   143 
11 54   590 
11 55    45 
11 56   930 
11 57   573 
11 58   991 
11 59   149 
11 60   726 
11 61   375 
11 62   762 
11 63   425 
11 64   959 
11 65   217 
11 66   669 
11 67   826 
11 68   645 
11 69   502 
11 70   821 
11 71   628 
11 72   707 
11 73   928 
11 74   448 
11 75   711 
11 76   133 
11 77   322 
11 78   525 
11 79   227 
11 80   818 
11 81    93 
11 82   443 
11 83   205 
11 84   708 
11 85   237 
11 86   144 
11 87   523 
11 88   568 
11 89   350 
11 90   303 
11 91   244 
11 92   218 
11 93   313 
11 94   152 
11 95   477 
11 96   808 
11 97   803 
11 98   786 
11 99    37 
11 100   991 
12 14   393 
12 15   133 
12 16   340 
12 17   386 
12 18   477 
12 19   790 
12 20   631 
12 21   545 
12 22   381 
12 23   515 
12 24   427 
12 25   231 
12 26   998 
12 27   204 
12 28   649 
12 29   163 
12 30   256 
12 31   619 
12 32   279 
12 33   658 
12 34   764 
12 35   406 
12 36   739 
12 37   832 
12 38   625 
12 39   885 
12 40   820 
12 41   192 
12 42   529 
12 43   914 
12 44   783 
12 45   622 
12 46    51 
12 47   334 
12 48   349 
12 49   118 
12 50   286 
12 51   445 
12 52   703 
12 53   803 
12 54   155 
12 55   589 
12 56   492 
12 57   862 
12 58   182 
12 59   188 
12 60   331 
12 61   568 
12 62   797 
12 63    64 
12 64    66 
12 65   288 
12 66   427 
12 67   268 
12 68   344 
12 69   137 
12 70    87 
12 71   127 
12 72   370 
12 73   433 
12 74   432 
12 75   390 
12 76   588 
12 77   535 
12 78   671 
12 79   150 
12 80   249 
12 81   367 
12 82   941 
12 83   475 
12 84   752 
12 85   991 
12 86   464 
12 87   598 
12 88   136 
12 89   502 
12 90    59 
12 91   157 
12 92   117 
12 93   102 
12 94   365 
12 95   246 
12 96   618 
12 97   953 
12 98   108 
12 99   435 
12 100   486 
13 15    34 
13 16   399 
13 17   721 
13 18   461 
13 19   754 
13 20   854 
13 21    16 
13 22   794 
13 23   543 
13 24   176 
13 25   710 
13 26   777 
13 27   428 
13 28   281 
13 29   718 
13 30   643 
13 31   226 
13 32   657 
13 33   805 
13 34   465 
13 35   514 
13 36   723 
13 37   500 
13 38   167 
13 39   227 
13 40   119 
13 41   930 
13 42   661 
13 43   468 
13 44   794 
13 45    86 
13 46   262 
13 47   725 
13 48   798 
13 49   301 
13 50   910 
13 51   437 
13 52   687 
13 53    52 
13 54   723 
13 55   167 
13 56    11 
13 57   658 
13 58   488 
13 59   471 
13 60   770 
13 61   101 
13 62   890 
13 63   467 
13 64    70 
13 65   906 
13 66   235 
13 67    30 
13 68   899 
13 69   228 
13 70   236 
13 71   357 
13 72    85 
13 73    73 
13 74   111 
13 75   235 
13 76   335 
13 77   784 
13 78   453 
13 79   887 
13 80   308 
13 81    87 
13 82   330 
13 83   260 
13 84   772 
13 85   654 
13 86   761 
13 87   993 
13 88   159 
13 89   380 
13 90   443 
13 91   993 
13 92   986 
13 93    29 
13 94   248 
13 95   623 
13 96   717 
13 97     2 
13 98   956 
13 99   109 
13 100   133 
14 16   759 
14 17   492 
14 18   981 
14 19   214 
14 20   343 
14 21   736 
14 22   102 
14 23   851 
14 24   757 
14 25   688 
14 26   771 
14 27   849 
14 28   200 
14 29   393 
14 30   164 
14 31   456 
14 32   601 
14 33   874 
14 34   863 
14 35    83 
14 36   741 
14 37   474 
14 38   946 
14 39   707 
14 40   266 
14 41   918 
14 42   317 
14 43   688 
14 44   582 
14 45   662 
14 46   986 
14 47   115 
14 48   318 
14 49   395 
14 50    32 
14 51   982 
14 52   198 
14 53   712 
14 54    35 
14 55   876 
14 56   227 
14 57   339 
14 58   971 
14 59   482 
14 60   841 
14 61    28 
14 62   505 
14 63   869 
14 64    11 
14 65   285 
14 66   806 
14 67   940 
14 68   837 
14 69     7 
14 70   161 
14 71   846 
14 72   374 
14 73   602 
14 74   972 
14 75   558 
14 76   350 
14 77   735 
14 78   475 
14 79   557 
14 80   577 
14 81   969 
14 82   959 
14 83   530 
14 84   369 
14 85   923 
14 86   313 
14 87   180 
14 88   892 
14 89   468 
14 90   851 
14 91   615 
14 92   672 
14 93   599 
14 94   806 
14 95   613 
14 96   745 
14 97   110 
14 98   890 
14 99   106 
14 100   633 
15 17   352 
15 18   429 
15 19   533 
15 20    26 
15 21   859 
15 22   405 
15 23   887 
15 24   717 
15 25   248 
15 26   512 
15 27   341 
15 28   871 
15 29   443 
15 30   494 
15 31   371 
15 32   222 
15 33   739 
15 34   372 
15 35   761 
15 36   942 
15 37    78 
15 38   944 
15 39   294 
15 40    90 
15 41   903 
15 42   501 
15 43   572 
15 44   878 
15 45   218 
15 46    35 
15 47   371 
15 48   579 
15 49   377 
15 50   371 
15 51   919 
15 52   550 
15 53   962 
15 54    14 
15 55   339 
15 56   679 
15 57   220 
15 58   552 
15 59   852 
15 60   145 
15 61   108 
15 62   902 
15 63   528 
15 64   383 
15 65   530 
15 66   622 
15 67    65 
15 68   237 
15 69   725 
15 70   131 
15 71   189 
15 72   210 
15 73   539 
15 74   425 
15 75   940 
15 76   679 
15 77   740 
15 78   480 
15 79   962 
15 80   909 
15 81    68 
15 82   491 
15 83   626 
15 84   671 
15 85   979 
15 86   458 
15 87   833 
15 88    86 
15 89   380 
15 90   793 
15 91   883 
15 92   719 
15 93   257 
15 94   478 
15 95   393 
15 96   297 
15 97    94 
15 98   602 
15 99   935 
15 100   837 
16 18   589 
16 19   863 
16 20   884 
16 21    24 
16 22   916 
16 23   235 
16 24   357 
16 25   789 
16 26   201 
16 27   139 
16 28   212 
16 29   446 
16 30   694 
16 31   246 
16 32    93 
16 33   616 
16 34   609 
16 35   729 
16 36   627 
16 37   830 
16 38   677 
16 39   244 
16 40   297 
16 41   607 
16 42   642 
16 43   515 
16 44   300 
16 45   357 
16 46   253 
16 47   242 
16 48     8 
16 49   325 
16 50   573 
16 51   931 
16 52   803 
16 53   771 
16 54   684 
16 55   911 
16 56   572 
16 57   877 
16 58   988 
16 59   927 
16 60   890 
16 61   421 
16 62   505 
16 63   366 
16 64   608 
16 65   833 
16 66   729 
16 67   876 
16 68    84 
16 69   616 
16 70   277 
16 71    98 
16 72   209 
16 73    31 
16 74   609 
16 75   829 
16 76   404 
16 77   822 
16 78   471 
16 79   507 
16 80   838 
16 81   205 
16 82   714 
16 83   960 
16 84   975 
16 85   274 
16 86   416 
16 87    12 
16 88   664 
16 89   437 
16 90   293 
16 91   533 
16 92   621 
16 93    49 
16 94   741 
16 95   989 
16 96   627 
16 97    52 
16 98   537 
16 99   899 
16 100   806 
17 19   568 
17 20   633 
17 21   412 
17 22   944 
17 23   665 
17 24   784 
17 25   438 
17 26   676 
17 27    93 
17 28   209 
17 29   383 
17 30   472 
17 31   801 
17 32   255 
17 33   421 
17 34   231 
17 35   988 
17 36   815 
17 37   611 
17 38   938 
17 39   818 
17 40   580 
17 41    73 
17 42   766 
17 43   446 
17 44   689 
17 45   934 
17 46   984 
17 47   963 
17 48   795 
17 49     6 
17 50   627 
17 51   670 
17 52   995 
17 53   520 
17 54   732 
17 55    54 
17 56   411 
17 57   351 
17 58   420 
17 59   454 
17 60    52 
17 61   577 
17 62   729 
17 63   250 
17 64   273 
17 65    41 
17 66   988 
17 67    81 
17 68   764 
17 69   102 
17 70    46 
17 71   392 
17 72   599 
17 73   400 
17 74   406 
17 75   566 
17 76     1 
17 77   573 
17 78    18 
17 79   499 
17 80   331 
17 81   582 
17 82   639 
17 83   467 
17 84   828 
17 85   507 
17 86   447 
17 87   530 
17 88   874 
17 89   200 
17 90   927 
17 91   863 
17 92   210 
17 93   221 
17 94   813 
17 95   678 
17 96   760 
17 97   760 
17 98   342 
17 99   139 
17 100   421 
18 20   479 
18 21   661 
18 22   290 
18 23   787 
18 24   701 
18 25   108 
18 26   173 
18 27   589 
18 28   667 
18 29   800 
18 30    76 
18 31   822 
18 32   798 
18 33   595 
18 34   640 
18 35   942 
18 36   695 
18 37   746 
18 38   284 
18 39   466 
18 40   741 
18 41   768 
18 42   896 
18 43   592 
18 44   384 
18 45   346 
18 46   586 
18 47   533 
18 48   321 
18 49   306 
18 50   897 
18 51   678 
18 52   367 
18 53   992 
18 54   802 
18 55   727 
18 56    55 
18 57   238 
18 58   918 
18 59    72 
18 60   466 
18 61   645 
18 62   401 
18 63   214 
18 64   522 
18 65   160 
18 66   117 
18 67   812 
18 68    11 
18 69   483 
18 70   369 
18 71   383 
18 72   380 
18 73   599 
18 74   250 
18 75   998 
18 76   826 
18 77   421 
18 78   879 
18 79   389 
18 80    38 
18 81   187 
18 82   638 
18 83    38 
18 84   539 
18 85   269 
18 86   563 
18 87   265 
18 88   728 
18 89   303 
18 90   812 
18 91   677 
18 92   280 
18 93    11 
18 94   453 
18 95   318 
18 96   591 
18 97   360 
18 98   222 
18 99   725 
18 100   386 
19 21   297 
19 22    82 
19 23    17 
19 24   741 
19 25    78 
19 26   531 
19 27   358 
19 28   838 
19 29   678 
19 30   141 
19 31   367 
19 32   862 
19 33   728 
19 34   390 
19 35   880 
19 36   847 
19 37    23 
19 38   496 
19 39   215 
19 40   682 
19 41   657 
19 42   544 
19 43   599 
19 44   924 
19 45   319 
19 46   775 
19 47   673 
19 48   693 
19 49   728 
19 50     6 
19 51   752 
19 52   384 
19 53   703 
19 54   159 
19 55    65 
19 56   265 
19 57   967 
19 58   561 
19 59   473 
19 60   805 
19 61    93 
19 62   661 
19 63   783 
19 64   465 
19 65   595 
19 66   934 
19 67   982 
19 68   575 
19 69   420 
19 70   539 
19 71   819 
19 72   569 
19 73   833 
19 74   726 
19 75   920 
19 76   522 
19 77   909 
19 78   252 
19 79   211 
19 80    64 
19 81   881 
19 82   857 
19 83    46 
19 84   484 
19 85   172 
19 86   203 
19 87   500 
19 88   819 
19 89   744 
19 90   259 
19 91   747 
19 92   339 
19 93   420 
19 94   985 
19 95   433 
19 96   192 
19 97   932 
19 98   596 
19 99   121 
19 100   621 
20 22   775 
20 23   336 
20 24   776 
20 25   672 
20 26   612 
20 27   618 
20 28   224 
20 29   866 
20 30   528 
20 31   172 
20 32   989 
20 33   934 
20 34   624 
20 35   864 
20 36   530 
20 37   561 
20 38   603 
20 39   924 
20 40    29 
20 41   936 
20 42   277 
20 43   624 
20 44   992 
20 45   704 
20 46   281 
20 47   560 
20 48   194 
20 49   538 
20 50   842 
20 51   397 
20 52   626 
20 53   745 
20 54   388 
20 55   239 
20 56   233 
20 57   142 
20 58   253 
20 59   375 
20 60   696 
20 61   455 
20 62   577 
20 63   490 
20 64   575 
20 65   344 
20 66   684 
20 67   183 
20 68   415 
20 69   550 
20 70   484 
20 71   305 
20 72   339 
20 73   406 
20 74   360 
20 75   670 
20 76    97 
20 77   551 
20 78    70 
20 79   351 
20 80   828 
20 81   596 
20 82   685 
20 83   755 
20 84   629 
20 85   300 
20 86   511 
20 87   856 
20 88   856 
20 89   292 
20 90   601 
20 91   463 
20 92   382 
20 93   472 
20 94   924 
20 95   897 
20 96   159 
20 97   833 
20 98   854 
20 99   961 
20 100   632 
21 23   764 
21 24   710 
21 25   777 
21 26   208 
21 27   793 
21 28   999 
21 29   678 
21 30   515 
21 31   575 
21 32   474 
21 33   764 
21 34   862 
21 35   606 
21 36   332 
21 37    71 
21 38   172 
21 39   698 
21 40   952 
21 41   775 
21 42   226 
21 43   482 
21 44   324 
21 45   182 
21 46   397 
21 47   277 
21 48   707 
21 49   549 
21 50   703 
21 51   501 
21 52   353 
21 53   663 
21 54   821 
21 55   297 
21 56   888 
21 57   162 
21 58   704 
21 59   309 
21 60   720 
21 61   848 
21 62   228 
21 63   890 
21 64   961 
21 65   677 
21 66   687 
21 67    66 
21 68   736 
21 69   349 
21 70   411 
21 71    98 
21 72   407 
21 73    95 
21 74   399 
21 75   489 
21 76   113 
21 77   598 
21 78   121 
21 79   879 
21 80   847 
21 81   308 
21 82   132 
21 83   937 
21 84   949 
21 85   373 
21 86   942 
21 87    13 
21 88   156 
21 89   361 
21 90    88 
21 91   323 
21 92   196 
21 93   781 
21 94   554 
21 95   584 
21 96   567 
21 97   654 
21 98   111 
21 99   164 
21 100   303 
22 24   253 
22 25   222 
22 26   100 
22 27   337 
22 28   628 
22 29   887 
22 30   704 
22 31   959 
22 32   921 
22 33   669 
22 34   290 
22 35   730 
22 36   463 
22 37   626 
22 38   713 
22 39   140 
22 40   646 
22 41   770 
22 42     9 
22 43     4 
22 44   810 
22 45   793 
22 46   710 
22 47   818 
22 48    69 
22 49   681 
22 50   242 
22 51   481 
22 52   427 
22 53   216 
22 54   555 
22 55   237 
22 56   881 
22 57   311 
22 58   824 
22 59   713 
22 60   688 
22 61   270 
22 62   370 
22 63   328 
22 64   184 
22 65   825 
22 66   999 
22 67   275 
22 68   559 
22 69   930 
22 70   694 
22 71   692 
22 72   787 
22 73   478 
22 74   502 
22 75   631 
22 76    48 
22 77   719 
22 78   884 
22 79   271 
22 80   971 
22 81   459 
22 82   123 
22 83   728 
22 84   150 
22 85   141 
22 86    59 
22 87   982 
22 88   272 
22 89   575 
22 90   195 
22 91   757 
22 92   554 
22 93   301 
22 94   387 
22 95   253 
22 96    42 
22 97   586 
22 98   109 
22 99    21 
22 100   545 
23 25   788 
23 26   760 
23 27   987 
23 28   478 
23 29   140 
23 30   462 
23 31   805 
23 32   279 
23 33   360 
23 34   694 
23 35   705 
23 36     2 
23 37   201 
23 38   289 
23 39   333 
23 40   419 
23 41   168 
23 42   119 
23 43    98 
23 44    57 
23 45   776 
23 46   758 
23 47   838 
23 48   360 
23 49   719 
23 50   765 
23 51   142 
23 52   694 
23 53   700 
23 54   832 
23 55   906 
23 56   253 
23 57   729 
23 58   141 
23 59   770 
23 60   230 
23 61    16 
23 62    50 
23 63   126 
23 64   556 
23 65   710 
23 66   720 
23 67   940 
23 68   730 
23 69   500 
23 70   843 
23 71   966 
23 72   589 
23 73   381 
23 74   948 
23 75   387 
23 76   191 
23 77   752 
23 78   661 
23 79   581 
23 80   576 
23 81   779 
23 82   567 
23 83   637 
23 84   832 
23 85   415 
23 86    67 
23 87   970 
23 88   959 
23 89   647 
23 90   662 
23 91   157 
23 92   678 
23 93   527 
23 94   552 
23 95   508 
23 96    61 
23 97   229 
23 98   502 
23 99   326 
23 100     2 
24 26   848 
24 27   381 
24 28   484 
24 29    94 
24 30    71 
24 31   171 
24 32   529 
24 33    80 
24 34   474 
24 35   264 
24 36   685 
24 37   202 
24 38    81 
24 39   625 
24 40   861 
24 41   297 
24 42   584 
24 43   136 
24 44   912 
24 45   522 
24 46   191 
24 47   138 
24 48   719 
24 49   227 
24 50   708 
24 51   744 
24 52    37 
24 53   720 
24 54   319 
24 55    18 
24 56   207 
24 57   715 
24 58   834 
24 59    64 
24 60   621 
24 61   845 
24 62   475 
24 63   199 
24 64   465 
24 65   831 
24 66   814 
24 67    39 
24 68   445 
24 69   101 
24 70   545 
24 71   138 
24 72   268 
24 73   608 
24 74   539 
24 75   484 
24 76     5 
24 77   897 
24 78    87 
24 79   290 
24 80   435 
24 81    68 
24 82   394 
24 83   249 
24 84   630 
24 85    75 
24 86   553 
24 87   775 
24 88   698 
24 89   997 
24 90   160 
24 91   933 
24 92   401 
24 93   382 
24 94   246 
24 95   776 
24 96   633 
24 97   947 
24 98   567 
24 99   304 
24 100    37 
25 27   865 
25 28   411 
25 29   836 
25 30   961 
25 31   686 
25 32    48 
25 33   863 
25 34   566 
25 35   382 
25 36    73 
25 37   277 
25 38   990 
25 39   125 
25 40   423 
25 41   624 
25 42   624 
25 43   131 
25 44   745 
25 45   713 
25 46   529 
25 47   300 
25 48   893 
25 49   101 
25 50   690 
25 51   563 
25 52   772 
25 53   779 
25 54    80 
25 55   801 
25 56   606 
25 57   862 
25 58   834 
25 59   588 
25 60   816 
25 61   573 
25 62   400 
25 63   100 
25 64   517 
25 65   644 
25 66    64 
25 67     0 
25 68   914 
25 69     6 
25 70   605 
25 71   979 
25 72    44 
25 73   168 
25 74   640 
25 75   484 
25 76   670 
25 77   448 
25 78   509 
25 79   656 
25 80   148 
25 81    39 
25 82    57 
25 83   709 
25 84   647 
25 85   365 
25 86   642 
25 87    21 
25 88   915 
25 89   311 
25 90   623 
25 91   133 
25 92     8 
25 93   576 
25 94   800 
25 95   465 
25 96   550 
25 97   804 
25 98    19 
25 99    87 
25 100   630 
26 28   215 
26 29   688 
26 30   566 
26 31   173 
26 32    49 
26 33   711 
26 34   618 
26 35   363 
26 36   459 
26 37   431 
26 38    84 
26 39   361 
26 40   961 
26 41     3 
26 42   184 
26 43   690 
26 44   692 
26 45   748 
26 46   314 
26 47   111 
26 48    81 
26 49   947 
26 50   194 
26 51   818 
26 52    74 
26 53   840 
26 54   932 
26 55   202 
26 56   718 
26 57   927 
26 58   988 
26 59   508 
26 60   285 
26 61   200 
26 62   428 
26 63   793 
26 64   394 
26 65   768 
26 66    35 
26 67   968 
26 68   713 
26 69   365 
26 70    99 
26 71   778 
26 72    51 
26 73   165 
26 74   943 
26 75   728 
26 76   862 
26 77   406 
26 78   700 
26 79   464 
26 80   808 
26 81   514 
26 82   724 
26 83   986 
26 84   938 
26 85   921 
26 86   686 
26 87   237 
26 88   112 
26 89   492 
26 90   984 
26 91    89 
26 92   752 
26 93   824 
26 94   990 
26 95   589 
26 96   679 
26 97   625 
26 98   995 
26 99   950 
26 100   407 
27 29   102 
27 30    69 
27 31   147 
27 32   713 
27 33   201 
27 34   680 
27 35   733 
27 36    16 
27 37   919 
27 38   798 
27 39   149 
27 40   406 
27 41   568 
27 42   264 
27 43   754 
27 44   500 
27 45   309 
27 46   204 
27 47   245 
27 48   491 
27 49   950 
27 50   755 
27 51   743 
27 52   443 
27 53   797 
27 54   317 
27 55   217 
27 56   997 
27 57   626 
27 58    64 
27 59   115 
27 60   606 
27 61   718 
27 62   799 
27 63   945 
27 64   586 
27 65   257 
27 66   833 
27 67   170 
27 68   987 
27 69   443 
27 70   900 
27 71   124 
27 72   653 
27 73   830 
27 74   675 
27 75   426 
27 76   398 
27 77   700 
27 78   936 
27 79   232 
27 80   166 
27 81   721 
27 82   664 
27 83   107 
27 84   776 
27 85   235 
27 86   834 
27 87   540 
27 88   473 
27 89   441 
27 90   275 
27 91     8 
27 92   755 
27 93   572 
27 94   604 
27 95   852 
27 96   187 
27 97   108 
27 98    83 
27 99    34 
27 100   761 
28 30   712 
28 31   429 
28 32   220 
28 33   483 
28 34   675 
28 35   632 
28 36   996 
28 37   133 
28 38   678 
28 39   771 
28 40   699 
28 41   691 
28 42     2 
28 43   386 
28 44   524 
28 45   203 
28 46   579 
28 47   859 
28 48   845 
28 49   957 
28 50   833 
28 51   895 
28 52   526 
28 53   917 
28 54   921 
28 55    37 
28 56   898 
28 57   833 
28 58   275 
28 59   205 
28 60   428 
28 61   451 
28 62   997 
28 63   238 
28 64    95 
28 65   202 
28 66   102 
28 67    67 
28 68    84 
28 69   536 
28 70   306 
28 71   617 
28 72   544 
28 73   784 
28 74   114 
28 75   590 
28 76   835 
28 77   261 
28 78   155 
28 79   765 
28 80   262 
28 81   535 
28 82   912 
28 83   678 
28 84   645 
28 85   596 
28 86   369 
28 87   902 
28 88   460 
28 89   301 
28 90   327 
28 91   690 
28 92   143 
28 93   465 
28 94   655 
28 95    51 
28 96   968 
28 97   658 
28 98   515 
28 99   254 
28 100   712 
29 31   923 
29 32   575 
29 33   383 
29 34   574 
29 35    78 
29 36   516 
29 37   616 
29 38   143 
29 39   397 
29 40   292 
29 41     2 
29 42    84 
29 43   464 
29 44   358 
29 45   724 
29 46   406 
29 47   552 
29 48   941 
29 49   863 
29 50   247 
29 51   968 
29 52   625 
29 53   746 
29 54   256 
29 55   818 
29 56   329 
29 57   830 
29 58   163 
29 59   313 
29 60   841 
29 61   742 
29 62    57 
29 63   495 
29 64   690 
29 65   904 
29 66   406 
29 67   106 
29 68   118 
29 69   132 
29 70   697 
29 71   151 
29 72   475 
29 73   148 
29 74   113 
29 75   581 
29 76   848 
29 77    52 
29 78   765 
29 79   574 
29 80   108 
29 81    46 
29 82    25 
29 83   667 
29 84    40 
29 85   740 
29 86   110 
29 87   490 
29 88   683 
29 89   273 
29 90   692 
29 91   525 
29 92   443 
29 93   786 
29 94   486 
29 95   695 
29 96   925 
29 97   113 
29 98   534 
29 99    85 
29 100   174 
30 32   894 
30 33   106 
30 34   446 
30 35   345 
30 36   940 
30 37   354 
30 38    87 
30 39   899 
30 40   273 
30 41   471 
30 42   385 
30 43   516 
30 44   505 
30 45   377 
30 46   100 
30 47    73 
30 48   398 
30 49   949 
30 50   254 
30 51     8 
30 52   950 
30 53   213 
30 54   821 
30 55   617 
30 56   917 
30 57   642 
30 58    56 
30 59   996 
30 60   815 
30 61    97 
30 62   655 
30 63   511 
30 64   375 
30 65   344 
30 66   830 
30 67   343 
30 68   455 
30 69   409 
30 70   179 
30 71   545 
30 72   426 
30 73   591 
30 74   375 
30 75   502 
30 76   872 
30 77   550 
30 78   694 
30 79   381 
30 80    50 
30 81   538 
30 82   997 
30 83    35 
30 84    62 
30 85   433 
30 86   245 
30 87   110 
30 88   162 
30 89   112 
30 90   127 
30 91   452 
30 92   261 
30 93   115 
30 94   885 
30 95   507 
30 96   178 
30 97   266 
30 98   810 
30 99   549 
30 100   427 
31 33   742 
31 34   665 
31 35   863 
31 36    14 
31 37   564 
31 38   330 
31 39   370 
31 40   682 
31 41   751 
31 42   151 
31 43   926 
31 44   146 
31 45   235 
31 46   702 
31 47    28 
31 48   435 
31 49   701 
31 50   957 
31 51   128 
31 52   101 
31 53    97 
31 54   182 
31 55   485 
31 56   160 
31 57   340 
31 58   520 
31 59   763 
31 60   955 
31 61   799 
31 62   255 
31 63   564 
31 64   103 
31 65   418 
31 66   970 
31 67     1 
31 68   619 
31 69   878 
31 70   642 
31 71    44 
31 72   255 
31 73   600 
31 74   834 
31 75   580 
31 76   514 
31 77   524 
31 78   274 
31 79   845 
31 80   281 
31 81   839 
31 82    50 
31 83   181 
31 84   105 
31 85   597 
31 86   238 
31 87   320 
31 88   244 
31 89   794 
31 90   927 
31 91   562 
31 92    76 
31 93   835 
31 94   772 
31 95   838 
31 96   167 
31 97   315 
31 98   259 
31 99   801 
31 100    26 
32 34    61 
32 35   464 
32 36   482 
32 37   722 
32 38   815 
32 39   155 
32 40   708 
32 41   442 
32 42   618 
32 43   487 
32 44   953 
32 45   497 
32 46   686 
32 47   447 
32 48   134 
32 49   703 
32 50   266 
32 51   988 
32 52   973 
32 53   130 
32 54   451 
32 55   308 
32 56   208 
32 57   418 
32 58    62 
32 59   858 
32 60   362 
32 61   460 
32 62   926 
32 63   126 
32 64   341 
32 65   906 
32 66   524 
32 67   318 
32 68    56 
32 69   389 
32 70   458 
32 71   132 
32 72   829 
32 73   267 
32 74   941 
32 75   395 
32 76    72 
32 77   683 
32 78   693 
32 79   542 
32 80   668 
32 81   419 
32 82   854 
32 83   864 
32 84   972 
32 85   711 
32 86   590 
32 87   828 
32 88   332 
32 89   397 
32 90   273 
32 91   119 
32 92   951 
32 93   559 
32 94   686 
32 95   531 
32 96   454 
32 97   905 
32 98   386 
32 99   216 
32 100   962 
33 35   422 
33 36   279 
33 37   481 
33 38   191 
33 39   917 
33 40   934 
33 41   332 
33 42   477 
33 43   432 
33 44   384 
33 45   870 
33 46   864 
33 47   226 
33 48    40 
33 49   254 
33 50   790 
33 51   377 
33 52   870 
33 53   208 
33 54   231 
33 55   629 
33 56   535 
33 57   861 
33 58   419 
33 59   877 
33 60   190 
33 61   438 
33 62    16 
33 63   854 
33 64   216 
33 65   881 
33 66   218 
33 67   769 
33 68   552 
33 69   645 
33 70   855 
33 71   492 
33 72    91 
33 73   306 
33 74   455 
33 75   544 
33 76   827 
33 77   969 
33 78    92 
33 79   225 
33 80   421 
33 81    81 
33 82   422 
33 83   191 
33 84    26 
33 85   219 
33 86   887 
33 87   765 
33 88   249 
33 89   455 
33 90   726 
33 91   263 
33 92   742 
33 93   688 
33 94    74 
33 95   108 
33 96   418 
33 97   370 
33 98   105 
33 99   768 
33 100   893 
34 36   331 
34 37   173 
34 38   972 
34 39    15 
34 40   474 
34 41   742 
34 42   730 
34 43   737 
34 44   826 
34 45   182 
34 46    64 
34 47   444 
34 48   792 
34 49   200 
34 50   625 
34 51   926 
34 52   327 
34 53   316 
34 54   608 
34 55   466 
34 56   850 
34 57   336 
34 58   479 
34 59   543 
34 60   127 
34 61   828 
34 62   410 
34 63   637 
34 64   102 
34 65    30 
34 66   388 
34 67   876 
34 68   955 
34 69    30 
34 70   655 
34 71   334 
34 72   253 
34 73   558 
34 74   833 
34 75   196 
34 76   894 
34 77   578 
34 78   707 
34 79   807 
34 80   797 
34 81   833 
34 82   787 
34 83    36 
34 84   588 
34 85   210 
34 86   207 
34 87   230 
34 88   759 
34 89   874 
34 90   706 
34 91   275 
34 92   178 
34 93   515 
34 94   647 
34 95   475 
34 96   672 
34 97   216 
34 98   755 
34 99   484 
34 100   882 
35 37   546 
35 38   857 
35 39   239 
35 40   286 
35 41   759 
35 42   447 
35 43   672 
35 44   303 
35 45   580 
35 46   543 
35 47   902 
35 48   445 
35 49   146 
35 50    54 
35 51   300 
35 52    99 
35 53   178 
35 54   161 
35 55   671 
35 56   420 
35 57   689 
35 58   277 
35 59   373 
35 60   585 
35 61    26 
35 62   104 
35 63   591 
35 64   364 
35 65   621 
35 66   336 
35 67   632 
35 68   674 
35 69   415 
35 70   298 
35 71   712 
35 72   179 
35 73   464 
35 74    14 
35 75   814 
35 76    61 
35 77   680 
35 78   737 
35 79   187 
35 80   938 
35 81   460 
35 82   359 
35 83   761 
35 84   698 
35 85   673 
35 86   276 
35 87   478 
35 88   767 
35 89   928 
35 90   322 
35 91   371 
35 92   637 
35 93    99 
35 94   444 
35 95   363 
35 96   913 
35 97   265 
35 98   988 
35 99   950 
35 100   572 
36 38   217 
36 39   667 
36 40   158 
36 41   794 
36 42   619 
36 43   485 
36 44   478 
36 45   932 
36 46   349 
36 47   875 
36 48   815 
36 49    28 
36 50   312 
36 51   684 
36 52   696 
36 53   856 
36 54   372 
36 55   156 
36 56   315 
36 57   241 
36 58    17 
36 59   834 
36 60   172 
36 61   305 
36 62   575 
36 63   829 
36 64   870 
36 65   794 
36 66   735 
36 67    34 
36 68     7 
36 69   973 
36 70   362 
36 71   637 
36 72   455 
36 73   510 
36 74    10 
36 75   567 
36 76   883 
36 77   652 
36 78   487 
36 79   143 
36 80    91 
36 81   200 
36 82   589 
36 83   764 
36 84   706 
36 85   102 
36 86   166 
36 87   340 
36 88   754 
36 89   133 
36 90   675 
36 91   253 
36 92   881 
36 93   387 
36 94   155 
36 95   778 
36 96   149 
36 97   320 
36 98   683 
36 99   739 
36 100   893 
37 39    62 
37 40   343 
37 41   476 
37 42    15 
37 43   534 
37 44   640 
37 45   214 
37 46   655 
37 47    75 
37 48   592 
37 49   917 
37 50   105 
37 51   494 
37 52   743 
37 53   187 
37 54   348 
37 55   292 
37 56   878 
37 57   200 
37 58   551 
37 59   261 
37 60   294 
37 61    76 
37 62   138 
37 63   786 
37 64   359 
37 65   295 
37 66    57 
37 67   210 
37 68   264 
37 69   956 
37 70   933 
37 71   811 
37 72   861 
37 73   299 
37 74   858 
37 75   965 
37 76   547 
37 77   895 
37 78   924 
37 79   458 
37 80   233 
37 81   785 
37 82   794 
37 83   635 
37 84    65 
37 85   861 
37 86    18 
37 87   888 
37 88   174 
37 89   381 
37 90   376 
37 91   980 
37 92   621 
37 93   220 
37 94   425 
37 95   949 
37 96   131 
37 97   360 
37 98   486 
37 99   612 
37 100   939 
38 40   851 
38 41   800 
38 42   906 
38 43   852 
38 44   948 
38 45   928 
38 46   399 
38 47   772 
38 48   468 
38 49   953 
38 50   580 
38 51   297 
38 52   200 
38 53   644 
38 54   900 
38 55   384 
38 56    47 
38 57    94 
38 58   266 
38 59   177 
38 60   542 
38 61   144 
38 62   642 
38 63   429 
38 64    46 
38 65   281 
38 66   202 
38 67   588 
38 68   605 
38 69   198 
38 70   593 
38 71   918 
38 72   140 
38 73    11 
38 74   382 
38 75     4 
38 76   706 
38 77   768 
38 78    18 
38 79   302 
38 80   807 
38 81   752 
38 82   270 
38 83   451 
38 84    53 
38 85   772 
38 86   485 
38 87   514 
38 88   791 
38 89   503 
38 90   131 
38 91   364 
38 92     9 
38 93   482 
38 94   941 
38 95   206 
38 96    71 
38 97   529 
38 98    43 
38 99   147 
38 100   575 
39 41   386 
39 42   673 
39 43    84 
39 44   304 
39 45   108 
39 46   141 
39 47   300 
39 48   273 
39 49   965 
39 50   868 
39 51   408 
39 52   116 
39 53   849 
39 54   946 
39 55   759 
39 56   481 
39 57   291 
39 58   267 
39 59   895 
39 60   648 
39 61   105 
39 62   265 
39 63   711 
39 64   613 
39 65   298 
39 66   505 
39 67   711 
39 68   516 
39 69   947 
39 70   566 
39 71   329 
39 72   615 
39 73   532 
39 74   390 
39 75   820 
39 76   553 
39 77   322 
39 78   174 
39 79   469 
39 80   236 
39 81   883 
39 82   978 
39 83   428 
39 84   115 
39 85   393 
39 86   682 
39 87   794 
39 88   149 
39 89   874 
39 90   617 
39 91   862 
39 92   739 
39 93   442 
39 94   194 
39 95   402 
39 96   265 
39 97   362 
39 98   328 
39 99   608 
39 100   801 
40 42   497 
40 43    41 
40 44   754 
40 45   687 
40 46   436 
40 47    89 
40 48   680 
40 49   401 
40 50    39 
40 51   682 
40 52   423 
40 53   717 
40 54   318 
40 55   279 
40 56   770 
40 57   837 
40 58   281 
40 59   896 
40 60   969 
40 61   453 
40 62   920 
40 63   829 
40 64   299 
40 65   827 
40 66   352 
40 67   542 
40 68   115 
40 69   977 
40 70   505 
40 71    84 
40 72   567 
40 73   710 
40 74   477 
40 75   993 
40 76   566 
40 77   591 
40 78   312 
40 79   221 
40 80   101 
40 81   212 
40 82   550 
40 83   999 
40 84   783 
40 85   562 
40 86   151 
40 87   922 
40 88   160 
40 89   882 
40 90   354 
40 91   201 
40 92   809 
40 93   176 
40 94   578 
40 95   585 
40 96   913 
40 97   439 
40 98   227 
40 99   173 
40 100   291 
41 43   176 
41 44   106 
41 45   112 
41 46   183 
41 47   825 
41 48    63 
41 49   857 
41 50   870 
41 51   954 
41 52   745 
41 53   697 
41 54   588 
41 55   167 
41 56   717 
41 57   784 
41 58   596 
41 59   666 
41 60   742 
41 61   315 
41 62   485 
41 63   313 
41 64   485 
41 65     0 
41 66   674 
41 67   184 
41 68   795 
41 69   862 
41 70   640 
41 71   802 
41 72   617 
41 73   926 
41 74   688 
41 75   688 
41 76   391 
41 77   293 
41 78   635 
41 79   365 
41 80   570 
41 81   606 
41 82   487 
41 83   130 
41 84   412 
41 85   944 
41 86   131 
41 87   492 
41 88   861 
41 89   866 
41 90   825 
41 91   739 
41 92   479 
41 93    54 
41 94   129 
41 95   701 
41 96    35 
41 97    89 
41 98   282 
41 99   212 
41 100   882 
42 44    37 
42 45   436 
42 46   454 
42 47    23 
42 48   568 
42 49   477 
42 50   675 
42 51   459 
42 52   352 
42 53   183 
42 54   276 
42 55   153 
42 56    98 
42 57   974 
42 58   482 
42 59   353 
42 60   474 
42 61   371 
42 62   750 
42 63   682 
42 64    24 
42 65   472 
42 66   848 
42 67   610 
42 68   136 
42 69   738 
42 70   664 
42 71   725 
42 72   496 
42 73   783 
42 74   273 
42 75   356 
42 76   560 
42 77   498 
42 78   973 
42 79   364 
42 80   240 
42 81   224 
42 82   160 
42 83    23 
42 84   424 
42 85   186 
42 86   426 
42 87   299 
42 88   760 
42 89    66 
42 90   550 
42 91   315 
42 92   161 
42 93   543 
42 94   837 
42 95   125 
42 96   167 
42 97   958 
42 98   541 
42 99   265 
42 100   267 
43 45   690 
43 46   503 
43 47   384 
43 48   661 
43 49   969 
43 50   978 
43 51    78 
43 52    11 
43 53   194 
43 54   540 
43 55   345 
43 56   145 
43 57   544 
43 58   777 
43 59   140 
43 60   863 
43 61   706 
43 62   271 
43 63   970 
43 64   746 
43 65   310 
43 66   697 
43 67   813 
43 68   218 
43 69   810 
43 70   316 
43 71     7 
43 72   328 
43 73   577 
43 74   374 
43 75   971 
43 76   750 
43 77   100 
43 78   155 
43 79   555 
43 80   939 
43 81   300 
43 82   310 
43 83    52 
43 84   635 
43 85   181 
43 86   560 
43 87   225 
43 88   418 
43 89   812 
43 90   941 
43 91   530 
43 92    78 
43 93   946 
43 94   625 
43 95   848 
43 96   581 
43 97   897 
43 98   214 
43 99   716 
43 100   390 
44 46    46 
44 47   787 
44 48   429 
44 49   124 
44 50   671 
44 51    30 
44 52   199 
44 53   314 
44 54   530 
44 55   336 
44 56   557 
44 57   926 
44 58    32 
44 59   284 
44 60   570 
44 61   730 
44 62   284 
44 63   918 
44 64   411 
44 65   589 
44 66   954 
44 67   235 
44 68   135 
44 69   647 
44 70   142 
44 71   943 
44 72   735 
44 73   885 
44 74   792 
44 75   584 
44 76    99 
44 77   686 
44 78   369 
44 79   992 
44 80   769 
44 81   661 
44 82    11 
44 83   621 
44 84   682 
44 85   179 
44 86   413 
44 87   186 
44 88   563 
44 89   608 
44 90   801 
44 91   208 
44 92   360 
44 93   822 
44 94   760 
44 95   884 
44 96   635 
44 97   832 
44 98   899 
44 99    77 
44 100   816 
45 47   715 
45 48   382 
45 49   335 
45 50    59 
45 51   572 
45 52   899 
45 53   849 
45 54   983 
45 55   579 
45 56   226 
45 57    17 
45 58   622 
45 59     7 
45 60    61 
45 61   586 
45 62   458 
45 63   167 
45 64   268 
45 65   928 
45 66   891 
45 67   234 
45 68   657 
45 69   342 
45 70   572 
45 71    77 
45 72   617 
45 73   367 
45 74   991 
45 75   832 
45 76   301 
45 77   606 
45 78   778 
45 79   618 
45 80   835 
45 81   619 
45 82   611 
45 83   280 
45 84   345 
45 85   226 
45 86   152 
45 87    79 
45 88   524 
45 89    47 
45 90   642 
45 91   319 
45 92   620 
45 93   513 
45 94   868 
45 95    56 
45 96   568 
45 97   977 
45 98   759 
45 99   736 
45 100   132 
46 48   435 
46 49   536 
46 50   520 
46 51   194 
46 52    18 
46 53   280 
46 54   663 
46 55   300 
46 56   382 
46 57   977 
46 58   797 
46 59   705 
46 60   941 
46 61   632 
46 62   141 
46 63   358 
46 64   924 
46 65   917 
46 66   828 
46 67   821 
46 68    56 
46 69    59 
46 70   806 
46 71   927 
46 72   134 
46 73   215 
46 74   874 
46 75   848 
46 76   839 
46 77   466 
46 78    39 
46 79   228 
46 80   509 
46 81   596 
46 82   339 
46 83   551 
46 84   694 
46 85   287 
46 86   321 
46 87   496 
46 88   308 
46 89   504 
46 90   790 
46 91   324 
46 92   716 
46 93   236 
46 94   353 
46 95   981 
46 96   434 
46 97   487 
46 98    78 
46 99   129 
46 100   364 
47 49   523 
47 50   441 
47 51   361 
47 52    92 
47 53   668 
47 54     3 
47 55   412 
47 56   429 
47 57   149 
47 58   187 
47 59    42 
47 60   137 
47 61   260 
47 62   593 
47 63   358 
47 64   115 
47 65   768 
47 66   522 
47 67    73 
47 68    86 
47 69   391 
47 70   943 
47 71   566 
47 72   111 
47 73   887 
47 74   849 
47 75    62 
47 76   771 
47 77   557 
47 78   449 
47 79   731 
47 80   723 
47 81    34 
47 82    54 
47 83    76 
47 84   245 
47 85   538 
47 86   970 
47 87   609 
47 88    80 
47 89   931 
47 90   344 
47 91   658 
47 92    50 
47 93   435 
47 94   563 
47 95   564 
47 96   164 
47 97     4 
47 98   492 
47 99   127 
47 100   693 
48 50   609 
48 51   686 
48 52   894 
48 53   643 
48 54   326 
48 55   194 
48 56   195 
48 57   944 
48 58   337 
48 59   859 
48 60   209 
48 61    62 
48 62   934 
48 63   819 
48 64   595 
48 65   316 
48 66    63 
48 67   284 
48 68   322 
48 69   491 
48 70   378 
48 71   392 
48 72   207 
48 73   318 
48 74   388 
48 75   996 
48 76   282 
48 77   817 
48 78    38 
48 79   106 
48 80   284 
48 81   183 
48 82   778 
48 83   623 
48 84   511 
48 85   227 
48 86   756 
48 87   803 
48 88   844 
48 89   376 
48 90   755 
48 91   514 
48 92    75 
48 93   797 
48 94   404 
48 95   963 
48 96   513 
48 97    86 
48 98   168 
48 99   560 
48 100   628 
49 51   227 
49 52   577 
49 53   960 
49 54     4 
49 55   453 
49 56   264 
49 57   515 
49 58    47 
49 59   999 
49 60   951 
49 61   959 
49 62   444 
49 63   440 
49 64    31 
49 65   387 
49 66   390 
49 67   807 
49 68   311 
49 69   497 
49 70   866 
49 71   764 
49 72   221 
49 73   223 
49 74   870 
49 75    31 
49 76   289 
49 77   973 
49 78   523 
49 79   770 
49 80   761 
49 81   829 
49 82   805 
49 83   788 
49 84   176 
49 85   813 
49 86   469 
49 87   767 
49 88    36 
49 89   936 
49 90   277 
49 91   315 
49 92   552 
49 93   267 
49 94   741 
49 95    57 
49 96   821 
49 97   924 
49 98   354 
49 99   367 
49 100   543 
50 52   974 
50 53   675 
50 54   392 
50 55   553 
50 56   949 
50 57   723 
50 58    24 
50 59   850 
50 60   220 
50 61   702 
50 62   662 
50 63   495 
50 64   434 
50 65   583 
50 66     4 
50 67   943 
50 68   604 
50 69    48 
50 70   252 
50 71   508 
50 72   273 
50 73   272 
50 74   784 
50 75   366 
50 76   125 
50 77   469 
50 78   801 
50 79   746 
50 80   454 
50 81   882 
50 82   489 
50 83    27 
50 84   616 
50 85   424 
50 86   337 
50 87   554 
50 88   455 
50 89   315 
50 90     0 
50 91   125 
50 92   627 
50 93   198 
50 94   558 
50 95   923 
50 96   775 
50 97    82 
50 98   526 
50 99   602 
50 100   535 
51 53   468 
51 54   714 
51 55   608 
51 56   837 
51 57   486 
51 58   376 
51 59   920 
51 60   763 
51 61   595 
51 62   163 
51 63   908 
51 64   773 
51 65   275 
51 66    73 
51 67   596 
51 68   324 
51 69   666 
51 70   816 
51 71   852 
51 72   519 
51 73   352 
51 74    81 
51 75   529 
51 76   770 
51 77   734 
51 78   468 
51 79   169 
51 80   446 
51 81   111 
51 82   984 
51 83   139 
51 84    13 
51 85   455 
51 86   894 
51 87   526 
51 88   375 
51 89   779 
51 90    35 
51 91   552 
51 92   805 
51 93   852 
51 94   317 
51 95   321 
51 96   436 
51 97    99 
51 98   334 
51 99   953 
51 100   902 
52 54    64 
52 55   659 
52 56   321 
52 57   907 
52 58   758 
52 59   600 
52 60   339 
52 61   492 
52 62   687 
52 63   998 
52 64    16 
52 65   709 
52 66   743 
52 67   864 
52 68   122 
52 69    18 
52 70    41 
52 71   790 
52 72   498 
52 73   823 
52 74   981 
52 75   354 
52 76   683 
52 77   838 
52 78   301 
52 79   822 
52 80   158 
52 81   169 
52 82   334 
52 83   692 
52 84   485 
52 85   562 
52 86    45 
52 87   574 
52 88   929 
52 89   650 
52 90   975 
52 91   727 
52 92   798 
52 93   399 
52 94   271 
52 95   785 
52 96   229 
52 97   732 
52 98    85 
52 99   842 
52 100   298 
53 55   945 
53 56   359 
53 57   581 
53 58   553 
53 59   627 
53 60   322 
53 61   607 
53 62   954 
53 63   283 
53 64   698 
53 65   847 
53 66   125 
53 67   158 
53 68   756 
53 69   308 
53 70   227 
53 71   614 
53 72   114 
53 73   718 
53 74   958 
53 75    39 
53 76   995 
53 77   540 
53 78   812 
53 79   329 
53 80   403 
53 81   761 
53 82   486 
53 83   289 
53 84   791 
53 85   251 
53 86    65 
53 87   251 
53 88    66 
53 89   990 
53 90   676 
53 91   778 
53 92   252 
53 93   722 
53 94   711 
53 95    99 
53 96   927 
53 97   478 
53 98   823 
53 99   963 
53 100   364 
54 56   565 
54 57   208 
54 58   847 
54 59   992 
54 60   273 
54 61   426 
54 62   934 
54 63   798 
54 64    83 
54 65     8 
54 66   221 
54 67   831 
54 68     5 
54 69    22 
54 70   921 
54 71   835 
54 72   596 
54 73   128 
54 74   546 
54 75    54 
54 76   312 
54 77   535 
54 78   374 
54 79   220 
54 80   456 
54 81   910 
54 82   261 
54 83   481 
54 84   562 
54 85   861 
54 86   486 
54 87   940 
54 88   250 
54 89   882 
54 90   701 
54 91   748 
54 92   563 
54 93   393 
54 94   724 
54 95    74 
54 96   494 
54 97   544 
54 98   912 
54 99   643 
54 100   965 
55 57   347 
55 58   550 
55 59   503 
55 60    62 
55 61   713 
55 62   634 
55 63   756 
55 64   682 
55 65   239 
55 66   976 
55 67   454 
55 68   220 
55 69   806 
55 70   106 
55 71   629 
55 72   931 
55 73   457 
55 74   209 
55 75   542 
55 76    96 
55 77   966 
55 78   315 
55 79   696 
55 80   889 
55 81   479 
55 82   478 
55 83   450 
55 84   527 
55 85   415 
55 86   385 
55 87   236 
55 88   648 
55 89   472 
55 90   910 
55 91   361 
55 92   456 
55 93    65 
55 94   279 
55 95   231 
55 96   689 
55 97   576 
55 98   486 
55 99   653 
55 100   828 
56 58    87 
56 59    47 
56 60   344 
56 61   147 
56 62   152 
56 63   640 
56 64   325 
56 65   635 
56 66   518 
56 67   514 
56 68    96 
56 69   258 
56 70   494 
56 71   316 
56 72    79 
56 73   523 
56 74   255 
56 75   909 
56 76   705 
56 77   897 
56 78   585 
56 79   789 
56 80   571 
56 81   318 
56 82   691 
56 83   696 
56 84   991 
56 85   600 
56 86    88 
56 87   676 
56 88   165 
56 89   668 
56 90   901 
56 91   343 
56 92   972 
56 93   641 
56 94   458 
56 95   958 
56 96   157 
56 97   983 
56 98   981 
56 99    21 
56 100   682 
57 59   362 
57 60   904 
57 61   394 
57 62   237 
57 63   216 
57 64   921 
57 65   360 
57 66   452 
57 67   423 
57 68   622 
57 69    32 
57 70   706 
57 71   482 
57 72   499 
57 73   908 
57 74   653 
57 75   618 
57 76   746 
57 77   625 
57 78   417 
57 79    32 
57 80   970 
57 81   811 
57 82   906 
57 83   846 
57 84   189 
57 85   333 
57 86   527 
57 87   475 
57 88   709 
57 89   765 
57 90   490 
57 91   236 
57 92   620 
57 93   442 
57 94   806 
57 95   117 
57 96   679 
57 97    13 
57 98   977 
57 99   700 
57 100   262 
58 60   817 
58 61   496 
58 62   914 
58 63     7 
58 64    64 
58 65   729 
58 66   434 
58 67   591 
58 68   607 
58 69   525 
58 70   460 
58 71   175 
58 72   345 
58 73    82 
58 74   511 
58 75   154 
58 76   777 
58 77   930 
58 78   868 
58 79   843 
58 80   992 
58 81   707 
58 82   907 
58 83   567 
58 84   867 
58 85   547 
58 86   533 
58 87   363 
58 88   319 
58 89   972 
58 90   819 
58 91   941 
58 92   771 
58 93   617 
58 94   302 
58 95   260 
58 96   450 
58 97   317 
58 98   457 
58 99   221 
58 100   307 
59 61   854 
59 62    17 
59 63   150 
59 64   149 
59 65   406 
59 66   631 
59 67   499 
59 68   933 
59 69   696 
59 70   384 
59 71    87 
59 72   456 
59 73   436 
59 74   766 
59 75   484 
59 76    33 
59 77   939 
59 78   151 
59 79   939 
59 80   387 
59 81   429 
59 82   547 
59 83   477 
59 84   785 
59 85   207 
59 86   506 
59 87   915 
59 88   643 
59 89   409 
59 90   586 
59 91   757 
59 92   542 
59 93   300 
59 94   122 
59 95   422 
59 96   525 
59 97   683 
59 98   644 
59 99    45 
59 100   487 
60 62   897 
60 63   983 
60 64   425 
60 65   178 
60 66   802 
60 67   553 
60 68   983 
60 69   365 
60 70   646 
60 71    49 
60 72   162 
60 73   193 
60 74   875 
60 75   336 
60 76   227 
60 77   758 
60 78   120 
60 79   765 
60 80   703 
60 81    87 
60 82   443 
60 83   556 
60 84   954 
60 85   192 
60 86   619 
60 87    50 
60 88   132 
60 89   632 
60 90     8 
60 91   828 
60 92   308 
60 93   381 
60 94   551 
60 95    16 
60 96   991 
60 97   299 
60 98   512 
60 99   487 
60 100    66 
61 63   109 
61 64   601 
61 65   114 
61 66   825 
61 67   837 
61 68    18 
61 69    46 
61 70   180 
61 71    19 
61 72   651 
61 73    37 
61 74    14 
61 75   853 
61 76   940 
61 77   862 
61 78   915 
61 79   709 
61 80    27 
61 81    52 
61 82   373 
61 83   512 
61 84   155 
61 85   746 
61 86   683 
61 87   486 
61 88   982 
61 89   274 
61 90   670 
61 91   766 
61 92   866 
61 93   914 
61 94   709 
61 95   238 
61 96   124 
61 97   974 
61 98   664 
61 99   152 
61 100   564 
62 64   749 
62 65   655 
62 66   118 
62 67     4 
62 68   385 
62 69   401 
62 70   184 
62 71   817 
62 72   666 
62 73   818 
62 74   774 
62 75   498 
62 76   648 
62 77   311 
62 78   346 
62 79   596 
62 80   467 
62 81   349 
62 82   586 
62 83   809 
62 84   963 
62 85   585 
62 86   367 
62 87    43 
62 88   922 
62 89   161 
62 90   360 
62 91   341 
62 92   242 
62 93   820 
62 94   433 
62 95   920 
62 96   902 
62 97   182 
62 98   209 
62 99   437 
62 100   575 
63 65   775 
63 66   734 
63 67   442 
63 68   489 
63 69   598 
63 70   123 
63 71   703 
63 72   350 
63 73   159 
63 74   743 
63 75   244 
63 76   684 
63 77   236 
63 78   337 
63 79   387 
63 80   490 
63 81   424 
63 82   868 
63 83    41 
63 84   708 
63 85   642 
63 86   112 
63 87   694 
63 88   445 
63 89   875 
63 90   641 
63 91   534 
63 92    26 
63 93   323 
63 94   823 
63 95   462 
63 96   210 
63 97   891 
63 98   571 
63 99   252 
63 100   446 
64 66   876 
64 67   100 
64 68   604 
64 69   627 
64 70   392 
64 71     6 
64 72   463 
64 73   524 
64 74   576 
64 75   476 
64 76   479 
64 77   197 
64 78   492 
64 79   695 
64 80   655 
64 81    40 
64 82   601 
64 83   662 
64 84   156 
64 85   278 
64 86   888 
64 87   915 
64 88   760 
64 89    28 
64 90   214 
64 91   848 
64 92   166 
64 93   491 
64 94   557 
64 95   461 
64 96   196 
64 97   188 
64 98   880 
64 99   615 
64 100   644 
65 67   579 
65 68   734 
65 69   504 
65 70   157 
65 71   845 
65 72    49 
65 73    39 
65 74    10 
65 75   930 
65 76   961 
65 77    36 
65 78   872 
65 79   832 
65 80   773 
65 81   935 
65 82   766 
65 83   345 
65 84   802 
65 85   968 
65 86    38 
65 87   998 
65 88   182 
65 89   889 
65 90   389 
65 91   228 
65 92   308 
65 93   203 
65 94   391 
65 95   785 
65 96    84 
65 97   348 
65 98    71 
65 99   790 
65 100   221 
66 68   344 
66 69   680 
66 70   423 
66 71   103 
66 72   540 
66 73   427 
66 74   296 
66 75   611 
66 76   669 
66 77   893 
66 78   725 
66 79   567 
66 80   880 
66 81   148 
66 82   746 
66 83   183 
66 84    93 
66 85   215 
66 86   731 
66 87   779 
66 88   883 
66 89   240 
66 90   287 
66 91   746 
66 92   763 
66 93   640 
66 94   521 
66 95   194 
66 96   959 
66 97   685 
66 98   278 
66 99   803 
66 100   282 
67 69   378 
67 70    25 
67 71   550 
67 72   143 
67 73   448 
67 74   776 
67 75   246 
67 76   134 
67 77   887 
67 78   907 
67 79   817 
67 80   853 
67 81   232 
67 82   484 
67 83   323 
67 84   511 
67 85   908 
67 86   943 
67 87   658 
67 88   393 
67 89   762 
67 90   530 
67 91   755 
67 92   223 
67 93   439 
67 94   572 
67 95   185 
67 96   745 
67 97   329 
67 98   594 
67 99   508 
67 100   101 
68 70   153 
68 71   298 
68 72    49 
68 73   508 
68 74   793 
68 75   752 
68 76   380 
68 77   520 
68 78   231 
68 79   322 
68 80   977 
68 81   421 
68 82   465 
68 83   284 
68 84   986 
68 85   390 
68 86   330 
68 87   515 
68 88    10 
68 89   446 
68 90   221 
68 91   322 
68 92   144 
68 93   827 
68 94   912 
68 95   992 
68 96   157 
68 97   279 
68 98   320 
68 99   267 
68 100   821 
69 71   717 
69 72   680 
69 73   442 
69 74   409 
69 75   333 
69 76   901 
69 77   450 
69 78   633 
69 79   683 
69 80    36 
69 81    30 
69 82    13 
69 83   576 
69 84   202 
69 85    77 
69 86   108 
69 87   964 
69 88   775 
69 89   876 
69 90   223 
69 91   735 
69 92   999 
69 93   187 
69 94   447 
69 95   726 
69 96   544 
69 97   381 
69 98   714 
69 99   605 
69 100   198 
70 72   954 
70 73   604 
70 74   458 
70 75   810 
70 76   466 
70 77   492 
70 78   111 
70 79   795 
70 80   567 
70 81   201 
70 82   536 
70 83   745 
70 84   589 
70 85   807 
70 86   961 
70 87   918 
70 88   494 
70 89   756 
70 90   671 
70 91   652 
70 92   861 
70 93   913 
70 94    23 
70 95   605 
70 96   862 
70 97   924 
70 98   264 
70 99   161 
70 100   754 
71 73   269 
71 74   123 
71 75   319 
71 76   871 
71 77   412 
71 78   775 
71 79    40 
71 80   572 
71 81   637 
71 82   147 
71 83   569 
71 84   870 
71 85   819 
71 86   399 
71 87   848 
71 88   488 
71 89   657 
71 90   821 
71 91   667 
71 92   314 
71 93   484 
71 94   634 
71 95   240 
71 96   933 
71 97   253 
71 98   739 
71 99   906 
71 100   252 
72 74   907 
72 75   458 
72 76   581 
72 77   376 
72 78   227 
72 79   170 
72 80   175 
72 81   919 
72 82   222 
72 83   152 
72 84   302 
72 85   664 
72 86   193 
72 87    13 
72 88   690 
72 89   253 
72 90   982 
72 91   658 
72 92   464 
72 93   926 
72 94   750 
72 95   305 
72 96   682 
72 97   657 
72 98   596 
72 99   475 
72 100   269 
73 75   835 
73 76    21 
73 77   943 
73 78    43 
73 79   878 
73 80   809 
73 81   677 
73 82    98 
73 83   736 
73 84   638 
73 85   828 
73 86   189 
73 87   997 
73 88   211 
73 89   614 
73 90   786 
73 91   520 
73 92   407 
73 93   198 
73 94   608 
73 95   485 
73 96   366 
73 97   535 
73 98   212 
73 99   375 
73 100   954 
74 76   578 
74 77   504 
74 78   409 
74 79   216 
74 80   231 
74 81   511 
74 82   890 
74 83   820 
74 84   553 
74 85   637 
74 86   906 
74 87   597 
74 88    69 
74 89   960 
74 90   758 
74 91   234 
74 92   756 
74 93   447 
74 94   560 
74 95   170 
74 96   653 
74 97   917 
74 98   222 
74 99   569 
74 100   735 
75 77   314 
75 78   362 
75 79   979 
75 80   188 
75 81   835 
75 82   348 
75 83   542 
75 84   146 
75 85   650 
75 86   236 
75 87   634 
75 88   566 
75 89   670 
75 90   849 
75 91   546 
75 92   490 
75 93   895 
75 94   654 
75 95   748 
75 96   560 
75 97   862 
75 98   699 
75 99   883 
75 100   839 
76 78   888 
76 79   334 
76 80   306 
76 81   457 
76 82   750 
76 83   391 
76 84   662 
76 85   490 
76 86   639 
76 87   761 
76 88   312 
76 89   104 
76 90     3 
76 91   611 
76 92   864 
76 93   245 
76 94   928 
76 95   744 
76 96   157 
76 97   321 
76 98   348 
76 99   411 
76 100   348 
77 79   106 
77 80   316 
77 81     8 
77 82   393 
77 83   305 
77 84   516 
77 85   431 
77 86   300 
77 87   686 
77 88   881 
77 89   266 
77 90   964 
77 91   513 
77 92   692 
77 93   465 
77 94   523 
77 95   310 
77 96    27 
77 97    81 
77 98   419 
77 99   948 
77 100   712 
78 80   851 
78 81   922 
78 82   847 
78 83    42 
78 84   690 
78 85   398 
78 86   554 
78 87   398 
78 88   487 
78 89   928 
78 90   510 
78 91   602 
78 92   666 
78 93   694 
78 94   855 
78 95   698 
78 96   375 
78 97   320 
78 98   322 
78 99   862 
78 100   732 
79 81   354 
79 82   660 
79 83   515 
79 84   328 
79 85   479 
79 86   158 
79 87   257 
79 88   487 
79 89   386 
79 90   755 
79 91   338 
79 92   835 
79 93   370 
79 94    41 
79 95   624 
79 96   630 
79 97   473 
79 98    65 
79 99   869 
79 100   986 
80 82   216 
80 83     3 
80 84   847 
80 85   982 
80 86    56 
80 87    59 
80 88   738 
80 89   350 
80 90   939 
80 91   629 
80 92   106 
80 93   672 
80 94   520 
80 95   937 
80 96   551 
80 97   613 
80 98   758 
80 99   563 
80 100   671 
81 83   919 
81 84   412 
81 85   534 
81 86   178 
81 87   512 
81 88   394 
81 89    64 
81 90   397 
81 91    83 
81 92   338 
81 93   972 
81 94   375 
81 95   644 
81 96   700 
81 97   308 
81 98    20 
81 99   654 
81 100   987 
82 84   168 
82 85   772 
82 86   595 
82 87   344 
82 88   924 
82 89   473 
82 90   426 
82 91    54 
82 92   341 
82 93   879 
82 94   594 
82 95   574 
82 96   690 
82 97   967 
82 98   146 
82 99   620 
82 100   358 
83 85   853 
83 86   219 
83 87   266 
83 88   368 
83 89   688 
83 90   456 
83 91   427 
83 92   816 
83 93   762 
83 94   391 
83 95   803 
83 96   170 
83 97     8 
83 98   917 
83 99   842 
83 100   273 
84 86   163 
84 87   571 
84 88    78 
84 89   150 
84 90    36 
84 91   592 
84 92   233 
84 93   729 
84 94   114 
84 95   995 
84 96   457 
84 97   830 
84 98   546 
84 99   187 
84 100   965 
85 87    47 
85 88    87 
85 89   766 
85 90   632 
85 91   238 
85 92   289 
85 93   791 
85 94   854 
85 95   861 
85 96   293 
85 97   451 
85 98   547 
85 99   713 
85 100   234 
86 88   123 
86 89   917 
86 90   321 
86 91   393 
86 92   559 
86 93   244 
86 94   481 
86 95   929 
86 96   999 
86 97   822 
86 98   673 
86 99    99 
86 100   435 
87 89   468 
87 90   207 
87 91   840 
87 92   768 
87 93   948 
87 94   727 
87 95   532 
87 96   948 
87 97   642 
87 98   972 
87 99   933 
87 100   604 
88 90   889 
88 91   327 
88 92     0 
88 93   682 
88 94   625 
88 95   121 
88 96   806 
88 97   589 
88 98   714 
88 99   630 
88 100   653 
89 91   943 
89 92   965 
89 93   622 
89 94    10 
89 95    30 
89 96    42 
89 97   800 
89 98   389 
89 99   753 
89 100    82 
90 92   460 
90 93   945 
90 94   703 
90 95   159 
90 96   800 
90 97   177 
90 98   148 
90 99   493 
90 100   497 
91 93   902 
91 94   241 
91 95   625 
91 96   889 
91 97   244 
91 98   353 
91 99    50 
91 100   898 
92 94   398 
92 95   761 
92 96   975 
92 97   502 
92 98   310 
92 99   809 
92 100   819 
93 95   828 
93 96    25 
93 97   477 
93 98   516 
93 99   383 
93 100   302 
94 96   605 
94 97   995 
94 98   881 
94 99   476 
94 100   867 
95 97   944 
95 98   735 
95 99   770 
95 100   688 
96 98    18 
96 99   421 
96 100   131 
97 99   981 
97 100   919 
98 100   980 
0 
0 
0 
0 
0 
0 
0 
0 
0 
0 
0 
0 
0 
0 
0 
0 
0 
0 
0 
0 
0 
0 
0 
0 
0 
0 
0 
0 
0 
0 
0 
0 
0 
0 
0 
0 
0 
0 
0 
0 
0 
0 
0 
0 
0 
0 
0 
0 
0 
0 
0 
0 
0 
0 
0 
0 
0 
0 
0 
0 
0 
0 
0 
0 
0 
0 
0 
0 
0 
0 
0 
0 
0 
0 
0 
0 
0 
0 
0 
0 
0 
0 
0 
0 
0 
0 
0 
0 
0 
0 
0 
0 
0 
0 
0 
0 
0 
0 
0 
0 
   39    33 
  885   272 
  669   424 
   81   476 
  631    83 
  413   573 
  350   803 
  697   780 
  763   716 
  674   770 
  521   387 
  285   270 
  887   525 
  556   123 
  301   214 
   70   197 
  493   998 
  992   418 
  570   797 
  272   779 
   80   655 
  672   744 
  361   998 
  377   315 
  484   752 
  232   973 
  687   542 
  790     6 
  610   376 
  422   536 
  674   878 
  687   562 
  686   777 
  333   801 
  892   312 
   64   367 
  415   959 
  120   415 
  354   914 
  509    58 
  663   543 
  596   878 
  643   949 
  245   255 
   69   201 
  541   677 
  827   555 
  199   155 
   90   320 
  754   899 
  362   858 
  979   516 
  772    48 
  134    86 
  812    41 
  826   178 
   83    12 
   77   422 
   46   775 
  739   714 
  259    22 
  279   258 
  593   901 
  304   765 
  404   318 
  265    30 
   45    59 
  618   351 
  883   502 
  883    53 
  779   845 
  985   681 
  799   750 
  691    59 
  701   480 
  678   465 
  290   396 
  694   435 
  485    35 
  570   638 
  164   147 
  885   371 
   12   678 
  508   406 
    3   563 
  319   856 
   15   720 
  165   648 
  325   272 
  836   331 
  984   507 
   83   381 
  266   285 
  116   699 
   36   218 
  797    68 
  539   660 
  408    38 
  824   983 
  185   558 
