80 1120 
1 41   583 
1 42    37 
2 42   486 
2 43   549 
3 43   802 
3 44   193 
4 44   517 
4 45   255 
5 45   346 
5 46   645 
6 46   881 
6 47   687 
7 47   819 
7 48   177 
8 48   117 
8 49   567 
9 49   919 
9 50   425 
10 50   613 
10 51    97 
11 51   429 
11 52   261 
12 52   641 
12 53   211 
13 53   660 
13 54   776 
14 54   895 
14 55   392 
15 55   124 
15 56   406 
16 56   696 
16 57   979 
17 57   826 
17 58   634 
18 58   390 
18 59   683 
19 59   861 
19 60   984 
20 60   273 
20 61   458 
21 61   591 
21 62   433 
22 62   956 
22 63   825 
23 63   596 
23 64   579 
24 64   323 
24 65   809 
25 65   387 
25 66   921 
26 66   630 
26 67   433 
27 67   754 
27 68   580 
28 68   874 
28 69   778 
29 69   333 
29 70   931 
30 70   511 
30 71   658 
31 71   545 
31 72   649 
32 72   289 
32 73   336 
33 73   514 
33 74   444 
34 74   716 
34 75   313 
35 75   713 
35 76   255 
36 76   223 
36 77   118 
37 77   351 
37 78   872 
38 78   186 
38 79   785 
39 79   790 
39 80   984 
40 80   911 
1 45    48 
1 46   280 
1 48   662 
1 49   377 
1 51   171 
1 52   561 
1 53   163 
1 54   658 
1 55   685 
1 56   487 
1 58   108 
1 61   171 
1 62   584 
1 63   548 
1 64   591 
1 66   531 
1 69   501 
1 70   150 
1 72    61 
1 76   341 
1 80   282 
2 41    60 
2 44   632 
2 45    56 
2 46   133 
2 47   143 
2 49   578 
2 50   157 
2 51    14 
2 52   507 
2 54   249 
2 55   450 
2 57   476 
2 58   193 
2 59   270 
2 60   634 
2 61   111 
2 62   340 
2 63   337 
2 65    53 
2 66   395 
2 69   260 
2 70   579 
2 71   638 
2 74   202 
2 75   391 
2 77   424 
2 78   141 
2 79   532 
2 80   324 
3 41     2 
3 46   498 
3 47   226 
3 48   459 
3 49   243 
3 50   632 
3 52   526 
3 54    17 
3 57   185 
3 58   357 
3 61   212 
3 62   661 
3 63   375 
3 64   630 
3 65   190 
3 66   210 
3 69    31 
3 71   479 
3 73   217 
3 74   472 
3 77   300 
3 78   174 
3 79   275 
3 80   675 
4 41    14 
4 42    64 
4 48   672 
4 49   253 
4 50   199 
4 51   584 
4 54   634 
4 55   472 
4 56    10 
4 57   416 
4 59   590 
4 60   643 
4 61   180 
4 62   638 
4 63   329 
4 64   450 
4 65   610 
4 67   689 
4 68   145 
4 70   151 
4 71   318 
4 72   154 
4 74   604 
4 75   430 
4 76   267 
4 77   408 
4 78    50 
4 79    83 
4 80   326 
5 41   524 
5 42   530 
5 43   302 
5 44   151 
5 47   170 
5 49     3 
5 51   614 
5 52   680 
5 53   184 
5 54   280 
5 55   617 
5 57   380 
5 59    89 
5 60    21 
5 61   269 
5 62   307 
5 64   133 
5 66   591 
5 67   568 
5 68   136 
5 69   172 
5 70   285 
5 71   518 
5 72   424 
5 73   543 
5 74   167 
5 77   260 
5 78   525 
5 79   273 
5 80   375 
6 41   391 
6 45   595 
6 48   644 
6 49    31 
6 50   596 
6 51    52 
6 52   298 
6 55   175 
6 56   344 
6 57   266 
6 58   416 
6 60   317 
6 61   172 
6 62    47 
6 63    34 
6 65    68 
6 67   697 
6 68   102 
6 69   334 
6 70   460 
6 72   105 
6 73   434 
6 74   457 
6 75   633 
6 76   570 
6 77   640 
6 78   541 
7 41   642 
7 42   695 
7 43   105 
7 45   409 
7 46   409 
7 49   662 
7 50   372 
7 51   291 
7 54   522 
7 57   438 
7 58   475 
7 59   560 
7 60   115 
7 61   224 
7 62   246 
7 63   512 
7 64   230 
7 65   534 
7 66   565 
7 67   495 
7 69   372 
7 70   107 
7 73    25 
7 74   660 
7 77   345 
8 41   224 
8 42   302 
8 43   399 
8 44   501 
8 45   115 
8 47   351 
8 50    36 
8 53   678 
8 54    93 
8 58   303 
8 59   548 
8 60   559 
8 61   499 
8 62   441 
8 63   427 
8 64   309 
8 65    79 
8 66   213 
8 67   241 
8 69   519 
8 71    65 
8 72     0 
8 73   584 
8 78   439 
8 79   353 
9 41   591 
9 42   650 
9 43   460 
9 44   153 
9 46   325 
9 47   250 
9 53   613 
9 54   420 
9 55   402 
9 57   338 
9 59   206 
9 60   566 
9 61    33 
9 64   316 
9 65   279 
9 67   131 
9 68   600 
9 69   539 
9 70   143 
9 73   521 
9 75   535 
9 76   405 
9 77   302 
9 79   192 
9 80   110 
10 41   512 
10 42   281 
10 44   302 
10 45    88 
10 46   181 
10 47   397 
10 48   307 
10 49   383 
10 54    63 
10 55   525 
10 57    23 
10 58   171 
10 60   366 
10 61   648 
10 62   270 
10 63   113 
10 64   213 
10 65    85 
10 66   197 
10 68   352 
10 70   565 
10 71   514 
10 73   385 
10 74   654 
10 75   470 
10 76   427 
10 77   536 
10 78   474 
10 79   110 
10 80   453 
11 42   305 
11 43   217 
11 44   172 
11 45    66 
11 48   121 
11 50   250 
11 53   440 
11 54   232 
11 55   671 
11 58   124 
11 59    29 
11 60   529 
11 62   225 
11 63   241 
11 64   360 
11 65    84 
11 67   582 
11 68   607 
11 69   501 
11 70    16 
11 71   620 
11 72   630 
11 73   427 
11 74   545 
11 75   645 
11 77   438 
11 79   501 
11 80     6 
12 41   599 
12 42   302 
12 43   285 
12 44   216 
12 45    70 
12 47   495 
12 48   400 
12 50   664 
12 56   669 
12 58    79 
12 59   108 
12 60   127 
12 61   654 
12 62   368 
12 64   625 
12 67   106 
12 68   154 
12 69   201 
12 71   332 
12 72   374 
12 73   424 
12 76   418 
12 80   285 
13 42   123 
13 43   506 
13 47   675 
13 48   589 
13 49   269 
13 51    69 
13 52    17 
13 55   675 
13 57   263 
13 58   247 
13 59   340 
13 61   553 
13 62     9 
13 64   208 
13 65   199 
13 67   317 
13 69    54 
13 72   597 
13 73    88 
13 74   136 
13 76   277 
13 77   550 
13 78   577 
13 80   554 
14 41    86 
14 42   590 
14 43   168 
14 44   673 
14 45   145 
14 46   113 
14 47   557 
14 48   396 
14 49   155 
14 50    77 
14 51   117 
14 52    27 
14 53   561 
14 56   529 
14 57   585 
14 58    65 
14 60   304 
14 62   169 
14 63   493 
14 64   390 
14 67   499 
14 68   675 
14 69   462 
14 75    41 
14 76   316 
14 77   315 
14 78   558 
14 80   295 
15 41   156 
15 42   106 
15 43   222 
15 44   379 
15 45   568 
15 46   137 
15 47   302 
15 49   615 
15 50   421 
15 51   169 
15 53   462 
15 58   507 
15 59   120 
15 60   252 
15 61   515 
15 62   564 
15 64   539 
15 65   403 
15 66    81 
15 67   236 
15 68   313 
15 69   541 
15 71   687 
15 72   109 
15 76   264 
15 77   137 
15 78   646 
15 79   126 
15 80   217 
16 41   580 
16 42   573 
16 43   464 
16 44   578 
16 46   184 
16 47   188 
16 51   259 
16 52   267 
16 55   674 
16 58   679 
16 61   492 
16 62   424 
16 65   339 
16 67   362 
16 68   410 
16 70   111 
16 71   252 
16 72    72 
16 73   653 
16 74   521 
16 75   448 
16 77   439 
16 78   544 
16 79   312 
16 80    72 
17 41     9 
17 42   670 
17 43   107 
17 44   320 
17 46   290 
17 49   265 
17 50   555 
17 51   191 
17 55   646 
17 56   136 
17 60   567 
17 61   689 
17 62   639 
17 63    87 
17 65   201 
17 66   342 
17 67    79 
17 68   638 
17 69   557 
17 70   602 
17 71   363 
17 72   652 
17 75   466 
17 76     3 
17 77   187 
17 78    12 
17 79   356 
18 42   431 
18 43   151 
18 44   522 
18 49   276 
18 50   515 
18 51   327 
18 53   562 
18 54   669 
18 55   310 
18 56   430 
18 57   267 
18 60   269 
18 61    96 
18 62   258 
18 63     7 
18 64   158 
18 67   548 
18 69    39 
18 70   362 
18 72   344 
18 73   538 
18 74   475 
18 76   690 
18 77   149 
19 42   346 
19 43   180 
19 46   642 
19 47   545 
19 48   450 
19 49   641 
19 50   440 
19 51   500 
19 52   106 
19 53   281 
19 54   612 
19 56   178 
19 57   326 
19 62   305 
19 64   658 
19 66   119 
19 68   535 
19 69   217 
19 71   243 
19 73   545 
19 76    36 
19 77   345 
20 41   496 
20 42   175 
20 43   340 
20 45   396 
20 46   643 
20 48   648 
20 51   676 
20 52   538 
20 53   470 
20 54   482 
20 57   426 
20 59   116 
20 64   615 
20 65   660 
20 66    67 
20 67   333 
20 68   417 
20 69    54 
20 71   592 
20 74   645 
20 76   448 
20 77   646 
21 42   393 
21 43   662 
21 44   419 
21 45    93 
21 46   117 
21 47   137 
21 49   380 
21 52   346 
21 53   429 
21 57   197 
21 58   201 
21 59   223 
21 60    97 
21 63   417 
21 65   383 
21 66   161 
21 67   503 
21 69   294 
21 70   456 
21 71   495 
21 72   354 
21 73   408 
21 74   277 
21 75   464 
21 76    76 
21 77   477 
21 78   455 
21 79   324 
21 80   613 
22 41   124 
22 42    43 
22 43   692 
22 45   471 
22 46   614 
22 49   535 
22 52   107 
22 54   581 
22 56   304 
22 58   306 
22 59   683 
22 60   379 
22 64   559 
22 65   553 
22 66   690 
22 68   693 
22 69   524 
22 70   638 
22 71   679 
22 72   588 
22 73   468 
22 75   466 
22 76   403 
22 77   248 
22 78    97 
22 80   208 
23 42   450 
23 44   578 
23 46   279 
23 47   599 
23 48    89 
23 49   128 
23 50   557 
23 51    20 
23 52   364 
23 53   504 
23 54   648 
23 55    22 
23 56   368 
23 57   217 
23 58   338 
23 60   489 
23 62   687 
23 67   289 
23 68   252 
23 69    31 
23 70   546 
23 71   608 
23 73    37 
23 74   132 
23 77   135 
23 78   624 
23 79   260 
23 80   162 
24 42   274 
24 43    68 
24 46   516 
24 47   686 
24 48   200 
24 49   240 
24 50     5 
24 51   129 
24 52   364 
24 53    41 
24 54   656 
24 55   388 
24 56   393 
24 57   678 
24 61   501 
24 63   594 
24 66   445 
24 67   402 
24 68   457 
24 69   174 
24 70   571 
24 71    30 
24 72   491 
24 73   389 
24 76   296 
24 77   502 
24 78   105 
24 79   490 
24 80   565 
25 41   552 
25 42   609 
25 43   320 
25 48   386 
25 49   155 
25 53   355 
25 55   113 
25 56    25 
25 57   641 
25 58   142 
25 59   660 
25 60   383 
25 61   403 
25 62   203 
25 63   627 
25 64   139 
25 67     4 
25 68   625 
25 69   244 
25 70   235 
25 71   463 
25 72   406 
25 73   315 
25 75   339 
25 76   228 
25 77    91 
25 79   103 
26 41   354 
26 42    38 
26 43   552 
26 44   361 
26 47   288 
26 49   145 
26 50   574 
26 51   513 
26 53     3 
26 55   438 
26 56   567 
26 60   188 
26 61   324 
26 62   109 
26 64   508 
26 69   134 
26 71   141 
26 72   497 
26 76   212 
26 77   613 
26 78   498 
26 79   623 
27 43   542 
27 45   388 
27 46   598 
27 47   244 
27 48   132 
27 50   600 
27 51    22 
27 54   530 
27 57   340 
27 58   648 
27 60    36 
27 61   336 
27 62   238 
27 64   551 
27 65     8 
27 66   291 
27 70   663 
27 72   412 
27 74   460 
27 78   652 
27 79   143 
27 80   349 
28 42   431 
28 43   180 
28 46   458 
28 52   389 
28 53   443 
28 54   593 
28 55   589 
28 56   441 
28 57   404 
28 59   660 
28 60   246 
28 61   656 
28 62     2 
28 64   195 
28 66   363 
28 67   369 
28 70    69 
28 73    36 
28 74   289 
28 75   213 
28 76    10 
28 78   448 
28 79   309 
28 80   580 
29 41   346 
29 42   429 
29 43   674 
29 47   566 
29 50   392 
29 53   367 
29 55    39 
29 56   579 
29 58   463 
29 59   555 
29 60   638 
29 61   415 
29 63   445 
29 64   236 
29 65   596 
29 67   114 
29 68    15 
29 72   474 
29 73   333 
29 74    79 
29 76   192 
29 78   479 
29 80   510 
30 41   252 
30 42    25 
30 43   251 
30 46   292 
30 50   398 
30 51   456 
30 54   433 
30 55   269 
30 56   117 
30 57   533 
30 61   663 
30 62   625 
30 63   167 
30 64   209 
30 66   237 
30 67   466 
30 68   323 
30 73   105 
30 75   690 
30 78   300 
30 79   453 
31 42   327 
31 43   248 
31 44   323 
31 45     9 
31 46   479 
31 48     6 
31 51   411 
31 52   573 
31 54   125 
31 55    97 
31 56   334 
31 57   316 
31 58   660 
31 60   208 
31 61   172 
31 62    77 
31 64   290 
31 65   231 
31 66   443 
31 67   314 
31 69   528 
31 74    10 
31 75   560 
31 76   330 
31 77    55 
31 78   340 
31 80    57 
32 41   579 
32 42   360 
32 43   178 
32 44   146 
32 45   182 
32 47   674 
32 48   664 
32 53   680 
32 54    90 
32 56   685 
32 57   248 
32 58   190 
32 59   660 
32 60   142 
32 61   278 
32 62   333 
32 64   281 
32 65   554 
32 66   464 
32 67   688 
32 68   425 
32 70   245 
32 71   676 
32 74    28 
32 75   312 
32 76   187 
32 77   291 
32 78   549 
33 41   572 
33 45   395 
33 47   486 
33 48   285 
33 49   646 
33 52   411 
33 53   680 
33 54   540 
33 56   297 
33 57   264 
33 58   662 
33 59   545 
33 60   200 
33 62   606 
33 63    20 
33 64   333 
33 66   136 
33 68   270 
33 70   376 
33 71   378 
33 72   156 
33 75   300 
33 76   661 
33 78   657 
33 79   159 
33 80   647 
34 41   575 
34 42   424 
34 43   418 
34 45   179 
34 46   501 
34 47   530 
34 49   179 
34 50   368 
34 51   149 
34 52   430 
34 53   677 
34 55    12 
34 57   241 
34 59   330 
34 60   671 
34 62   211 
34 65   524 
34 66    55 
34 67    41 
34 68   161 
34 70   659 
34 71   424 
34 72   686 
34 73   599 
34 76   693 
34 77   287 
34 79   632 
34 80   578 
35 42   684 
35 43   447 
35 45   295 
35 46   458 
35 48   684 
35 49   223 
35 50   361 
35 51    75 
35 52   242 
35 53   169 
35 55   357 
35 57   308 
35 59   263 
35 61   263 
35 62   414 
35 63   493 
35 64   105 
35 65   179 
35 66   174 
35 67    86 
35 68    63 
35 70    22 
35 71   584 
35 72   535 
35 73   405 
35 74   234 
35 77   467 
35 79   159 
35 80    49 
36 41   164 
36 42   346 
36 43   335 
36 44   152 
36 45   387 
36 46   299 
36 47   689 
36 49   594 
36 50   169 
36 52   678 
36 54   463 
36 55   341 
36 57   685 
36 59   270 
36 61   598 
36 62   497 
36 63   462 
36 64   298 
36 65   214 
36 68   367 
36 69    87 
36 70   273 
36 71    77 
36 73   546 
36 74   673 
36 75   560 
36 78   640 
36 79   376 
36 80    22 
37 41   511 
37 45   110 
37 46   202 
37 47   259 
37 52   372 
37 53   558 
37 54   607 
37 55   414 
37 57   625 
37 58   225 
37 59   364 
37 61   520 
37 62   504 
37 63   160 
37 64   673 
37 65   667 
37 67   586 
37 68   202 
37 72   203 
37 73   181 
37 74   484 
37 75   568 
37 79   562 
37 80   293 
38 41   296 
38 42   444 
38 45   624 
38 46   263 
38 47   574 
38 48   294 
38 49   553 
38 50   364 
38 51   135 
38 53   199 
38 55   126 
38 56   102 
38 58    87 
38 59   608 
38 60   350 
38 61   498 
38 63   563 
38 65     6 
38 66   589 
38 68   175 
38 69   609 
38 70   649 
38 71   443 
38 72   247 
38 74   653 
38 76   487 
38 77   354 
38 80    13 
39 44   193 
39 45   141 
39 47    84 
39 49   446 
39 50    73 
39 51    96 
39 54   104 
39 55    14 
39 56   562 
39 57   125 
39 58   362 
39 59   111 
39 60   170 
39 61   474 
39 63   426 
39 64   255 
39 66   627 
39 67   599 
39 68   678 
39 69    20 
39 70   560 
39 71   487 
39 72   359 
39 73    69 
39 75   174 
39 76   647 
39 77   547 
40 41   346 
40 43   546 
40 44   611 
40 45   425 
40 47   221 
40 48     3 
40 53   571 
40 54    88 
40 55   471 
40 57    19 
40 58   255 
40 59   480 
40 60   615 
40 61   639 
40 63   503 
40 65   245 
40 66   365 
40 69   319 
40 70   467 
40 71   262 
40 72   685 
40 73    29 
40 74    42 
40 76   621 
40 77   204 
40 78     4 
40 79   478 
0 
0 
0 
0 
0 
0 
0 
0 
0 
0 
0 
0 
0 
0 
0 
0 
0 
0 
0 
0 
0 
0 
0 
0 
0 
0 
0 
0 
0 
0 
0 
0 
0 
0 
0 
0 
0 
0 
0 
0 
0 
0 
0 
0 
0 
0 
0 
0 
0 
0 
0 
0 
0 
0 
0 
0 
0 
0 
0 
0 
0 
0 
0 
0 
0 
0 
0 
0 
0 
0 
0 
0 
0 
0 
0 
0 
0 
0 
0 
0 
  243   660 
  491   646 
  393   545 
  956   900 
  259   366 
   90   218 
  599   983 
  108    66 
  787   268 
  636   155 
  717   470 
   74   654 
    9   774 
  959   763 
  604   969 
  402   129 
  601   785 
  905   109 
  216   752 
  422   487 
  935   570 
  603   634 
  920   921 
   47   976 
  381   785 
  658   261 
  826   937 
  465   515 
  883   885 
  579   459 
  404   518 
  821   156 
  190    74 
  401   993 
  958   850 
  420   540 
  999   642 
  192   189 
  630   129 
  901   546 
  768   886 
  300   962 
  997    89 
   52   437 
  145    85 
  657   954 
  411    47 
   31   933 
  624   198 
  880   586 
  908   919 
   77   928 
  603   378 
  710   764 
  834   248 
  524   673 
  623   140 
  862   881 
  390   284 
  761   378 
  932   183 
  204   282 
  692   171 
  109   178 
  328   721 
  745   944 
  390    65 
  449   963 
  907    85 
  816    41 
  290   917 
  337   345 
  934   836 
  398   957 
  298   735 
  332   213 
  778   155 
  871   556 
  166   116 
  139    23 
80 2216 
1 2   368 
2 3   492 
3 4   278 
4 5    76 
5 6   382 
6 7   399 
7 8   783 
8 9    11 
9 10   207 
10 11   388 
11 12   444 
12 13   536 
13 14   737 
14 15   949 
15 16   277 
16 17    50 
17 18   158 
18 19   934 
19 20   456 
20 21   995 
21 22   952 
22 23     2 
23 24   121 
24 25   165 
25 26   818 
26 27   602 
27 28   559 
28 29   574 
29 30   267 
30 31   819 
31 32    37 
32 33   215 
33 34   228 
34 35   110 
35 36   412 
36 37   486 
37 38   851 
38 39    97 
39 40     8 
40 41   864 
41 42   385 
42 43   746 
43 44    87 
44 45   210 
45 46   121 
46 47   474 
47 48   844 
48 49   278 
49 50   482 
50 51   922 
51 52   841 
52 53   931 
53 54   767 
54 55   855 
55 56   470 
56 57   571 
57 58   747 
58 59   921 
59 60   450 
60 61    17 
61 62   971 
62 63   341 
63 64   151 
64 65   833 
65 66   396 
66 67   170 
67 68   104 
68 69   298 
69 70   641 
70 71   434 
71 72   975 
72 73   584 
73 74   610 
74 75    60 
75 76   617 
76 77   517 
77 78   450 
78 79   556 
79 80   811 
1 3   359 
1 4   605 
1 5   224 
1 7   675 
1 8   859 
1 9   408 
1 10   565 
1 15   529 
1 16   320 
1 17   260 
1 20   862 
1 22   214 
1 23   712 
1 24   509 
1 25   708 
1 26    56 
1 28    45 
1 29   632 
1 31   469 
1 33   813 
1 34   984 
1 37   841 
1 39    29 
1 40   565 
1 41   138 
1 42   808 
1 43   241 
1 45   653 
1 46   149 
1 49   618 
1 50   245 
1 51   220 
1 52   675 
1 54   149 
1 55    72 
1 56   904 
1 57   569 
1 58   310 
1 59   401 
1 60   446 
1 61   994 
1 62   205 
1 63    69 
1 64   183 
1 65   562 
1 66   215 
1 67   192 
1 68   864 
1 69   206 
1 70    93 
1 72   748 
1 73   462 
1 74   935 
1 75   616 
1 76   227 
1 77   954 
1 80   686 
2 5   793 
2 6   828 
2 8   738 
2 9   509 
2 10   371 
2 12   749 
2 13   165 
2 14   952 
2 15     5 
2 18   891 
2 19   567 
2 22    59 
2 23   206 
2 24   838 
2 26   855 
2 27   195 
2 29   982 
2 33   299 
2 36   122 
2 38   955 
2 39   916 
2 40   272 
2 41   692 
2 45   360 
2 46   812 
2 47   281 
2 49   991 
2 50   703 
2 51     3 
2 52   932 
2 55   136 
2 56    11 
2 58   847 
2 59   941 
2 61   486 
2 63   950 
2 64   491 
2 65   873 
2 68    87 
2 69   455 
2 72   950 
2 74   336 
2 76   257 
2 77   122 
2 78   566 
2 79   652 
3 5   325 
3 8   724 
3 10   358 
3 15   685 
3 16   630 
3 17   663 
3 18   392 
3 21   617 
3 22   500 
3 23    75 
3 24   470 
3 25    26 
3 26   545 
3 27   616 
3 28   157 
3 29   541 
3 30   640 
3 31   866 
3 32   170 
3 33   969 
3 34   928 
3 35   963 
3 36   318 
3 37   334 
3 38   333 
3 39   234 
3 41   981 
3 43   153 
3 44   951 
3 45   621 
3 46   657 
3 47   870 
3 48   313 
3 49   544 
3 51   532 
3 53   813 
3 54    86 
3 55   219 
3 56   792 
3 57   991 
3 59   312 
3 61   579 
3 63   313 
3 64   625 
3 65   812 
3 66    95 
3 67   708 
3 70   786 
3 72   541 
3 73   979 
3 74   709 
3 75   684 
3 77   177 
3 78   660 
4 7   851 
4 8   536 
4 9   673 
4 10   356 
4 11   763 
4 12   734 
4 13   241 
4 17   115 
4 18   561 
4 20   763 
4 21   629 
4 22   291 
4 23   671 
4 25   286 
4 26   796 
4 27   350 
4 28    71 
4 29   569 
4 30   371 
4 32   350 
4 33   684 
4 34   890 
4 36   256 
4 37   644 
4 40    95 
4 41   277 
4 45    22 
4 48   625 
4 51   352 
4 53   854 
4 54   245 
4 55   793 
4 56   993 
4 57   900 
4 58   747 
4 61   569 
4 62   427 
4 63   217 
4 64   266 
4 66   459 
4 67   706 
4 68   899 
4 69   665 
4 70   551 
4 71   221 
4 72   376 
4 74   878 
4 75   599 
4 76   493 
4 78   331 
4 79   354 
4 80   938 
5 7   129 
5 9   262 
5 10   308 
5 11   503 
5 12    94 
5 13   450 
5 14   528 
5 15   756 
5 18   796 
5 19   621 
5 20   451 
5 21    14 
5 22   961 
5 23   618 
5 24   604 
5 25   343 
5 28   405 
5 29   551 
5 31   787 
5 33   266 
5 35   229 
5 36    38 
5 38   157 
5 39   662 
5 40   106 
5 41   315 
5 42   353 
5 44   719 
5 45   855 
5 46   905 
5 48   923 
5 50   170 
5 51   792 
5 52   913 
5 53   366 
5 55   183 
5 56   720 
5 58   995 
5 59   788 
5 61   291 
5 65   676 
5 67   740 
5 68   777 
5 69   322 
5 70   857 
5 71   429 
5 72   327 
5 73   468 
5 76   511 
5 80   526 
6 11   433 
6 13   814 
6 14   618 
6 16   259 
6 18    23 
6 20   306 
6 21   848 
6 23   823 
6 25   785 
6 28    71 
6 29   396 
6 30    53 
6 31   542 
6 33   465 
6 35   989 
6 36   819 
6 39   236 
6 40   367 
6 41    45 
6 43   419 
6 45   150 
6 46   264 
6 47   214 
6 48   701 
6 49   699 
6 50   242 
6 51   296 
6 54   598 
6 55   120 
6 56   477 
6 57   656 
6 58   424 
6 61   544 
6 62   580 
6 63   800 
6 64   279 
6 65   790 
6 66   797 
6 68   280 
6 71   482 
6 73   155 
6 75   468 
6 76   315 
6 77   301 
6 79   114 
6 80   246 
7 9   511 
7 12   156 
7 13   991 
7 15   421 
7 16   397 
7 17   512 
7 18   838 
7 19   913 
7 20   323 
7 21   318 
7 22   509 
7 23   178 
7 27   582 
7 28   121 
7 29   917 
7 30    61 
7 31    75 
7 33   314 
7 34   760 
7 35   834 
7 36   731 
7 37   791 
7 38   778 
7 39   179 
7 40   248 
7 42   409 
7 43   552 
7 44    14 
7 45   703 
7 46   212 
7 47   664 
7 48   207 
7 49   167 
7 50   701 
7 51   715 
7 52   513 
7 53   615 
7 55   887 
7 56   583 
7 57   110 
7 61    25 
7 62   219 
7 64    27 
7 65   601 
7 66   565 
7 67   617 
7 68   924 
7 71   700 
7 73   969 
7 74   199 
7 80   256 
8 12   252 
8 13   202 
8 15    55 
8 16   157 
8 17   255 
8 18   349 
8 20     5 
8 21   938 
8 22   290 
8 23   330 
8 24   539 
8 25   352 
8 27   953 
8 29   915 
8 30   719 
8 31   435 
8 32   262 
8 33   477 
8 34   559 
8 38   620 
8 40   577 
8 42   494 
8 46   505 
8 47   928 
8 48   841 
8 49   562 
8 50    65 
8 51   345 
8 54   530 
8 55   944 
8 56   409 
8 57   145 
8 58   441 
8 59   887 
8 62   238 
8 64   270 
8 65   432 
8 67   399 
8 68   838 
8 69   305 
8 70   596 
8 71   662 
8 72   621 
8 73   317 
8 75   354 
8 76   837 
8 77   906 
8 79   533 
8 80   690 
9 11   301 
9 12   434 
9 14   827 
9 16   693 
9 17   925 
9 18   278 
9 20   511 
9 21   647 
9 22   479 
9 23   628 
9 25   270 
9 30    46 
9 32   567 
9 33   603 
9 34   352 
9 35   787 
9 36   853 
9 37   692 
9 39   330 
9 40   346 
9 41   643 
9 43   651 
9 44   527 
9 45   245 
9 49   496 
9 50   108 
9 53   430 
9 54   212 
9 56   941 
9 57   537 
9 58   555 
9 60   285 
9 61   249 
9 62   892 
9 63   951 
9 64   240 
9 65    86 
9 67   784 
9 69   997 
9 70    66 
9 73   738 
9 76   931 
9 78   423 
9 79   876 
10 12   962 
10 13   350 
10 14   589 
10 15   826 
10 16   448 
10 17   218 
10 18   977 
10 19   556 
10 20   756 
10 21   486 
10 22   405 
10 26     3 
10 27   797 
10 29   149 
10 30   288 
10 31   797 
10 32   413 
10 35   886 
10 36   725 
10 37   668 
10 38   159 
10 39   996 
10 40    67 
10 41   709 
10 42   389 
10 43   972 
10 44   597 
10 46   899 
10 47   525 
10 48   639 
10 51   348 
10 52   512 
10 53   365 
10 55   528 
10 56   121 
10 57   874 
10 58   488 
10 59   244 
10 60   289 
10 61   157 
10 62   219 
10 63   665 
10 64   183 
10 65   946 
10 66   937 
10 67   774 
10 68   182 
10 69   601 
10 70   755 
10 72   888 
10 73   434 
10 74    39 
10 76   301 
10 79   638 
10 80   157 
11 13   909 
11 15   753 
11 16   850 
11 18   579 
11 19    90 
11 20   562 
11 24   114 
11 25   381 
11 28    13 
11 29   194 
11 30   522 
11 31   667 
11 33   284 
11 34   859 
11 35   958 
11 37   744 
11 38   973 
11 39   904 
11 42   695 
11 43   107 
11 46   437 
11 47   308 
11 48   252 
11 50   594 
11 51   867 
11 52   234 
11 54   936 
11 56   884 
11 58   454 
11 62   723 
11 63   963 
11 64   641 
11 65    99 
11 66   190 
11 67   339 
11 70   742 
11 72   833 
11 73   557 
11 77   166 
11 79   222 
12 14   831 
12 15   444 
12 16   986 
12 19   569 
12 20   490 
12 22   628 
12 23   850 
12 24   104 
12 26   467 
12 27   545 
12 28   400 
12 29   943 
12 30   240 
12 34   194 
12 35   711 
12 36   938 
12 37   232 
12 38   547 
12 39   370 
12 40   602 
12 41    86 
12 42   197 
12 43   874 
12 44   333 
12 46   998 
12 47   467 
12 48   166 
12 50   843 
12 51   831 
12 53   662 
12 54   711 
12 55     7 
12 56   642 
12 57   754 
12 58    89 
12 60    30 
12 61   128 
12 62   336 
12 63   491 
12 64   467 
12 65   661 
12 66   274 
12 67    39 
12 69   162 
12 70   966 
12 71   865 
12 72   884 
12 73   261 
12 75   899 
12 76   966 
12 77   281 
12 79   462 
12 80   407 
13 15   711 
13 16   635 
13 17   171 
13 18   195 
13 19   107 
13 21   729 
13 24   791 
13 25   334 
13 26   455 
13 27   516 
13 28   857 
13 30   533 
13 31   482 
13 34   120 
13 35   651 
13 37   215 
13 38   696 
13 39   607 
13 41   539 
13 43   306 
13 44   421 
13 46   389 
13 47   571 
13 48   800 
13 50   492 
13 51   235 
13 52   159 
13 55   820 
13 56   609 
13 57    71 
13 58   696 
13 60    44 
13 61   528 
13 65   119 
13 66   596 
13 67   777 
13 69    18 
13 71   120 
13 72   807 
13 73   318 
13 74   342 
13 75   608 
13 76   139 
13 77   218 
13 80   452 
14 16   853 
14 19   508 
14 23    37 
14 24   560 
14 25   554 
14 26   264 
14 28   190 
14 29   437 
14 30   869 
14 31   711 
14 32   528 
14 35   188 
14 36   651 
14 38   682 
14 39   924 
14 40   902 
14 41   138 
14 42   648 
14 43    29 
14 44   863 
14 45   946 
14 47   649 
14 48   543 
14 49   240 
14 50   569 
14 51   874 
14 54    63 
14 56   560 
14 58   345 
14 59   414 
14 60   657 
14 63   592 
14 65   732 
14 66   829 
14 69   826 
14 71   907 
14 72   716 
14 73   644 
14 75   946 
14 79   462 
15 17   884 
15 18   563 
15 19   939 
15 20   428 
15 21   573 
15 22   462 
15 23   383 
15 24   513 
15 26   196 
15 27   789 
15 30   612 
15 31   390 
15 34     7 
15 36   353 
15 37   649 
15 38   910 
15 40   446 
15 41   968 
15 42   210 
15 43   120 
15 45   708 
15 47    13 
15 48   714 
15 52   899 
15 53   510 
15 54   236 
15 55   360 
15 58   236 
15 59   247 
15 60   182 
15 65    67 
15 66   113 
15 67   418 
15 68   500 
15 69   708 
15 70   352 
15 71   435 
15 74   499 
15 75   962 
15 78   585 
15 80   105 
16 18   773 
16 21   114 
16 24    58 
16 25   699 
16 27   743 
16 28   167 
16 30    44 
16 31   352 
16 32   332 
16 34    37 
16 35   404 
16 36   797 
16 37   969 
16 38   934 
16 41   818 
16 42   842 
16 43   534 
16 44   267 
16 46   331 
16 47   247 
16 48   651 
16 49   545 
16 50   920 
16 53   488 
16 55   647 
16 56   353 
16 57   516 
16 58   250 
16 59   847 
16 60   184 
16 61    44 
16 62   975 
16 63    55 
16 65   646 
16 66   348 
16 67   745 
16 68   333 
16 69   520 
16 70   815 
16 72   140 
16 73   698 
16 75   392 
16 77    10 
16 78   695 
16 80   968 
17 22   683 
17 23   688 
17 24   939 
17 25   667 
17 26   232 
17 28   391 
17 29   873 
17 30   547 
17 31   482 
17 32   779 
17 33   105 
17 35   479 
17 36   948 
17 37    76 
17 41   369 
17 42   466 
17 43   478 
17 44   174 
17 45   779 
17 46   860 
17 47   370 
17 48   815 
17 49   940 
17 50   145 
17 51   414 
17 52     2 
17 53   530 
17 55   912 
17 56   888 
17 57   447 
17 58   688 
17 59   468 
17 61   715 
17 62   505 
17 63   212 
17 65    99 
17 66   736 
17 68   418 
17 70   111 
17 73   509 
17 74   185 
17 75   934 
17 77   544 
17 78   291 
17 79   909 
18 20   440 
18 21    80 
18 22   543 
18 24   144 
18 25   846 
18 26   181 
18 30   553 
18 31   657 
18 32   558 
18 33   964 
18 34   638 
18 37   714 
18 38   293 
18 39   850 
18 41   263 
18 42    89 
18 43   269 
18 44   395 
18 45   290 
18 46   479 
18 47   337 
18 48    47 
18 49   928 
18 51   586 
18 54   724 
18 56   580 
18 59   692 
18 60   341 
18 61   382 
18 63    37 
18 64   502 
18 65   527 
18 67   584 
18 68   690 
18 69     0 
18 70   419 
18 71    60 
18 75   635 
18 76   508 
18 78   899 
19 21   993 
19 23   263 
19 24   657 
19 25   358 
19 27   199 
19 29   488 
19 30   264 
19 31    43 
19 32   357 
19 33   695 
19 34   443 
19 35   936 
19 37   344 
19 38   984 
19 39    70 
19 41   894 
19 42   562 
19 43   678 
19 46   384 
19 47   573 
19 48   639 
19 49   199 
19 50    33 
19 51   841 
19 53   295 
19 54   822 
19 55   853 
19 56   793 
19 57   227 
19 59    90 
19 60   873 
19 63     5 
19 64   349 
19 65   565 
19 66   906 
19 68   207 
19 69   210 
19 70   246 
19 71   473 
19 72   701 
19 73   471 
19 74   449 
19 75   469 
19 76   230 
19 77    90 
19 78   374 
19 80   375 
20 22   417 
20 23   252 
20 24   374 
20 25   579 
20 26   524 
20 28   382 
20 29   848 
20 31   336 
20 32   212 
20 33   329 
20 34   910 
20 35   131 
20 36    54 
20 37    62 
20 38    94 
20 39   339 
20 40   681 
20 41   987 
20 42   815 
20 43   408 
20 44   121 
20 45    57 
20 48   698 
20 50   492 
20 51   430 
20 52   490 
20 53   490 
20 54   148 
20 57   101 
20 58   296 
20 59   386 
20 60   184 
20 61   101 
20 63     6 
20 64   980 
20 66   598 
20 67   854 
20 69   657 
20 71   186 
20 72   880 
20 76   858 
20 78   127 
20 79   916 
20 80    19 
21 23   645 
21 24    83 
21 25    97 
21 26   555 
21 27   661 
21 28   747 
21 30   641 
21 31   864 
21 32   375 
21 33    61 
21 34   561 
21 35   620 
21 37   367 
21 38   652 
21 40   176 
21 41    25 
21 42   102 
21 45     3 
21 47   698 
21 48   655 
21 49   843 
21 50   309 
21 51   598 
21 52   123 
21 54   489 
21 55   301 
21 56   280 
21 57   738 
21 58   185 
21 59   534 
21 60   399 
21 61   488 
21 64   668 
21 65   564 
21 66   874 
21 68   113 
21 69   463 
21 71   153 
21 72   708 
21 75   977 
21 76   636 
21 77    73 
21 78   599 
21 80   300 
22 25   897 
22 27   860 
22 29   309 
22 31   316 
22 33   402 
22 34   847 
22 35   572 
22 36   499 
22 37    29 
22 38   789 
22 39   498 
22 40   449 
22 41   819 
22 43   625 
22 44   458 
22 45   455 
22 46   114 
22 47   651 
22 49   721 
22 50   520 
22 51   486 
22 52   654 
22 53   831 
22 55   448 
22 56   502 
22 57   354 
22 58   164 
22 60   155 
22 62   184 
22 64     3 
22 65   606 
22 66    13 
22 67   792 
22 68     1 
22 70   256 
22 71   198 
22 72   636 
22 75   848 
22 76   517 
22 78   372 
22 79   507 
22 80   590 
23 27   423 
23 29   705 
23 30   257 
23 31   304 
23 32   174 
23 33   884 
23 34   207 
23 35   355 
23 37   951 
23 38   649 
23 40    75 
23 42   539 
23 44   896 
23 45   754 
23 46   470 
23 48   571 
23 49   297 
23 51   798 
23 52   539 
23 55   391 
23 57   712 
23 58   786 
23 59   952 
23 61    62 
23 62    79 
23 63   733 
23 64   785 
23 66    35 
23 67   683 
23 71   352 
23 72   900 
23 73   265 
23 74   545 
23 75   114 
23 76   498 
23 77   779 
23 78   441 
23 79   257 
23 80   723 
24 27   902 
24 28   166 
24 30   638 
24 31   329 
24 32   404 
24 33    78 
24 34   407 
24 35   615 
24 36   123 
24 37   180 
24 38   545 
24 40   263 
24 43   924 
24 44   413 
24 46   717 
24 47   170 
24 48   911 
24 50   500 
24 52    69 
24 53   835 
24 54   501 
24 56   667 
24 57   129 
24 58   773 
24 61   757 
24 63    96 
24 64   318 
24 66   408 
24 68   664 
24 70   585 
24 71   741 
24 72   577 
24 73   674 
24 74   484 
24 75   443 
24 76    93 
24 77     6 
24 78   450 
24 79   976 
24 80   117 
25 27   946 
25 29   972 
25 30   782 
25 31   851 
25 32   155 
25 33   791 
25 34   731 
25 36   191 
25 37   587 
25 38   707 
25 39   925 
25 40   224 
25 41   264 
25 42   880 
25 43   200 
25 44   563 
25 45   475 
25 46   139 
25 47   918 
25 50   754 
25 51   302 
25 53    56 
25 54   559 
25 56   229 
25 58   656 
25 59   428 
25 61    99 
25 63   185 
25 65   355 
25 66   566 
25 67   145 
25 68    59 
25 69   284 
25 70   320 
25 71   141 
25 72   433 
25 73   389 
25 74   322 
25 76   616 
25 77   691 
25 78   689 
25 79   106 
25 80   252 
26 28   497 
26 29   137 
26 30   992 
26 31   436 
26 32    77 
26 34   913 
26 35   983 
26 36   174 
26 37   498 
26 38   121 
26 39   360 
26 40   431 
26 42   229 
26 43   764 
26 44   727 
26 46   896 
26 47   913 
26 48   663 
26 49   525 
26 51    80 
26 54   174 
26 56   242 
26 57   610 
26 59   740 
26 60   780 
26 61   287 
26 62   188 
26 64   862 
26 65     4 
26 67   284 
26 69   295 
26 70    43 
26 72    34 
26 73   129 
26 76   290 
26 77    51 
26 78   785 
26 80   621 
27 29    59 
27 30   726 
27 33   698 
27 34   360 
27 35   660 
27 36   346 
27 39   298 
27 40    93 
27 41   417 
27 42   746 
27 43   667 
27 44   179 
27 45   473 
27 46   661 
27 50   330 
27 51   965 
27 52   831 
27 54   427 
27 56   240 
27 57   347 
27 58   687 
27 60   128 
27 64   771 
27 67   188 
27 68   929 
27 72   962 
27 73   707 
27 75   480 
27 76    73 
27 77   996 
27 78   823 
28 31   731 
28 32   783 
28 33   926 
28 34   261 
28 35   749 
28 36    83 
28 39   374 
28 40   439 
28 41   968 
28 42   911 
28 44   343 
28 45   503 
28 47   548 
28 48   148 
28 49   406 
28 50   222 
28 52   655 
28 55   421 
28 57   158 
28 58   132 
28 59     9 
28 60   236 
28 61   221 
28 62   784 
28 63   193 
28 64   647 
28 65   572 
28 67    90 
28 68   807 
28 69    46 
28 70   134 
28 71   247 
28 72   952 
28 73   633 
28 74   772 
28 75   615 
28 76   204 
28 78   980 
28 79   904 
28 80   301 
29 32   628 
29 33   446 
29 34   114 
29 35   800 
29 36   423 
29 37   903 
29 40   105 
29 41   464 
29 44    96 
29 45   349 
29 46   650 
29 47   106 
29 48   384 
29 50   261 
29 51   910 
29 53   209 
29 54   189 
29 55   154 
29 57   951 
29 59   552 
29 61   881 
29 63    40 
29 64   879 
29 66   787 
29 67   341 
29 68   396 
29 69   761 
29 70   756 
29 71   426 
29 72   494 
29 73   653 
29 74   794 
29 75   711 
29 76   563 
29 78   146 
29 79   694 
30 32   215 
30 33   252 
30 34   308 
30 35   883 
30 39    63 
30 42   744 
30 43   554 
30 44   882 
30 45   839 
30 46   527 
30 47   699 
30 49   588 
30 51   785 
30 52   789 
30 53   174 
30 54   893 
30 55   737 
30 56   953 
30 58   509 
30 60   802 
30 61   339 
30 63   639 
30 66   946 
30 69   686 
30 71   578 
30 73   932 
30 75   180 
30 76    70 
30 77   979 
30 79   625 
30 80   736 
31 33   322 
31 34   471 
31 37   273 
31 38   662 
31 39   135 
31 40   943 
31 41   543 
31 42   793 
31 43   589 
31 44   180 
31 45   978 
31 46   361 
31 50   730 
31 52   702 
31 53   485 
31 55   102 
31 58    40 
31 60   291 
31 61    45 
31 62    23 
31 63   352 
31 64   402 
31 67   628 
31 68   825 
31 69   481 
31 70   428 
31 71   878 
31 73   943 
31 74   533 
31 75   606 
31 76   745 
31 79   785 
31 80   858 
32 34   847 
32 35   644 
32 36   986 
32 37   200 
32 38   429 
32 40   984 
32 42   421 
32 43   784 
32 44   774 
32 45   229 
32 46    77 
32 47   930 
32 48   685 
32 50   748 
32 53   230 
32 54   444 
32 56   312 
32 57   665 
32 58    52 
32 59   340 
32 60   228 
32 63   120 
32 64   135 
32 65   908 
32 66   356 
32 67   962 
32 69   674 
32 70   640 
32 71   685 
32 72   347 
32 73   670 
32 74   419 
32 77   233 
32 79   752 
32 80   754 
33 39   913 
33 42   691 
33 43   304 
33 44    65 
33 45   922 
33 46   233 
33 47   619 
33 49   827 
33 50   411 
33 53   493 
33 57   299 
33 58   330 
33 59   933 
33 60   587 
33 61   376 
33 63   750 
33 64   250 
33 66   980 
33 68   766 
33 69   695 
33 70   273 
33 72   304 
33 73   711 
33 74   395 
33 75   519 
33 76   866 
33 80   717 
34 36    23 
34 37   738 
34 39   610 
34 40   955 
34 42   621 
34 43   407 
34 44   957 
34 45   207 
34 46   160 
34 47    66 
34 48   995 
34 49   415 
34 51   342 
34 53   539 
34 54   404 
34 55    18 
34 57   368 
34 58   233 
34 60   532 
34 62   867 
34 63   470 
34 64   673 
34 65   413 
34 66   539 
34 67   669 
34 68   584 
34 71   161 
34 72   589 
34 73   316 
34 74   467 
34 77   356 
34 80   338 
35 37   771 
35 38   632 
35 39   709 
35 40    94 
35 42   255 
35 45   764 
35 46   749 
35 47   314 
35 50   749 
35 51   190 
35 53   832 
35 55    73 
35 57   130 
35 58   440 
35 60   289 
35 61   262 
35 63   465 
35 64    56 
35 65    69 
35 66   934 
35 68   880 
35 69   989 
35 71   108 
35 73   144 
35 75   406 
35 76   500 
35 78   425 
35 79   607 
35 80   663 
36 38   195 
36 40   757 
36 43   411 
36 44   716 
36 45   128 
36 46   628 
36 47   392 
36 48   424 
36 50    44 
36 51   680 
36 52   429 
36 54   869 
36 57   723 
36 58   563 
36 59   438 
36 60   532 
36 61    14 
36 62   163 
36 63   209 
36 64   585 
36 65   588 
36 66   970 
36 68   172 
36 69   112 
36 70   516 
36 72   965 
36 73   188 
36 74     6 
36 75   441 
36 76   296 
36 77   478 
36 79    97 
36 80   208 
37 39   241 
37 40   803 
37 41   485 
37 42   667 
37 43   416 
37 44   782 
37 45   257 
37 46   513 
37 47   953 
37 49   600 
37 50   552 
37 52   319 
37 53   980 
37 54   612 
37 56   597 
37 57   899 
37 59   130 
37 62   958 
37 63   248 
37 64   403 
37 65   980 
37 67   596 
37 69   165 
37 70   220 
37 71   432 
37 72    71 
37 74   899 
37 75   434 
37 76   452 
37 78   120 
37 80   667 
38 40   990 
38 41   332 
38 42   663 
38 43   596 
38 45   360 
38 46   549 
38 47    21 
38 50   901 
38 54   946 
38 55   266 
38 56    50 
38 57   602 
38 59   250 
38 60   634 
38 61   659 
38 63   929 
38 64   512 
38 65    79 
38 66   617 
38 67   855 
38 68   647 
38 69   429 
38 70   790 
38 71    82 
38 72   500 
38 73   447 
38 74   825 
38 75   866 
38 76   944 
38 77   701 
38 78   499 
38 80   366 
39 45   273 
39 46   237 
39 48   828 
39 49   648 
39 50   420 
39 51   221 
39 54   356 
39 55   624 
39 59   241 
39 61   699 
39 62   196 
39 63   241 
39 64   555 
39 65   296 
39 66   718 
39 68   800 
39 71   735 
39 72   888 
39 75   268 
40 42   398 
40 43     1 
40 44   788 
40 45   157 
40 47   765 
40 49   801 
40 50   897 
40 52   137 
40 53    60 
40 54   833 
40 55   382 
40 57   162 
40 61    43 
40 64   694 
40 65   562 
40 66   671 
40 68   857 
40 71   404 
40 73    66 
40 75   984 
40 76   152 
40 79   131 
40 80   456 
41 43   984 
41 44   461 
41 46    65 
41 49   690 
41 50   845 
41 53   988 
41 54   636 
41 55   772 
41 56   788 
41 57    13 
41 60   169 
41 61   906 
41 62     4 
41 63   456 
41 65    43 
41 66   765 
41 67   774 
41 69   515 
41 70    65 
41 71    96 
41 73   703 
41 74   354 
41 75   198 
41 76   349 
41 77   961 
41 78   617 
41 79   269 
42 44   221 
42 45   148 
42 46   718 
42 50   900 
42 51   596 
42 55   617 
42 57   777 
42 58   629 
42 59   871 
42 62   497 
42 63   575 
42 65   598 
42 67   263 
42 68   719 
42 69   572 
42 70   324 
42 71   314 
42 73   259 
42 74    76 
42 75   571 
42 77   515 
42 78   779 
42 79   291 
42 80   113 
43 46   529 
43 48   797 
43 49   619 
43 51    24 
43 53   571 
43 54   336 
43 55   258 
43 57   999 
43 58   700 
43 59   677 
43 60   264 
43 61    12 
43 62   825 
43 64   535 
43 66   404 
43 67   495 
43 71   158 
43 72   854 
43 73   172 
43 74   982 
43 75   928 
43 76   454 
43 77   197 
43 78   145 
43 80   116 
44 46   513 
44 49   124 
44 50   649 
44 52   804 
44 54   339 
44 57   557 
44 58    88 
44 59   491 
44 61   827 
44 62    22 
44 63   991 
44 65   761 
44 66   960 
44 67   238 
44 68   537 
44 71     1 
44 72    10 
44 76    68 
45 47   899 
45 49   631 
45 50   223 
45 51   375 
45 52   686 
45 53   471 
45 54   534 
45 56   490 
45 57   386 
45 58   183 
45 60   413 
45 61   179 
45 62   478 
45 63   830 
45 64   804 
45 65    47 
45 66   284 
45 68   758 
45 69   596 
45 70   293 
45 71   362 
45 72   244 
45 73    21 
45 74   265 
45 75    76 
45 76   113 
45 77    51 
45 79   558 
46 48   997 
46 49   699 
46 50   438 
46 51   379 
46 53   100 
46 56   265 
46 57   515 
46 58   423 
46 60   896 
46 62   843 
46 63   528 
46 64   442 
46 65   171 
46 68   589 
46 69   954 
46 72    34 
46 75   566 
46 76   531 
46 78   825 
46 79   576 
47 49   813 
47 51   897 
47 52   133 
47 53   174 
47 55   250 
47 56   163 
47 58   667 
47 60   259 
47 63   644 
47 64   557 
47 66   578 
47 69   624 
47 71   472 
47 72   333 
47 73   641 
47 75   597 
47 76   971 
47 77   579 
47 78   607 
47 79   350 
47 80   212 
48 50   840 
48 51   273 
48 52    75 
48 55   938 
48 56   285 
48 57   813 
48 59   119 
48 62   195 
48 63   720 
48 64   768 
48 65   124 
48 66   626 
48 67   814 
48 68   408 
48 69   534 
48 71   365 
48 72   220 
48 74   715 
48 75   962 
48 76   722 
48 77   988 
48 79   252 
49 51   873 
49 52   965 
49 56   436 
49 57   988 
49 58    77 
49 59   666 
49 61   833 
49 62   158 
49 63   822 
49 64   307 
49 65   139 
49 66    54 
49 67   497 
49 69   455 
49 71   469 
49 72   970 
49 74   287 
49 75    21 
49 77    53 
49 78   913 
49 79   232 
49 80   475 
50 53   398 
50 54   673 
50 55   230 
50 56   602 
50 57   867 
50 58    81 
50 60   903 
50 61   636 
50 63   972 
50 65   463 
50 66   712 
50 68   380 
50 69   909 
50 70   988 
50 71   858 
50 72   115 
50 74   612 
50 75   704 
50 77    38 
50 78   241 
51 53   345 
51 54   746 
51 57   840 
51 58   370 
51 59   763 
51 61   388 
51 62    22 
51 63   806 
51 64   680 
51 65   401 
51 66   587 
51 67   108 
51 68   158 
51 69   321 
51 70   154 
51 71   343 
51 73   947 
51 75   464 
51 76    97 
51 77   459 
51 78   134 
51 79   673 
51 80   218 
52 54    45 
52 55     6 
52 59   358 
52 60   971 
52 61   734 
52 63   663 
52 65   282 
52 67   423 
52 68   426 
52 69   428 
52 70   296 
52 71   675 
52 72   470 
52 73   764 
52 74   199 
52 75   596 
52 76    75 
52 77   640 
52 78   533 
52 79   174 
52 80   863 
53 55   439 
53 57   383 
53 58   314 
53 59   316 
53 61   163 
53 62    14 
53 64   264 
53 65   644 
53 66   581 
53 67   484 
53 68   443 
53 69   887 
53 70   340 
53 71   636 
53 72   195 
53 74   386 
53 75   204 
53 76   645 
53 79   856 
54 58   801 
54 59   752 
54 60   300 
54 61   610 
54 62   418 
54 63   143 
54 64   648 
54 65    48 
54 66   798 
54 67   644 
54 68   528 
54 71   273 
54 73   414 
54 74   323 
54 76   478 
54 79   453 
55 57   528 
55 59   645 
55 60   706 
55 63   332 
55 64   822 
55 66   893 
55 67    84 
55 69    67 
55 70   282 
55 71    15 
55 76   969 
55 77   624 
55 78   337 
55 80   834 
56 59   670 
56 62   999 
56 64   244 
56 66    67 
56 68   277 
56 69   806 
56 70   653 
56 71   444 
56 72   112 
56 75   475 
56 76   700 
56 78   712 
56 79   234 
57 59    46 
57 60   124 
57 61   114 
57 62   797 
57 65     3 
57 67   987 
57 68   362 
57 69   246 
57 70   556 
57 74   225 
57 75   965 
57 76   267 
57 77   733 
57 79   669 
57 80   544 
58 61   553 
58 62   591 
58 63   319 
58 64   450 
58 65   883 
58 66    24 
58 67   420 
58 68   373 
58 69   245 
58 72   222 
58 74   196 
58 75   417 
58 77   851 
58 78   651 
58 79   876 
58 80   760 
59 61   464 
59 62   618 
59 63   707 
59 64    13 
59 67   637 
59 68   781 
59 69   174 
59 70   919 
59 71   198 
59 72   240 
59 73   979 
59 75   343 
59 76   210 
59 77   428 
59 78   736 
60 64   398 
60 65   570 
60 67   977 
60 68   432 
60 69   950 
60 70   551 
60 72   829 
60 74   142 
60 75   460 
60 76    15 
60 77   365 
60 80   914 
61 63   236 
61 64   351 
61 65   244 
61 66    71 
61 67   180 
61 68   134 
61 69   923 
61 71   665 
61 73   108 
61 75   562 
61 76    35 
61 78   421 
61 80     4 
62 65    15 
62 66   116 
62 67   655 
62 68    63 
62 69   650 
62 70    82 
62 71   237 
62 72   298 
62 73   990 
62 74   709 
62 75    33 
62 76   760 
62 77   382 
62 78   359 
62 79   820 
63 65   133 
63 66   758 
63 67   687 
63 68   288 
63 69   194 
63 71   603 
63 72   509 
63 73   184 
63 74    20 
63 76    30 
63 77   745 
63 78   704 
63 79   543 
64 66   812 
64 67   912 
64 68   323 
64 69   316 
64 70   747 
64 71   329 
64 72   951 
64 73    49 
64 75   281 
64 76   911 
64 77   199 
64 79   645 
64 80   690 
65 68    47 
65 69   788 
65 70   160 
65 72   476 
65 73   494 
65 76   147 
65 78   446 
66 68   663 
66 70   709 
66 71   640 
66 72   484 
66 73   716 
66 75    80 
66 76   572 
66 77   897 
66 78   609 
66 79   409 
67 69   317 
67 70   708 
67 71   603 
67 72   507 
67 73    15 
67 74   205 
67 75   234 
67 77   603 
67 78   999 
67 79   131 
67 80   835 
68 73   497 
68 74   227 
68 75   177 
68 76   602 
68 77   777 
68 79    17 
69 71   838 
69 73   767 
69 74   155 
69 75   840 
69 78   502 
69 79   837 
69 80    96 
70 72   841 
70 73   989 
70 74   284 
70 75   499 
70 76    94 
70 77    64 
70 78   254 
70 79   470 
70 80    65 
71 76   173 
71 78   789 
71 79   474 
71 80   289 
72 74   144 
72 76   881 
72 79   865 
73 75   605 
73 77   533 
73 78   554 
73 79   695 
73 80   484 
74 76   247 
74 77   836 
75 77    85 
75 78   893 
75 79   430 
76 80   728 
77 79   837 
78 80   381 
0 
0 
0 
0 
0 
0 
0 
0 
0 
0 
0 
0 
0 
0 
0 
0 
0 
0 
0 
0 
0 
0 
0 
0 
0 
0 
0 
0 
0 
0 
0 
0 
0 
0 
0 
0 
0 
0 
0 
0 
0 
0 
0 
0 
0 
0 
0 
0 
0 
0 
0 
0 
0 
0 
0 
0 
0 
0 
0 
0 
0 
0 
0 
0 
0 
0 
0 
0 
0 
0 
0 
0 
0 
0 
0 
0 
0 
0 
0 
0 
   32   732 
   84   793 
  136    64 
  249   607 
  561   711 
  592   947 
  463   868 
  725   153 
  396   902 
  454   281 
  723    62 
  443   544 
  138   736 
  215   550 
  689   354 
  138   973 
  157   829 
   17   608 
  957   415 
  504   272 
   51   414 
  493   712 
  758   529 
  152   166 
   89   348 
   27   771 
  935   858 
  463   333 
  957   852 
  650   850 
  562   989 
  202   790 
  246    18 
  338   130 
  219   724 
  100   768 
  422   146 
   41   771 
  463   144 
  777   241 
   13   896 
  699   343 
  345   933 
  148   853 
  382    91 
   67   999 
   17   218 
  439   497 
  605   228 
  479   244 
  931   874 
  934   208 
  797   173 
  254   926 
  722    11 
   87   321 
   73   255 
  192   314 
  541   712 
  742   390 
  391   318 
  869     5 
  457   192 
  935   982 
  946   188 
  678   227 
  524   341 
  567   868 
  735   925 
  851   307 
  560   530 
  422   632 
   70   795 
  265   152 
  486   438 
  829   657 
  843   242 
   39    99 
  765   154 
  191   352 
