80 769 
1 2   526 
2 3    42 
3 4   904 
4 5   248 
5 6   929 
6 7   752 
7 8   911 
8 9   713 
9 10   811 
10 11   339 
11 12   736 
12 13   330 
13 14   163 
14 15   254 
15 16   737 
16 17   718 
17 18   238 
18 19   703 
19 20   363 
20 21   284 
21 22   593 
22 23   851 
23 24   657 
24 25   347 
25 26   508 
26 27   529 
27 28   312 
28 29   510 
29 30   740 
30 31   550 
31 32   585 
32 33   241 
33 34   590 
34 35   299 
35 36   985 
36 37   629 
37 38   253 
38 39   438 
39 40   143 
40 41   430 
41 42   485 
42 43   943 
43 44   142 
44 45   894 
45 46   981 
46 47   527 
47 48   915 
48 49   947 
49 50   715 
50 51   813 
51 52   265 
52 53   328 
53 54   243 
54 55   897 
55 56   815 
56 57   810 
57 58   349 
58 59   425 
59 60   417 
60 61   267 
61 62   279 
62 63    79 
63 64   415 
64 65   150 
65 66    55 
66 67   918 
67 68   547 
68 69   255 
69 70   339 
70 71   632 
71 72    11 
72 73   300 
73 74   428 
74 75   414 
75 76    48 
76 77   215 
77 78   153 
78 79   989 
79 80   218 
1 5   425 
1 11   477 
1 14   836 
1 19   272 
1 20   962 
1 35   849 
1 36   991 
1 39   822 
1 44   922 
1 47   643 
1 48   863 
1 57   397 
1 58   315 
1 60   457 
1 61   707 
1 67    92 
1 72   334 
1 73   921 
1 77    78 
1 79   101 
2 6   842 
2 8   904 
2 9   198 
2 12   395 
2 13   584 
2 16   277 
2 17   134 
2 18   381 
2 20   240 
2 27    96 
2 29   934 
2 40   911 
2 46   751 
2 48   319 
2 50   531 
2 58   800 
2 61   731 
2 64   106 
2 66   203 
2 68   360 
2 70   224 
2 72   356 
2 77   164 
3 5   651 
3 6   594 
3 7   399 
3 12   232 
3 13   463 
3 14    71 
3 27   268 
3 28   540 
3 29   411 
3 30   311 
3 34   708 
3 41   282 
3 46   566 
3 53   971 
3 57   178 
3 58   600 
3 61    54 
3 62    59 
3 70   266 
3 75   253 
4 13   144 
4 15    78 
4 19    85 
4 23   419 
4 28   318 
4 32   248 
4 33   142 
4 41    39 
4 44   347 
4 49   350 
4 53   546 
4 60   294 
4 62   905 
4 65   193 
5 8   274 
5 9   527 
5 11     6 
5 15   145 
5 17   160 
5 20   219 
5 36   811 
5 38   679 
5 47   641 
5 49   952 
5 50   910 
5 53   663 
5 56   502 
5 58   456 
5 62    41 
5 67   324 
5 77   962 
5 78   667 
6 15   817 
6 26   275 
6 32   145 
6 34   197 
6 44   574 
6 47   789 
6 48   418 
6 50   352 
6 56   258 
6 58   432 
6 64    92 
6 68   315 
6 72   314 
7 17    50 
7 19   159 
7 20   960 
7 22   950 
7 32   122 
7 33   420 
7 39    47 
7 44   987 
7 52   765 
7 53   540 
7 61   534 
7 63   129 
7 67   690 
7 74   373 
7 78   695 
8 14    67 
8 23   709 
8 24   445 
8 36   666 
8 38   830 
8 48   502 
8 52     6 
8 58   677 
8 59   149 
8 64   590 
8 65   555 
8 66   925 
8 77   350 
9 12   213 
9 17   522 
9 19   675 
9 34   908 
9 35   819 
9 41   606 
9 42   340 
9 47   475 
9 48   405 
9 59   438 
9 61   563 
9 65    29 
9 68   970 
9 70   152 
9 72   245 
9 79   290 
10 18   796 
10 24   849 
10 36   221 
10 48   417 
10 55   459 
10 57   848 
10 59   454 
10 67   486 
10 70   825 
10 71    73 
10 74   945 
11 18    88 
11 21   538 
11 23   378 
11 32   274 
11 33   868 
11 37   183 
11 38   732 
11 39   455 
11 41   689 
11 44   976 
11 45   739 
11 49   143 
11 58   472 
11 62   485 
11 71   312 
11 77   575 
12 17   278 
12 26   119 
12 28   781 
12 29   295 
12 33   420 
12 40   219 
12 53   397 
12 54    71 
12 56    20 
12 59   653 
12 60   747 
12 65   222 
12 78     6 
13 16    80 
13 24   378 
13 27   989 
13 40    51 
13 42   903 
13 49   676 
13 57   654 
13 60   507 
13 71   271 
13 72   483 
14 16   255 
14 23   969 
14 25   369 
14 40   551 
14 58    68 
14 64   171 
14 67   484 
14 75   153 
14 77   885 
14 79    65 
15 25   965 
15 28   406 
15 29   505 
15 31   907 
15 33   124 
15 34   166 
15 36   192 
15 41   510 
15 48   188 
15 55    91 
15 56    22 
15 58   652 
15 61   370 
15 62   736 
15 66   836 
15 68    40 
15 70   858 
15 74   510 
16 26   331 
16 29   151 
16 30   687 
16 48   666 
16 51   308 
16 53   697 
16 54   526 
16 57   704 
16 60   901 
16 62   501 
16 65   531 
16 69   342 
16 70   512 
17 21   262 
17 22   399 
17 29   972 
17 30   625 
17 43   394 
17 50   612 
17 51   928 
17 54   466 
17 55   403 
17 56   376 
17 59   886 
17 63   830 
17 64   393 
17 69   927 
17 74   279 
18 21   945 
18 23   343 
18 24   624 
18 25   266 
18 27   340 
18 33   958 
18 34   214 
18 38   705 
18 41   444 
18 42    46 
18 44   200 
18 54   989 
18 55     5 
18 68   451 
18 70   474 
18 78   240 
18 79   670 
18 80   265 
19 21   847 
19 26   697 
19 34   214 
19 39   786 
19 43   138 
19 55   394 
19 57   919 
19 70    53 
19 72   161 
19 75   942 
19 77   279 
20 33   313 
20 34    33 
20 35   995 
20 42   630 
20 50   532 
20 51   254 
20 55   542 
20 67   213 
20 70    13 
20 72   311 
20 80   940 
21 28   923 
21 37   980 
21 44   433 
21 48   697 
21 50   176 
21 53   357 
21 55   515 
21 56   399 
21 69   703 
21 70   890 
21 71   693 
21 77   308 
21 78    73 
22 24   301 
22 34   106 
22 35    16 
22 41   394 
22 45   141 
22 46   627 
22 61   564 
22 63   412 
22 64   333 
22 68   922 
22 69   930 
22 71   761 
22 72   700 
22 73    48 
23 28   829 
23 30   601 
23 34    28 
23 38   383 
23 41   390 
23 46   977 
23 52   360 
23 57   725 
23 62   752 
23 72   721 
23 74   298 
23 75   317 
23 76   945 
24 28   278 
24 36   414 
24 38   431 
24 55   505 
24 65   436 
24 66   139 
24 73    23 
24 76   214 
24 77   599 
25 28    52 
25 30   595 
25 32   691 
25 39   757 
25 43   177 
25 54   298 
25 56   787 
25 65   680 
25 70   430 
26 40   884 
26 47   604 
26 55   332 
26 60   591 
26 63   421 
26 67   380 
26 69   647 
26 73   751 
26 79   757 
27 30   661 
27 37    37 
27 43   908 
27 46   981 
27 49   232 
27 51   386 
27 56   922 
27 57   637 
27 61   546 
27 62   476 
27 69   477 
27 70   425 
27 73   970 
28 30   608 
28 33   985 
28 34   125 
28 35   719 
28 37   782 
28 40   325 
28 45   749 
28 54   595 
28 67   940 
28 69   969 
28 73   386 
28 76   373 
29 31   291 
29 34   741 
29 38   710 
29 50   496 
29 52   111 
29 55   579 
29 58    92 
29 60   600 
29 68   118 
29 69   561 
29 71   185 
29 75   240 
29 76   571 
29 80   596 
30 39   733 
30 41   797 
30 45   387 
30 58   193 
30 60   557 
30 65    66 
30 67   336 
30 70   969 
30 71   538 
30 74   665 
30 78   214 
31 35   482 
31 38   706 
31 41   604 
31 42   601 
31 49   735 
31 51   675 
31 52   745 
31 53   188 
31 54   237 
31 57   106 
31 59   594 
31 62   297 
31 65   814 
31 68   360 
31 80   701 
32 35   325 
32 40   465 
32 41    56 
32 42   437 
32 44   626 
32 48    97 
32 50   428 
32 55    81 
32 59   453 
32 60   101 
32 63   212 
32 65   116 
32 66   298 
32 68   512 
32 71   653 
32 75   870 
32 80    66 
33 40   733 
33 41   125 
33 43   577 
33 46   127 
33 47   725 
33 51   595 
33 58     9 
33 61    12 
33 62   559 
33 63   109 
33 67    33 
33 73   894 
33 74   737 
33 78   770 
33 79   149 
34 37   969 
34 38   218 
34 42   754 
34 53   985 
34 57   859 
34 61   419 
34 63   684 
34 64   963 
34 74   905 
35 39   318 
35 40   315 
35 43   942 
35 53   668 
35 57   432 
35 58   281 
35 62   414 
35 65   903 
35 70   959 
36 40   961 
36 46   430 
36 47   791 
36 51   534 
36 58   689 
36 61   246 
36 64   489 
36 79   291 
37 39    74 
37 40   265 
37 41   519 
37 42   992 
37 46   644 
37 51   180 
37 60   272 
37 61   342 
37 63   846 
37 65   616 
37 72   439 
37 79    82 
38 43   850 
38 46   913 
38 51   430 
38 59   779 
38 60   159 
38 62   888 
38 63   526 
38 77   987 
38 80   901 
39 44   360 
39 50   185 
39 52     7 
39 53   849 
39 62   197 
39 66   149 
39 76   283 
39 79   587 
40 48    54 
40 55    74 
40 58   169 
40 66   670 
40 70   827 
40 73   516 
40 79   475 
41 54   661 
41 61   178 
41 70   982 
41 80   550 
42 49   669 
42 60    31 
42 70   364 
42 72   143 
42 74   918 
42 75   312 
42 79   855 
42 80    22 
43 56   893 
43 58   381 
43 62   883 
43 66   453 
43 77   825 
44 47   520 
44 51   426 
44 58   336 
44 59   984 
44 60   548 
44 66   249 
44 67   605 
44 79   903 
45 52   543 
45 59   160 
45 60    32 
45 66   477 
45 67   180 
45 71   214 
45 80   363 
46 52   165 
46 53   776 
46 54   442 
46 55   259 
46 59   329 
46 64   430 
46 70   422 
46 71   575 
46 79   381 
47 58   223 
47 61   979 
47 63   907 
47 74     1 
48 51   664 
48 59   782 
48 65   682 
48 75   129 
49 58   556 
49 59   650 
49 63   671 
49 65   456 
49 67   197 
49 68   976 
49 76   139 
49 77   380 
50 52   825 
50 62   280 
50 66   310 
50 70   919 
50 74   430 
51 56   656 
51 58    19 
51 60   794 
51 61   808 
51 67   609 
51 69   704 
51 70   541 
51 74   608 
51 76   443 
51 77   110 
52 55   437 
52 60   354 
52 61   424 
52 64   728 
52 65   851 
52 79   403 
52 80   370 
53 66   102 
53 67   466 
53 69   406 
53 70   373 
53 73   777 
53 74   585 
53 80   854 
54 56   768 
54 66    54 
54 67   877 
54 68   313 
54 69   283 
54 75   368 
54 76   727 
54 77   561 
54 79   222 
54 80   168 
55 58   549 
55 59   923 
55 61   641 
55 66   903 
55 67   593 
55 69   161 
55 75   877 
56 59    45 
56 63   819 
56 70   486 
56 71   732 
56 78   375 
57 61   817 
57 62   188 
57 63    93 
57 64   646 
57 69   686 
57 71   398 
57 72     0 
58 66   973 
58 68    64 
58 75   553 
58 76    24 
58 79   384 
59 64   253 
59 65   596 
59 68   917 
59 69   414 
59 75   851 
59 76    91 
59 79   102 
60 62   119 
60 66    86 
60 71   832 
60 77    12 
60 79   551 
61 63   378 
61 67   599 
61 75   393 
61 77   327 
61 80    93 
62 75   584 
62 77   288 
63 68   907 
64 69   793 
64 71   301 
64 73   206 
64 76   136 
65 67   540 
65 69   753 
65 79   174 
66 69   883 
66 73    91 
66 79     1 
67 72   153 
67 75   244 
67 79   483 
67 80   707 
68 71    42 
68 77    27 
69 76   290 
69 77   665 
69 79   280 
70 78   802 
71 74   656 
72 76   475 
73 75   885 
73 78   977 
74 80   439 
78 80   758 
0 
0 
0 
0 
0 
0 
0 
0 
0 
0 
0 
0 
0 
0 
0 
0 
0 
0 
0 
0 
0 
0 
0 
0 
0 
0 
0 
0 
0 
0 
0 
0 
0 
0 
0 
0 
0 
0 
0 
0 
0 
0 
0 
0 
0 
0 
0 
0 
0 
0 
0 
0 
0 
0 
0 
0 
0 
0 
0 
0 
0 
0 
0 
0 
0 
0 
0 
0 
0 
0 
0 
0 
0 
0 
0 
0 
0 
0 
0 
0 
   67   910 
  302   721 
   49   258 
  169    46 
  941   848 
  511   423 
  802   859 
  349   486 
  207   994 
  456   801 
  158    58 
   35   537 
  295    12 
  682   107 
  250   731 
   97   609 
  172   952 
  591   125 
  425   850 
   23   192 
  539   504 
  576   323 
  193   902 
  391   798 
  858   226 
  123   928 
  332   744 
  800    49 
  998   763 
  918   443 
  177   505 
  986   931 
  220   670 
  964    66 
   92   288 
  850   365 
  845   664 
  274   629 
  286   198 
  367   677 
  604   398 
  222   719 
  169    99 
   84   899 
  667   770 
  884    54 
  673   791 
  745   324 
  445   614 
  575   288 
  873   349 
  836    13 
  675   807 
  692   418 
  857   543 
  868   521 
  922   430 
  453   477 
  605   547 
  676   420 
  127   540 
  442   136 
  168   548 
    6   443 
  445   191 
   36   736 
  973   653 
  228   472 
  914   777 
  489   370 
  656   184 
  988   803 
  220   319 
  875   356 
  988   343 
  155    26 
  974   912 
  125   412 
  340   348 
  335   371 
