100 3622 
1 2   363 
2 3   341 
3 4   220 
4 5   153 
5 6   324 
6 7   281 
7 8   703 
8 9   184 
9 10   292 
10 11   845 
11 12   270 
12 13    75 
13 14   632 
14 15   809 
15 16   606 
16 17   107 
17 18   997 
18 19   444 
19 20   248 
20 21   548 
21 22    56 
22 23   474 
23 24   948 
24 25   253 
25 26   921 
26 27   501 
27 28   358 
28 29   525 
29 30    85 
30 31   905 
31 32   161 
32 33   203 
33 34   751 
34 35   791 
35 36   700 
36 37   772 
37 38   299 
38 39   208 
39 40   127 
40 41    15 
41 42   550 
42 43   942 
43 44   134 
44 45   668 
45 46   444 
46 47   352 
47 48   251 
48 49   327 
49 50   988 
50 51   640 
51 52   496 
52 53   393 
53 54   138 
54 55   199 
55 56   315 
56 57   557 
57 58   764 
58 59   539 
59 60   191 
60 61   155 
61 62   121 
62 63   506 
63 64   804 
64 65   495 
65 66   238 
66 67   307 
67 68   892 
68 69   386 
69 70   682 
70 71   307 
71 72   879 
72 73   892 
73 74   727 
74 75   852 
75 76   206 
76 77    37 
77 78   523 
78 79   991 
79 80   392 
80 81   589 
81 82   939 
82 83    78 
83 84   148 
84 85   271 
85 86   568 
86 87   590 
87 88   755 
88 89   732 
89 90   650 
90 91   207 
91 92    62 
92 93   882 
93 94   192 
94 95   210 
95 96   221 
96 97   612 
97 98   426 
98 99    80 
99 100   470 
1 4   621 
1 5   273 
1 6   666 
1 8   671 
1 9   979 
1 10   439 
1 11   951 
1 12   525 
1 13   656 
1 14   244 
1 15   470 
1 16   271 
1 17   764 
1 18   797 
1 19   526 
1 20   536 
1 22   661 
1 23   467 
1 26   476 
1 27   332 
1 29    57 
1 30   565 
1 31   282 
1 32   183 
1 35   570 
1 36   743 
1 37   160 
1 40   745 
1 44    18 
1 45   604 
1 46   747 
1 47    78 
1 48   813 
1 51   621 
1 52   500 
1 53   507 
1 54   713 
1 55   949 
1 57   496 
1 58   288 
1 60    77 
1 61   590 
1 62   310 
1 63   495 
1 64   748 
1 65   636 
1 68   221 
1 70   170 
1 71   122 
1 73   666 
1 74   561 
1 76   848 
1 77   766 
1 78   992 
1 79    67 
1 80   987 
1 83   426 
1 86   612 
1 88   573 
1 89   305 
1 90   210 
1 93    60 
1 96   621 
1 97   439 
1 99   256 
1 100   883 
2 4   723 
2 5   792 
2 6   242 
2 8    46 
2 10   963 
2 11   234 
2 12   544 
2 13   994 
2 14   498 
2 15   748 
2 16   363 
2 17   472 
2 18   790 
2 19   868 
2 21   231 
2 22   479 
2 23   807 
2 24    33 
2 26     1 
2 27   656 
2 28   788 
2 30   597 
2 31   346 
2 33   127 
2 34   540 
2 36   239 
2 37   267 
2 39   720 
2 40   501 
2 41   239 
2 43   856 
2 44   814 
2 45   567 
2 46   591 
2 48   651 
2 49   768 
2 50   247 
2 51   839 
2 53   183 
2 56   187 
2 57   494 
2 59   130 
2 61   310 
2 62   234 
2 63   219 
2 65   846 
2 66   924 
2 67   723 
2 68   383 
2 70   908 
2 71   735 
2 72   780 
2 74   482 
2 75   343 
2 79   489 
2 80    82 
2 82   262 
2 83   398 
2 84   497 
2 86   802 
2 87   244 
2 88   531 
2 90   105 
2 91   705 
2 93   811 
2 95   477 
2 99   339 
2 100   240 
3 6   828 
3 7   119 
3 8   364 
3 11   286 
3 12   503 
3 13   395 
3 14   417 
3 15   615 
3 16   676 
3 17   865 
3 19   828 
3 20    41 
3 21   903 
3 22   863 
3 23   518 
3 24   943 
3 25   820 
3 26   797 
3 27   142 
3 29   467 
3 30   856 
3 31   187 
3 32   882 
3 33   145 
3 35   681 
3 36   465 
3 37   755 
3 38   914 
3 39   803 
3 40   190 
3 41   714 
3 43   709 
3 44   714 
3 45    70 
3 48   320 
3 50   963 
3 53   271 
3 54   839 
3 55    97 
3 56   814 
3 57   802 
3 58   557 
3 59   179 
3 60   804 
3 62   708 
3 65   552 
3 66   410 
3 67   293 
3 68   341 
3 69   102 
3 70    77 
3 73   747 
3 74   925 
3 75   644 
3 76   473 
3 78   322 
3 79   819 
3 80   418 
3 81   363 
3 82   809 
3 83   444 
3 84   765 
3 86   445 
3 87    19 
3 88   139 
3 90   967 
3 93    74 
3 95   179 
3 96   845 
3 97   866 
3 98   924 
4 7   780 
4 8   967 
4 9   718 
4 11   440 
4 13   563 
4 14    28 
4 16   638 
4 17   440 
4 18   492 
4 19    95 
4 21   840 
4 22   863 
4 23   957 
4 24   629 
4 26   359 
4 27   520 
4 29   498 
4 30    49 
4 31   968 
4 32   242 
4 33   928 
4 37   922 
4 38   845 
4 40   388 
4 41   879 
4 43   636 
4 44   518 
4 45   583 
4 48   893 
4 52   778 
4 53   135 
4 54     5 
4 56   357 
4 57    54 
4 58   214 
4 59   828 
4 60   467 
4 62   786 
4 64   206 
4 65   500 
4 66   605 
4 67   751 
4 68   345 
4 70   363 
4 71   459 
4 74   309 
4 75   823 
4 77   253 
4 81   959 
4 82    32 
4 83   748 
4 84   825 
4 85   114 
4 87     3 
4 88   533 
4 89   218 
4 92   941 
4 95   682 
4 96   824 
4 97    40 
4 99   720 
4 100   858 
5 7   572 
5 9   307 
5 11   776 
5 13   366 
5 14   245 
5 15    75 
5 17   495 
5 19   478 
5 20     8 
5 22   587 
5 23   459 
5 26   397 
5 27   327 
5 28    73 
5 29   614 
5 30    86 
5 31   824 
5 33   265 
5 34   463 
5 35   142 
5 36   690 
5 38   960 
5 39   992 
5 40    48 
5 41   526 
5 42   440 
5 44   800 
5 45   613 
5 47    97 
5 50    38 
5 52   998 
5 53   648 
5 54   501 
5 55   569 
5 56     8 
5 57   173 
5 58   367 
5 59   789 
5 60   893 
5 61   470 
5 63   462 
5 65   439 
5 66   108 
5 67   753 
5 72   611 
5 73   784 
5 75     9 
5 76   498 
5 78   510 
5 79   919 
5 80   753 
5 81   805 
5 82   941 
5 84   241 
5 85   583 
5 86    98 
5 87   222 
5 88   624 
5 89   718 
5 90   784 
5 91   976 
5 92   800 
5 94   964 
5 95   255 
5 96   432 
5 97   760 
5 98   238 
5 99    86 
5 100   764 
6 10   387 
6 13    56 
6 14   842 
6 15     8 
6 17   930 
6 18   125 
6 19   542 
6 20   991 
6 21   640 
6 22   706 
6 23   468 
6 25   625 
6 27   934 
6 28   393 
6 29   363 
6 30   608 
6 31   294 
6 32   927 
6 34   494 
6 35   343 
6 38   573 
6 39   258 
6 40   107 
6 41   321 
6 42   696 
6 43   961 
6 44   857 
6 45   214 
6 46   239 
6 47   302 
6 48   986 
6 49    43 
6 51   610 
6 52   254 
6 53   384 
6 54   967 
6 56   205 
6 57   523 
6 58   116 
6 59   515 
6 60   429 
6 61   546 
6 62   368 
6 64   337 
6 65    67 
6 67   383 
6 70   564 
6 72    41 
6 73   653 
6 74   691 
6 75   297 
6 77   660 
6 78   896 
6 79   295 
6 80   382 
6 82   989 
6 83   181 
6 84   226 
6 85   261 
6 87   454 
6 88   291 
6 90   447 
6 93   509 
6 95    42 
6 96   294 
6 97   351 
6 98   509 
6 99   678 
7 10   452 
7 11   236 
7 12   876 
7 13   905 
7 14   348 
7 15   596 
7 16   895 
7 18   231 
7 19    96 
7 20   624 
7 21   796 
7 22   204 
7 23     1 
7 25   631 
7 27    46 
7 30   389 
7 31   677 
7 32   690 
7 33   726 
7 34   998 
7 37   724 
7 40   539 
7 43   506 
7 45   360 
7 46   931 
7 47   413 
7 48   468 
7 50   546 
7 54   714 
7 55   728 
7 56   842 
7 57   250 
7 58   940 
7 60   900 
7 61    97 
7 62   113 
7 63   303 
7 64   341 
7 65    91 
7 66   578 
7 67   746 
7 68   979 
7 69   414 
7 70   832 
7 71    13 
7 73   613 
7 74   448 
7 75   360 
7 76   292 
7 77   406 
7 78   987 
7 79   971 
7 80   865 
7 81   768 
7 82   905 
7 84   232 
7 85   201 
7 87     3 
7 88   806 
7 90   345 
7 91   480 
7 92   311 
7 94   186 
7 96   247 
7 98   819 
7 99   835 
8 10   138 
8 11   283 
8 12   970 
8 13    35 
8 14   422 
8 16   936 
8 18   810 
8 19   142 
8 20   336 
8 21   711 
8 22   960 
8 24   950 
8 27   173 
8 28   463 
8 29    34 
8 30   984 
8 32    14 
8 33   758 
8 34   910 
8 36   525 
8 38   917 
8 39   348 
8 40   368 
8 41   655 
8 42   228 
8 44   181 
8 46   981 
8 47    56 
8 48   539 
8 49   957 
8 51    31 
8 52   591 
8 53   510 
8 55   386 
8 56   334 
8 57   349 
8 58    29 
8 60   202 
8 61    61 
8 62   535 
8 63   489 
8 64   398 
8 65     6 
8 67    51 
8 69    41 
8 70   945 
8 71   355 
8 73   711 
8 74   268 
8 76   194 
8 77   652 
8 78   405 
8 79   125 
8 81   327 
8 82   421 
8 83   889 
8 85   296 
8 86   419 
8 88   923 
8 89   731 
8 90   342 
8 91   489 
8 92   826 
8 93   949 
8 94   604 
8 95    98 
8 96   318 
8 98   609 
8 99   943 
9 11    82 
9 12   340 
9 13   588 
9 15   581 
9 16   551 
9 17   893 
9 18   699 
9 19   745 
9 20   906 
9 22   979 
9 23   845 
9 24   136 
9 25   401 
9 26   970 
9 28     6 
9 29   521 
9 31   589 
9 32   460 
9 33   497 
9 34   303 
9 36     5 
9 38   739 
9 40   292 
9 41   766 
9 42    60 
9 44   669 
9 45   667 
9 46   297 
9 48   166 
9 49   294 
9 50   657 
9 51   867 
9 53   739 
9 54   373 
9 55   313 
9 57   380 
9 58   461 
9 59   843 
9 60   835 
9 61   330 
9 62   854 
9 64   248 
9 65   672 
9 67   953 
9 68   142 
9 69   195 
9 70   909 
9 71   876 
9 72   851 
9 73   627 
9 74   996 
9 75   510 
9 76   962 
9 77   477 
9 79    22 
9 80   501 
9 83   617 
9 84   173 
9 85   823 
9 86   507 
9 87    41 
9 89   810 
9 90   481 
9 91   628 
9 93   134 
9 95   122 
9 96   317 
9 97   615 
9 98   515 
9 100   462 
10 12   591 
10 13   532 
10 14    28 
10 16   933 
10 17   111 
10 18   885 
10 19   988 
10 21   257 
10 22   525 
10 24    89 
10 25   321 
10 27   534 
10 28   585 
10 30   291 
10 34   590 
10 36    32 
10 37   234 
10 39   210 
10 40   271 
10 42   108 
10 43   182 
10 44   401 
10 45   358 
10 47   395 
10 48   792 
10 52   110 
10 53   675 
10 54   852 
10 56   235 
10 57   318 
10 58   346 
10 59   573 
10 60   166 
10 62   441 
10 64   172 
10 66   679 
10 67   535 
10 68   167 
10 70   408 
10 71   435 
10 72   798 
10 74   478 
10 75   949 
10 76   723 
10 77   672 
10 78   304 
10 79   645 
10 80   322 
10 82   272 
10 83   982 
10 85   525 
10 86   942 
10 88   803 
10 90   465 
10 91   909 
10 92   579 
10 93   694 
10 94   490 
10 96     7 
10 97   102 
10 98   849 
10 99   906 
10 100   830 
11 13   959 
11 14   569 
11 15   745 
11 16   329 
11 17   181 
11 19   644 
11 20   325 
11 21   371 
11 22   200 
11 23   502 
11 26   620 
11 27   134 
11 28    75 
11 29   644 
11 31   771 
11 32   854 
11 33   108 
11 37   236 
11 38   197 
11 39   360 
11 40   307 
11 41   180 
11 42   821 
11 43    26 
11 44   344 
11 45   846 
11 47   734 
11 48   277 
11 50   890 
11 51   607 
11 54   518 
11 56   950 
11 57   729 
11 59   723 
11 60   279 
11 61   640 
11 62   512 
11 63   998 
11 65   710 
11 66   281 
11 68   801 
11 69   903 
11 70   143 
11 71   557 
11 72   601 
11 73   500 
11 79   626 
11 80   790 
11 81    47 
11 82   500 
11 83   414 
11 84   181 
11 85   127 
11 88    85 
11 89   693 
11 90   652 
11 91   792 
11 92   662 
11 93   947 
11 94   372 
11 97   355 
11 98    72 
12 14   762 
12 16   177 
12 17   464 
12 18   933 
12 19   393 
12 20   557 
12 23   491 
12 24   888 
12 25   117 
12 27   240 
12 28   427 
12 29   273 
12 30   713 
12 31   863 
12 32   529 
12 34    38 
12 35   414 
12 37   214 
12 38   872 
12 39   428 
12 40   752 
12 41   575 
12 42   290 
12 43   693 
12 46   213 
12 47   844 
12 48   186 
12 49   494 
12 51   891 
12 57   970 
12 60   590 
12 64   979 
12 65    31 
12 66   656 
12 67   684 
12 68   147 
12 70   404 
12 71   655 
12 73   262 
12 74   444 
12 76   995 
12 79   799 
12 81   963 
12 84   184 
12 86   341 
12 88   774 
12 89    93 
12 90   277 
12 91   637 
12 93   792 
12 94    62 
12 95   543 
12 96   649 
12 97   148 
12 98   882 
13 16   709 
13 17   501 
13 18   703 
13 20   749 
13 21   814 
13 24   464 
13 27   678 
13 29   119 
13 30   478 
13 31   965 
13 32   241 
13 33   450 
13 34   674 
13 35   245 
13 36   211 
13 37   206 
13 38   700 
13 39   149 
13 40   929 
13 41   846 
13 42   276 
13 43   684 
13 45   182 
13 46   782 
13 48   272 
13 49   666 
13 50   448 
13 51   457 
13 52   612 
13 53   568 
13 54   174 
13 57   134 
13 58   523 
13 59   547 
13 60   711 
13 61   570 
13 63   539 
13 64   985 
13 65   662 
13 68   341 
13 69    10 
13 71    63 
13 72   513 
13 73   694 
13 77   730 
13 78   180 
13 80   643 
13 81    77 
13 83   832 
13 84   578 
13 86   420 
13 87   917 
13 90   656 
13 91   101 
13 93   327 
13 94    69 
13 95   777 
13 96   731 
13 98   785 
13 100   785 
14 16   986 
14 17     2 
14 18   865 
14 20    93 
14 21   576 
14 22   505 
14 23    57 
14 24   359 
14 25   934 
14 26   333 
14 27   207 
14 28   561 
14 30    27 
14 31   112 
14 32    34 
14 33   518 
14 35   170 
14 36   543 
14 39    80 
14 40   997 
14 41   231 
14 44   929 
14 45   370 
14 46   607 
14 47   145 
14 48   548 
14 49   650 
14 50   997 
14 51   705 
14 53   947 
14 54   154 
14 55   342 
14 58   727 
14 59   279 
14 63   801 
14 64   612 
14 68   406 
14 69   238 
14 70    26 
14 71   373 
14 72   395 
14 73    85 
14 74   798 
14 77   132 
14 78   132 
14 79    20 
14 81    68 
14 82   642 
14 83   298 
14 84   882 
14 85   361 
14 88   366 
14 89   254 
14 90   177 
14 91   500 
14 92   556 
14 93   735 
14 94   268 
14 95    99 
14 96   399 
14 97   109 
14 98   387 
14 99   255 
14 100   455 
15 17    63 
15 19   577 
15 22   882 
15 23   371 
15 24   647 
15 25   662 
15 27   745 
15 28    84 
15 29   929 
15 30   848 
15 31     0 
15 32   521 
15 33   302 
15 34   909 
15 37   216 
15 38   307 
15 39   211 
15 40   186 
15 41   259 
15 42   173 
15 43   172 
15 46   532 
15 47   403 
15 48   589 
15 49   378 
15 50   516 
15 51   398 
15 53   595 
15 55   703 
15 56   640 
15 57   901 
15 58   293 
15 59   332 
15 61   464 
15 62   486 
15 64   901 
15 65   124 
15 67   276 
15 68   901 
15 70   980 
15 71   955 
15 72   765 
15 73   864 
15 74    10 
15 76   568 
15 79   140 
15 81   136 
15 82   784 
15 83   605 
15 84   659 
15 86   211 
15 88   815 
15 91   575 
15 92   951 
15 93   871 
15 94   420 
15 97   671 
15 98   138 
15 99   778 
15 100   914 
16 18   170 
16 20   226 
16 21   716 
16 22   699 
16 23   208 
16 24   988 
16 25    76 
16 27   758 
16 29   615 
16 30   171 
16 31   159 
16 32   496 
16 34   150 
16 38    94 
16 39   365 
16 41   809 
16 42   769 
16 43   401 
16 45   766 
16 47   372 
16 48   407 
16 49   882 
16 50   376 
16 51   378 
16 52   952 
16 54   941 
16 55   143 
16 57   835 
16 59   472 
16 60   261 
16 61   577 
16 62   845 
16 66    52 
16 68   974 
16 69   615 
16 70   411 
16 71   721 
16 73   246 
16 77   308 
16 78   504 
16 79    18 
16 80   981 
16 81    71 
16 82   382 
16 84   132 
16 86   274 
16 90   393 
16 91   132 
16 92    33 
16 93   439 
16 95    47 
16 96   941 
16 97   147 
16 100   152 
17 21   291 
17 22    34 
17 23   843 
17 24   153 
17 25   743 
17 28   441 
17 29    44 
17 30   258 
17 31   735 
17 32   655 
17 33   814 
17 35   539 
17 37   888 
17 39   129 
17 40   453 
17 41   396 
17 44   589 
17 45   733 
17 46   331 
17 48   731 
17 49   457 
17 50   287 
17 51   757 
17 52   405 
17 54    23 
17 56   915 
17 57   216 
17 60   289 
17 61   776 
17 63   747 
17 64   812 
17 65   646 
17 66   452 
17 68    75 
17 70   934 
17 71   877 
17 72   535 
17 74   465 
17 75   191 
17 77    76 
17 78   803 
17 79   330 
17 80   177 
17 81   717 
17 82   866 
17 83   158 
17 85   309 
17 86   961 
17 87   105 
17 91   572 
17 92    33 
17 93   951 
17 94   830 
17 95   565 
17 96   382 
17 97   444 
17 98   726 
17 99   559 
17 100   566 
18 21   316 
18 22   810 
18 24   433 
18 26   249 
18 27   198 
18 29   205 
18 30   452 
18 31   396 
18 34   436 
18 35   815 
18 36   669 
18 38   759 
18 39   175 
18 41   849 
18 42   300 
18 43   244 
18 46   298 
18 47   493 
18 49   656 
18 50   235 
18 51   447 
18 52   552 
18 53   693 
18 54   823 
18 55   780 
18 56   337 
18 57   890 
18 58   205 
18 59   810 
18 60   345 
18 63   440 
18 65   583 
18 66   644 
18 67   915 
18 69    13 
18 70   866 
18 73   353 
18 74   423 
18 76   964 
18 77    96 
18 78   779 
18 79   631 
18 80   158 
18 81   800 
18 82   652 
18 83   691 
18 84   895 
18 86   520 
18 88   765 
18 89   344 
18 90   822 
18 91   452 
18 93    88 
18 94   397 
18 95   958 
18 96    94 
18 97    82 
18 98   140 
18 99   140 
18 100   770 
19 22   112 
19 23   188 
19 24   717 
19 26   193 
19 27   185 
19 28   523 
19 29   218 
19 30   674 
19 31    85 
19 32   255 
19 33   305 
19 34   897 
19 35   206 
19 36    48 
19 37   667 
19 38   675 
19 39   205 
19 41   119 
19 42   576 
19 43   961 
19 44    98 
19 45   457 
19 46   680 
19 47   598 
19 49   370 
19 50   182 
19 51   819 
19 52   366 
19 53   808 
19 54   430 
19 55   465 
19 56   511 
19 57   587 
19 58   744 
19 60   960 
19 61   781 
19 62   118 
19 63   420 
19 64   695 
19 66   112 
19 68   417 
19 70   813 
19 71   823 
19 75   830 
19 76    12 
19 78   599 
19 80   670 
19 82   561 
19 83   201 
19 84   483 
19 85   816 
19 87     4 
19 88   260 
19 89   243 
19 90   702 
19 91    12 
19 92   375 
19 93    85 
19 94   350 
19 95   947 
19 96   807 
19 97   839 
19 98   760 
19 99   665 
19 100   349 
20 23   384 
20 24   143 
20 26   155 
20 27   165 
20 28   486 
20 29   841 
20 30   660 
20 31   738 
20 32   932 
20 34   265 
20 36   908 
20 38   242 
20 39   269 
20 40   872 
20 41   691 
20 42   763 
20 43   799 
20 44   974 
20 45   384 
20 46   225 
20 47   204 
20 49   560 
20 50   859 
20 51   364 
20 52   753 
20 54   601 
20 55    47 
20 57   260 
20 58   454 
20 59   478 
20 61   972 
20 64   780 
20 65   502 
20 67   817 
20 68    98 
20 69   937 
20 70   502 
20 71   159 
20 73   196 
20 74   758 
20 75   619 
20 76    29 
20 77   529 
20 78   713 
20 79   592 
20 80   172 
20 83   733 
20 84   570 
20 85     1 
20 87   464 
20 88   864 
20 89   342 
20 90   484 
20 92   662 
20 93   280 
20 94   495 
20 95   465 
20 96    26 
20 97   846 
20 99   882 
20 100     1 
21 23   175 
21 24   428 
21 26   304 
21 27   869 
21 28   595 
21 29   240 
21 30   573 
21 31    75 
21 34   903 
21 36   565 
21 37   214 
21 38   587 
21 39    82 
21 40    79 
21 41   777 
21 42   245 
21 43   183 
21 44   654 
21 45   271 
21 47   891 
21 48   389 
21 49   203 
21 50   353 
21 51   512 
21 52   823 
21 53   640 
21 55   567 
21 56    78 
21 57   851 
21 59   177 
21 60   654 
21 62   242 
21 63   738 
21 64   187 
21 65   253 
21 66   511 
21 68   971 
21 69   827 
21 71   413 
21 72   605 
21 73    78 
21 74   891 
21 76    80 
21 77   870 
21 78   783 
21 79     6 
21 80   410 
21 81   613 
21 82   330 
21 83   339 
21 84   792 
21 85   641 
21 88   603 
21 89    22 
21 91   437 
21 92   583 
21 93   819 
21 94   546 
21 96   144 
21 97   697 
21 98   190 
21 100   850 
22 24   822 
22 25   418 
22 26   275 
22 27   887 
22 28   460 
22 30   998 
22 32   119 
22 33   709 
22 34   947 
22 35   644 
22 36   721 
22 38   676 
22 42   177 
22 45   440 
22 46    75 
22 47   485 
22 48   315 
22 49   173 
22 50   668 
22 51   346 
22 52   266 
22 53   781 
22 54   207 
22 56   945 
22 57   735 
22 58   704 
22 60   637 
22 61   904 
22 62   649 
22 63   372 
22 64   125 
22 65   149 
22 67   971 
22 68   630 
22 69   121 
22 71   192 
22 73   394 
22 75   499 
22 79     5 
22 81   884 
22 84   102 
22 85   569 
22 86   370 
22 87   948 
22 88   588 
22 91   455 
22 92   631 
22 93   204 
22 94   318 
22 96   145 
22 98   356 
22 99   509 
22 100   983 
23 25   641 
23 26   866 
23 28   806 
23 29    96 
23 30   304 
23 31    55 
23 32   681 
23 33   954 
23 35   329 
23 36    70 
23 37   501 
23 39   830 
23 40   254 
23 41    79 
23 42   769 
23 44   774 
23 46   975 
23 47   938 
23 48   972 
23 50   621 
23 51   749 
23 52   633 
23 53   704 
23 54   107 
23 55   216 
23 56   587 
23 57   665 
23 58   596 
23 59   801 
23 60   978 
23 62   860 
23 63    84 
23 65   897 
23 66    20 
23 67   830 
23 68   540 
23 69   203 
23 73   671 
23 74   258 
23 75    98 
23 76   468 
23 77   146 
23 78   998 
23 79   575 
23 81   540 
23 82    99 
23 83    99 
23 84   373 
23 85    81 
23 86   117 
23 88   411 
23 89   484 
23 90   475 
23 91   838 
23 92   438 
23 94   749 
23 95   179 
23 97   350 
23 98    55 
23 100   367 
24 26   873 
24 27   628 
24 28   112 
24 30   749 
24 31   566 
24 32   258 
24 33   354 
24 34   467 
24 35   858 
24 36   999 
24 37   490 
24 38   362 
24 40   469 
24 41   231 
24 43   536 
24 45   967 
24 46   613 
24 48   450 
24 50   121 
24 53   660 
24 54   971 
24 55   565 
24 56   139 
24 57   854 
24 58   102 
24 59   109 
24 60   976 
24 61   462 
24 62   671 
24 63   853 
24 64   932 
24 65   156 
24 66   181 
24 67   736 
24 68   364 
24 69   947 
24 70   497 
24 72   473 
24 75   532 
24 76   381 
24 77   883 
24 78   300 
24 79   494 
24 80   359 
24 81   866 
24 82   818 
24 83   986 
24 84   226 
24 85   198 
24 86   223 
24 87   636 
24 88   140 
24 89   107 
24 90   805 
24 91   304 
24 93   813 
24 94   211 
24 95   252 
24 96    29 
24 98   391 
24 99   322 
24 100   617 
25 27   703 
25 28   449 
25 29   507 
25 33   464 
25 34   397 
25 35    10 
25 36   193 
25 37   358 
25 39   778 
25 40   164 
25 41   968 
25 42   700 
25 43   303 
25 44   151 
25 45    14 
25 46   735 
25 47   548 
25 48   948 
25 49   461 
25 50   362 
25 52   360 
25 53    68 
25 54   664 
25 56   218 
25 58   507 
25 59   939 
25 62   774 
25 64   214 
25 65   170 
25 66   939 
25 68   804 
25 69   819 
25 70   365 
25 71    70 
25 73    35 
25 75   546 
25 76    93 
25 78   277 
25 79   901 
25 80   525 
25 81   505 
25 82    62 
25 83   878 
25 84   636 
25 85    71 
25 88   399 
25 89   357 
25 90   726 
25 91   805 
25 92   690 
25 94   340 
25 95   469 
25 96     0 
25 97    99 
25 98   832 
25 100   703 
26 29   944 
26 30   142 
26 32   793 
26 33   423 
26 36   152 
26 37   858 
26 38   245 
26 40   550 
26 42   161 
26 43   565 
26 44   413 
26 49   338 
26 50   790 
26 53   609 
26 55   683 
26 56   160 
26 57   744 
26 58   148 
26 59    35 
26 60   412 
26 61   508 
26 62   160 
26 63    20 
26 64   954 
26 65   447 
26 66   738 
26 69   298 
26 70   256 
26 72   598 
26 73   612 
26 74   944 
26 75   507 
26 76    40 
26 78   565 
26 79   791 
26 80   864 
26 81   973 
26 83   980 
26 86   833 
26 88   530 
26 89   907 
26 93   361 
26 95     9 
26 96   146 
26 97    91 
26 99   537 
27 29   119 
27 30   909 
27 31   598 
27 32   183 
27 33   971 
27 34   631 
27 35   749 
27 36   839 
27 37   830 
27 38   287 
27 39   405 
27 40   978 
27 41   388 
27 42   513 
27 44   957 
27 45   512 
27 46   292 
27 47   830 
27 49   357 
27 50   892 
27 52   568 
27 58   766 
27 61   978 
27 62   769 
27 63     0 
27 64   969 
27 65   188 
27 66   129 
27 67   505 
27 68   708 
27 70   609 
27 71   587 
27 72    96 
27 73   602 
27 74   708 
27 75   434 
27 77    21 
27 78   760 
27 79   506 
27 80   823 
27 81   553 
27 82   333 
27 83   976 
27 84   411 
27 85   270 
27 87   698 
27 89   503 
27 90   520 
27 91   217 
27 94   680 
27 95   740 
27 96   905 
27 97   130 
27 98   888 
27 99   695 
28 30   479 
28 31    93 
28 32   593 
28 34   928 
28 35   703 
28 37   188 
28 39   733 
28 41   464 
28 44    45 
28 45   317 
28 46   588 
28 48   704 
28 49   149 
28 50   992 
28 53   544 
28 56   393 
28 57   494 
28 58    89 
28 60   741 
28 61   851 
28 62   521 
28 63   536 
28 64   335 
28 66   282 
28 67   964 
28 70    72 
28 71   226 
28 72   619 
28 73   861 
28 74   511 
28 76    79 
28 77   358 
28 78   764 
28 79   163 
28 80    48 
28 81   543 
28 82   532 
28 84   769 
28 85   921 
28 86   868 
28 87    48 
28 89    85 
28 91   696 
28 92   572 
28 93   934 
28 95   105 
28 96   756 
28 97   399 
28 98   952 
28 99   632 
28 100   497 
29 31   112 
29 33    29 
29 34   404 
29 36   171 
29 38     2 
29 39   349 
29 40   545 
29 41   624 
29 42   175 
29 43   578 
29 44   550 
29 45    76 
29 46   589 
29 47   765 
29 49    47 
29 51   513 
29 53   467 
29 55   891 
29 56   461 
29 57   186 
29 59   684 
29 60   777 
29 61   633 
29 63   657 
29 64   288 
29 65   538 
29 66   254 
29 67   513 
29 68    57 
29 69   280 
29 72   466 
29 73   917 
29 74   635 
29 75   416 
29 76   303 
29 77   237 
29 78   506 
29 79   550 
29 80   415 
29 81    34 
29 82   460 
29 83   830 
29 84   611 
29 85   857 
29 87   375 
29 88   475 
29 89   764 
29 90   729 
29 91   512 
29 92   597 
29 93   438 
29 94    65 
29 95   361 
29 96   110 
29 97   327 
29 98   632 
29 99   780 
29 100   846 
30 32   494 
30 33   737 
30 34   605 
30 35   780 
30 36   912 
30 37   844 
30 39   398 
30 40    16 
30 41   923 
30 42   677 
30 44   516 
30 45   597 
30 47   664 
30 48   925 
30 49   744 
30 55   567 
30 56   225 
30 59   387 
30 61   231 
30 62   434 
30 65   314 
30 66   169 
30 67   156 
30 68   240 
30 69   514 
30 70    68 
30 72   261 
30 73   489 
30 76   643 
30 77   370 
30 78   491 
30 79   182 
30 81   261 
30 82   536 
30 83   668 
30 84   328 
30 85   928 
30 87   103 
30 89   195 
30 91   371 
30 92   761 
30 93   414 
30 94   816 
30 96   162 
30 97   946 
30 98   841 
30 99   856 
30 100   521 
31 33   551 
31 34   530 
31 35   724 
31 37   515 
31 38    56 
31 39   527 
31 40   737 
31 42   883 
31 43   793 
31 44    19 
31 45    95 
31 47   665 
31 48   252 
31 49    23 
31 50   726 
31 51   960 
31 53   115 
31 54   430 
31 56   354 
31 57    12 
31 58   149 
31 60    66 
31 61   788 
31 64   401 
31 66   849 
31 68   546 
31 71   730 
31 72   314 
31 73   626 
31 74   767 
31 75   387 
31 78   558 
31 79   517 
31 80   661 
31 82   167 
31 83   899 
31 84   283 
31 85   392 
31 86   838 
31 87   372 
31 90   280 
31 91   270 
31 92   552 
31 93   638 
31 96   262 
31 97   940 
31 98    43 
31 99   734 
31 100   898 
32 35   389 
32 36   661 
32 39   153 
32 40   271 
32 42   116 
32 44   611 
32 45   607 
32 47    83 
32 48   303 
32 53   734 
32 55   424 
32 56   547 
32 59   135 
32 60   226 
32 61    57 
32 62   858 
32 63   672 
32 64   413 
32 65   917 
32 66   671 
32 67   770 
32 68    14 
32 69   840 
32 70   179 
32 71   887 
32 72   145 
32 73    22 
32 74    79 
32 75   281 
32 76   537 
32 77   540 
32 78    24 
32 79   913 
32 80   262 
32 81   110 
32 83   203 
32 85   322 
32 86   119 
32 88   427 
32 91   113 
32 92   381 
32 97   503 
32 98   173 
32 99   418 
32 100     8 
33 35    49 
33 37   443 
33 39   497 
33 41   503 
33 42   336 
33 43   911 
33 44   921 
33 45   970 
33 46   827 
33 48   755 
33 49    17 
33 50   278 
33 51   890 
33 52   803 
33 53   418 
33 54   841 
33 55   160 
33 56   926 
33 57   984 
33 58   925 
33 59   789 
33 60    79 
33 61   219 
33 62   753 
33 63   318 
33 65   978 
33 67   470 
33 68   639 
33 69   944 
33 70   942 
33 72   281 
33 73   751 
33 75   661 
33 77   671 
33 79   779 
33 81   315 
33 82   333 
33 88   793 
33 89   224 
33 90   255 
33 92   710 
33 93   647 
33 94    34 
33 95   791 
33 96   181 
33 98   316 
33 99   947 
33 100    61 
34 36   542 
34 37   267 
34 38   506 
34 39   902 
34 42   744 
34 43   797 
34 44    43 
34 45   519 
34 46   674 
34 47   547 
34 48   412 
34 49   880 
34 50   618 
34 52   627 
34 53   833 
34 54   316 
34 57    69 
34 59   599 
34 60   355 
34 61   702 
34 63   154 
34 65    42 
34 67   880 
34 68   385 
34 69   152 
34 70     8 
34 71   812 
34 72   662 
34 73   285 
34 74   769 
34 77   734 
34 78   105 
34 79   801 
34 80   446 
34 81   566 
34 82   346 
34 83   616 
34 85   376 
34 86   686 
34 87    93 
34 88   901 
34 89   714 
34 90   653 
34 91   280 
34 92     0 
34 94   809 
34 96   139 
34 97   998 
34 98   492 
34 100   338 
35 37   736 
35 38   353 
35 39   759 
35 43   800 
35 45   774 
35 46   657 
35 48   579 
35 50   142 
35 51   544 
35 52   287 
35 54   922 
35 55    62 
35 56   344 
35 57   675 
35 58   403 
35 59   103 
35 61   565 
35 63   889 
35 66   594 
35 67   710 
35 68    62 
35 69   286 
35 70   304 
35 71   877 
35 72   233 
35 73    27 
35 74   815 
35 75   407 
35 76   932 
35 77   758 
35 78   775 
35 79   649 
35 80   735 
35 81   238 
35 83   929 
35 84    69 
35 85   140 
35 86   710 
35 88   750 
35 89   405 
35 92   600 
35 93   452 
35 94   760 
35 95   521 
35 96   532 
35 97   238 
35 98   384 
35 99   153 
35 100   485 
36 39   128 
36 40   394 
36 41   908 
36 42   528 
36 46   533 
36 47   397 
36 49   671 
36 50   943 
36 51   675 
36 52   780 
36 56   553 
36 57   529 
36 58   981 
36 59   700 
36 61   417 
36 62   913 
36 63   346 
36 64   500 
36 65   653 
36 67   883 
36 68   615 
36 69   119 
36 70   964 
36 72   395 
36 73   387 
36 75   521 
36 76   145 
36 78   589 
36 79    56 
36 82   837 
36 85   859 
36 86   223 
36 87   398 
36 88   698 
36 89   772 
36 91   956 
36 92   466 
36 93   734 
36 94   625 
36 95   992 
36 96   397 
36 98   338 
36 100   444 
37 39   318 
37 40    91 
37 41   183 
37 43   648 
37 44   644 
37 45   506 
37 47   485 
37 48   450 
37 49   829 
37 50   943 
37 51   438 
37 53   737 
37 54   977 
37 58   429 
37 59   759 
37 60    15 
37 61   994 
37 62   131 
37 63   496 
37 64   227 
37 65   468 
37 66   841 
37 67   444 
37 68   521 
37 69   521 
37 70   837 
37 71   806 
37 72   383 
37 73   713 
37 75   158 
37 76   305 
37 80   202 
37 83   385 
37 85   542 
37 86   670 
37 87   907 
37 88   199 
37 89   739 
37 90   662 
37 91   797 
37 92   545 
37 94   611 
37 95   295 
37 96   469 
37 97   721 
37 98   347 
37 100   992 
38 40   882 
38 41   155 
38 42   270 
38 43   475 
38 44   299 
38 46   409 
38 47   684 
38 48   351 
38 49   222 
38 50   870 
38 56   773 
38 58   161 
38 60   447 
38 61   730 
38 62   475 
38 63   349 
38 64   308 
38 67   509 
38 68   549 
38 69   757 
38 70   745 
38 72   462 
38 75   438 
38 79   543 
38 80   123 
38 81   617 
38 82   843 
38 83   572 
38 84   296 
38 85    73 
38 86   686 
38 87   255 
38 88   401 
38 89   338 
38 90   126 
38 91   540 
38 93   921 
38 94   481 
38 95   105 
38 96   967 
38 97   311 
38 98   792 
38 99   835 
38 100   581 
39 42   850 
39 43   124 
39 46   623 
39 47   849 
39 48   456 
39 51    43 
39 52   663 
39 54   285 
39 55   738 
39 56   268 
39 57   660 
39 61   729 
39 62   298 
39 63   488 
39 64   804 
39 66   108 
39 67    54 
39 68     6 
39 71   950 
39 72   284 
39 73   906 
39 74   533 
39 75   902 
39 76    89 
39 77   341 
39 78   386 
39 79   485 
39 80   909 
39 83   627 
39 84   239 
39 85   543 
39 87   113 
39 88   720 
39 90   258 
39 91   699 
39 92   919 
39 93   607 
39 97   874 
39 98   971 
39 99   465 
39 100   199 
40 42    26 
40 43   258 
40 44   510 
40 46   588 
40 47   116 
40 48   263 
40 49   121 
40 51   889 
40 52    92 
40 53   979 
40 54   305 
40 55   102 
40 56   495 
40 57   830 
40 58   370 
40 59   260 
40 60    23 
40 61   331 
40 62   948 
40 63   222 
40 64   447 
40 65   184 
40 66   356 
40 67    99 
40 68   478 
40 69   118 
40 70   726 
40 71   205 
40 72   502 
40 73    66 
40 76   258 
40 78   363 
40 79    95 
40 80   175 
40 81    57 
40 83   962 
40 84   430 
40 85   632 
40 86   102 
40 87   898 
40 90   792 
40 92   543 
40 93   694 
40 96    94 
40 97    93 
40 98   639 
40 100   190 
41 43   479 
41 44   506 
41 45   712 
41 46   752 
41 48   566 
41 50   267 
41 51   730 
41 52   634 
41 55   468 
41 57   731 
41 58   494 
41 59   569 
41 61   362 
41 62    89 
41 63   716 
41 64   182 
41 65   149 
41 67   609 
41 68   263 
41 69   734 
41 70   790 
41 71   498 
41 73   400 
41 74   345 
41 76   946 
41 77   639 
41 78   711 
41 79    33 
41 81   297 
41 83   718 
41 85   260 
41 86   392 
41 87   557 
41 88   635 
41 90    29 
41 91   606 
41 92   826 
41 93    54 
41 94   347 
41 95   655 
41 96   563 
41 98   637 
41 99   497 
41 100   750 
42 44   480 
42 45   134 
42 47   442 
42 51   438 
42 53   367 
42 55    35 
42 57   219 
42 58   904 
42 59   695 
42 60   685 
42 61   153 
42 62   381 
42 64   216 
42 65   890 
42 66   204 
42 67   993 
42 69   160 
42 70   602 
42 71   349 
42 73   340 
42 74   656 
42 76   126 
42 77   344 
42 78    43 
42 80   616 
42 81   171 
42 82   327 
42 83   362 
42 84    67 
42 85   999 
42 86   818 
42 87    23 
42 88   593 
42 91   949 
42 93   303 
42 96   797 
42 97   321 
42 99   886 
42 100   709 
43 45   913 
43 46   257 
43 47   828 
43 48   411 
43 49   298 
43 50   408 
43 51   253 
43 52   953 
43 53   888 
43 54   780 
43 58   767 
43 59   319 
43 61   472 
43 63   509 
43 64   993 
43 65   780 
43 66   943 
43 68   811 
43 69   720 
43 70   227 
43 71   699 
43 72   597 
43 73   805 
43 74   454 
43 75   701 
43 78   549 
43 79   712 
43 80   740 
43 81   386 
43 82   701 
43 83   141 
43 84   495 
43 85   427 
43 86    41 
43 87   403 
43 88   827 
43 89     8 
43 90   526 
43 91   444 
43 93    14 
43 94    24 
43 95   156 
43 96   932 
43 97   285 
43 98   175 
43 99   217 
43 100   727 
44 46   931 
44 47    98 
44 51   542 
44 52   461 
44 53   658 
44 54   853 
44 55   957 
44 56   643 
44 57   548 
44 58   863 
44 59   943 
44 60   772 
44 61   720 
44 62   664 
44 65   401 
44 67   189 
44 68   492 
44 69   143 
44 70   855 
44 71   115 
44 73   409 
44 74   313 
44 75   746 
44 76   995 
44 77   502 
44 78   782 
44 79   178 
44 81   468 
44 82   129 
44 83   293 
44 84   673 
44 85   352 
44 86   368 
44 89    48 
44 90   521 
44 92   213 
44 93   985 
44 94   436 
44 95   289 
44 96    61 
44 97   439 
44 98   724 
44 99   215 
45 47   337 
45 48   596 
45 49   317 
45 50   110 
45 51    81 
45 52   578 
45 53   128 
45 54   261 
45 55   679 
45 56   567 
45 57   107 
45 59   445 
45 60   500 
45 61   876 
45 63   217 
45 64    32 
45 66   619 
45 67   844 
45 68   503 
45 69     2 
45 71   124 
45 72   589 
45 73   986 
45 74   386 
45 76   465 
45 79   583 
45 80   328 
45 81   675 
45 83   704 
45 84   513 
45 87   160 
45 92   262 
45 93   270 
45 94   980 
45 95   829 
45 98   538 
45 99   838 
46 49   233 
46 50   188 
46 52   110 
46 53   515 
46 54   401 
46 57   462 
46 59   737 
46 60   343 
46 61   781 
46 62   648 
46 63   566 
46 65    61 
46 66   599 
46 67   429 
46 68   178 
46 69   760 
46 70   550 
46 72   147 
46 74     4 
46 75   392 
46 77   577 
46 78   927 
46 81   218 
46 82   977 
46 84   280 
46 85    92 
46 89   376 
46 90   119 
46 91     5 
46 92   660 
46 93   796 
46 94   511 
46 95   467 
46 97   694 
46 98   704 
46 99   487 
47 49   908 
47 51   263 
47 52   616 
47 53   805 
47 54   870 
47 55   191 
47 57   919 
47 58   851 
47 59   868 
47 61   488 
47 62   886 
47 63    97 
47 64   113 
47 65   936 
47 67   293 
47 69   250 
47 70   711 
47 71    86 
47 72   981 
47 74   738 
47 75   828 
47 76   780 
47 80    62 
47 81    54 
47 82   899 
47 84   476 
47 85   406 
47 86   759 
47 87   457 
47 88   955 
47 89   703 
47 90   683 
47 91   216 
47 92   220 
47 94   162 
47 95   662 
47 96   766 
47 97   151 
47 98   859 
47 99   871 
48 51   380 
48 52   876 
48 54   884 
48 56    93 
48 57    91 
48 58   387 
48 60    30 
48 62   780 
48 63   913 
48 65   672 
48 66   478 
48 68   763 
48 70   262 
48 71   262 
48 72   866 
48 73   933 
48 75   233 
48 76   872 
48 79    26 
48 81    82 
48 83   723 
48 85   249 
48 86   550 
48 88   785 
48 89   358 
48 90   755 
48 93   991 
48 94    57 
48 95   624 
48 96   709 
48 98   111 
48 99   140 
48 100   940 
49 52   273 
49 53   567 
49 56   965 
49 57   910 
49 58   386 
49 59   566 
49 62   472 
49 63   175 
49 65   856 
49 66   115 
49 67   785 
49 68   943 
49 70   782 
49 71   902 
49 72   479 
49 73   338 
49 74   604 
49 76   115 
49 78   747 
49 79   907 
49 80   107 
49 81   239 
49 82   112 
49 84   478 
49 86   533 
49 87    95 
49 88   764 
49 89   857 
49 90   701 
49 91   770 
49 96   654 
49 98   114 
49 99   527 
49 100   813 
50 52   605 
50 54   944 
50 55   451 
50 56   475 
50 57   111 
50 58   654 
50 59   153 
50 60   904 
50 64   606 
50 66   591 
50 67   491 
50 68   402 
50 70   379 
50 72    99 
50 73   913 
50 74   791 
50 75   405 
50 76   827 
50 77   945 
50 79   764 
50 81   487 
50 82    49 
50 83   442 
50 84   694 
50 85   501 
50 86   995 
50 87   511 
50 88    20 
50 89   652 
50 90   722 
50 93   580 
50 94   133 
50 96   433 
50 98   141 
50 99   829 
50 100   132 
51 55   160 
51 56   660 
51 59   422 
51 60   617 
51 62   379 
51 63   751 
51 64   946 
51 65    71 
51 66   737 
51 68   477 
51 69   460 
51 70   254 
51 72   615 
51 73   553 
51 75   721 
51 76   541 
51 77   764 
51 78   332 
51 79   838 
51 80   242 
51 81   280 
51 83   906 
51 84   262 
51 86   746 
51 87    25 
51 89   188 
51 90   989 
51 93   658 
51 94   623 
51 95   862 
51 96   892 
51 97   602 
51 98    12 
51 100   662 
52 56   488 
52 58   702 
52 59   795 
52 60   521 
52 61   288 
52 62   255 
52 63   760 
52 67   702 
52 68   282 
52 69   483 
52 70   520 
52 71   966 
52 74   190 
52 75   574 
52 76    69 
52 78   290 
52 79   120 
52 80   505 
52 81    73 
52 82   947 
52 83   536 
52 84   380 
52 85    26 
52 86   956 
52 88   400 
52 89   662 
52 90   911 
52 91    11 
52 92   294 
52 93   271 
52 94   752 
52 95   285 
52 96   585 
52 97   646 
52 98   874 
52 99   776 
52 100   154 
53 55   167 
53 58   800 
53 59   838 
53 61   980 
53 62   525 
53 63   243 
53 65     4 
53 66   466 
53 67   745 
53 68   276 
53 69   327 
53 70   671 
53 71   180 
53 73   989 
53 74   464 
53 76   363 
53 77   834 
53 78   411 
53 79    53 
53 80   488 
53 81   168 
53 82   633 
53 83   633 
53 84   259 
53 85   358 
53 86   629 
53 87   296 
53 89   300 
53 90   106 
53 91   327 
53 93   103 
53 95    40 
53 96   316 
53 97    20 
53 98   816 
53 99   621 
53 100   387 
54 56   901 
54 57   786 
54 58   208 
54 60   714 
54 63   336 
54 64   974 
54 68   264 
54 69   203 
54 70   665 
54 72   916 
54 73   493 
54 74   980 
54 76   886 
54 77    10 
54 78   837 
54 79   608 
54 81   483 
54 82   461 
54 83   900 
54 85   826 
54 87   466 
54 88   354 
54 89   386 
54 90   726 
54 91   190 
54 92   183 
54 96   256 
54 97   515 
54 98   979 
54 99   151 
54 100    58 
55 58   443 
55 59   257 
55 60   733 
55 61   319 
55 62   431 
55 64   205 
55 65   744 
55 67   475 
55 68   410 
55 70     6 
55 72   897 
55 74   902 
55 75   787 
55 77   409 
55 78   127 
55 79   459 
55 80   987 
55 82   914 
55 83    13 
55 87   484 
55 88    77 
55 90   213 
55 91   307 
55 93    85 
55 95   379 
55 97   997 
55 98   850 
55 99   754 
55 100   260 
56 58   891 
56 61    47 
56 62   983 
56 63   122 
56 64   493 
56 65   154 
56 66   669 
56 67   901 
56 71   569 
56 72   905 
56 75   614 
56 76   203 
56 77   879 
56 78   820 
56 81   952 
56 82   306 
56 83   521 
56 86    25 
56 87   827 
56 89   446 
56 90    60 
56 93   155 
56 95   897 
56 96   775 
56 97   439 
56 98   319 
56 100   184 
57 59   532 
57 60   607 
57 61   124 
57 62   684 
57 63   688 
57 64   972 
57 65   640 
57 66   583 
57 67   152 
57 68   141 
57 71   208 
57 72   520 
57 73   623 
57 74   691 
57 75   508 
57 76   659 
57 77   340 
57 78   158 
57 81   514 
57 83    25 
57 84   597 
57 85   416 
57 86   125 
57 91   726 
57 93   252 
57 97   703 
57 98   164 
57 99   953 
58 60   232 
58 62   393 
58 63   515 
58 64    43 
58 66   130 
58 67   175 
58 68   714 
58 70   972 
58 71   219 
58 73   378 
58 74   563 
58 75   377 
58 76   803 
58 78   839 
58 79    69 
58 81   630 
58 82   438 
58 83   695 
58 85   151 
58 87   240 
58 88   139 
58 89   676 
58 91   299 
58 93   772 
58 94   447 
58 95   897 
58 96   464 
58 98   509 
59 61   525 
59 63   924 
59 64   681 
59 65     1 
59 68   784 
59 69   505 
59 70   496 
59 72   814 
59 74   244 
59 75    78 
59 77   716 
59 78   571 
59 80   815 
59 81   167 
59 83   314 
59 84   339 
59 85    62 
59 86   189 
59 87   658 
59 89   368 
59 90   716 
59 91   305 
59 92    75 
59 93   376 
59 96   499 
59 98   491 
59 99   737 
59 100     0 
60 62   214 
60 64   838 
60 65   836 
60 66   614 
60 68   351 
60 69   843 
60 71   516 
60 72    43 
60 73   458 
60 74   518 
60 75   608 
60 76    10 
60 81   272 
60 82   657 
60 84   535 
60 85   356 
60 86   383 
60 87   879 
60 88   268 
60 89   441 
60 91    36 
60 94   404 
60 97   583 
60 98   891 
60 99   513 
60 100   146 
61 63    65 
61 64   108 
61 65   318 
61 66   456 
61 67   698 
61 68   656 
61 69   943 
61 72   916 
61 73   143 
61 74   291 
61 76   329 
61 77   377 
61 78    33 
61 79   176 
61 81   635 
61 82   361 
61 83   509 
61 85    63 
61 86   925 
61 87   982 
61 88    58 
61 92   226 
61 93   230 
61 94   599 
61 95   902 
61 97   703 
61 98   104 
61 99   950 
61 100   331 
62 64    82 
62 66   815 
62 68   343 
62 69    87 
62 72   999 
62 73   160 
62 74    33 
62 75   639 
62 77    67 
62 78   612 
62 80   501 
62 81   939 
62 82   348 
62 83   979 
62 84   258 
62 85   277 
62 88   636 
62 89   732 
62 90   184 
62 91    58 
62 92   273 
62 93   135 
62 94   586 
62 95   312 
62 96    79 
62 97   850 
62 98   474 
62 100   251 
63 65   514 
63 67   910 
63 68   355 
63 70   107 
63 71   257 
63 72   463 
63 73   637 
63 74   672 
63 75   300 
63 76   340 
63 78   961 
63 79   348 
63 80   691 
63 82   282 
63 83   569 
63 86   647 
63 87   111 
63 88    84 
63 90   165 
63 92   877 
63 93   275 
63 94   657 
63 95   263 
63 96    13 
63 97   441 
63 99   341 
63 100   950 
64 66   313 
64 68   839 
64 69   816 
64 70   450 
64 71   373 
64 72   125 
64 73   321 
64 74   371 
64 75   551 
64 76   633 
64 79    18 
64 80   830 
64 81   911 
64 82   732 
64 84   437 
64 85   484 
64 86   508 
64 87   573 
64 88    57 
64 91   260 
64 92   105 
64 93   910 
64 94   612 
64 95   284 
64 96   112 
64 98    38 
65 67   515 
65 68   974 
65 69   319 
65 71   434 
65 74   188 
65 75   446 
65 76   479 
65 78   455 
65 80   134 
65 81   799 
65 83   941 
65 84   772 
65 85   713 
65 88   922 
65 89   930 
65 90   132 
65 92   650 
65 94   901 
65 95   470 
65 96    85 
65 97   726 
65 98   807 
65 99   527 
65 100    70 
66 68   245 
66 70   684 
66 71   820 
66 73   476 
66 74   396 
66 75   231 
66 76   345 
66 77   557 
66 78   951 
66 79   412 
66 80   462 
66 81   329 
66 82   146 
66 83    27 
66 84   550 
66 85   855 
66 86   333 
66 87   537 
66 88   596 
66 90   853 
66 92   340 
66 94   763 
66 95   841 
66 96   963 
66 97   851 
66 98   806 
66 99    39 
67 69    86 
67 71   221 
67 72   839 
67 73   456 
67 75   443 
67 76   543 
67 78   296 
67 80   363 
67 82   111 
67 83   927 
67 85   847 
67 86   499 
67 87   940 
67 88   909 
67 90     2 
67 91   351 
67 92   154 
67 94   592 
67 96   140 
67 98   544 
67 100   114 
68 70   341 
68 72   578 
68 75   316 
68 76   507 
68 77    38 
68 82   583 
68 83   113 
68 84    11 
68 85   904 
68 86   653 
68 87   856 
68 89   717 
68 90   595 
68 92   144 
68 94   262 
68 95   498 
68 96   675 
68 97   615 
68 98   366 
68 99   150 
68 100   121 
69 71   720 
69 72   592 
69 75   744 
69 77   876 
69 78   131 
69 79    76 
69 82   108 
69 83   862 
69 84   379 
69 85   112 
69 86   162 
69 87   622 
69 88   457 
69 89   380 
69 91   336 
69 92   705 
69 94   973 
69 95   741 
69 97   203 
69 100    14 
70 73   557 
70 75   272 
70 76   472 
70 78   822 
70 79   548 
70 80   391 
70 82   467 
70 84   402 
70 85   580 
70 86   617 
70 87   767 
70 88   207 
70 89   599 
70 90   876 
70 91   742 
70 92   753 
70 93   786 
70 95   684 
70 96   247 
70 97   416 
70 98   368 
70 99   260 
70 100   947 
71 74   741 
71 75   928 
71 78   152 
71 80   282 
71 81   733 
71 83   342 
71 84   164 
71 85   363 
71 86   595 
71 87   806 
71 88   883 
71 89    36 
71 90   602 
71 91   761 
71 92   102 
71 93   439 
71 95   466 
71 96   260 
71 98   556 
71 99   675 
71 100   653 
72 74   258 
72 75   162 
72 76   161 
72 77   459 
72 78   566 
72 80   933 
72 82   452 
72 83    76 
72 84   536 
72 87   661 
72 88   899 
72 89   673 
72 90   567 
72 91   699 
72 92   552 
72 93   539 
72 94   337 
72 97   865 
72 98   688 
72 99   231 
72 100    99 
73 76   606 
73 77   901 
73 78   460 
73 79   946 
73 81   912 
73 83   445 
73 84   642 
73 86   346 
73 87   432 
73 88   107 
73 89   785 
73 92   982 
73 93    88 
73 94   877 
73 95   488 
73 96   161 
73 97   527 
73 98   479 
74 76   210 
74 77   529 
74 79   135 
74 80    57 
74 81   533 
74 85   437 
74 86   317 
74 87   950 
74 88   337 
74 92   747 
74 93   750 
74 94   425 
74 96   135 
74 98   514 
75 80   150 
75 81   392 
75 82   175 
75 84   670 
75 88   189 
75 89   599 
75 92   500 
75 93   637 
75 94   459 
75 95   978 
75 98    25 
75 99   223 
75 100   825 
76 79   411 
76 80   820 
76 82   442 
76 83   994 
76 84   281 
76 85   327 
76 86   569 
76 87   335 
76 88   885 
76 90   748 
76 91   234 
76 93   795 
76 94   702 
76 95   139 
76 96   903 
76 98   961 
76 99   554 
77 80   645 
77 81   802 
77 83   616 
77 84   592 
77 86   257 
77 88   161 
77 89   835 
77 90   887 
77 91   457 
77 92   838 
77 94   417 
77 95   588 
77 96   791 
77 97    26 
77 98   873 
77 99   895 
77 100   164 
78 80   765 
78 81   930 
78 83   505 
78 86   199 
78 87   256 
78 88   372 
78 89   382 
78 90   210 
78 92   521 
78 93   118 
78 94   924 
78 95   962 
78 96   976 
78 97   716 
78 98   430 
78 99   672 
78 100   798 
79 81   356 
79 82   502 
79 83   799 
79 86    15 
79 87   360 
79 88   425 
79 90   126 
79 91   722 
79 92   723 
79 93   748 
79 96   434 
79 97   452 
79 98   616 
79 100   966 
80 82   687 
80 83   792 
80 84   621 
80 85    27 
80 86   990 
80 88   807 
80 89   953 
80 90   615 
80 91   936 
80 93   533 
80 94   166 
80 95   476 
80 96   931 
80 97   805 
80 98   709 
80 99    37 
81 83   499 
81 84   142 
81 85    80 
81 86   955 
81 87   989 
81 88   662 
81 90   276 
81 91   922 
81 93   789 
81 94   341 
81 95   561 
81 96   401 
81 97   492 
81 98   824 
81 99    86 
81 100   954 
82 84   114 
82 85   213 
82 87   661 
82 88   980 
82 90   866 
82 91    23 
82 94   985 
82 95   954 
82 96   490 
82 97   209 
82 98   567 
82 99   672 
82 100   720 
83 85   468 
83 86   573 
83 87   552 
83 88   682 
83 89   733 
83 90   470 
83 91   624 
83 93   653 
83 94   637 
83 95   825 
83 96    22 
83 97   464 
83 98   553 
83 99   634 
83 100   140 
84 86   328 
84 87    25 
84 88   137 
84 89   983 
84 90    18 
84 91   713 
84 92   124 
84 94   771 
84 95   752 
84 97   252 
84 98    43 
84 99   747 
85 87   419 
85 88    27 
85 89   113 
85 91   814 
85 92    19 
85 95   861 
85 96   617 
85 97   108 
85 98   592 
85 99   473 
85 100   175 
86 88    96 
86 89   678 
86 90   233 
86 94   605 
86 95   912 
86 96   222 
86 98   166 
86 100   260 
87 89   469 
87 91    60 
87 94   540 
87 95   321 
87 96   538 
87 98   535 
87 99   796 
88 90    96 
88 91   234 
88 93   533 
88 94    70 
88 95     5 
88 97   978 
88 98   870 
88 99   503 
88 100   996 
89 91   347 
89 93   696 
89 94   562 
89 95   895 
89 96   467 
89 98    31 
89 100   674 
90 92   392 
90 93   562 
90 94   850 
90 95   474 
90 97     7 
90 99    58 
91 93   555 
91 95   485 
91 98   957 
91 99   750 
91 100   656 
92 95   114 
92 96   367 
92 99   664 
93 95   140 
93 96   581 
93 98     2 
93 99   725 
93 100   174 
94 96   881 
94 97   835 
94 98    41 
94 99   998 
94 100   848 
95 97   812 
95 99   388 
96 98   876 
96 99   160 
96 100   352 
97 100   384 
98 100   860 
0 
0 
0 
0 
0 
0 
0 
0 
0 
0 
0 
0 
0 
0 
0 
0 
0 
0 
0 
0 
0 
0 
0 
0 
0 
0 
0 
0 
0 
0 
0 
0 
0 
0 
0 
0 
0 
0 
0 
0 
0 
0 
0 
0 
0 
0 
0 
0 
0 
0 
0 
0 
0 
0 
0 
0 
0 
0 
0 
0 
0 
0 
0 
0 
0 
0 
0 
0 
0 
0 
0 
0 
0 
0 
0 
0 
0 
0 
0 
0 
0 
0 
0 
0 
0 
0 
0 
0 
0 
0 
0 
0 
0 
0 
0 
0 
0 
0 
0 
0 
  241   798 
  927   529 
  925   748 
  864   668 
  631   378 
  387   130 
  950   115 
  709   673 
  173   201 
  547   621 
  708   580 
  849   527 
  761   643 
  395   767 
    3   668 
  401   995 
  173   437 
  771   760 
  389   303 
  513   330 
  158   743 
  702   768 
  824   713 
  331   491 
  166   762 
  707   240 
   85   810 
  559   240 
  799   572 
  333   169 
  645   282 
  788   921 
  398   531 
  870   688 
  686   933 
  225   288 
  577   466 
  254   632 
  787   116 
  407   298 
  797   523 
  849   496 
  634   905 
   72   991 
  185   259 
   94   855 
  436   974 
   10   318 
  239   204 
  420   250 
  710   112 
   63   622 
  923   901 
  436   209 
  849   267 
  781   664 
  917   774 
  820   892 
  523   364 
  790   923 
  214    87 
  699   348 
  197   344 
   75   938 
  517   537 
  103   550 
  392   570 
  766   276 
  646   756 
  708   331 
  343   832 
  635   998 
  830   102 
  345   267 
  452   207 
  553   655 
  168   808 
  384   263 
  442   292 
  236    77 
  293   697 
  379   990 
  553   789 
  655   422 
  305   176 
  510   618 
  526    73 
  462   524 
    5   494 
   89   799 
  299    27 
  315   438 
  915   597 
   34   211 
   68   926 
  986   917 
  595   432 
   30   835 
  519   658 
  732   892 
