100 3614 
1 2   425 
2 3   307 
3 4   852 
4 5   939 
5 6   412 
6 7   649 
7 8   132 
8 9   285 
9 10   842 
10 11   670 
11 12     9 
12 13   439 
13 14   417 
14 15   598 
15 16   585 
16 17   866 
17 18   659 
18 19   890 
19 20    10 
20 21   124 
21 22   854 
22 23   606 
23 24   731 
24 25   154 
25 26   876 
26 27   191 
27 28    48 
28 29   540 
29 30   686 
30 31   262 
31 32   734 
32 33   642 
33 34   474 
34 35   980 
35 36   164 
36 37   636 
37 38   591 
38 39   105 
39 40   601 
40 41   827 
41 42   214 
42 43   239 
43 44   640 
44 45   959 
45 46   840 
46 47   165 
47 48   414 
48 49   331 
49 50   390 
50 51   826 
51 52   555 
52 53   404 
53 54   795 
54 55   574 
55 56   376 
56 57   481 
57 58   350 
58 59   996 
59 60   154 
60 61   768 
61 62   746 
62 63   845 
63 64   171 
64 65   723 
65 66   924 
66 67   585 
67 68    19 
68 69   491 
69 70   315 
70 71   111 
71 72   168 
72 73   401 
73 74   298 
74 75   922 
75 76     4 
76 77   978 
77 78   806 
78 79   163 
79 80   180 
80 81   489 
81 82   953 
82 83   172 
83 84   869 
84 85    56 
85 86   119 
86 87   367 
87 88   330 
88 89   431 
89 90   171 
90 91   654 
91 92   287 
92 93   964 
93 94   210 
94 95   512 
95 96   302 
96 97   816 
97 98   668 
98 99    28 
99 100   554 
1 3   939 
1 4    32 
1 5    41 
1 6   523 
1 9   179 
1 10   149 
1 11   895 
1 12   268 
1 13   924 
1 15   758 
1 16   839 
1 17    61 
1 18   318 
1 19   950 
1 21   274 
1 23   980 
1 25   166 
1 26   860 
1 27   548 
1 28   583 
1 29    12 
1 30   303 
1 31   409 
1 32   837 
1 34   266 
1 36   217 
1 37   344 
1 38   120 
1 39   246 
1 42     0 
1 43   584 
1 45   672 
1 47   740 
1 48   532 
1 49   408 
1 50    48 
1 51   353 
1 53     1 
1 55     9 
1 59   206 
1 60   937 
1 62   809 
1 63   243 
1 65   923 
1 66   848 
1 68   133 
1 70   451 
1 71   582 
1 73   509 
1 74   732 
1 76   532 
1 77   984 
1 78   813 
1 80   997 
1 81   346 
1 82   140 
1 83   880 
1 84   702 
1 86   836 
1 89   738 
1 90   799 
1 92   188 
1 93   161 
1 94   446 
1 96   395 
1 97   403 
1 98   978 
1 99   322 
1 100   900 
2 5   857 
2 7   812 
2 9   831 
2 10   559 
2 13   219 
2 14   233 
2 15   721 
2 16    87 
2 19   803 
2 21   946 
2 22   115 
2 23   491 
2 24   624 
2 25   896 
2 26   867 
2 28   203 
2 29   170 
2 30   302 
2 31    26 
2 32   611 
2 34   546 
2 35   844 
2 36   982 
2 37    23 
2 38   527 
2 39   183 
2 40   465 
2 41    47 
2 42   622 
2 43   990 
2 44   958 
2 45   552 
2 46   461 
2 48   383 
2 51   715 
2 52    26 
2 53   581 
2 54   716 
2 55   855 
2 56   828 
2 58   189 
2 59   228 
2 60   819 
2 62   438 
2 63   650 
2 65     4 
2 68   637 
2 70    38 
2 71   405 
2 72   109 
2 73   853 
2 74     9 
2 75   529 
2 76   678 
2 77    32 
2 78   746 
2 79    91 
2 80   180 
2 81   521 
2 83   932 
2 84   416 
2 85   226 
2 87   474 
2 91   489 
2 92   221 
2 94    54 
2 95   772 
2 98    17 
3 5    47 
3 6    52 
3 8   990 
3 9   772 
3 10   787 
3 11   416 
3 17    88 
3 19   714 
3 20   410 
3 21   883 
3 23   776 
3 25   104 
3 26   926 
3 27   773 
3 28   275 
3 29   543 
3 30   732 
3 31   940 
3 33   707 
3 34   508 
3 35   666 
3 37   932 
3 38   509 
3 40   796 
3 41   241 
3 42   435 
3 43   714 
3 44   990 
3 45   482 
3 46   380 
3 47   146 
3 48   680 
3 49   566 
3 51   360 
3 52   612 
3 53   245 
3 54   240 
3 55   432 
3 57   840 
3 58   955 
3 59   624 
3 60    95 
3 61   985 
3 62   594 
3 63   452 
3 64   613 
3 65   609 
3 66   568 
3 68   634 
3 69   239 
3 71   200 
3 72   895 
3 74   471 
3 75   732 
3 76   898 
3 78   779 
3 80   928 
3 81   686 
3 83   883 
3 84   227 
3 85   278 
3 86   305 
3 87   808 
3 88    96 
3 89   815 
3 90   624 
3 92   999 
3 94   368 
3 95   398 
3 96   868 
3 97   281 
3 98   214 
3 99    31 
3 100   354 
4 6   876 
4 7   184 
4 8   313 
4 9   429 
4 10   527 
4 11   946 
4 12   871 
4 13   177 
4 14   721 
4 15   972 
4 16    29 
4 17   984 
4 18    97 
4 20   332 
4 21   820 
4 22   342 
4 23   418 
4 24   489 
4 25   457 
4 26   453 
4 27   154 
4 28   726 
4 29   403 
4 30   149 
4 32   777 
4 34    34 
4 35   850 
4 36   675 
4 37   229 
4 38   256 
4 39   562 
4 40   872 
4 42   488 
4 43   994 
4 45   629 
4 46   988 
4 47   414 
4 48   897 
4 49   375 
4 51   789 
4 52   747 
4 54   453 
4 55   986 
4 56    34 
4 59    81 
4 61   184 
4 62   698 
4 64    86 
4 65   296 
4 66   355 
4 67    91 
4 68   558 
4 71   285 
4 72   204 
4 73   755 
4 75    91 
4 76   210 
4 77   860 
4 79   215 
4 80   128 
4 81   939 
4 82   445 
4 83   400 
4 84     7 
4 87   144 
4 88   963 
4 89   477 
4 91   621 
4 92   275 
4 93   499 
4 94   342 
4 95   572 
4 96   994 
4 97   218 
4 98   267 
4 99   221 
5 8   726 
5 9   634 
5 11   173 
5 15   132 
5 16   289 
5 17   697 
5 19   262 
5 21   802 
5 22   476 
5 23   803 
5 24   588 
5 25   203 
5 26   154 
5 29   299 
5 31   359 
5 33   620 
5 35   513 
5 36   258 
5 37   311 
5 39   844 
5 40   237 
5 42   493 
5 43   714 
5 46   462 
5 47   267 
5 49   837 
5 50   381 
5 51   225 
5 53   141 
5 54   760 
5 55   293 
5 57   624 
5 58   528 
5 59   476 
5 60   678 
5 62   391 
5 63   544 
5 64   610 
5 66   405 
5 67   664 
5 68   416 
5 70   606 
5 71    73 
5 72   858 
5 73   415 
5 75   509 
5 78   537 
5 79   984 
5 80   101 
5 81   546 
5 82   177 
5 84   771 
5 85   120 
5 86   819 
5 87   505 
5 88   840 
5 89   446 
5 91   859 
5 93   228 
5 94   739 
5 95   731 
5 97   377 
5 98   646 
5 99   909 
5 100   628 
6 9   840 
6 10   475 
6 11   387 
6 12   399 
6 13   591 
6 14   980 
6 15   500 
6 16   796 
6 18   163 
6 20   504 
6 22   377 
6 24   960 
6 25   647 
6 28   949 
6 29   490 
6 30   992 
6 31   520 
6 32   778 
6 33   747 
6 34   203 
6 36   323 
6 37   410 
6 38   794 
6 40   467 
6 41   408 
6 43   791 
6 44   728 
6 45   796 
6 46   655 
6 47   255 
6 48   209 
6 49   282 
6 51   568 
6 52   477 
6 53   851 
6 54   544 
6 56   511 
6 57   813 
6 58   183 
6 62   792 
6 63   351 
6 65   989 
6 66   315 
6 68   924 
6 69   517 
6 73   116 
6 74    39 
6 75   870 
6 77    61 
6 78   297 
6 79   477 
6 80   957 
6 81   582 
6 82   983 
6 84   345 
6 85   854 
6 86   638 
6 87    94 
6 88   194 
6 90   398 
6 91   923 
6 92   650 
6 93   645 
6 96   187 
6 97   446 
6 98   542 
6 99   913 
6 100   946 
7 9   548 
7 11   218 
7 12   331 
7 13   610 
7 14   485 
7 16   127 
7 17   587 
7 18   928 
7 20   309 
7 21   490 
7 23   891 
7 24   143 
7 25   724 
7 27   230 
7 28   204 
7 29   723 
7 30   277 
7 31   420 
7 33   187 
7 35   147 
7 36   373 
7 38   404 
7 40   420 
7 41   894 
7 42    32 
7 44   421 
7 46   959 
7 47   201 
7 48   563 
7 49   625 
7 51   295 
7 52   746 
7 54   506 
7 56   809 
7 57   147 
7 59   605 
7 60   507 
7 61    60 
7 63   475 
7 65   638 
7 66   806 
7 67   871 
7 68   707 
7 70   896 
7 71   881 
7 72   848 
7 73   638 
7 76   248 
7 77   280 
7 78   662 
7 80   526 
7 82    43 
7 83   985 
7 84   340 
7 85   234 
7 87   690 
7 88   709 
7 89   837 
7 90   206 
7 91   993 
7 92   885 
7 93   145 
7 94   406 
7 96   271 
7 97   249 
7 98   638 
7 99   521 
8 11   928 
8 12   307 
8 15   228 
8 16    94 
8 17   925 
8 18   580 
8 19    30 
8 20   552 
8 24   160 
8 25   895 
8 26   930 
8 27   625 
8 28   361 
8 29   557 
8 30   626 
8 31   480 
8 34   632 
8 36   123 
8 37   367 
8 38   948 
8 40   382 
8 41   964 
8 42    67 
8 44   804 
8 45   594 
8 46    61 
8 47    96 
8 48   668 
8 50   174 
8 52   558 
8 53    24 
8 54   451 
8 55   749 
8 56   822 
8 57   119 
8 58   347 
8 60   326 
8 61   557 
8 63     5 
8 64   974 
8 65   380 
8 67    48 
8 68   243 
8 69   659 
8 70   768 
8 72   724 
8 73   616 
8 74   745 
8 75   300 
8 76   320 
8 77   111 
8 79   895 
8 80    94 
8 82   691 
8 84    16 
8 85   424 
8 86     6 
8 87   541 
8 88   984 
8 89   163 
8 90   992 
8 91   428 
8 92   323 
8 93   918 
8 94   132 
8 95    84 
8 96   545 
8 98   470 
8 99   639 
9 13   671 
9 14   585 
9 15    39 
9 18   147 
9 19   972 
9 20   822 
9 22   731 
9 25   474 
9 26   766 
9 28   101 
9 29   687 
9 30    16 
9 31   671 
9 32   243 
9 33   576 
9 34   523 
9 35   512 
9 36   627 
9 37   253 
9 38   734 
9 40   477 
9 41   884 
9 42   914 
9 43   363 
9 44   779 
9 46   127 
9 48   462 
9 49   717 
9 50   922 
9 52   756 
9 54   920 
9 56   525 
9 57   939 
9 58   691 
9 59   574 
9 61   846 
9 63    41 
9 67   786 
9 68    14 
9 69    61 
9 71   641 
9 74   818 
9 75   517 
9 77   513 
9 78   264 
9 79   917 
9 80    77 
9 85   905 
9 86   489 
9 88   673 
9 90   295 
9 91   784 
9 92   696 
9 93   890 
9 94   524 
9 95    93 
9 98   511 
9 99   272 
9 100   164 
10 12   118 
10 13   322 
10 14   175 
10 15   988 
10 16   401 
10 17   789 
10 18   841 
10 19   953 
10 20   184 
10 22   828 
10 23   796 
10 24   930 
10 25   640 
10 26   925 
10 27   659 
10 28   723 
10 31   144 
10 33   962 
10 34   776 
10 35   727 
10 36   920 
10 37   271 
10 38   963 
10 39   549 
10 42   423 
10 43   338 
10 44   182 
10 45   852 
10 46   958 
10 48   130 
10 49   567 
10 50    26 
10 51   978 
10 53   793 
10 55   751 
10 59   269 
10 61   142 
10 62   830 
10 65   455 
10 68   576 
10 69   611 
10 70   299 
10 72   509 
10 73   891 
10 74   766 
10 75   857 
10 76   160 
10 77   448 
10 78   894 
10 80   753 
10 81   483 
10 82   285 
10 83   510 
10 84   693 
10 85    88 
10 88   744 
10 90   327 
10 91   984 
10 92   912 
10 94   810 
10 95   801 
10 96   105 
10 97   495 
10 98   587 
10 99   428 
10 100   771 
11 13   788 
11 14   717 
11 15   704 
11 16   944 
11 18   804 
11 19   128 
11 20   958 
11 21   665 
11 22   677 
11 23   442 
11 24   601 
11 25   965 
11 26   738 
11 27   447 
11 32   245 
11 33   897 
11 34   901 
11 35   879 
11 36   168 
11 37   880 
11 38   697 
11 39     8 
11 40   850 
11 41   611 
11 42   964 
11 45   147 
11 47   583 
11 48   305 
11 49    22 
11 50   940 
11 56   872 
11 57   980 
11 58   637 
11 59    67 
11 64   627 
11 65    38 
11 66   461 
11 68   807 
11 69   231 
11 70   751 
11 73   418 
11 74   368 
11 75   271 
11 76   233 
11 77   906 
11 78   532 
11 80   997 
11 82   688 
11 83   276 
11 84    30 
11 85   874 
11 87   662 
11 88    47 
11 89   490 
11 92   245 
11 93    53 
11 94   835 
11 95   308 
11 96   412 
11 97   685 
11 98   113 
12 14    96 
12 16   769 
12 17   283 
12 18   627 
12 19   315 
12 20   311 
12 21   581 
12 22   830 
12 23   360 
12 24   112 
12 25   530 
12 26   138 
12 29   703 
12 30   479 
12 31    62 
12 32    40 
12 33   853 
12 35   221 
12 37   242 
12 38   419 
12 39   905 
12 41   310 
12 43   242 
12 44   255 
12 45   195 
12 48   551 
12 51   490 
12 52   501 
12 53   804 
12 54   106 
12 57   456 
12 58   427 
12 59   801 
12 61   677 
12 62   802 
12 63    87 
12 65   412 
12 66    67 
12 67   686 
12 68   155 
12 70   388 
12 71   792 
12 72   794 
12 74   339 
12 75   653 
12 76   337 
12 77   221 
12 80   735 
12 81   752 
12 82   874 
12 83   615 
12 84    30 
12 85   328 
12 86   882 
12 89   450 
12 90   926 
12 91   109 
12 92   507 
12 93   388 
12 94   538 
12 95    39 
12 96   264 
12 97   580 
12 98    83 
12 99   123 
12 100   765 
13 15     3 
13 16   584 
13 17   763 
13 18   397 
13 19   225 
13 20   608 
13 23   295 
13 24   381 
13 25   680 
13 26   568 
13 27   300 
13 28    68 
13 29    33 
13 30    46 
13 31    24 
13 32   315 
13 33   494 
13 34   165 
13 35   731 
13 36   197 
13 38    55 
13 39   899 
13 40   922 
13 41    81 
13 43    31 
13 44   903 
13 45   351 
13 46   997 
13 47   534 
13 50   738 
13 51   103 
13 53   378 
13 54   552 
13 56    76 
13 59   896 
13 60   302 
13 61   585 
13 62   563 
13 63   691 
13 65   733 
13 66   847 
13 67   731 
13 68   388 
13 70   569 
13 71   904 
13 72   826 
13 73   340 
13 75    20 
13 77   441 
13 79   112 
13 82    79 
13 83   420 
13 84   469 
13 85   217 
13 86   932 
13 87   580 
13 88   581 
13 90   458 
13 96   718 
13 97   953 
13 99   946 
14 16   611 
14 17   640 
14 20   236 
14 21   799 
14 22   407 
14 24   125 
14 25   850 
14 26   298 
14 28   687 
14 29   841 
14 30   707 
14 31   863 
14 32   438 
14 34   572 
14 36   769 
14 37   699 
14 38   807 
14 39   207 
14 40   603 
14 42   368 
14 44   737 
14 45   764 
14 47   413 
14 48   557 
14 49   161 
14 50   282 
14 51   550 
14 52   485 
14 54   150 
14 55    19 
14 56   185 
14 57    58 
14 58   473 
14 60   761 
14 61   531 
14 62   832 
14 64   202 
14 65   731 
14 66   255 
14 67   959 
14 69   585 
14 70   894 
14 71   199 
14 72   459 
14 73   647 
14 74   327 
14 75   562 
14 76   914 
14 77   368 
14 78   903 
14 80   641 
14 82   587 
14 83   658 
14 84   302 
14 85   340 
14 86   349 
14 87   865 
14 88   465 
14 90   378 
14 93   666 
14 95   260 
14 96   843 
14 97   673 
14 99   415 
14 100   640 
15 17   196 
15 18   472 
15 19   925 
15 20   856 
15 21   365 
15 24   625 
15 26   340 
15 27   915 
15 31   959 
15 32   896 
15 34   236 
15 35   537 
15 36   788 
15 37   961 
15 38   916 
15 40   456 
15 41   375 
15 43   935 
15 44   897 
15 45   521 
15 46   617 
15 47   960 
15 48   457 
15 49   947 
15 50   212 
15 52   919 
15 53   934 
15 55   950 
15 56    64 
15 59   905 
15 60   571 
15 61   156 
15 62   533 
15 64   429 
15 65   524 
15 66   343 
15 67   792 
15 68   274 
15 69    97 
15 70   666 
15 71   532 
15 72   174 
15 74   947 
15 75   236 
15 76   806 
15 77   344 
15 78   265 
15 79   233 
15 80   193 
15 81   558 
15 82   302 
15 85   732 
15 86   914 
15 87   463 
15 88   973 
15 90   259 
15 91   534 
15 92   489 
15 93   893 
15 94   678 
15 95    15 
15 96   974 
15 98   686 
15 99   959 
15 100   884 
16 18    80 
16 19   942 
16 20   803 
16 21   150 
16 22   415 
16 23   349 
16 24   772 
16 25   451 
16 27   216 
16 28   245 
16 29    99 
16 31   594 
16 33   110 
16 34   994 
16 35   653 
16 37    64 
16 39   430 
16 40   911 
16 41   964 
16 43    48 
16 44   788 
16 45   537 
16 48   624 
16 49   231 
16 50   420 
16 51   134 
16 53   968 
16 54   485 
16 56   667 
16 58   894 
16 60   836 
16 62   710 
16 63   810 
16 64    48 
16 65   796 
16 66   279 
16 68   872 
16 70   830 
16 71   291 
16 72   527 
16 74   484 
16 75   695 
16 76   312 
16 77   277 
16 79   430 
16 80   640 
16 81   329 
16 82    28 
16 83   838 
16 84    69 
16 86   316 
16 87   797 
16 88   537 
16 89   394 
16 90   356 
16 91   370 
16 92    96 
16 93   997 
16 94   366 
16 95   444 
16 96    71 
16 97   605 
16 98   710 
16 100   848 
17 19   269 
17 20   618 
17 21   132 
17 22   209 
17 23   448 
17 24    32 
17 25    78 
17 30   847 
17 31   784 
17 32   299 
17 33   896 
17 34   341 
17 35   271 
17 36   974 
17 37   688 
17 38   310 
17 39   426 
17 40   168 
17 41   317 
17 44   933 
17 45    97 
17 47   915 
17 48   821 
17 50   454 
17 51   855 
17 55   495 
17 56   530 
17 57   103 
17 58   844 
17 59    18 
17 62   959 
17 63   284 
17 64   800 
17 65   166 
17 66   477 
17 68   195 
17 69   217 
17 73   649 
17 75   284 
17 77   381 
17 78   707 
17 79   960 
17 80   395 
17 82   825 
17 83   339 
17 85   816 
17 87   158 
17 88    48 
17 89   466 
17 90    67 
17 91   864 
17 93   126 
17 94   219 
17 95   203 
17 96    60 
17 100     5 
18 20   266 
18 21   217 
18 23    98 
18 24   924 
18 26   109 
18 27   331 
18 28   585 
18 29   224 
18 31   348 
18 33   309 
18 34    86 
18 35   729 
18 37   875 
18 39   431 
18 40   188 
18 41   311 
18 42   785 
18 44   953 
18 45   372 
18 46   514 
18 47   193 
18 48   750 
18 49   327 
18 50   533 
18 52   314 
18 53   461 
18 56   210 
18 57   392 
18 58   391 
18 60   279 
18 65   910 
18 68   756 
18 70   905 
18 71   384 
18 72   355 
18 73   710 
18 74   896 
18 75   101 
18 76   671 
18 78   260 
18 79   154 
18 81    60 
18 82   383 
18 85   816 
18 86   716 
18 87    31 
18 88   362 
18 89   665 
18 90   316 
18 91   386 
18 94   519 
18 95   397 
18 96   945 
18 97   839 
18 98   747 
18 99   179 
18 100   863 
19 21    85 
19 22   316 
19 23   894 
19 25   846 
19 26   609 
19 28   658 
19 29   461 
19 30    46 
19 31   355 
19 32   291 
19 33   267 
19 34   968 
19 36   643 
19 37   195 
19 38   492 
19 39   192 
19 41    51 
19 42   304 
19 44   778 
19 45   877 
19 47   431 
19 50   918 
19 51   180 
19 52   897 
19 53   443 
19 54   498 
19 56   638 
19 58   479 
19 59    23 
19 62   476 
19 63   637 
19 64   309 
19 65   153 
19 66    75 
19 67   102 
19 68    82 
19 70   625 
19 73   601 
19 75   784 
19 76   341 
19 77    65 
19 79   271 
19 82   306 
19 84   931 
19 85   726 
19 86   584 
19 88   572 
19 89   422 
19 90   350 
19 91   962 
19 92   745 
19 93   167 
19 94   720 
19 96    71 
19 97   718 
19 98   518 
19 99   794 
20 22   328 
20 23   861 
20 24   146 
20 26   287 
20 27   391 
20 28   370 
20 29   628 
20 30    33 
20 32   746 
20 34   669 
20 35   602 
20 36   551 
20 37   999 
20 38   387 
20 39   613 
20 40   632 
20 41   972 
20 42   222 
20 44   369 
20 45    14 
20 46   421 
20 49   134 
20 50    25 
20 51   341 
20 52    10 
20 54   518 
20 56   925 
20 57   728 
20 58   750 
20 59   638 
20 60   213 
20 62   786 
20 63   900 
20 64   837 
20 66   284 
20 67    17 
20 69   921 
20 70   489 
20 71   138 
20 72   392 
20 73   819 
20 74   463 
20 75   326 
20 76    89 
20 80   809 
20 81   112 
20 82   283 
20 83    92 
20 85   828 
20 86   242 
20 88   277 
20 90   106 
20 91   980 
20 93    54 
20 94   609 
20 96     7 
20 97   775 
20 98   351 
20 99   404 
20 100   929 
21 24   108 
21 25   170 
21 26    92 
21 27   530 
21 30   981 
21 33   541 
21 36   624 
21 37   319 
21 38   919 
21 40   585 
21 41   679 
21 42   183 
21 45   495 
21 46   988 
21 47   124 
21 48   402 
21 49   349 
21 53   683 
21 56   325 
21 57    93 
21 60   904 
21 62   550 
21 64   209 
21 67   901 
21 68   440 
21 69   178 
21 70   627 
21 72    78 
21 73   815 
21 74   627 
21 76   784 
21 79   221 
21 80    94 
21 81    89 
21 82   391 
21 83   864 
21 84   799 
21 85   317 
21 86   969 
21 87   111 
21 88   578 
21 90   921 
21 92    76 
21 93   839 
21 95   604 
21 97    31 
21 99   305 
21 100   730 
22 24   644 
22 26   614 
22 27   534 
22 28     0 
22 29   227 
22 31   632 
22 32   707 
22 33   797 
22 34   493 
22 36   592 
22 37    18 
22 39   577 
22 40   436 
22 41   360 
22 43   977 
22 44   741 
22 45   723 
22 46   406 
22 47   247 
22 48   342 
22 49   521 
22 54    76 
22 55   238 
22 57   799 
22 58    26 
22 59     7 
22 60   130 
22 62   503 
22 63    89 
22 64   188 
22 65   375 
22 66   665 
22 67   425 
22 69   195 
22 70    37 
22 71   747 
22 72    45 
22 73   343 
22 74   240 
22 75   988 
22 77   778 
22 78   208 
22 79   712 
22 80   477 
22 82   792 
22 83   282 
22 84   978 
22 85   180 
22 86   516 
22 88   208 
22 89   729 
22 90   885 
22 92   903 
22 93    88 
22 94   684 
22 97   664 
22 99   708 
23 25   622 
23 27   986 
23 29    27 
23 31   821 
23 32   845 
23 33   578 
23 34   426 
23 36   264 
23 39   288 
23 42   561 
23 43   211 
23 45   837 
23 47   589 
23 48   512 
23 52    85 
23 53   796 
23 54   600 
23 55   426 
23 56    94 
23 57   830 
23 59   444 
23 60   537 
23 61   744 
23 62   643 
23 63   554 
23 67   993 
23 68   721 
23 69   616 
23 70   245 
23 71   430 
23 72   877 
23 73   781 
23 74   134 
23 75   447 
23 76   975 
23 77   783 
23 78   867 
23 79   378 
23 80   966 
23 81    15 
23 82   789 
23 83   486 
23 84   492 
23 85   276 
23 86   587 
23 87   229 
23 88   569 
23 89   386 
23 90   583 
23 91   774 
23 92   683 
23 93   496 
23 94   698 
23 95   430 
23 96   249 
23 97    88 
23 98   511 
23 99   246 
23 100   949 
24 26    50 
24 27   487 
24 29   982 
24 30   140 
24 31   381 
24 33   849 
24 34   404 
24 36   644 
24 37   906 
24 38   980 
24 39   807 
24 40   916 
24 41   227 
24 42   209 
24 45    80 
24 48   657 
24 49   899 
24 50   450 
24 52    89 
24 53    89 
24 56    36 
24 57   895 
24 58   714 
24 59   262 
24 61   168 
24 62   843 
24 64   824 
24 67   262 
24 68   246 
24 69   699 
24 70   701 
24 71   623 
24 75   267 
24 77   812 
24 82   671 
24 83   968 
24 85   520 
24 87   504 
24 88   450 
24 89    37 
24 90   260 
24 91    99 
24 93    14 
24 94   424 
24 95   947 
24 96   545 
24 97   328 
24 98   565 
24 99   888 
24 100   131 
25 27   381 
25 28   550 
25 29   564 
25 30   105 
25 31   780 
25 32   506 
25 33   873 
25 34   935 
25 35   665 
25 36   902 
25 37    83 
25 38   718 
25 39   959 
25 40   449 
25 41   667 
25 42   313 
25 43   749 
25 45   687 
25 47   878 
25 48   449 
25 49   138 
25 51   310 
25 52    46 
25 53   966 
25 54   169 
25 57   760 
25 58   117 
25 60   398 
25 61   974 
25 64   185 
25 66   890 
25 67   951 
25 69   536 
25 70   310 
25 71   317 
25 72   376 
25 73   506 
25 76   329 
25 78   430 
25 79   959 
25 80   912 
25 81   653 
25 83   520 
25 84   759 
25 86   233 
25 87   425 
25 88   949 
25 89   867 
25 90   570 
25 91   474 
25 93    24 
25 95   185 
25 97    93 
25 98   549 
25 99   532 
25 100   578 
26 28   392 
26 29   415 
26 30   567 
26 31   422 
26 32   525 
26 33   689 
26 34   617 
26 35   525 
26 36   134 
26 37   255 
26 38   429 
26 39    93 
26 40   373 
26 44   336 
26 45   203 
26 46   431 
26 48   144 
26 49   484 
26 52    89 
26 53   652 
26 54   807 
26 55   750 
26 56   570 
26 57   838 
26 58   421 
26 60    59 
26 63   859 
26 64   324 
26 68   469 
26 69   626 
26 71   668 
26 72   728 
26 76   274 
26 77   484 
26 78   599 
26 80   926 
26 81   944 
26 83   830 
26 84   246 
26 85   482 
26 86   421 
26 87   658 
26 88   791 
26 89   571 
26 90   119 
26 91   521 
26 92   687 
26 93    70 
26 94   966 
26 95    44 
26 96   518 
26 97   261 
26 99   375 
26 100   610 
27 29   716 
27 30   976 
27 31   226 
27 32   987 
27 33   372 
27 34   458 
27 35   936 
27 36    95 
27 37   988 
27 38   476 
27 39   450 
27 41   935 
27 42   427 
27 44   661 
27 48   755 
27 49   279 
27 50   613 
27 51   631 
27 52   268 
27 54   140 
27 55   366 
27 56   118 
27 57   139 
27 59   723 
27 60   713 
27 62   353 
27 63   963 
27 64   498 
27 65   492 
27 67   266 
27 70   618 
27 71   687 
27 73   995 
27 74   105 
27 76   918 
27 77   574 
27 78   145 
27 79   151 
27 80   660 
27 81   555 
27 83   934 
27 84   561 
27 85   353 
27 86   920 
27 87   158 
27 89   395 
27 91   261 
27 92   640 
27 93   969 
27 94   451 
27 95   651 
27 97   473 
27 98   117 
27 99   257 
28 30   472 
28 32   695 
28 33   289 
28 34   490 
28 35   949 
28 38   625 
28 40    51 
28 41   982 
28 42   362 
28 43   937 
28 44     5 
28 45   967 
28 46   123 
28 47   866 
28 48   875 
28 50   448 
28 51   764 
28 53   508 
28 54   901 
28 56   991 
28 57   160 
28 59   532 
28 60   518 
28 61   522 
28 63   906 
28 64   941 
28 65   219 
28 66   596 
28 67   692 
28 69   897 
28 70    43 
28 71   865 
28 72   499 
28 73   957 
28 74   384 
28 75   798 
28 76   639 
28 77    32 
28 78   238 
28 79   112 
28 80   828 
28 83   488 
28 87   818 
28 88   782 
28 89     9 
28 92   931 
28 94   811 
28 95   245 
28 96   138 
28 97    44 
28 98   770 
28 99   918 
28 100   354 
29 31   660 
29 33   654 
29 34    37 
29 36    56 
29 37   288 
29 38   293 
29 39   134 
29 41   305 
29 43   635 
29 44   481 
29 45   647 
29 49   796 
29 50   263 
29 51   253 
29 52   352 
29 54   495 
29 56   652 
29 57    88 
29 58    39 
29 59   572 
29 60   649 
29 61   157 
29 62   300 
29 64   520 
29 65   420 
29 66    27 
29 67   898 
29 68   522 
29 69   127 
29 74   411 
29 76   827 
29 77   751 
29 79    70 
29 80   120 
29 82   589 
29 83   475 
29 84   428 
29 85   289 
29 87   143 
29 89   216 
29 90    44 
29 91   981 
29 92   879 
29 93   273 
29 94   479 
29 95   866 
29 96   455 
29 97   623 
29 98   901 
29 100   196 
30 32     6 
30 33   141 
30 34   528 
30 35   410 
30 36   119 
30 37   227 
30 38    16 
30 39    59 
30 40   693 
30 42   736 
30 46   860 
30 49   322 
30 51   853 
30 52    86 
30 53     4 
30 54   703 
30 55   471 
30 56   254 
30 57   409 
30 58   202 
30 59   809 
30 60   288 
30 61   181 
30 62   700 
30 64   868 
30 65   580 
30 66   136 
30 68   281 
30 70   380 
30 71   573 
30 72    52 
30 73   566 
30 74    70 
30 75   435 
30 76   110 
30 79   879 
30 80   804 
30 81   665 
30 82   529 
30 87   728 
30 88   724 
30 89   550 
30 92   930 
30 93   867 
30 95   361 
30 96   590 
30 97   715 
30 99   499 
30 100   978 
31 33   275 
31 35   418 
31 36   123 
31 39   131 
31 40   953 
31 42    15 
31 43   154 
31 46   875 
31 47   833 
31 49   416 
31 50   331 
31 51   198 
31 53   187 
31 54   219 
31 56   869 
31 57   391 
31 58     6 
31 59   857 
31 60   914 
31 61   360 
31 62   183 
31 64   710 
31 65   147 
31 67    99 
31 68   181 
31 70    77 
31 72   611 
31 73   982 
31 74   283 
31 75   432 
31 76   123 
31 77   116 
31 78   835 
31 79    99 
31 80   630 
31 81   721 
31 82    56 
31 83   626 
31 84   537 
31 86   606 
31 88   574 
31 89   223 
31 90   102 
31 91   179 
31 92    71 
31 93   582 
31 94   171 
31 95   699 
31 96   721 
31 98   318 
31 100   287 
32 34   248 
32 36   915 
32 37   344 
32 38   221 
32 40    41 
32 41   937 
32 43   646 
32 44   323 
32 45   712 
32 46   715 
32 48   297 
32 49   198 
32 50   497 
32 52   846 
32 54   581 
32 55   279 
32 57   896 
32 58   619 
32 59   933 
32 61   301 
32 64   267 
32 65   939 
32 66   823 
32 67   762 
32 69   580 
32 71   615 
32 72   827 
32 73   988 
32 75   540 
32 76   736 
32 79   647 
32 82     1 
32 84   151 
32 85   663 
32 86   599 
32 89   106 
32 90   869 
32 92   281 
32 93   259 
32 94    68 
32 95   624 
32 96   202 
32 97   502 
32 98   633 
32 99   215 
32 100   975 
33 36   521 
33 39   602 
33 40   566 
33 41    85 
33 42   460 
33 45   680 
33 46   653 
33 47   578 
33 48   411 
33 49   498 
33 50    66 
33 51   962 
33 52   840 
33 53    75 
33 54   652 
33 55   787 
33 56   320 
33 57   626 
33 58   216 
33 59   520 
33 60   440 
33 61   962 
33 62   234 
33 63   470 
33 66   401 
33 67   224 
33 68   805 
33 69   930 
33 72   228 
33 74   872 
33 75   149 
33 77   261 
33 79   736 
33 80   467 
33 81   778 
33 83   674 
33 84   940 
33 85   933 
33 86   583 
33 87   307 
33 88   458 
33 89   408 
33 90   522 
33 91   133 
33 93   417 
33 94   392 
33 97   640 
33 99    25 
33 100   513 
34 36    74 
34 37   627 
34 38   335 
34 39   506 
34 40    17 
34 41   671 
34 43   431 
34 44   617 
34 45   673 
34 46   326 
34 47   710 
34 48   435 
34 49   812 
34 50   249 
34 51   613 
34 52    32 
34 53   311 
34 54   319 
34 55    96 
34 56   183 
34 57   654 
34 58    83 
34 61   581 
34 62   678 
34 63   962 
34 66   458 
34 67   627 
34 68   604 
34 70   884 
34 71   877 
34 72   404 
34 73   960 
34 75   179 
34 76   323 
34 77   164 
34 80   585 
34 81   812 
34 82   699 
34 83   709 
34 84   680 
34 85   202 
34 86   217 
34 88   122 
34 89   418 
34 92   479 
34 93   342 
34 97   974 
34 98   864 
34 99   290 
34 100   861 
35 37   247 
35 38   347 
35 40   524 
35 41   663 
35 42   687 
35 44   689 
35 46   208 
35 47   190 
35 48   778 
35 50    11 
35 51   749 
35 52   500 
35 53   250 
35 55   178 
35 56   167 
35 57   536 
35 58    15 
35 59   732 
35 60   237 
35 61   361 
35 62   663 
35 63   574 
35 64   348 
35 65   881 
35 66   658 
35 67   689 
35 69   496 
35 70   997 
35 71   707 
35 72   754 
35 73   512 
35 74   325 
35 75   908 
35 76   999 
35 77   567 
35 78    45 
35 79   816 
35 81   681 
35 82   809 
35 84   568 
35 85   304 
35 88   139 
35 89   670 
35 90   876 
35 91   415 
35 94   798 
35 95   748 
35 96   100 
35 97   538 
35 98   717 
35 99   432 
36 38   630 
36 39    19 
36 40   141 
36 42   328 
36 43   292 
36 44   658 
36 45   712 
36 46   882 
36 48   241 
36 49   776 
36 50   160 
36 51   221 
36 52    14 
36 53    42 
36 57   971 
36 60   653 
36 62   357 
36 63    21 
36 64   785 
36 65   417 
36 66   742 
36 68    10 
36 69   334 
36 70   515 
36 71   752 
36 72   695 
36 73   273 
36 74   785 
36 75     4 
36 76   141 
36 77   344 
36 78   271 
36 79   805 
36 80   729 
36 81   804 
36 82   148 
36 83   727 
36 84   383 
36 85   293 
36 86   639 
36 87   849 
36 91   681 
36 92   868 
36 93   328 
36 96   951 
36 98   205 
36 100   522 
37 39   688 
37 40   676 
37 41   525 
37 42   935 
37 44   432 
37 45   769 
37 46   220 
37 47   989 
37 48    17 
37 49   960 
37 50   375 
37 51    31 
37 52   390 
37 53   361 
37 54   126 
37 56   419 
37 57   618 
37 58    10 
37 59    16 
37 61    90 
37 64   224 
37 65   853 
37 66   238 
37 67   581 
37 68   316 
37 69   353 
37 70   910 
37 71   833 
37 75   640 
37 76   113 
37 77   820 
37 78   262 
37 79   365 
37 80   862 
37 81   660 
37 82   914 
37 83   335 
37 84   457 
37 85   493 
37 86    91 
37 88   106 
37 89   789 
37 90   471 
37 91   721 
37 92   248 
37 93   748 
37 95   311 
37 96   586 
37 97   650 
37 98   986 
37 99   519 
37 100   642 
38 40   526 
38 41   229 
38 42   290 
38 43   999 
38 45   839 
38 46   816 
38 47   862 
38 48   646 
38 49   470 
38 50   752 
38 51   671 
38 53   756 
38 54   695 
38 55   475 
38 56   813 
38 60   348 
38 62   361 
38 63   708 
38 64   795 
38 67   660 
38 68   518 
38 69   285 
38 71   816 
38 72   380 
38 74   112 
38 78   797 
38 80   722 
38 82   223 
38 83   618 
38 85   904 
38 86   746 
38 87   674 
38 88    36 
38 89   240 
38 90   213 
38 91   908 
38 92   139 
38 93   588 
38 96   923 
38 97   444 
38 98   506 
38 99   805 
38 100   810 
39 41   739 
39 42   816 
39 43   946 
39 44    84 
39 45   573 
39 46   166 
39 48   624 
39 50   970 
39 52   489 
39 53   212 
39 54   172 
39 57   105 
39 58   725 
39 59   617 
39 60   400 
39 61   249 
39 62    80 
39 63   405 
39 65    24 
39 66   152 
39 67   692 
39 68   443 
39 69   836 
39 70   788 
39 73   275 
39 74   613 
39 75    66 
39 76    46 
39 77   938 
39 78   223 
39 80   625 
39 82   643 
39 84   544 
39 85   317 
39 86   965 
39 87   298 
39 88   816 
39 89   830 
39 90   206 
39 91    41 
39 93   363 
39 95   310 
39 97   395 
39 98   168 
39 100   842 
40 42   531 
40 43   778 
40 44   670 
40 51   812 
40 52   477 
40 54   431 
40 55   366 
40 56   828 
40 57   223 
40 59   673 
40 61   920 
40 62   522 
40 63   363 
40 65   916 
40 67   822 
40 68   640 
40 70   346 
40 73   348 
40 75   577 
40 76   958 
40 77   801 
40 79   284 
40 80    55 
40 82   439 
40 83   672 
40 84   354 
40 85   265 
40 86   408 
40 87   557 
40 90   451 
40 93   991 
40 94   325 
40 96   278 
40 98   306 
40 99   334 
40 100   217 
41 43   408 
41 44   122 
41 45    64 
41 46   529 
41 48   279 
41 49   743 
41 50   467 
41 51   547 
41 52   647 
41 53   736 
41 54   124 
41 55   286 
41 56   333 
41 57   146 
41 59   783 
41 60   410 
41 61   154 
41 62   186 
41 64   628 
41 65     6 
41 67   952 
41 69   662 
41 71    11 
41 72   930 
41 73   883 
41 75   255 
41 76   416 
41 78   387 
41 79   570 
41 84   220 
41 86   325 
41 87   359 
41 88   478 
41 89   154 
41 90   723 
41 91   389 
41 92    93 
41 93   679 
41 94   661 
41 95   285 
41 96   875 
41 97   586 
41 98   182 
41 99   970 
41 100   641 
42 44   569 
42 45   372 
42 46   604 
42 49   441 
42 50   240 
42 51   399 
42 52   931 
42 53     1 
42 54   919 
42 55   440 
42 57   441 
42 58   763 
42 59   624 
42 60   804 
42 61   659 
42 62   484 
42 63   972 
42 65   764 
42 67   296 
42 68   653 
42 69   112 
42 70   796 
42 71    72 
42 72   805 
42 73   465 
42 74   938 
42 75   325 
42 76   786 
42 77   516 
42 78   170 
42 79   530 
42 81   864 
42 82   394 
42 85   878 
42 86   536 
42 87   185 
42 88   716 
42 91   161 
42 93    61 
42 94   336 
42 95   840 
42 96   417 
42 97   490 
42 98   808 
42 99    64 
42 100   500 
43 45    85 
43 47   413 
43 48   714 
43 49    97 
43 52   384 
43 53   558 
43 54   517 
43 55   198 
43 56   801 
43 57   981 
43 58   673 
43 59   648 
43 60   582 
43 61    23 
43 62   202 
43 63   877 
43 64   640 
43 66   778 
43 67   754 
43 68   819 
43 69   521 
43 71   144 
43 72   757 
43 74   546 
43 75   910 
43 76    11 
43 77   515 
43 79    41 
43 83    34 
43 84    79 
43 85   963 
43 87   629 
43 89   527 
43 90   471 
43 91   854 
43 93   310 
43 95   213 
43 96   126 
43 97   132 
43 99    74 
43 100   387 
44 46   106 
44 47    98 
44 48   229 
44 49   754 
44 50   415 
44 52   666 
44 54   357 
44 55   252 
44 56   876 
44 57   689 
44 58   171 
44 60   813 
44 61     1 
44 63   417 
44 64   173 
44 65   199 
44 67    31 
44 68   449 
44 70   787 
44 71   516 
44 72   440 
44 75   260 
44 76    49 
44 79   540 
44 80   527 
44 81   515 
44 82   407 
44 83   521 
44 84   876 
44 87   949 
44 88    15 
44 89    58 
44 90   467 
44 91   594 
44 93   624 
44 94   768 
44 95   739 
44 97   318 
44 98   886 
44 99   921 
44 100   507 
45 47   829 
45 49   541 
45 50   869 
45 51   428 
45 52   173 
45 53    96 
45 54   518 
45 56   675 
45 58   886 
45 59   290 
45 60   945 
45 61    89 
45 62   504 
45 63   525 
45 64   669 
45 65   545 
45 67   942 
45 69   401 
45 70   412 
45 72   164 
45 73   231 
45 74    52 
45 75   622 
45 76   412 
45 77    54 
45 78   242 
45 79   840 
45 80   320 
45 81   177 
45 82   234 
45 83   375 
45 84   542 
45 86   259 
45 87   121 
45 88   751 
45 91    52 
45 93   614 
45 97   963 
45 99   394 
45 100   313 
46 49   674 
46 50   102 
46 51   305 
46 52   824 
46 53   598 
46 54   220 
46 57   622 
46 58   356 
46 59   453 
46 60   522 
46 61   815 
46 62   676 
46 64   753 
46 65   862 
46 68   282 
46 70   527 
46 72   601 
46 74   980 
46 75   297 
46 76   594 
46 77   469 
46 78   637 
46 80   138 
46 82   341 
46 83   602 
46 84   660 
46 85   845 
46 86   953 
46 87    17 
46 89    78 
46 90   669 
46 92   410 
46 93   833 
46 95    69 
46 96   562 
46 97   960 
46 100   378 
47 51   166 
47 53   935 
47 54   768 
47 55   677 
47 57   342 
47 58   291 
47 59   106 
47 60   224 
47 61   629 
47 62   976 
47 63   408 
47 65   201 
47 68   151 
47 69    37 
47 70   816 
47 71    42 
47 72    31 
47 73   133 
47 74   466 
47 75   862 
47 76    76 
47 77    78 
47 80   826 
47 81   752 
47 83   498 
47 84   248 
47 86   272 
47 89   445 
47 90   746 
47 91   209 
47 92   316 
47 93   748 
47 95   668 
47 97   295 
47 98   105 
47 99   320 
47 100   700 
48 50   475 
48 51   253 
48 52   815 
48 53   648 
48 56   694 
48 58   916 
48 59   731 
48 60   446 
48 61   574 
48 62   890 
48 64   958 
48 65   875 
48 66   166 
48 67   404 
48 69   216 
48 70    71 
48 72   975 
48 73   556 
48 74   669 
48 75   143 
48 76   746 
48 77   493 
48 78    96 
48 80   188 
48 81   828 
48 82   126 
48 84   473 
48 85   579 
48 86   224 
48 87   610 
48 88    60 
48 89   215 
48 90   764 
48 91   314 
48 92   882 
48 95   344 
48 97   858 
48 98    25 
48 100   826 
49 52   275 
49 53   222 
49 57   353 
49 58   184 
49 59   395 
49 60   570 
49 61   759 
49 62   859 
49 63   970 
49 67   636 
49 69   857 
49 70   104 
49 71   599 
49 73   849 
49 74   106 
49 77   881 
49 79   701 
49 80   730 
49 81   111 
49 82   307 
49 83   115 
49 84   327 
49 86   698 
49 87   173 
49 88   516 
49 89   456 
49 90   842 
49 91   553 
49 92   859 
49 93   583 
49 96   395 
49 97   366 
49 100   648 
50 52   961 
50 54   507 
50 55   542 
50 57   810 
50 58   371 
50 59   350 
50 60   918 
50 64   658 
50 65   481 
50 66   901 
50 69   427 
50 70   539 
50 71   156 
50 73   202 
50 74   882 
50 76   512 
50 77   958 
50 78   106 
50 81   811 
50 82   115 
50 83   483 
50 84   583 
50 85   883 
50 86   861 
50 87   783 
50 88   399 
50 89   225 
50 90   934 
50 91   552 
50 92   461 
50 93   324 
50 95   301 
50 96   249 
50 97   822 
50 98   343 
50 99   260 
50 100   816 
51 54   447 
51 56    64 
51 57   797 
51 61   357 
51 63   614 
51 64    56 
51 66   362 
51 68   433 
51 70   845 
51 71   371 
51 75   507 
51 76   627 
51 77   974 
51 78   344 
51 79   901 
51 80    30 
51 81   985 
51 82   726 
51 84   438 
51 85   686 
51 86   436 
51 87   336 
51 89   989 
51 90   422 
51 91   985 
51 92   858 
51 95   562 
51 96   534 
51 97   738 
51 98   420 
51 99   917 
52 54   383 
52 55   940 
52 56   265 
52 57   605 
52 59    50 
52 62   271 
52 63   956 
52 66   587 
52 67   224 
52 69   243 
52 72   894 
52 76   983 
52 77    18 
52 80   723 
52 81   622 
52 83   634 
52 85   837 
52 86   596 
52 87   738 
52 90   901 
52 91   556 
52 92    52 
52 93    49 
52 95   898 
52 96   123 
52 97   235 
52 98   736 
52 99   826 
52 100   643 
53 55    97 
53 57   148 
53 58   260 
53 59   620 
53 62   678 
53 63    81 
53 64   846 
53 65   439 
53 66   280 
53 67   520 
53 68    34 
53 69   234 
53 70   339 
53 71   209 
53 73   577 
53 74   960 
53 75   562 
53 77   666 
53 79   698 
53 80   221 
53 81   330 
53 82   971 
53 83    64 
53 88   395 
53 89   485 
53 90     7 
53 92   608 
53 94   600 
53 95   348 
53 96    33 
53 97   310 
53 98    48 
53 100   516 
54 56   451 
54 57    89 
54 58   837 
54 59   304 
54 60   583 
54 61   122 
54 62    77 
54 63   983 
54 64   301 
54 65   335 
54 66    52 
54 69   524 
54 70   709 
54 71     1 
54 72   304 
54 73   963 
54 74   775 
54 75   168 
54 78   612 
54 81   142 
54 82   406 
54 85   539 
54 86   730 
54 87   930 
54 88   615 
54 89   243 
54 90   210 
54 91   164 
54 93   591 
54 95   931 
54 97   391 
54 99    36 
54 100   344 
55 59   226 
55 60   389 
55 61   789 
55 63   705 
55 64   460 
55 65   996 
55 67   887 
55 69   819 
55 70   597 
55 71   151 
55 73   760 
55 75   240 
55 76   991 
55 77   616 
55 78   357 
55 79    67 
55 80   567 
55 82   151 
55 83   664 
55 84   379 
55 86   317 
55 87   654 
55 88   331 
55 91   933 
55 93   781 
55 94   420 
55 95   159 
55 96   770 
55 97   579 
55 100   563 
56 58   621 
56 59   471 
56 60   998 
56 62   769 
56 63   438 
56 67   793 
56 68   472 
56 69    11 
56 70   677 
56 71    53 
56 72    60 
56 73   373 
56 74    31 
56 75   315 
56 76   977 
56 77   873 
56 78    94 
56 79   550 
56 80   152 
56 81   590 
56 82   652 
56 83    50 
56 84   480 
56 85   790 
56 86   315 
56 87   350 
56 88    24 
56 91   544 
56 92   601 
56 93   408 
56 94   619 
56 95   440 
56 96   704 
56 97   944 
56 98   627 
56 99   749 
57 59   155 
57 60   234 
57 61   309 
57 62   886 
57 63   415 
57 66   793 
57 68   535 
57 69   894 
57 71   735 
57 72   911 
57 73   839 
57 74   786 
57 75   120 
57 77   330 
57 79   778 
57 80   392 
57 87   647 
57 88   154 
57 89   987 
57 90   106 
57 93   148 
57 94   277 
57 95   682 
57 96   667 
57 97   995 
57 100   166 
58 60   205 
58 61   182 
58 62   455 
58 63   840 
58 64   387 
58 66    34 
58 68   433 
58 69   312 
58 70   717 
58 71   242 
58 72   503 
58 74   773 
58 77   223 
58 79   991 
58 80   214 
58 81   369 
58 83   996 
58 84   469 
58 85   559 
58 86   121 
58 87   255 
58 88   509 
58 89   951 
58 91   711 
58 92    90 
58 94   997 
58 95   742 
58 97   402 
58 98   175 
59 62    83 
59 63   748 
59 64   904 
59 66   816 
59 67   422 
59 68   235 
59 69   463 
59 71   475 
59 72   991 
59 73   671 
59 75   949 
59 78    43 
59 80   406 
59 81     0 
59 82   591 
59 84   639 
59 85    62 
59 86   484 
59 87   182 
59 88   436 
59 89   887 
59 91   826 
59 93   141 
59 94   992 
59 95   946 
59 98   225 
59 100   480 
60 63   656 
60 64   498 
60 65   385 
60 66    46 
60 67   363 
60 68    36 
60 69   627 
60 70   561 
60 72   504 
60 73    37 
60 75   269 
60 76   234 
60 77   577 
60 78   666 
60 79   324 
60 82   102 
60 83   329 
60 84   922 
60 86    51 
60 87   696 
60 89   913 
60 90   868 
60 91   795 
60 93   107 
60 94   234 
60 95   514 
60 97   117 
60 98   767 
60 100   325 
61 64   320 
61 65   840 
61 66   236 
61 67   782 
61 68   548 
61 69   350 
61 70    59 
61 71   843 
61 72   225 
61 74   902 
61 76     3 
61 77   840 
61 78   595 
61 80   244 
61 81   284 
61 82   757 
61 83   715 
61 84    28 
61 85    37 
61 87    83 
61 88   980 
61 89   360 
61 90   904 
61 96   811 
61 97   674 
61 98   137 
61 99   348 
62 64   300 
62 65   960 
62 66   237 
62 68   317 
62 69   690 
62 72   666 
62 73   373 
62 75   290 
62 76   969 
62 77   117 
62 78   874 
62 79   782 
62 80   193 
62 81   665 
62 84   502 
62 85   866 
62 87    41 
62 90   155 
62 91   658 
62 92   843 
62 93   908 
62 96   955 
62 99   553 
63 65   158 
63 66    78 
63 67   154 
63 68   295 
63 69   621 
63 73   159 
63 74   558 
63 75   330 
63 76   584 
63 78   404 
63 79   195 
63 81   701 
63 83   621 
63 84   370 
63 85   964 
63 86   486 
63 87   640 
63 91   456 
63 92   191 
63 93   836 
63 95   243 
63 96   203 
63 97   486 
63 98   876 
63 99   385 
63 100   536 
64 66   525 
64 67   925 
64 68   322 
64 69   432 
64 70   457 
64 71   562 
64 73   450 
64 76   742 
64 78   381 
64 80   340 
64 81   291 
64 82   407 
64 84   725 
64 85   584 
64 87   604 
64 88   375 
64 89   743 
64 90   102 
64 92   933 
64 94   443 
64 95   282 
64 96   726 
64 97   390 
64 98   138 
64 100   941 
65 67   690 
65 69   118 
65 71   201 
65 72   783 
65 73   824 
65 74    96 
65 75   432 
65 76   148 
65 77   994 
65 78   852 
65 80   919 
65 81    99 
65 82   910 
65 83   458 
65 84   139 
65 85   741 
65 86   404 
65 87   800 
65 88   326 
65 89   439 
65 92   355 
65 94   758 
65 95   382 
65 96   774 
65 97   999 
65 99   733 
65 100   667 
66 68   783 
66 69   852 
66 70   704 
66 73   604 
66 74   429 
66 75   771 
66 76     4 
66 77   414 
66 78   653 
66 79   915 
66 80   652 
66 81   809 
66 82   315 
66 85   796 
66 86   491 
66 87   677 
66 88    20 
66 90   930 
66 91   731 
66 92   368 
66 95   925 
66 96   891 
66 97   781 
66 98     2 
66 100   784 
67 69   226 
67 70   546 
67 73   323 
67 74    86 
67 75   792 
67 76   906 
67 77   147 
67 78   990 
67 79   998 
67 80   271 
67 81   527 
67 83   816 
67 84   460 
67 86   273 
67 87   130 
67 89   768 
67 90   417 
67 91    14 
67 92   181 
67 93     1 
67 94   628 
67 97   666 
67 98   880 
68 72    36 
68 73   280 
68 77   768 
68 79   481 
68 82   916 
68 84   577 
68 85   662 
68 86   102 
68 88   819 
68 89   309 
68 90   660 
68 91   900 
68 92   723 
68 93   638 
68 94   358 
68 95     5 
68 96   920 
68 98   858 
68 99   554 
68 100   886 
69 73    98 
69 74   236 
69 75   383 
69 76    91 
69 77   981 
69 78   169 
69 80   500 
69 82   115 
69 84   124 
69 85   958 
69 86   907 
69 88   792 
69 89   783 
69 90   259 
69 92   631 
69 93   968 
69 94   247 
69 95   381 
69 96   187 
69 97    98 
69 99   684 
69 100   775 
70 72   723 
70 73   570 
70 74   789 
70 75   660 
70 76   758 
70 79   592 
70 80   956 
70 81   275 
70 82   553 
70 83     8 
70 84   171 
70 86   255 
70 88   582 
70 89   906 
70 91   226 
70 92   393 
70 93   999 
70 94    64 
70 95   579 
70 96   143 
70 97   760 
70 98   278 
70 99   571 
70 100   251 
71 73   571 
71 74   439 
71 75   620 
71 77   534 
71 78    79 
71 80   388 
71 82   961 
71 84   734 
71 85   823 
71 87   947 
71 88   324 
71 89   808 
71 90   127 
71 91    12 
71 93    65 
71 94   372 
71 95   450 
71 96   656 
71 99   475 
71 100    73 
72 74   979 
72 75   397 
72 77   356 
72 78   289 
72 80   736 
72 81   372 
72 83   959 
72 88    36 
72 89   743 
72 90   461 
72 91   536 
72 94   168 
72 99   444 
72 100   496 
73 75   233 
73 76   410 
73 77   494 
73 79   939 
73 82   925 
73 83   699 
73 84   222 
73 85   418 
73 86   888 
73 87   903 
73 89   861 
73 90   709 
73 92   212 
73 93   704 
73 94   817 
73 95   848 
73 96   313 
73 97   765 
73 98   454 
73 99   403 
73 100   937 
74 77   711 
74 78   800 
74 79   710 
74 80   714 
74 81   616 
74 82    81 
74 84   100 
74 85   698 
74 86   827 
74 87   752 
74 89   357 
74 90   654 
74 91   645 
74 92   899 
74 94    48 
74 95   429 
74 96   665 
74 97   996 
74 98   770 
74 99   589 
74 100   740 
75 77   161 
75 79   633 
75 80   737 
75 82   685 
75 83   547 
75 84   324 
75 85   337 
75 86   940 
75 87   426 
75 88   148 
75 90   776 
75 92    39 
75 93   806 
75 94   198 
75 95   455 
75 96   492 
75 97   428 
75 98   611 
75 99   617 
76 79   409 
76 80    73 
76 81   589 
76 82   658 
76 85   716 
76 87   186 
76 89    45 
76 90   867 
76 91    73 
76 92    29 
76 95   347 
76 97   916 
76 98   746 
77 79   942 
77 80   329 
77 83   609 
77 84   504 
77 86   385 
77 87   459 
77 88   839 
77 89   559 
77 90   397 
77 92   624 
77 93   563 
77 94   624 
77 95   151 
77 96   128 
77 99   340 
77 100   445 
78 81   696 
78 82    13 
78 85    93 
78 86    83 
78 88   527 
78 90   371 
78 92   142 
78 93   582 
78 95   211 
78 96    32 
78 97   180 
78 99   697 
79 81   358 
79 82   788 
79 83   116 
79 84   920 
79 86   488 
79 88   290 
79 89   816 
79 90   210 
79 91   446 
79 94     8 
79 96   201 
79 98   681 
79 99   401 
79 100   432 
80 82    37 
80 83   328 
80 84   205 
80 86   572 
80 87   214 
80 88   395 
80 89   299 
80 90   267 
80 92   305 
80 93   202 
80 94   374 
80 95   670 
80 96   517 
80 98   974 
80 100   228 
81 83   721 
81 84   414 
81 87   964 
81 88   700 
81 89   318 
81 90   451 
81 92   748 
81 93   558 
81 94   420 
81 95   201 
81 96   590 
81 97   884 
81 98   804 
81 99   552 
81 100   405 
82 84   612 
82 85   312 
82 86   723 
82 87   304 
82 89   880 
82 90   216 
82 91   662 
82 92    87 
82 93   903 
82 94   299 
82 95   487 
82 97   470 
82 98   891 
82 99   915 
82 100   812 
83 86   848 
83 87    56 
83 90   957 
83 92   597 
83 94   203 
83 99   306 
83 100   368 
84 87     4 
84 89   660 
84 90   150 
84 91   936 
84 92   349 
84 94   941 
84 96   135 
84 99   412 
84 100   777 
85 87   221 
85 88   652 
85 94   566 
85 95   490 
85 96   845 
85 98   741 
85 99   103 
86 88   213 
86 89   509 
86 91   507 
86 92    18 
86 93   614 
86 94   232 
86 95   715 
86 97   914 
86 99   768 
86 100   290 
87 91    22 
87 92   322 
87 94    89 
87 95   181 
87 96    49 
87 97   442 
87 98    47 
87 99   352 
88 90   358 
88 91   882 
88 93   146 
88 94   504 
88 96   606 
88 97   257 
88 98   885 
88 99    46 
88 100   281 
89 91   633 
89 92    48 
89 93   274 
89 94   118 
89 96   609 
89 97   266 
89 98    12 
89 99   687 
90 92   669 
90 95     7 
90 96   154 
90 97   459 
90 99   786 
90 100   934 
91 94   790 
91 97   430 
91 98   676 
91 100   717 
92 96   794 
92 97   377 
92 98   106 
92 99   173 
92 100   565 
93 95   544 
93 96   874 
93 97   157 
93 98   819 
94 98   424 
95 97   125 
95 98   236 
95 100   316 
96 99   780 
96 100   215 
97 99   818 
97 100   885 
98 100   484 
0 
0 
0 
0 
0 
0 
0 
0 
0 
0 
0 
0 
0 
0 
0 
0 
0 
0 
0 
0 
0 
0 
0 
0 
0 
0 
0 
0 
0 
0 
0 
0 
0 
0 
0 
0 
0 
0 
0 
0 
0 
0 
0 
0 
0 
0 
0 
0 
0 
0 
0 
0 
0 
0 
0 
0 
0 
0 
0 
0 
0 
0 
0 
0 
0 
0 
0 
0 
0 
0 
0 
0 
0 
0 
0 
0 
0 
0 
0 
0 
0 
0 
0 
0 
0 
0 
0 
0 
0 
0 
0 
0 
0 
0 
0 
0 
0 
0 
0 
0 
  728   109 
  694   513 
  233   212 
  388   643 
  628   963 
  166   760 
  197   851 
  473   239 
  228   864 
  904   713 
  461    82 
    0   392 
  317   638 
  816    24 
  297   582 
  269   385 
  505   742 
   65   591 
  350    52 
  608    42 
  794   280 
  901   130 
    5   103 
  559   731 
  332   365 
  482   753 
  465   384 
  264   775 
  588   165 
  781   452 
  637   136 
  777   499 
  386   596 
  593    29 
  841   331 
   74   680 
  396   694 
  789   803 
  919   123 
  879   932 
  912    70 
  728   692 
  457   784 
  466   996 
  182   868 
  354   309 
  684   491 
  182   660 
  997    67 
  971   642 
    2   879 
  701    64 
  872   886 
  327   455 
  853   988 
  281    16 
  403   786 
  810   261 
  512   364 
  399   234 
  469   110 
  626   482 
  719   776 
  499   231 
  921   367 
  215   352 
  204    32 
  946   478 
  942   175 
  754   552 
  569   464 
  957   943 
  781   183 
  243   582 
  722   460 
  818   693 
  147   876 
  141    32 
  879   154 
  322   750 
  475   216 
  460   757 
  866   656 
  590   560 
  740    63 
  462   695 
  608   960 
  610   304 
  157   409 
  974   638 
  236   511 
  596   505 
  317     5 
  264   279 
  181   156 
  300    39 
    5   931 
   57   844 
  286   644 
  932   220 
