100 1186 
1 51   997 
1 52   588 
2 52    74 
2 53   892 
3 53   436 
3 54   708 
4 54   541 
4 55   527 
5 55   306 
5 56   117 
6 56   500 
6 57   209 
7 57   941 
7 58   528 
8 58   110 
8 59   252 
9 59   312 
9 60   331 
10 60   702 
10 61   518 
11 61   671 
11 62   725 
12 62   848 
12 63   724 
13 63   331 
13 64   824 
14 64   663 
14 65   553 
15 65   403 
15 66   843 
16 66   725 
16 67    44 
17 67   945 
17 68   411 
18 68   730 
18 69   965 
19 69   162 
19 70    35 
20 70   541 
20 71   747 
21 71   971 
21 72   850 
22 72   408 
22 73   861 
23 73   570 
23 74   538 
24 74   277 
24 75   690 
25 75   441 
25 76   843 
26 76   875 
26 77   679 
27 77    77 
27 78   705 
28 78   559 
28 79   603 
29 79   948 
29 80   869 
30 80   755 
30 81   809 
31 81   882 
31 82   662 
32 82   574 
32 83    77 
33 83   783 
33 84   392 
34 84   576 
34 85   561 
35 85   394 
35 86   240 
36 86   624 
36 87    59 
37 87   414 
37 88   226 
38 88   476 
38 89   561 
39 89   773 
39 90   885 
40 90   368 
40 91     7 
41 91   234 
41 92   736 
42 92    68 
42 93   470 
43 93   791 
43 94   975 
44 94   356 
44 95   270 
45 95   373 
45 96   516 
46 96   174 
46 97   437 
47 97   889 
47 98   283 
48 98   558 
48 99   567 
49 99   460 
49 100   199 
50 100   376 
1 58   295 
1 62   165 
1 66   320 
1 68   125 
1 69   317 
1 70   428 
1 72   100 
1 74   185 
1 75   196 
1 77   256 
1 78   270 
1 80   235 
1 81    88 
1 83   191 
1 87   354 
1 89   445 
1 93   228 
1 94   196 
1 95   163 
1 97   278 
2 51   170 
2 54    84 
2 55   327 
2 56   292 
2 57   224 
2 59    86 
2 65   203 
2 74   243 
2 75   412 
2 77    91 
2 78    58 
2 79    54 
2 80   234 
2 81   423 
2 82    76 
2 83   368 
2 85   385 
2 86   397 
2 87   135 
2 90   220 
2 91     3 
2 92   453 
2 93    99 
2 94   262 
2 95   195 
2 96   263 
2 98   267 
2 100   188 
3 51   455 
3 52    74 
3 56   207 
3 57    64 
3 58    87 
3 65   236 
3 68   297 
3 71    42 
3 72    45 
3 74   448 
3 76   443 
3 80    16 
3 81   366 
3 83   176 
3 84   395 
3 89    21 
3 93   365 
3 94    45 
3 98   131 
4 51    98 
4 52   392 
4 57    35 
4 63    77 
4 64   277 
4 65   415 
4 70    36 
4 71     5 
4 72    44 
4 73   335 
4 74    12 
4 77   181 
4 78    22 
4 79   218 
4 80   433 
4 82    27 
4 84    73 
4 93   406 
4 94   171 
4 95   424 
4 97    33 
4 98   261 
4 99   232 
5 51   110 
5 52   374 
5 54   348 
5 57    93 
5 60   132 
5 62   411 
5 67   368 
5 68   285 
5 69   447 
5 70   383 
5 75   204 
5 76    82 
5 77   184 
5 80   250 
5 81   178 
5 83   332 
5 84   176 
5 85   327 
5 86   111 
5 89    99 
5 90   111 
5 91    87 
5 93   199 
5 94   260 
5 97   450 
5 100    59 
6 55   182 
6 59    44 
6 61    84 
6 69   213 
6 70    69 
6 71   384 
6 72   308 
6 73   109 
6 74   388 
6 76   279 
6 77   154 
6 80   132 
6 86   407 
6 90   328 
6 91   311 
6 95   137 
6 96   336 
6 98   357 
6 100   278 
7 51   244 
7 55   132 
7 59   365 
7 60   309 
7 61   257 
7 65    30 
7 72   425 
7 73   370 
7 80    54 
7 82   164 
7 84    14 
7 86   364 
7 87   251 
7 88   182 
7 89   116 
7 91   401 
7 93   341 
7 94   226 
7 95   261 
8 51   265 
8 52   138 
8 55   206 
8 56   288 
8 63   326 
8 64   113 
8 66    99 
8 67   401 
8 72   331 
8 73   218 
8 74   367 
8 75   227 
8 76    90 
8 79   257 
8 82   122 
8 84   365 
8 85   137 
8 87   375 
8 88   114 
8 90   251 
8 91   319 
8 92    46 
8 93    78 
8 94   182 
8 95   383 
8 96    27 
8 99   417 
9 51   223 
9 56   161 
9 58   327 
9 62   165 
9 63   233 
9 64    81 
9 65   313 
9 67   444 
9 68    48 
9 69   222 
9 70   423 
9 76   115 
9 82    22 
9 83   177 
9 85   300 
9 86   431 
9 88   441 
9 89   105 
9 91    27 
9 94   361 
9 95   136 
9 96    27 
9 97   152 
9 98   375 
10 52    83 
10 54    70 
10 55    54 
10 56   320 
10 57   366 
10 62   365 
10 64    43 
10 65   304 
10 71    54 
10 73   431 
10 75   454 
10 76   140 
10 77   303 
10 78   340 
10 79     5 
10 80   278 
10 81   202 
10 84   209 
10 85    73 
10 86    52 
10 87   348 
10 88   211 
10 90   443 
10 92    55 
10 95   306 
10 96   322 
10 98   154 
10 99   435 
11 56    33 
11 57   126 
11 64   425 
11 68    63 
11 70   438 
11 71   442 
11 72   291 
11 73    80 
11 75   347 
11 77    54 
11 78   384 
11 83   291 
11 84   455 
11 86    58 
11 88   248 
11 97   209 
11 98     1 
11 99   447 
11 100   135 
12 52   226 
12 53    24 
12 54   265 
12 56    17 
12 57   277 
12 58   449 
12 59   411 
12 60   459 
12 61   282 
12 65   144 
12 66    56 
12 69   225 
12 71   202 
12 72   404 
12 74   441 
12 75   157 
12 76   410 
12 77   339 
12 86   252 
12 88   402 
12 90   322 
12 91    99 
12 92   230 
12 93   344 
12 94    64 
12 95   243 
12 99   339 
13 51   256 
13 52   207 
13 54   230 
13 59   127 
13 67    11 
13 69   338 
13 71   333 
13 72    57 
13 76    92 
13 84     1 
13 85   336 
13 86   262 
13 88   177 
13 89   270 
13 90   422 
13 91   231 
13 92   153 
13 93    53 
13 94   332 
13 95   441 
13 96   233 
13 97   232 
14 51    89 
14 52   318 
14 57   174 
14 58   241 
14 60    64 
14 62   341 
14 68   125 
14 69   198 
14 73   283 
14 76   127 
14 77   208 
14 78   403 
14 81   241 
14 82   196 
14 85   455 
14 86   450 
14 87   185 
14 92   252 
14 99   259 
14 100   298 
15 53   253 
15 54   187 
15 55   346 
15 58   445 
15 59   245 
15 60   249 
15 61   367 
15 64   362 
15 68     9 
15 73   371 
15 74    74 
15 75   334 
15 77    32 
15 80   405 
15 83    44 
15 84   455 
15 87    61 
15 88    47 
15 90   148 
15 92   112 
15 94   217 
15 95    56 
15 96   392 
15 98   397 
15 100   308 
16 51   198 
16 52    91 
16 55    84 
16 59    43 
16 64   441 
16 65   394 
16 68   149 
16 71   258 
16 74   379 
16 75   280 
16 76   179 
16 79   100 
16 81   220 
16 83   421 
16 85   220 
16 88   196 
16 89   154 
16 95   169 
16 96   364 
16 97   303 
16 98   235 
16 100   210 
17 51    54 
17 55   348 
17 57   249 
17 58   395 
17 60   298 
17 61    95 
17 63    17 
17 65   323 
17 66   103 
17 69   192 
17 70   347 
17 71   423 
17 76   103 
17 81   403 
17 83   405 
17 84   311 
17 85   236 
17 87    34 
17 90   270 
17 91   194 
17 92    95 
17 95   187 
17 97   256 
18 53   120 
18 54    69 
18 55   315 
18 59   204 
18 60    54 
18 61   316 
18 62     9 
18 63   281 
18 64   363 
18 67   443 
18 70    89 
18 71    69 
18 75   212 
18 76   445 
18 80   323 
18 82   395 
18 83   173 
18 90   364 
18 94   278 
18 95   245 
18 96   389 
18 98   108 
19 51   185 
19 52   358 
19 57   376 
19 61   348 
19 63   458 
19 64   351 
19 65   434 
19 67   355 
19 71   138 
19 73   429 
19 77   314 
19 78    67 
19 79   189 
19 80   292 
19 81   283 
19 82    17 
19 84   403 
19 86   288 
19 89    30 
19 91     4 
19 93   221 
19 95   442 
19 98   353 
20 51   372 
20 55   239 
20 57   156 
20 58    53 
20 60   358 
20 64    27 
20 67   288 
20 74   229 
20 75   426 
20 76   342 
20 80    48 
20 81   316 
20 82   319 
20 88   190 
20 90    78 
20 91   285 
20 93   243 
20 94   389 
20 95   410 
20 100   327 
21 51   191 
21 52   144 
21 54    47 
21 57    98 
21 60   257 
21 61   219 
21 65   365 
21 66   257 
21 68    40 
21 73   213 
21 74    85 
21 76    28 
21 77   193 
21 78   432 
21 79    53 
21 80   171 
21 86   335 
21 90   111 
21 91    55 
21 93   355 
21 94   147 
21 96   132 
21 97   378 
21 99   274 
21 100   223 
22 52    94 
22 53     4 
22 55    35 
22 62   215 
22 71   233 
22 77   244 
22 82   209 
22 87    85 
22 99   339 
22 100   280 
23 51    48 
23 55   367 
23 56   358 
23 57   145 
23 60   103 
23 62   316 
23 69   445 
23 72     8 
23 75   339 
23 79   104 
23 82   123 
23 84   183 
23 88    35 
23 89   309 
23 91   388 
23 92   313 
23 94    41 
23 95   220 
23 99   317 
24 54   256 
24 55   278 
24 56   177 
24 57   305 
24 62   301 
24 65   318 
24 69    71 
24 76   300 
24 81   124 
24 82   128 
24 83   305 
24 84   124 
24 85   326 
24 87   439 
24 88     2 
24 90   295 
24 91    87 
24 92   414 
24 95    11 
24 98    58 
24 100   168 
25 51    39 
25 52    16 
25 53   111 
25 55    74 
25 56   169 
25 58    89 
25 59   447 
25 60   251 
25 62     3 
25 63   331 
25 64   299 
25 66   176 
25 68   384 
25 69   332 
25 70    39 
25 71    15 
25 74   318 
25 80   382 
25 82    14 
25 86   373 
25 89   144 
25 92   321 
25 96    48 
25 97    34 
25 100   415 
26 51   146 
26 54   235 
26 56   158 
26 60   216 
26 61    80 
26 63   285 
26 65   338 
26 66   441 
26 67   342 
26 69   154 
26 71   433 
26 72   399 
26 79   222 
26 85   134 
26 90   328 
26 91    81 
26 93   185 
26 94   202 
26 97   312 
26 98   275 
26 99   251 
26 100    22 
27 51   116 
27 53   146 
27 54   291 
27 55   286 
27 56   376 
27 58    91 
27 64   152 
27 65   447 
27 66   207 
27 68   139 
27 69    97 
27 71    26 
27 72   192 
27 73   326 
27 74    52 
27 76   171 
27 79   313 
27 80    49 
27 81    64 
27 83   137 
27 85   259 
27 86    84 
27 88    46 
27 93   317 
27 94   338 
27 95   284 
27 96   163 
27 99    45 
27 100   448 
28 51   170 
28 56    55 
28 58   230 
28 60   136 
28 61   221 
28 62   173 
28 65   369 
28 66   372 
28 68    98 
28 72   236 
28 83   393 
28 84   175 
28 85   247 
28 87   309 
28 88   251 
28 90   204 
28 91   108 
28 92   251 
28 94   270 
28 97   348 
29 53    79 
29 54   327 
29 55   211 
29 57   420 
29 59   181 
29 60    50 
29 63    71 
29 64   232 
29 66   204 
29 67   217 
29 68    65 
29 69    27 
29 71    19 
29 74   245 
29 75    13 
29 78   410 
29 81   252 
29 84   271 
29 87   367 
29 88   244 
29 90   116 
29 91   397 
29 92   412 
29 93   208 
29 97    80 
29 98   306 
29 99   171 
29 100   286 
30 52   229 
30 55   393 
30 57   372 
30 60   277 
30 63    13 
30 64   329 
30 65    97 
30 66   110 
30 67   347 
30 68    89 
30 72    16 
30 74   396 
30 77   352 
30 79   165 
30 84   251 
30 86    85 
30 95    78 
30 99   166 
31 51    52 
31 53   119 
31 56    14 
31 67   415 
31 69    21 
31 71   132 
31 72   455 
31 76    25 
31 80   288 
31 83   313 
31 86   399 
31 88   121 
31 93   389 
31 99   437 
31 100   163 
32 51   329 
32 52   443 
32 54   386 
32 57   210 
32 59   112 
32 61   441 
32 62   153 
32 64    64 
32 65   162 
32 66   187 
32 70   111 
32 74   294 
32 75   281 
32 76    77 
32 77   307 
32 80   254 
32 84    88 
32 86   224 
32 87    95 
32 89   444 
32 90   263 
32 91   405 
32 93   300 
32 96   303 
32 97    81 
32 98   417 
33 51    33 
33 52   425 
33 54   404 
33 55    65 
33 57   350 
33 63   177 
33 65    59 
33 66   307 
33 67   437 
33 69   265 
33 73   204 
33 74   158 
33 76   430 
33 77   226 
33 80   233 
33 82   207 
33 86   363 
33 87   206 
33 88   325 
33 92   127 
33 93    23 
33 98   408 
33 99   287 
34 52   375 
34 54    80 
34 59   374 
34 60    47 
34 69   351 
34 73    67 
34 74    81 
34 76   237 
34 77   412 
34 78   454 
34 81   325 
34 82     3 
34 86   405 
34 88    36 
34 90   227 
34 91   135 
34 94    72 
34 96   413 
34 99   344 
35 55   229 
35 56   434 
35 58   340 
35 62   105 
35 65    39 
35 66   154 
35 68    85 
35 69   403 
35 70     0 
35 72   246 
35 75    94 
35 76   135 
35 79   408 
35 82   428 
35 89   393 
35 94   164 
35 100    45 
36 51   175 
36 54   237 
36 65    47 
36 66    35 
36 71   303 
36 72   128 
36 73    54 
36 80   414 
36 81   325 
36 82   239 
36 84    74 
36 85   358 
36 88   426 
36 89    59 
36 94    95 
36 95    44 
36 97   445 
36 98   401 
36 100   149 
37 52   404 
37 58   194 
37 59    83 
37 60   222 
37 62   356 
37 63   393 
37 65   417 
37 67   263 
37 73   328 
37 74   285 
37 83   130 
37 85   278 
37 89    18 
37 90   247 
37 94   321 
38 53   444 
38 58   457 
38 59   133 
38 60   390 
38 63   114 
38 66   249 
38 67   341 
38 69    81 
38 71   120 
38 72   342 
38 74   240 
38 79   402 
38 80   151 
38 82   382 
38 83   109 
38 85   180 
38 91   203 
38 93   402 
38 96    20 
38 98   239 
38 99   113 
39 51   250 
39 52     3 
39 53   194 
39 54    79 
39 55   353 
39 56   167 
39 57   107 
39 59   259 
39 64   117 
39 65   278 
39 68   161 
39 69   178 
39 70   250 
39 74   242 
39 76   250 
39 78   276 
39 79   453 
39 81   118 
39 85    95 
39 91   360 
39 93    82 
39 95   387 
40 52    20 
40 53   353 
40 56   423 
40 57   273 
40 58    79 
40 61   177 
40 62   410 
40 65   342 
40 66   258 
40 69   306 
40 71   340 
40 74   267 
40 75   459 
40 76    66 
40 78   177 
40 79   282 
40 83   278 
40 84   259 
40 85   281 
40 87   261 
40 88   360 
40 89   249 
40 93   399 
40 94   394 
40 98   427 
41 52   178 
41 53   368 
41 56   116 
41 57   144 
41 62    63 
41 65   344 
41 67    27 
41 69    29 
41 70   296 
41 76    99 
41 77   385 
41 79   373 
41 80   211 
41 82    16 
41 86   149 
41 89   249 
41 93   171 
41 97   178 
41 100   142 
42 55   282 
42 58   361 
42 59   352 
42 65   381 
42 66   176 
42 69   208 
42 72   331 
42 73   310 
42 75     9 
42 76   368 
42 77   325 
42 80   113 
42 82   398 
42 83    30 
42 87   322 
42 88   235 
42 90   190 
42 97   318 
42 99   113 
42 100   292 
43 53   453 
43 54   355 
43 60   440 
43 61   430 
43 62    55 
43 65   177 
43 67   346 
43 68   173 
43 70   236 
43 73   236 
43 78   296 
43 80   225 
43 83   243 
43 84    13 
43 85   357 
43 86   186 
43 88   442 
43 89   190 
43 91   319 
43 92   309 
43 95    10 
43 98   163 
43 100   431 
44 52   259 
44 53   215 
44 54   126 
44 55   329 
44 57   442 
44 59   394 
44 60   285 
44 72    85 
44 73   158 
44 75   338 
44 79   250 
44 81     3 
44 85   252 
44 86    49 
44 91   316 
44 96   235 
45 53   347 
45 54   196 
45 56   457 
45 59   159 
45 60   260 
45 61   277 
45 62   276 
45 63   253 
45 64   285 
45 66   458 
45 68    50 
45 70   373 
45 71   112 
45 72   195 
45 74   291 
45 76   233 
45 78   296 
45 85    22 
45 86   344 
45 88   364 
45 89   305 
45 94   284 
45 97   128 
45 99   217 
45 100   352 
46 51   286 
46 63   399 
46 64   198 
46 65   237 
46 67   416 
46 68   121 
46 70   169 
46 71   386 
46 72   272 
46 75    93 
46 79   262 
46 81   458 
46 86   122 
46 87   298 
46 91   227 
46 92     1 
46 93   116 
46 94   133 
46 98   200 
46 99   200 
47 54   440 
47 55   456 
47 56   442 
47 57   201 
47 58   312 
47 59    24 
47 61    88 
47 62   180 
47 68    72 
47 70   195 
47 71   204 
47 75   382 
47 78    18 
47 83   287 
47 84   364 
47 87   404 
47 89   267 
47 90   250 
47 91   359 
47 93   372 
47 94   286 
47 96    74 
47 99   443 
48 51   275 
48 54   273 
48 60   345 
48 61    12 
48 64   187 
48 65    38 
48 67   279 
48 69   438 
48 70   161 
48 71   237 
48 73    60 
48 75   154 
48 78   383 
48 81   179 
48 82   242 
48 83   268 
48 85   398 
48 86   214 
48 87   126 
48 93    68 
48 96   249 
48 100   285 
49 51   102 
49 54    63 
49 55   113 
49 57    52 
49 62    64 
49 63   320 
49 64   146 
49 65    91 
49 66   156 
49 67    12 
49 69    61 
49 71   240 
49 74    56 
49 75   446 
49 77    44 
49 78   202 
49 79   399 
49 81   420 
49 87     0 
49 89   407 
49 91   259 
49 92    79 
49 94    55 
49 96   274 
50 52    36 
50 54   324 
50 59   292 
50 60   315 
50 66   342 
50 69   211 
50 70   378 
50 71   408 
50 72   140 
50 73   111 
50 77   255 
50 78   241 
50 79   181 
50 83   347 
50 84   320 
50 85   248 
50 86   304 
50 91   248 
50 93   328 
50 94    45 
0 
0 
0 
0 
0 
0 
0 
0 
0 
0 
0 
0 
0 
0 
0 
0 
0 
0 
0 
0 
0 
0 
0 
0 
0 
0 
0 
0 
0 
0 
0 
0 
0 
0 
0 
0 
0 
0 
0 
0 
0 
0 
0 
0 
0 
0 
0 
0 
0 
0 
0 
0 
0 
0 
0 
0 
0 
0 
0 
0 
0 
0 
0 
0 
0 
0 
0 
0 
0 
0 
0 
0 
0 
0 
0 
0 
0 
0 
0 
0 
0 
0 
0 
0 
0 
0 
0 
0 
0 
0 
0 
0 
0 
0 
0 
0 
0 
0 
0 
0 
   77   804 
  846   711 
  543     3 
  518   110 
  372   157 
  699   717 
  951   365 
  880   259 
  929    11 
  846     0 
  256   193 
  555   129 
   51   894 
   61   795 
  577   555 
  507   943 
  460   664 
   72   984 
  673   797 
  503   354 
  261   701 
  548   635 
   94   700 
  761   598 
  738   126 
  369   123 
  784   430 
  382    92 
  872   458 
  520    12 
  544   659 
  866   131 
  104   525 
  910   896 
  224   198 
  981    19 
  905    33 
  725   938 
  236   529 
  191   999 
  868   857 
  677   807 
   72   111 
  480   718 
  647   762 
  566   621 
  924    64 
  655   221 
  885    76 
  238   606 
  339   216 
  934   807 
  831   519 
  954   372 
  157   992 
  232   641 
  960   141 
  761   299 
  544   708 
   46   838 
  438   283 
  618   731 
  376   758 
  797   879 
  166   385 
  145   427 
  408   612 
  534   399 
  442   740 
  880   214 
  732   706 
  386   848 
  154   162 
  328   809 
  496   592 
  837   853 
  428   402 
  271   403 
  155   479 
   14   542 
  189   287 
   88   893 
  176   124 
  235   315 
  484   430 
  355   892 
  122   548 
  681   357 
  688    69 
  854   704 
  201    11 
  518   353 
  353   362 
  295   694 
  740   130 
  244   808 
  287   602 
  199   206 
  802   661 
  947    61 
100 2367 
1 2    35 
2 3    62 
3 4   831 
4 5   313 
5 6   689 
6 7   924 
7 8   213 
8 9   629 
9 10   119 
10 11   915 
11 12   900 
12 13   513 
13 14   764 
14 15   263 
15 16    82 
16 17   193 
17 18   261 
18 19   870 
19 20   351 
20 21   180 
21 22   157 
22 23   755 
23 24   722 
24 25   627 
25 26   796 
26 27   699 
27 28   901 
28 29   606 
29 30   422 
30 31   705 
31 32   776 
32 33   850 
33 34   235 
34 35   245 
35 36   376 
36 37   847 
37 38   363 
38 39   644 
39 40   264 
40 41   726 
41 42   142 
42 43   781 
43 44    87 
44 45   325 
45 46   471 
46 47   883 
47 48   119 
48 49   598 
49 50   720 
50 51   963 
51 52   549 
52 53   438 
53 54   950 
54 55   312 
55 56   703 
56 57   684 
57 58   749 
58 59    24 
59 60   508 
60 61   483 
61 62   241 
62 63   134 
63 64   976 
64 65   185 
65 66   743 
66 67   990 
67 68   750 
68 69    29 
69 70   761 
70 71   242 
71 72   738 
72 73   435 
73 74   825 
74 75   489 
75 76   729 
76 77    80 
77 78   556 
78 79   529 
79 80   420 
80 81   164 
81 82   563 
82 83   437 
83 84   688 
84 85   505 
85 86   106 
86 87   486 
87 88   411 
88 89   647 
89 90   323 
90 91   607 
91 92   858 
92 93   524 
93 94   885 
94 95   196 
95 96   852 
96 97   754 
97 98   780 
98 99   869 
99 100   694 
1 4   726 
1 5   333 
1 6    40 
1 7   596 
1 9    85 
1 11   396 
1 15   719 
1 17   744 
1 19   182 
1 23   910 
1 26   869 
1 27    76 
1 29   902 
1 30    45 
1 31   632 
1 34   976 
1 35   731 
1 38   123 
1 39   698 
1 40   427 
1 43   356 
1 44   753 
1 45   830 
1 52   547 
1 53   454 
1 54   415 
1 55   387 
1 59   689 
1 62   611 
1 63   101 
1 65   972 
1 66   743 
1 68    24 
1 71   153 
1 72   427 
1 78   304 
1 80   248 
1 82   501 
1 83   329 
1 84   570 
1 86    18 
1 87   355 
1 88   460 
1 91    13 
1 95     7 
1 96   174 
1 98   799 
2 6   627 
2 8   429 
2 10   483 
2 12   349 
2 13   400 
2 15   348 
2 16   566 
2 17   694 
2 19   277 
2 22   686 
2 30   247 
2 31   166 
2 32   174 
2 33   112 
2 34   455 
2 41   717 
2 42    58 
2 48   323 
2 49    94 
2 52   274 
2 53   314 
2 54   227 
2 56   500 
2 57   273 
2 60   628 
2 63   735 
2 64   620 
2 65    14 
2 69   920 
2 71   304 
2 73   192 
2 75   645 
2 79   150 
2 81    55 
2 82    76 
2 83   120 
2 84   982 
2 86   987 
2 88   285 
2 90   560 
2 91   873 
2 92   222 
2 94   770 
2 95   236 
2 96   626 
2 99   510 
2 100   227 
3 5   670 
3 7   295 
3 8   471 
3 9   747 
3 11   810 
3 13   418 
3 14   471 
3 18   857 
3 20   686 
3 21   904 
3 23   307 
3 26   248 
3 28   468 
3 30   170 
3 31   780 
3 35   371 
3 37   669 
3 38    96 
3 40   624 
3 42   381 
3 43   236 
3 44   682 
3 45   574 
3 49   371 
3 50   223 
3 54   781 
3 55   712 
3 57   165 
3 58   880 
3 63   905 
3 67   636 
3 68   823 
3 69   401 
3 70   191 
3 71   366 
3 79   751 
3 80   591 
3 81   398 
3 85   273 
3 87   883 
3 90   273 
3 94   831 
3 95   414 
3 96   336 
3 97   275 
3 98   367 
3 99   586 
4 6   791 
4 12   625 
4 14   950 
4 16   980 
4 18   743 
4 21   292 
4 25   848 
4 28   944 
4 29   967 
4 30   418 
4 32   882 
4 34   563 
4 35   821 
4 36   637 
4 37   593 
4 38   552 
4 40   740 
4 42   229 
4 43   822 
4 44   830 
4 47   349 
4 48   302 
4 49    32 
4 50   673 
4 52   537 
4 53   288 
4 56   886 
4 57   252 
4 59   415 
4 62   511 
4 64    84 
4 65   602 
4 66   317 
4 67    54 
4 68    82 
4 71   266 
4 75   224 
4 82   980 
4 84   595 
4 88   900 
4 89   436 
4 90   823 
4 92   461 
4 93   232 
4 94   685 
4 98   492 
4 99   549 
5 7   261 
5 8   798 
5 10   583 
5 11   206 
5 12    14 
5 13   123 
5 14   580 
5 21   985 
5 24   547 
5 25   553 
5 27   248 
5 33   230 
5 40   966 
5 43   626 
5 45   740 
5 46   405 
5 49    56 
5 51   902 
5 52   512 
5 55   940 
5 60    44 
5 62   329 
5 64   657 
5 67   868 
5 71   571 
5 74   941 
5 75   740 
5 76   845 
5 77   152 
5 82   732 
5 86   859 
5 89   473 
5 90   392 
5 94   109 
5 95   621 
5 96   783 
5 97    74 
5 98   967 
6 12   562 
6 14   214 
6 15   737 
6 16   691 
6 17    71 
6 18   426 
6 19   317 
6 21   164 
6 24   514 
6 33   375 
6 36   449 
6 37   218 
6 39   623 
6 42   681 
6 43   877 
6 44    25 
6 45   765 
6 47   706 
6 48   718 
6 50   289 
6 52   742 
6 53   894 
6 55   908 
6 57   693 
6 60   645 
6 63   644 
6 65   368 
6 66   424 
6 69    66 
6 76   349 
6 77   766 
6 78   344 
6 79   922 
6 84   725 
6 86   568 
6 87   489 
6 89   634 
6 92   608 
6 94   240 
6 96   971 
6 100   334 
7 9   175 
7 13   861 
7 16    59 
7 19   627 
7 20   309 
7 23   999 
7 26   390 
7 29   110 
7 31   649 
7 32   324 
7 34   975 
7 38   556 
7 41   159 
7 42   485 
7 46   294 
7 49   407 
7 50   893 
7 52   735 
7 53   375 
7 54    56 
7 58   537 
7 59    76 
7 60   877 
7 61   151 
7 67   834 
7 68   680 
7 71   411 
7 77    19 
7 79   253 
7 80   849 
7 84   241 
7 87   928 
7 89   690 
7 93   582 
7 95   300 
7 96   795 
7 98   343 
8 12   351 
8 14   750 
8 17   587 
8 19   108 
8 22   150 
8 23   519 
8 24   928 
8 26   575 
8 27   663 
8 29   683 
8 30   528 
8 31   711 
8 32    75 
8 40   615 
8 42   294 
8 44    11 
8 45   266 
8 48   909 
8 49   112 
8 52   692 
8 53   296 
8 54   737 
8 56   597 
8 57   522 
8 62   581 
8 64   993 
8 66   599 
8 69   872 
8 74   328 
8 76   208 
8 77   271 
8 78   759 
8 81   187 
8 83    13 
8 84   912 
8 85   461 
8 87   300 
8 88   299 
8 89   344 
8 90   372 
8 91   865 
8 93   669 
8 99   215 
9 12   910 
9 17   182 
9 21   295 
9 23   846 
9 24   237 
9 27   147 
9 28   977 
9 30   193 
9 31   279 
9 34   877 
9 35   238 
9 37    96 
9 39   197 
9 41   880 
9 46   715 
9 47   829 
9 53   291 
9 54   263 
9 59   531 
9 61   463 
9 63   885 
9 68   287 
9 69   423 
9 71   731 
9 73   227 
9 75   284 
9 76   830 
9 78   868 
9 82   518 
9 83   640 
9 87   774 
9 93   805 
9 94   977 
9 95   815 
9 97   295 
9 98   480 
10 12   236 
10 13   739 
10 14   158 
10 15   613 
10 17   646 
10 18   193 
10 20   694 
10 22   742 
10 24   364 
10 26   391 
10 28   324 
10 30   555 
10 31   261 
10 32   174 
10 35   616 
10 36   173 
10 37   899 
10 39   724 
10 42   925 
10 46   500 
10 47   171 
10 48   623 
10 51   912 
10 53   114 
10 54   635 
10 56   939 
10 57   587 
10 58   126 
10 59   252 
10 60   520 
10 62   479 
10 63   413 
10 65   368 
10 67   396 
10 69   635 
10 70   668 
10 73   904 
10 78   644 
10 80   866 
10 81   811 
10 83   326 
10 87   260 
10 88   778 
10 89   324 
10 94   625 
10 95   682 
10 97   989 
10 98   129 
11 14   376 
11 15   358 
11 24   553 
11 25   937 
11 28   317 
11 31    37 
11 32   447 
11 34    36 
11 35   123 
11 37   688 
11 38   201 
11 40    75 
11 42   476 
11 43   580 
11 44   456 
11 45   857 
11 46   883 
11 50   142 
11 52   244 
11 53   470 
11 54   781 
11 55   825 
11 56   839 
11 58   851 
11 61   586 
11 65   664 
11 67   268 
11 68   634 
11 72   181 
11 73   987 
11 76   223 
11 77   203 
11 78   321 
11 81   513 
11 85   546 
11 86   292 
11 88   598 
11 91   982 
11 92   333 
11 95   848 
11 96   255 
11 99   765 
12 14   747 
12 15   906 
12 17   184 
12 25   174 
12 26    83 
12 28   274 
12 29   450 
12 31   316 
12 32   705 
12 33   938 
12 37   452 
12 39   302 
12 40    58 
12 42   521 
12 43   481 
12 46    58 
12 47   571 
12 48    94 
12 50   717 
12 54   701 
12 57   718 
12 65   109 
12 67   397 
12 68   962 
12 71    92 
12 74    22 
12 77   224 
12 78   753 
12 80   548 
12 82   689 
12 84   806 
12 85   632 
12 86   218 
12 88   743 
12 90   980 
12 91   264 
12 94   880 
12 96   324 
12 99   399 
13 17   832 
13 18   442 
13 19   380 
13 23   481 
13 26   541 
13 27   220 
13 29   228 
13 30   712 
13 34    25 
13 36   184 
13 38   220 
13 40   541 
13 44   939 
13 45   673 
13 46   896 
13 48   383 
13 50   523 
13 51   892 
13 52   104 
13 53   839 
13 56   658 
13 57   390 
13 63   174 
13 67   387 
13 69   443 
13 72    68 
13 79   872 
13 81   728 
13 82   324 
13 83   799 
13 86   525 
13 88   475 
13 90   310 
13 96     0 
13 98   396 
14 17   535 
14 18   594 
14 19   710 
14 21   278 
14 22   798 
14 25   180 
14 26   782 
14 27   631 
14 28    57 
14 29   418 
14 31   523 
14 32   714 
14 33   436 
14 37     0 
14 40   819 
14 45   807 
14 46   762 
14 48    68 
14 49   293 
14 51   301 
14 55   209 
14 57   559 
14 60   764 
14 62   793 
14 66   232 
14 67   117 
14 70   368 
14 72   321 
14 75   743 
14 76   840 
14 77   205 
14 78   650 
14 80   415 
14 81   135 
14 82   100 
14 83   994 
14 84   714 
14 86   318 
14 87   431 
14 89   523 
14 90   653 
14 91   942 
14 93   862 
14 94   516 
14 96   632 
14 98   379 
14 100    45 
15 21   636 
15 24   933 
15 28   113 
15 30   509 
15 31   919 
15 32   759 
15 36   910 
15 39   499 
15 46   827 
15 47   492 
15 48    46 
15 51   569 
15 52   286 
15 53   403 
15 54   961 
15 59    98 
15 61    14 
15 62   146 
15 63     0 
15 64   290 
15 67   163 
15 68   119 
15 70   542 
15 71   854 
15 73   631 
15 74   976 
15 77   771 
15 81   434 
15 82   282 
15 83   223 
15 87   963 
15 90    91 
15 93   366 
15 94   289 
15 95   946 
15 97   472 
15 98   451 
15 99   339 
15 100   956 
16 19   176 
16 23   664 
16 24   413 
16 27   732 
16 28   158 
16 32   130 
16 34   570 
16 36   874 
16 37   674 
16 38   879 
16 40   757 
16 41   579 
16 43   166 
16 47   556 
16 48   730 
16 49    83 
16 52   247 
16 53   677 
16 54   773 
16 55   498 
16 57   629 
16 58   460 
16 60    43 
16 61   963 
16 63   713 
16 66   102 
16 68   774 
16 71   451 
16 72   297 
16 74   247 
16 75   462 
16 80   734 
16 82   256 
16 83   755 
16 84   784 
16 85   269 
16 86   813 
16 87   830 
16 89   830 
16 91   904 
16 95   152 
16 96   591 
16 97    84 
16 98   763 
16 100   940 
17 19   847 
17 20   605 
17 21    32 
17 22   150 
17 24   749 
17 27    69 
17 28   111 
17 29   846 
17 30   459 
17 31   927 
17 33   167 
17 36   998 
17 38   172 
17 39   415 
17 40   283 
17 41   370 
17 42   427 
17 43   586 
17 46   106 
17 47   300 
17 49   411 
17 51   150 
17 52   615 
17 54   381 
17 55   798 
17 56   333 
17 57   179 
17 59   859 
17 62   718 
17 63   327 
17 65   794 
17 66    93 
17 70   336 
17 71   719 
17 74   465 
17 76   800 
17 79   149 
17 81   765 
17 82   158 
17 84   951 
17 85   843 
17 86   505 
17 87   927 
17 88   994 
17 89    39 
17 91   521 
17 92   962 
17 94   748 
17 96   423 
17 97   870 
17 99   986 
18 20   196 
18 21   685 
18 26    11 
18 27    66 
18 29   534 
18 33   641 
18 35   161 
18 36   198 
18 37   197 
18 41   845 
18 45   954 
18 51   149 
18 53   429 
18 54   129 
18 57   702 
18 59    46 
18 60   648 
18 63   529 
18 64   196 
18 65   559 
18 67   823 
18 72   512 
18 73   461 
18 78    77 
18 80   618 
18 81   487 
18 83   663 
18 84   424 
18 85   487 
18 86   640 
18 87   541 
18 91   412 
18 92   282 
18 97   297 
18 98   995 
19 23   517 
19 27   609 
19 28   226 
19 32    61 
19 33   238 
19 34   143 
19 35   288 
19 40   643 
19 42   301 
19 43   196 
19 44   390 
19 45    69 
19 48   258 
19 49   164 
19 52   928 
19 54   996 
19 59   846 
19 62   404 
19 67   873 
19 71   133 
19 73   719 
19 74   390 
19 75   833 
19 78   232 
19 81    33 
19 84   983 
19 87   712 
19 89   620 
19 91    88 
19 92   204 
19 96   381 
19 97    65 
19 98    64 
19 100   236 
20 25   633 
20 30   532 
20 34    20 
20 38   206 
20 39   572 
20 40   453 
20 44   372 
20 46   103 
20 48   119 
20 56   381 
20 59   207 
20 60    17 
20 61   599 
20 62   241 
20 63   618 
20 67    45 
20 68   555 
20 70   444 
20 71   993 
20 74   728 
20 80   882 
20 85   717 
20 87   668 
20 89   859 
20 92   983 
20 94   926 
20 95   630 
20 97   109 
20 98   987 
20 99    78 
21 24   644 
21 26     7 
21 27   766 
21 28   298 
21 32   799 
21 34   367 
21 36   667 
21 39   761 
21 40   746 
21 42   153 
21 45    51 
21 46   762 
21 49   734 
21 50   137 
21 52   839 
21 54   755 
21 57   909 
21 60    53 
21 61   266 
21 64   741 
21 65   360 
21 67   803 
21 69   495 
21 70   837 
21 73   894 
21 78   317 
21 79   368 
21 84   621 
21 86   577 
21 89   981 
21 90   499 
21 91     6 
21 92   126 
21 95   848 
21 96   752 
21 99   157 
21 100   303 
22 25   914 
22 26   605 
22 27   714 
22 31   258 
22 35   404 
22 36    81 
22 37   933 
22 40   389 
22 42   803 
22 43   812 
22 46   249 
22 48   392 
22 50    81 
22 51   883 
22 53   918 
22 55   434 
22 59   912 
22 61   746 
22 63    96 
22 65   246 
22 67   184 
22 68   488 
22 70   541 
22 73    93 
22 77    18 
22 78    14 
22 80   582 
22 82   591 
22 83   400 
22 87   718 
22 89   584 
22 91   918 
22 97   151 
22 98    18 
22 100   366 
23 25   933 
23 26   682 
23 29   244 
23 31   491 
23 32   504 
23 35   490 
23 39   250 
23 41   550 
23 43    91 
23 46   460 
23 48    22 
23 50   744 
23 52   427 
23 53   629 
23 54   205 
23 58   998 
23 61   898 
23 62   288 
23 67   228 
23 70    78 
23 72   386 
23 79   768 
23 80   994 
23 81   973 
23 82   846 
23 83   483 
23 91   303 
23 92   328 
23 97   322 
23 98   722 
23 99   766 
24 28   358 
24 29   516 
24 31   844 
24 33   377 
24 35   511 
24 37   163 
24 38   397 
24 39   902 
24 42   839 
24 43   302 
24 45   987 
24 48   788 
24 49   385 
24 50   189 
24 51   936 
24 54    41 
24 57   848 
24 58   552 
24 60   268 
24 61   427 
24 62   836 
24 63   595 
24 65   715 
24 70   249 
24 72    59 
24 74   715 
24 77   510 
24 80   197 
24 81    97 
24 82   776 
24 83   609 
24 84   521 
24 85   819 
24 87   547 
24 88   327 
24 89   233 
24 93   559 
24 94   787 
24 95   532 
24 97   938 
24 99   648 
24 100   939 
25 27   808 
25 28    18 
25 30   427 
25 32    35 
25 33   606 
25 34   973 
25 37   775 
25 39    78 
25 41   987 
25 43   359 
25 44   468 
25 45   400 
25 46   939 
25 47   190 
25 48   314 
25 50   416 
25 52   192 
25 53   922 
25 54   937 
25 57   367 
25 62   612 
25 67    87 
25 68   645 
25 72   917 
25 73   425 
25 74   806 
25 75   931 
25 76   991 
25 77   315 
25 78   582 
25 79   135 
25 82   478 
25 85   833 
25 88   462 
25 89   166 
25 90   544 
25 91   940 
25 94   447 
25 95   357 
25 98   181 
25 99    24 
26 29   446 
26 30   817 
26 31   595 
26 33   897 
26 36   948 
26 37   588 
26 38    56 
26 45   109 
26 47   228 
26 48   964 
26 50   235 
26 54    53 
26 56   280 
26 59   264 
26 62   989 
26 65   723 
26 66   915 
26 67   758 
26 70   292 
26 76   976 
26 79   149 
26 80   468 
26 82   917 
26 83   982 
26 87   725 
26 89   990 
26 91   988 
26 93    72 
26 94    95 
26 95   390 
26 96   807 
26 99   714 
27 31   733 
27 35   927 
27 37   213 
27 39   303 
27 41   972 
27 42   156 
27 44   379 
27 46   238 
27 48   420 
27 49   261 
27 51   184 
27 52   639 
27 53   642 
27 54    74 
27 55   914 
27 57   103 
27 59   883 
27 61   887 
27 62   705 
27 63   102 
27 70   620 
27 75   798 
27 79   124 
27 83   681 
27 85   481 
27 86   493 
27 87   318 
27 88   285 
27 90    96 
27 91   575 
27 92   251 
27 93   822 
27 94   807 
27 99   193 
28 31    82 
28 33   272 
28 34   178 
28 35   387 
28 36   126 
28 37   950 
28 42   167 
28 43   140 
28 44   416 
28 46   382 
28 47   803 
28 50   411 
28 51    35 
28 57   636 
28 61   875 
28 62   918 
28 63   398 
28 65   668 
28 66   218 
28 67   708 
28 68   753 
28 69   928 
28 70   700 
28 71   745 
28 72   223 
28 77   609 
28 78   473 
28 80    15 
28 86     0 
28 87   594 
28 91   621 
28 94   851 
28 96   100 
28 97   828 
28 98   155 
28 99   898 
28 100   397 
29 33   664 
29 34   249 
29 38   602 
29 42   373 
29 43   264 
29 44   208 
29 45    15 
29 46    51 
29 47   474 
29 50   865 
29 51   794 
29 53   266 
29 54   569 
29 55   918 
29 58   817 
29 63   925 
29 65   617 
29 66   772 
29 67   957 
29 69   961 
29 71   123 
29 72   305 
29 74   883 
29 76   474 
29 77   357 
29 80   411 
29 81   149 
29 83   862 
29 89   522 
29 90   606 
29 91    97 
29 97   339 
29 100   664 
30 34   626 
30 37   503 
30 40   449 
30 41    90 
30 45   440 
30 47    11 
30 49   450 
30 50   603 
30 52   703 
30 53   578 
30 54   172 
30 55   384 
30 57   737 
30 61   723 
30 65   765 
30 66   826 
30 67   472 
30 68   640 
30 75   688 
30 76   846 
30 77    57 
30 78   672 
30 79   441 
30 80   710 
30 82   289 
30 84   477 
30 88   413 
30 90   651 
30 91   269 
30 92   218 
30 93   882 
30 94   803 
30 96   476 
30 99   640 
31 36   283 
31 37   657 
31 39    96 
31 40   514 
31 43   666 
31 44   516 
31 46   441 
31 47   299 
31 49   956 
31 50    73 
31 51   256 
31 58   974 
31 64   273 
31 66   667 
31 67   218 
31 68   981 
31 70   352 
31 72    48 
31 75   924 
31 78   579 
31 84   680 
31 85   265 
31 86   505 
31 87    50 
31 88    70 
31 90   562 
31 91   145 
31 93   257 
31 95    92 
31 97   910 
31 98   747 
31 99   253 
32 39   726 
32 41   597 
32 44    41 
32 48   829 
32 49   259 
32 50   836 
32 51   595 
32 55   971 
32 56    97 
32 57   588 
32 58   429 
32 66   398 
32 68   365 
32 72   459 
32 76   397 
32 83   989 
32 85   732 
32 86   236 
32 87   724 
32 90    49 
32 91   680 
32 94   612 
32 97   108 
32 98   232 
33 36   904 
33 42    81 
33 43   249 
33 44   723 
33 45   857 
33 46   826 
33 51   257 
33 52   426 
33 57   249 
33 59   115 
33 61   332 
33 62   857 
33 63   310 
33 65   714 
33 67   314 
33 70   576 
33 71   669 
33 73   644 
33 74   154 
33 76   573 
33 77   315 
33 79   291 
33 82    87 
33 83   925 
33 85   743 
33 86   269 
33 94    54 
33 95   185 
33 96   978 
33 98    51 
33 99   839 
34 36   552 
34 37   864 
34 41   263 
34 42   758 
34 44   122 
34 45   298 
34 47   526 
34 48   217 
34 52   527 
34 53   974 
34 54   491 
34 55   255 
34 56   102 
34 57   950 
34 58   519 
34 62   397 
34 65   775 
34 66   493 
34 68   786 
34 70   378 
34 72   112 
34 73   856 
34 75   396 
34 76   148 
34 78   682 
34 79   269 
34 80   836 
34 81   353 
34 83   757 
34 86    90 
34 87   429 
34 89   432 
34 91   555 
34 93   504 
34 95   591 
34 96   269 
34 97   244 
34 98   883 
34 99   355 
35 41   454 
35 45   757 
35 46   195 
35 47   785 
35 49   344 
35 52   871 
35 54   527 
35 56   174 
35 58   907 
35 60    33 
35 66   981 
35 69   760 
35 71   768 
35 72   413 
35 75   746 
35 76   221 
35 82   621 
35 83   648 
35 88   495 
35 89   996 
35 90   288 
35 94   118 
35 95   767 
35 96   402 
35 97   497 
36 38   127 
36 39   652 
36 40   375 
36 41   188 
36 44    84 
36 48   159 
36 50   807 
36 54   362 
36 59   490 
36 61   683 
36 62   772 
36 63   478 
36 64    59 
36 66   894 
36 67   600 
36 68    48 
36 69   755 
36 72   908 
36 73   659 
36 74   873 
36 75   303 
36 77   861 
36 80   327 
36 84   556 
36 85   563 
36 87   709 
36 88   766 
36 89   160 
36 90     8 
36 91   285 
36 92   918 
36 96    52 
36 100   302 
37 46   156 
37 48   588 
37 49   267 
37 51    19 
37 52   807 
37 54   231 
37 55   591 
37 60   166 
37 63   753 
37 64   556 
37 68   313 
37 71   259 
37 72   431 
37 73   113 
37 74   916 
37 80    63 
37 81   111 
37 84   956 
37 86   806 
37 92   710 
37 96   896 
37 99   206 
38 40   180 
38 41   861 
38 42   383 
38 43   775 
38 44   991 
38 45   230 
38 49   452 
38 50   685 
38 52   634 
38 53    18 
38 57   995 
38 61   423 
38 63   325 
38 64   679 
38 67   977 
38 73   645 
38 74   730 
38 76    18 
38 77   256 
38 80   348 
38 90   536 
38 93   956 
38 95   552 
38 99   421 
38 100   989 
39 41   944 
39 43   564 
39 44   560 
39 45   658 
39 46    73 
39 48   875 
39 50   855 
39 52   405 
39 53   644 
39 56   944 
39 58   930 
39 59   243 
39 61   849 
39 64   186 
39 66   642 
39 67   214 
39 68   883 
39 73   985 
39 78   388 
39 79   336 
39 83   821 
39 84   117 
39 87    60 
39 89   677 
39 96   423 
39 97   408 
39 99    36 
39 100   999 
40 42   794 
40 43   962 
40 44   206 
40 47   906 
40 49    92 
40 50    37 
40 51   458 
40 53   768 
40 60   778 
40 63   425 
40 68   646 
40 69   872 
40 70   360 
40 78   300 
40 81   152 
40 84    46 
40 87   698 
40 88   388 
40 91   767 
40 92   803 
40 93   648 
40 94   587 
40 96   922 
40 98   996 
40 99   418 
41 43   591 
41 48   761 
41 50   367 
41 51   547 
41 54     7 
41 56   564 
41 58    63 
41 59   129 
41 61    65 
41 62   418 
41 63   551 
41 66   732 
41 68   200 
41 70   544 
41 71   444 
41 72   514 
41 73   845 
41 75   914 
41 78   369 
41 81   668 
41 86   207 
41 89   621 
41 91   961 
41 92   411 
41 93   444 
41 98    99 
41 99   351 
42 44    86 
42 45   107 
42 46   765 
42 48    17 
42 50   983 
42 56   143 
42 61   502 
42 62    41 
42 64    94 
42 65   209 
42 66   267 
42 67   382 
42 68   682 
42 69   458 
42 71   650 
42 73   277 
42 75   627 
42 76   795 
42 80   848 
42 85   799 
42 87    13 
42 89   827 
42 90   121 
42 92   774 
42 94   384 
42 95   120 
42 97    23 
43 48   851 
43 49   386 
43 50   377 
43 51   930 
43 54   723 
43 55   835 
43 56   758 
43 57   946 
43 58    69 
43 61   177 
43 62   561 
43 64   747 
43 67   961 
43 70   140 
43 73   959 
43 74   589 
43 80    25 
43 82   402 
43 83   911 
43 85    74 
43 87   749 
43 88   696 
43 90   330 
43 92   274 
43 94   704 
43 96    95 
43 100     9 
44 47   687 
44 49   543 
44 50   779 
44 51   232 
44 52   685 
44 54   944 
44 56   398 
44 57   778 
44 59   454 
44 61   722 
44 62    42 
44 63   696 
44 64   393 
44 66   746 
44 67   913 
44 70   325 
44 72   120 
44 76   806 
44 77   461 
44 78   663 
44 79   177 
44 81   349 
44 83   162 
44 86   598 
44 87   432 
44 90   940 
44 91   375 
44 92   565 
44 93   689 
44 97   273 
44 98   300 
44 100   823 
45 47   832 
45 48   454 
45 51   264 
45 52   517 
45 53   308 
45 54   303 
45 57   880 
45 64   375 
45 69     6 
45 71   978 
45 72   388 
45 73   774 
45 81   695 
45 86   614 
45 90    88 
45 92   306 
45 94   375 
45 99   136 
45 100    19 
46 49   306 
46 50   454 
46 51   901 
46 53   207 
46 54   541 
46 55    94 
46 58     2 
46 61   652 
46 64   797 
46 65   543 
46 68   113 
46 70   129 
46 72   351 
46 73   132 
46 84    93 
46 85   552 
46 86   161 
46 87    78 
46 88    29 
46 93    91 
46 94   732 
46 95   683 
46 97    58 
46 99   764 
46 100   648 
47 50   414 
47 52   423 
47 54   738 
47 56   653 
47 59   196 
47 60   533 
47 62   785 
47 63   927 
47 66   932 
47 69   854 
47 70    38 
47 74   169 
47 75   874 
47 80   629 
47 86    22 
47 87   664 
47 89   568 
47 90   870 
47 91   177 
47 92   288 
47 93   439 
47 94   258 
47 100   958 
48 52   309 
48 53    23 
48 54   158 
48 55   982 
48 59   596 
48 60   356 
48 61   475 
48 62    99 
48 64   248 
48 65   667 
48 66   501 
48 68   883 
48 69   817 
48 72   879 
48 74   508 
48 75   126 
48 78   537 
48 81   104 
48 85   645 
48 86   293 
48 92   302 
48 96   360 
48 97   873 
48 98   805 
48 99   188 
49 51   643 
49 53   551 
49 54   933 
49 55   154 
49 56    85 
49 57   803 
49 60   878 
49 66   560 
49 68   492 
49 71   436 
49 73   520 
49 74    20 
49 75   569 
49 77   895 
49 78   746 
49 82   442 
49 84   294 
49 88   857 
49 91   822 
49 93   311 
49 96   939 
49 98   114 
49 99    57 
49 100    36 
50 53   749 
50 61    24 
50 64   443 
50 68   943 
50 71   635 
50 74   152 
50 76   768 
50 83   360 
50 84   114 
50 89   164 
50 90   657 
50 93   511 
50 94   977 
50 96   363 
50 97   637 
51 57   145 
51 58   438 
51 59   728 
51 60   940 
51 61   908 
51 63    24 
51 64   260 
51 66   806 
51 67   267 
51 69   937 
51 70   661 
51 73   736 
51 77   446 
51 78   104 
51 80   817 
51 82   196 
51 83   270 
51 84   733 
51 89   224 
51 90    67 
51 91   999 
51 92   409 
51 97   901 
51 98   790 
52 55     7 
52 58   217 
52 62   763 
52 63    36 
52 66   152 
52 67   575 
52 68   128 
52 70   426 
52 71   800 
52 72   516 
52 73   658 
52 74   285 
52 75   406 
52 80   303 
52 81   831 
52 83   629 
52 85   536 
52 88    66 
52 89   436 
52 92   336 
52 95   432 
52 96   277 
52 97   399 
52 98   345 
52 99   346 
53 58   519 
53 59   658 
53 60   787 
53 63   267 
53 64    65 
53 65    68 
53 66   225 
53 68   895 
53 71   658 
53 72    47 
53 74   841 
53 79   778 
53 80   688 
53 81   942 
53 82   570 
53 83   974 
53 85   216 
53 86   764 
53 89   665 
53 91   561 
53 93   941 
53 94   693 
53 96   309 
53 98    89 
53 100   885 
54 63   608 
54 64   399 
54 66    47 
54 70   205 
54 72   972 
54 73   781 
54 74   662 
54 76   748 
54 77   616 
54 78   614 
54 79    26 
54 80   666 
54 82   801 
54 84   110 
54 88   520 
54 90   838 
54 91   284 
54 92   629 
54 93   237 
54 94   225 
54 96   779 
54 97   778 
54 99    95 
54 100   984 
55 57   250 
55 58   125 
55 60   536 
55 63    81 
55 64   802 
55 66   939 
55 68   547 
55 69   848 
55 70   952 
55 72   765 
55 73   186 
55 74   670 
55 78   870 
55 81   854 
55 82   694 
55 83   957 
55 87   956 
55 89   563 
55 94   691 
55 95   824 
55 96    22 
55 98   626 
56 58   542 
56 64   524 
56 65   441 
56 66   192 
56 70   614 
56 72   424 
56 74   406 
56 76   713 
56 77   158 
56 78   502 
56 79   648 
56 81   440 
56 82   370 
56 83   724 
56 87   747 
56 88   560 
56 89   322 
56 90   485 
56 92    39 
56 95   194 
56 96   440 
56 98   275 
56 99   770 
57 62   805 
57 66   377 
57 68   322 
57 70   196 
57 71   151 
57 72   745 
57 80   577 
57 83   861 
57 85   319 
57 86    31 
57 89   796 
57 92   718 
57 94   816 
57 95   789 
57 97   992 
57 98   601 
57 100   186 
58 62   833 
58 67   227 
58 68   408 
58 71    22 
58 72   359 
58 73   667 
58 74   690 
58 76   540 
58 78   285 
58 79   561 
58 82   603 
58 85   960 
58 94   831 
58 95   693 
58 96   457 
58 97   390 
58 98   431 
59 61   706 
59 64    73 
59 66   372 
59 67     4 
59 69   192 
59 71   828 
59 72   483 
59 73   973 
59 75   984 
59 78   948 
59 79   576 
59 81   133 
59 84   286 
59 89   467 
59 90   304 
59 98   189 
59 100   550 
60 64   313 
60 65   709 
60 67   811 
60 72   298 
60 73   685 
60 75   907 
60 76   865 
60 80   723 
60 86   659 
60 87   922 
60 88   487 
60 90   521 
60 91   633 
60 92   813 
60 93   466 
60 94    24 
60 95   744 
60 98   937 
60 100   608 
61 65   517 
61 75   827 
61 78    21 
61 82   667 
61 85   933 
61 88   187 
61 89   482 
61 90   633 
61 91   464 
61 93    96 
61 94   200 
61 95   385 
61 97   848 
61 99   733 
61 100   297 
62 64   433 
62 65    14 
62 66   678 
62 67   121 
62 68   805 
62 69   803 
62 70   968 
62 71   941 
62 72   457 
62 73   966 
62 74   290 
62 76   331 
62 77   431 
62 78   887 
62 81   399 
62 85   236 
62 86   697 
62 88   896 
62 92   310 
62 93   958 
62 95     4 
62 96   207 
62 97     2 
62 98   655 
62 99   360 
63 65    56 
63 67   190 
63 68   640 
63 69   766 
63 70    23 
63 71   229 
63 72   788 
63 75   721 
63 76   871 
63 79   280 
63 84    87 
63 86   942 
63 87   469 
63 91   731 
63 92   186 
63 93   848 
63 95   167 
63 96    24 
63 97   788 
63 98   629 
63 100   169 
64 66    31 
64 68   257 
64 70    12 
64 71   318 
64 72   297 
64 73   521 
64 74   970 
64 75   614 
64 76   286 
64 77   467 
64 80   685 
64 84   885 
64 85   423 
64 86   913 
64 87   449 
64 89   192 
64 94   283 
64 95   155 
64 99   447 
65 67     9 
65 68   374 
65 69   972 
65 72    92 
65 75   828 
65 79   687 
65 80   166 
65 82   667 
65 83   241 
65 85   255 
65 88   911 
65 91   670 
65 93   491 
65 95     7 
65 96   332 
65 98   449 
65 99   513 
66 68   658 
66 69    27 
66 71   670 
66 72   767 
66 73   483 
66 74   809 
66 75    29 
66 77   767 
66 81   253 
66 82   467 
66 83    85 
66 84   889 
66 85   163 
66 87   679 
66 88   764 
66 90    58 
66 91   357 
66 94   486 
66 95   911 
66 96   970 
66 97   817 
66 99    31 
67 70    82 
67 72   156 
67 74   605 
67 76   498 
67 78   892 
67 79   914 
67 82    81 
67 84   598 
67 85    23 
67 86   953 
67 88   977 
67 92   162 
67 93   382 
67 95   145 
68 70   853 
68 71   922 
68 72    71 
68 74   825 
68 77   304 
68 78   114 
68 79   830 
68 81   154 
68 82   685 
68 85   635 
68 87   570 
68 88   886 
68 89   650 
68 90   996 
68 95   694 
68 97   181 
68 98   658 
69 71   917 
69 74    31 
69 75    57 
69 76   450 
69 77   587 
69 78    27 
69 81   439 
69 82   845 
69 84   824 
69 85   611 
69 87    76 
69 88    68 
69 91   404 
69 92   488 
69 93   821 
69 94   620 
69 98   672 
69 99   134 
69 100   558 
70 72   882 
70 73   662 
70 76   442 
70 78   930 
70 79   528 
70 80    33 
70 81   226 
70 85   683 
70 89   174 
70 90   104 
70 91   942 
70 93   561 
70 98   247 
70 99   287 
70 100   152 
71 74   580 
71 75   184 
71 77   338 
71 80   677 
71 82   109 
71 84   147 
71 86   337 
71 87   136 
71 88   485 
71 89   241 
71 90   340 
71 95    95 
71 97   494 
71 98   592 
71 99   602 
72 76   166 
72 78   319 
72 81   672 
72 85   973 
72 91   541 
72 92   911 
72 95   416 
72 96   472 
72 99   338 
73 78   546 
73 79    12 
73 80   266 
73 81   770 
73 82   214 
73 85   603 
73 87    22 
73 90   180 
73 92   230 
73 95   775 
73 100   532 
74 77   469 
74 78    73 
74 82   401 
74 93    80 
74 95    47 
74 96   677 
74 97   324 
74 100   813 
75 77   148 
75 78   622 
75 79   198 
75 83   743 
75 84   166 
75 86   521 
75 87   141 
75 88   919 
75 89   258 
75 90   231 
75 91   589 
75 96   963 
75 97    55 
75 100   142 
76 79   235 
76 85   446 
76 90   922 
76 91   655 
76 97   428 
76 98   296 
76 99   453 
76 100   473 
77 79   636 
77 81   825 
77 83   332 
77 84   433 
77 87   850 
77 88   287 
77 90    34 
77 91    97 
77 95   207 
77 96   737 
77 100   835 
78 81   790 
78 82   159 
78 86    65 
78 91   512 
78 92   262 
78 94   415 
78 97   278 
78 98   965 
79 86   847 
79 88   742 
79 90   704 
79 95   599 
79 96   969 
79 97   345 
79 99   129 
80 82   824 
80 83   260 
80 85   668 
80 90   946 
80 91   706 
80 96   991 
80 98   835 
81 83   119 
81 86   966 
81 96   511 
81 99    72 
81 100   636 
82 85   280 
82 86   449 
82 87   845 
82 91   438 
82 94   369 
82 98   283 
82 99   380 
82 100   243 
83 85   343 
83 87   138 
83 89   596 
83 90   512 
83 98   591 
83 99   137 
84 88   673 
84 89   721 
84 92     7 
84 95   694 
85 89   885 
85 94   412 
85 99   876 
86 88   908 
86 90   993 
86 94   530 
86 99   802 
86 100   821 
87 89   281 
87 92    62 
87 95   908 
87 97   497 
88 92   112 
88 95   585 
88 96   718 
88 99   346 
89 91   435 
89 93   975 
89 94   100 
89 95   810 
89 97   662 
89 99   151 
89 100   819 
90 94   799 
90 95   283 
90 97   737 
91 96   159 
91 100   717 
92 95   854 
92 97   123 
92 100   356 
93 96   914 
94 97   372 
94 98   284 
95 97   859 
95 99     6 
95 100   318 
96 99   523 
0 
0 
0 
0 
0 
0 
0 
0 
0 
0 
0 
0 
0 
0 
0 
0 
0 
0 
0 
0 
0 
0 
0 
0 
0 
0 
0 
0 
0 
0 
0 
0 
0 
0 
0 
0 
0 
0 
0 
0 
0 
0 
0 
0 
0 
0 
0 
0 
0 
0 
0 
0 
0 
0 
0 
0 
0 
0 
0 
0 
0 
0 
0 
0 
0 
0 
0 
0 
0 
0 
0 
0 
0 
0 
0 
0 
0 
0 
0 
0 
0 
0 
0 
0 
0 
0 
0 
0 
0 
0 
0 
0 
0 
0 
0 
0 
0 
0 
0 
0 
  194   891 
  113   462 
  894   657 
  240   146 
  375   385 
  339   978 
  186   405 
  867   395 
  594   216 
  670   381 
  568   178 
  703   795 
  769    65 
  658   767 
   21     3 
  434   709 
  727   841 
  107   285 
  163   146 
   29     4 
  951   674 
  587    41 
  613   510 
  122   528 
    1   677 
  436   724 
  858   972 
  137   997 
  677   114 
  399   209 
  930   412 
  382    59 
  103   748 
  336   351 
  263   616 
   33   833 
  592   618 
  575   203 
  344   522 
  204   397 
  383   396 
  201   261 
  631    36 
  535   279 
  301   670 
  983   365 
  411   974 
  311   649 
  175   469 
  215   610 
  648   684 
  104   738 
  678   354 
  962   406 
   24   816 
    1   547 
  386   636 
  274   620 
  235   393 
  472   842 
  704   242 
  845   179 
  690   833 
  308   398 
   56   335 
  682   619 
  368   536 
  816   785 
  147   475 
  115   607 
  523   528 
  361   225 
  805   198 
  312   907 
  538   274 
  471   548 
  980    18 
  763    63 
  770   369 
  521   200 
   33   151 
  785   369 
  940   413 
  165   819 
  642   135 
  463   272 
   48   926 
  973   786 
  702    39 
  954   642 
  108   928 
  703   148 
  640   229 
  466   941 
   43   150 
  893   202 
  143   554 
  889   935 
  805   662 
  148   698 
