80 3160 
1 2   283 
2 3   983 
3 4   283 
4 5   429 
5 6   452 
6 7   859 
7 8   166 
8 9   505 
9 10   380 
10 11   233 
11 12   225 
12 13   264 
13 14   428 
14 15   819 
15 16   862 
16 17   737 
17 18   378 
18 19     3 
19 20   141 
20 21   297 
21 22   431 
22 23   312 
23 24   408 
24 25   269 
25 26   233 
26 27    14 
27 28   457 
28 29   449 
29 30   230 
30 31   698 
31 32   462 
32 33   449 
33 34   306 
34 35    28 
35 36   245 
36 37   816 
37 38    47 
38 39   328 
39 40   434 
40 41   904 
41 42   863 
42 43   566 
43 44    59 
44 45   157 
45 46   671 
46 47   640 
47 48   671 
48 49   369 
49 50   853 
50 51    98 
51 52   851 
52 53   558 
53 54   315 
54 55   390 
55 56   815 
56 57   536 
57 58   209 
58 59   955 
59 60   664 
60 61   241 
61 62   918 
62 63   974 
63 64   318 
64 65    90 
65 66   534 
66 67   338 
67 68   438 
68 69   801 
69 70   102 
70 71   960 
71 72   857 
72 73   867 
73 74    26 
74 75   550 
75 76    18 
76 77   827 
77 78   986 
78 79     3 
79 80   315 
1 3   176 
1 4   427 
1 5   716 
1 6   560 
1 7   970 
1 8   102 
1 9   767 
1 10   241 
1 11   288 
1 12   279 
1 13   751 
1 14   452 
1 15   568 
1 16   839 
1 17   428 
1 18   426 
1 19    76 
1 20   868 
1 21    10 
1 22   341 
1 23   211 
1 24   127 
1 25   834 
1 26   255 
1 27    61 
1 28   266 
1 29   382 
1 30   798 
1 31   497 
1 32   253 
1 33   500 
1 34   120 
1 35   909 
1 36   104 
1 37   772 
1 38   454 
1 39   943 
1 40   892 
1 41   860 
1 42    23 
1 43   200 
1 44   979 
1 45   269 
1 46   425 
1 47    80 
1 48   619 
1 49   217 
1 50   487 
1 51    66 
1 52   871 
1 53   492 
1 54   762 
1 55   649 
1 56   908 
1 57   832 
1 58   384 
1 59   209 
1 60   253 
1 61   883 
1 62   620 
1 63   756 
1 64   221 
1 65   571 
1 66   666 
1 67   390 
1 68   565 
1 69   376 
1 70   504 
1 71   966 
1 72   823 
1 73   996 
1 74    10 
1 75   601 
1 76   153 
1 77   194 
1 78   654 
1 79   388 
1 80   142 
2 4   386 
2 5   610 
2 6   644 
2 7   133 
2 8   399 
2 9   792 
2 10   782 
2 11   227 
2 12   944 
2 13   243 
2 14   648 
2 15   766 
2 16   587 
2 17   989 
2 18   119 
2 19   244 
2 20   594 
2 21   260 
2 22    69 
2 23   536 
2 24    91 
2 25   850 
2 26   728 
2 27   300 
2 28   263 
2 29   648 
2 30   473 
2 31   521 
2 32   653 
2 33   833 
2 34   122 
2 35   855 
2 36   333 
2 37    51 
2 38    85 
2 39   769 
2 40   691 
2 41   363 
2 42    17 
2 43   160 
2 44   441 
2 45   272 
2 46   176 
2 47    83 
2 48    85 
2 49   812 
2 50   569 
2 51   539 
2 52   737 
2 53    39 
2 54   248 
2 55   281 
2 56   742 
2 57   147 
2 58    32 
2 59   707 
2 60   943 
2 61   481 
2 62   333 
2 63   827 
2 64   730 
2 65   180 
2 66   810 
2 67   688 
2 68   509 
2 69   665 
2 70   754 
2 71   433 
2 72    86 
2 73   745 
2 74   431 
2 75   603 
2 76   919 
2 77   628 
2 78   186 
2 79   159 
2 80   846 
3 5   926 
3 6   608 
3 7   874 
3 8   743 
3 9   306 
3 10   314 
3 11    53 
3 12   799 
3 13   800 
3 14   863 
3 15   286 
3 16    76 
3 17   145 
3 18    67 
3 19   279 
3 20   380 
3 21   956 
3 22   160 
3 23   304 
3 24   765 
3 25   377 
3 26   835 
3 27   161 
3 28   359 
3 29   891 
3 30   908 
3 31   548 
3 32   823 
3 33   667 
3 34   125 
3 35   658 
3 36    13 
3 37   119 
3 38   536 
3 39   864 
3 40    80 
3 41   458 
3 42   786 
3 43   397 
3 44   951 
3 45   946 
3 46   453 
3 47   946 
3 48   408 
3 49   546 
3 50   943 
3 51   493 
3 52   680 
3 53    21 
3 54   746 
3 55   292 
3 56   390 
3 57    85 
3 58   515 
3 59   635 
3 60     6 
3 61   836 
3 62   463 
3 63    41 
3 64    38 
3 65   340 
3 66   518 
3 67    61 
3 68    95 
3 69   686 
3 70   247 
3 71   123 
3 72   513 
3 73   576 
3 74   401 
3 75   519 
3 76   482 
3 77   949 
3 78   889 
3 79   878 
3 80   732 
4 6   321 
4 7   867 
4 8   982 
4 9   605 
4 10   159 
4 11   723 
4 12   137 
4 13   634 
4 14   421 
4 15   416 
4 16   718 
4 17   597 
4 18   209 
4 19   616 
4 20   642 
4 21   886 
4 22   658 
4 23    45 
4 24   705 
4 25   454 
4 26   568 
4 27   904 
4 28   360 
4 29   682 
4 30   103 
4 31   803 
4 32   827 
4 33   396 
4 34   682 
4 35   465 
4 36   691 
4 37   346 
4 38   938 
4 39    46 
4 40   256 
4 41   991 
4 42   261 
4 43   214 
4 44    16 
4 45   227 
4 46   257 
4 47   562 
4 48   669 
4 49   146 
4 50   597 
4 51   359 
4 52   397 
4 53   659 
4 54   655 
4 55   583 
4 56   732 
4 57   661 
4 58   259 
4 59   879 
4 60   709 
4 61   259 
4 62   126 
4 63   917 
4 64   700 
4 65   180 
4 66   998 
4 67   215 
4 68    91 
4 69    21 
4 70   543 
4 71   441 
4 72   678 
4 73   483 
4 74   601 
4 75   137 
4 76   756 
4 77   978 
4 78   311 
4 79   583 
4 80   527 
5 7   111 
5 8   245 
5 9   898 
5 10    30 
5 11   508 
5 12   832 
5 13    10 
5 14   514 
5 15   558 
5 16   901 
5 17   971 
5 18   274 
5 19    90 
5 20   464 
5 21   148 
5 22   691 
5 23   497 
5 24   792 
5 25   380 
5 26   664 
5 27   399 
5 28   929 
5 29   399 
5 30   412 
5 31   716 
5 32   863 
5 33   802 
5 34   501 
5 35   869 
5 36   962 
5 37   104 
5 38   725 
5 39    82 
5 40   543 
5 41   981 
5 42   993 
5 43   184 
5 44   368 
5 45   527 
5 46   774 
5 47   427 
5 48   877 
5 49   815 
5 50   236 
5 51   370 
5 52   810 
5 53   545 
5 54   686 
5 55   986 
5 56   516 
5 57    38 
5 58   511 
5 59    97 
5 60   645 
5 61   404 
5 62   741 
5 63   806 
5 64   907 
5 65   875 
5 66   254 
5 67   535 
5 68   548 
5 69   227 
5 70   666 
5 71   812 
5 72   803 
5 73   946 
5 74   271 
5 75   939 
5 76   421 
5 77   319 
5 78   506 
5 79   319 
5 80   626 
6 8    33 
6 9   832 
6 10   721 
6 11   664 
6 12   145 
6 13   142 
6 14   927 
6 15   778 
6 16   116 
6 17   538 
6 18   174 
6 19   194 
6 20   727 
6 21   647 
6 22   918 
6 23   598 
6 24   547 
6 25   676 
6 26    50 
6 27   198 
6 28   909 
6 29   903 
6 30   722 
6 31   956 
6 32   844 
6 33   493 
6 34   716 
6 35   961 
6 36   371 
6 37   377 
6 38   723 
6 39   431 
6 40   869 
6 41   630 
6 42     3 
6 43   802 
6 44   132 
6 45   257 
6 46   734 
6 47   865 
6 48   625 
6 49   227 
6 50   375 
6 51   555 
6 52   147 
6 53   606 
6 54   577 
6 55   387 
6 56   830 
6 57   512 
6 58   567 
6 59    73 
6 60   462 
6 61   996 
6 62    41 
6 63   421 
6 64   439 
6 65   805 
6 66   759 
6 67     6 
6 68   170 
6 69   481 
6 70   783 
6 71   978 
6 72   117 
6 73   915 
6 74   231 
6 75   758 
6 76   239 
6 77   140 
6 78   996 
6 79   907 
6 80   579 
7 9   954 
7 10   640 
7 11   656 
7 12   934 
7 13   873 
7 14   870 
7 15     3 
7 16   409 
7 17   548 
7 18   768 
7 19   619 
7 20   508 
7 21    41 
7 22   891 
7 23   989 
7 24   940 
7 25    59 
7 26   566 
7 27   596 
7 28   879 
7 29    74 
7 30   185 
7 31   294 
7 32    13 
7 33   247 
7 34   296 
7 35   824 
7 36   217 
7 37   880 
7 38   346 
7 39    80 
7 40   475 
7 41   317 
7 42   397 
7 43   655 
7 44   234 
7 45   981 
7 46   944 
7 47   920 
7 48   830 
7 49   286 
7 50   577 
7 51   627 
7 52   483 
7 53   776 
7 54    81 
7 55     7 
7 56    75 
7 57    50 
7 58   895 
7 59   621 
7 60   459 
7 61   796 
7 62   490 
7 63   748 
7 64   133 
7 65   312 
7 66   702 
7 67   251 
7 68   406 
7 69   351 
7 70    51 
7 71   127 
7 72    98 
7 73   483 
7 74   186 
7 75   543 
7 76   424 
7 77    78 
7 78   291 
7 79   684 
7 80   887 
8 10   387 
8 11   608 
8 12   281 
8 13   497 
8 14   876 
8 15   278 
8 16   757 
8 17   197 
8 18    71 
8 19   920 
8 20   995 
8 21   969 
8 22   789 
8 23   698 
8 24   658 
8 25   201 
8 26   365 
8 27   954 
8 28    56 
8 29   951 
8 30   866 
8 31   959 
8 32   386 
8 33    11 
8 34   330 
8 35   994 
8 36   752 
8 37   151 
8 38   960 
8 39    90 
8 40   694 
8 41   395 
8 42   607 
8 43   406 
8 44   686 
8 45   185 
8 46   604 
8 47    67 
8 48   194 
8 49   802 
8 50   255 
8 51   718 
8 52    31 
8 53   230 
8 54   825 
8 55    21 
8 56   420 
8 57   258 
8 58   299 
8 59   800 
8 60   686 
8 61   205 
8 62   780 
8 63   267 
8 64   385 
8 65   435 
8 66   471 
8 67   291 
8 68   719 
8 69   886 
8 70   493 
8 71   982 
8 72    33 
8 73   113 
8 74   101 
8 75   851 
8 76   711 
8 77   204 
8 78   768 
8 79   823 
8 80   766 
9 11   300 
9 12   839 
9 13   319 
9 14   117 
9 15   927 
9 16   466 
9 17   333 
9 18   694 
9 19   804 
9 20   730 
9 21   853 
9 22   539 
9 23   596 
9 24   482 
9 25   890 
9 26   399 
9 27   558 
9 28   178 
9 29   863 
9 30   209 
9 31   944 
9 32   185 
9 33   314 
9 34   358 
9 35   929 
9 36   318 
9 37   948 
9 38   476 
9 39   578 
9 40   459 
9 41   748 
9 42   774 
9 43   340 
9 44   820 
9 45   989 
9 46   881 
9 47   685 
9 48   285 
9 49   836 
9 50   119 
9 51   259 
9 52   691 
9 53   668 
9 54   188 
9 55   536 
9 56   182 
9 57   669 
9 58   729 
9 59   164 
9 60    13 
9 61   993 
9 62   457 
9 63   780 
9 64     3 
9 65   528 
9 66   397 
9 67   185 
9 68   981 
9 69   645 
9 70   886 
9 71   371 
9 72   815 
9 73   369 
9 74   727 
9 75   139 
9 76    33 
9 77   598 
9 78   824 
9 79   559 
9 80   823 
10 12   374 
10 13   483 
10 14   859 
10 15   243 
10 16   368 
10 17    29 
10 18   505 
10 19   875 
10 20   252 
10 21   651 
10 22     0 
10 23   395 
10 24   359 
10 25   283 
10 26   885 
10 27   224 
10 28    78 
10 29   351 
10 30    16 
10 31   635 
10 32   191 
10 33   652 
10 34    87 
10 35   377 
10 36   651 
10 37   409 
10 38   216 
10 39   216 
10 40   123 
10 41   292 
10 42   360 
10 43   480 
10 44   926 
10 45   973 
10 46   872 
10 47   597 
10 48   578 
10 49    88 
10 50   485 
10 51   699 
10 52   834 
10 53   219 
10 54   129 
10 55   846 
10 56   812 
10 57   863 
10 58   654 
10 59   739 
10 60   569 
10 61   862 
10 62   540 
10 63   697 
10 64   353 
10 65   460 
10 66   259 
10 67   215 
10 68   892 
10 69    76 
10 70   640 
10 71   628 
10 72   794 
10 73   767 
10 74    84 
10 75   154 
10 76   584 
10 77   992 
10 78   389 
10 79   137 
10 80   159 
11 13    17 
11 14    29 
11 15   763 
11 16   877 
11 17    31 
11 18   795 
11 19   303 
11 20   891 
11 21   743 
11 22   483 
11 23   231 
11 24   543 
11 25   518 
11 26   909 
11 27   166 
11 28   280 
11 29   309 
11 30   455 
11 31    58 
11 32   151 
11 33   780 
11 34   862 
11 35   298 
11 36   666 
11 37    65 
11 38   825 
11 39   352 
11 40   505 
11 41    97 
11 42   416 
11 43   390 
11 44   483 
11 45   624 
11 46   567 
11 47   302 
11 48   672 
11 49    98 
11 50   504 
11 51   768 
11 52    29 
11 53    33 
11 54   613 
11 55   856 
11 56   566 
11 57   500 
11 58   407 
11 59    65 
11 60   245 
11 61   915 
11 62   512 
11 63   429 
11 64   919 
11 65   811 
11 66   894 
11 67   992 
11 68   740 
11 69   491 
11 70   629 
11 71   560 
11 72   211 
11 73   451 
11 74   904 
11 75   943 
11 76   701 
11 77   381 
11 78   990 
11 79   118 
11 80   804 
12 14   922 
12 15   587 
12 16   903 
12 17   736 
12 18   930 
12 19   349 
12 20   947 
12 21   602 
12 22   855 
12 23   735 
12 24   238 
12 25   540 
12 26   721 
12 27   800 
12 28   968 
12 29   731 
12 30   586 
12 31   666 
12 32   532 
12 33   646 
12 34    16 
12 35   761 
12 36   500 
12 37   690 
12 38   326 
12 39   183 
12 40   585 
12 41   852 
12 42   701 
12 43   178 
12 44   505 
12 45   464 
12 46   429 
12 47   960 
12 48    52 
12 49   350 
12 50   114 
12 51    66 
12 52    36 
12 53   171 
12 54   494 
12 55   203 
12 56   699 
12 57   375 
12 58   924 
12 59     3 
12 60   807 
12 61    38 
12 62    81 
12 63   969 
12 64   776 
12 65   999 
12 66   918 
12 67   611 
12 68   874 
12 69    81 
12 70   169 
12 71   326 
12 72   838 
12 73   646 
12 74   281 
12 75   880 
12 76   450 
12 77    44 
12 78    86 
12 79   974 
12 80   745 
13 15   835 
13 16    96 
13 17   597 
13 18   428 
13 19   964 
13 20   714 
13 21   498 
13 22   932 
13 23   115 
13 24   984 
13 25     2 
13 26   397 
13 27   836 
13 28   814 
13 29   184 
13 30   175 
13 31   355 
13 32    35 
13 33   421 
13 34   994 
13 35   413 
13 36   763 
13 37   499 
13 38   666 
13 39   725 
13 40   582 
13 41   879 
13 42   450 
13 43   958 
13 44   308 
13 45     7 
13 46   789 
13 47   303 
13 48   547 
13 49   306 
13 50   449 
13 51   726 
13 52   433 
13 53   598 
13 54   731 
13 55   981 
13 56   402 
13 57   890 
13 58   447 
13 59   500 
13 60   996 
13 61    50 
13 62    45 
13 63   715 
13 64   395 
13 65   519 
13 66   338 
13 67   821 
13 68   206 
13 69   883 
13 70   929 
13 71   832 
13 72   898 
13 73   691 
13 74   949 
13 75   657 
13 76   719 
13 77   303 
13 78   558 
13 79   655 
13 80   193 
14 16   988 
14 17   941 
14 18   538 
14 19   480 
14 20   907 
14 21   876 
14 22   853 
14 23   917 
14 24   845 
14 25   207 
14 26    52 
14 27   948 
14 28   384 
14 29   157 
14 30   829 
14 31   105 
14 32   412 
14 33   871 
14 34   349 
14 35   391 
14 36   436 
14 37   327 
14 38   601 
14 39   969 
14 40   961 
14 41   554 
14 42   564 
14 43   109 
14 44    58 
14 45   721 
14 46   863 
14 47   342 
14 48   869 
14 49   388 
14 50   790 
14 51   876 
14 52   104 
14 53   150 
14 54    54 
14 55   627 
14 56     2 
14 57   784 
14 58   770 
14 59   209 
14 60    48 
14 61     9 
14 62   712 
14 63   969 
14 64   562 
14 65   532 
14 66   446 
14 67   658 
14 68   396 
14 69   144 
14 70   875 
14 71   458 
14 72   252 
14 73   296 
14 74   637 
14 75   906 
14 76   626 
14 77   403 
14 78   517 
14 79   513 
14 80    23 
15 17   361 
15 18   716 
15 19   675 
15 20   551 
15 21    24 
15 22    21 
15 23   549 
15 24   267 
15 25   538 
15 26   297 
15 27   874 
15 28   214 
15 29   924 
15 30   352 
15 31   247 
15 32   437 
15 33    37 
15 34   589 
15 35   294 
15 36   803 
15 37   486 
15 38    62 
15 39   380 
15 40   747 
15 41    87 
15 42    44 
15 43   758 
15 44   752 
15 45   652 
15 46   206 
15 47   948 
15 48    85 
15 49   316 
15 50    89 
15 51   488 
15 52   691 
15 53   847 
15 54   794 
15 55   992 
15 56   380 
15 57   590 
15 58   875 
15 59   740 
15 60   669 
15 61   914 
15 62   666 
15 63   891 
15 64   754 
15 65   356 
15 66   178 
15 67   963 
15 68   516 
15 69   445 
15 70   274 
15 71   241 
15 72   660 
15 73   250 
15 74   977 
15 75   762 
15 76   469 
15 77   712 
15 78   460 
15 79   332 
15 80   220 
16 18   555 
16 19   322 
16 20   565 
16 21   585 
16 22   617 
16 23   774 
16 24   232 
16 25   217 
16 26   796 
16 27   128 
16 28   776 
16 29    33 
16 30   959 
16 31   916 
16 32   547 
16 33    23 
16 34   985 
16 35   248 
16 36   376 
16 37   996 
16 38     7 
16 39   897 
16 40   103 
16 41   882 
16 42   146 
16 43    96 
16 44   852 
16 45   192 
16 46   893 
16 47   561 
16 48   338 
16 49   801 
16 50    77 
16 51   210 
16 52   109 
16 53   290 
16 54   469 
16 55   331 
16 56    13 
16 57   262 
16 58   327 
16 59   888 
16 60   177 
16 61    44 
16 62   813 
16 63   117 
16 64   553 
16 65   198 
16 66   300 
16 67   653 
16 68    46 
16 69   620 
16 70   147 
16 71   319 
16 72   701 
16 73   461 
16 74   176 
16 75   470 
16 76   799 
16 77   350 
16 78   178 
16 79   665 
16 80    47 
17 19    46 
17 20   617 
17 21   730 
17 22   406 
17 23    33 
17 24   517 
17 25   842 
17 26    46 
17 27    22 
17 28   938 
17 29   201 
17 30   159 
17 31   210 
17 32     3 
17 33   376 
17 34   241 
17 35    57 
17 36   916 
17 37   852 
17 38    32 
17 39   107 
17 40    76 
17 41   595 
17 42   369 
17 43   527 
17 44   313 
17 45   656 
17 46    54 
17 47    55 
17 48   335 
17 49   360 
17 50   826 
17 51    65 
17 52   129 
17 53   417 
17 54   229 
17 55   269 
17 56   166 
17 57   630 
17 58   369 
17 59   301 
17 60   581 
17 61   128 
17 62   258 
17 63   723 
17 64   375 
17 65   936 
17 66   805 
17 67   699 
17 68   746 
17 69   108 
17 70   853 
17 71   966 
17 72   488 
17 73   312 
17 74   172 
17 75   668 
17 76   816 
17 77   453 
17 78   721 
17 79   780 
17 80     5 
18 20   372 
18 21   334 
18 22   843 
18 23   712 
18 24   861 
18 25   389 
18 26   602 
18 27   206 
18 28   135 
18 29   996 
18 30   931 
18 31   395 
18 32   303 
18 33   621 
18 34   127 
18 35   176 
18 36   771 
18 37   428 
18 38   728 
18 39   875 
18 40   351 
18 41    44 
18 42   741 
18 43   149 
18 44   335 
18 45   863 
18 46   178 
18 47   576 
18 48    89 
18 49   986 
18 50    25 
18 51   547 
18 52   422 
18 53   459 
18 54   621 
18 55   881 
18 56   408 
18 57   532 
18 58   860 
18 59   872 
18 60   587 
18 61   986 
18 62   248 
18 63   945 
18 64   487 
18 65    12 
18 66   879 
18 67   513 
18 68   868 
18 69   666 
18 70   656 
18 71   710 
18 72   436 
18 73   867 
18 74   576 
18 75    83 
18 76   560 
18 77   739 
18 78   599 
18 79   917 
18 80   703 
19 21   625 
19 22   882 
19 23   863 
19 24    79 
19 25   576 
19 26   492 
19 27   534 
19 28   123 
19 29   981 
19 30    78 
19 31   854 
19 32   130 
19 33   668 
19 34   263 
19 35   301 
19 36   619 
19 37   624 
19 38   805 
19 39   878 
19 40   986 
19 41   137 
19 42   289 
19 43   191 
19 44   336 
19 45   346 
19 46   152 
19 47   911 
19 48   163 
19 49   938 
19 50   106 
19 51   739 
19 52   665 
19 53    35 
19 54   517 
19 55   358 
19 56   971 
19 57   405 
19 58   203 
19 59   755 
19 60   642 
19 61    30 
19 62   340 
19 63   894 
19 64   879 
19 65   759 
19 66   105 
19 67   991 
19 68   514 
19 69   943 
19 70   101 
19 71   735 
19 72   788 
19 73    29 
19 74     2 
19 75   836 
19 76   611 
19 77   320 
19 78   256 
19 79   866 
19 80   313 
20 22   877 
20 23   542 
20 24   101 
20 25   999 
20 26   564 
20 27   950 
20 28   550 
20 29   226 
20 30    61 
20 31    23 
20 32   719 
20 33   595 
20 34   480 
20 35   668 
20 36   453 
20 37   755 
20 38   167 
20 39   202 
20 40   351 
20 41   653 
20 42   810 
20 43   638 
20 44   873 
20 45   560 
20 46   505 
20 47   731 
20 48   712 
20 49   630 
20 50   889 
20 51   181 
20 52   859 
20 53   756 
20 54   363 
20 55   902 
20 56   259 
20 57   309 
20 58   373 
20 59   652 
20 60   143 
20 61   302 
20 62   307 
20 63    77 
20 64    91 
20 65   263 
20 66   613 
20 67   552 
20 68    89 
20 69   380 
20 70   836 
20 71   773 
20 72   109 
20 73   822 
20 74   198 
20 75    13 
20 76   274 
20 77   604 
20 78   584 
20 79   215 
20 80   429 
21 23   929 
21 24   140 
21 25   879 
21 26   748 
21 27   635 
21 28   481 
21 29   459 
21 30   721 
21 31   697 
21 32   346 
21 33   157 
21 34   225 
21 35   534 
21 36   519 
21 37   433 
21 38   793 
21 39   975 
21 40   314 
21 41   421 
21 42   649 
21 43   753 
21 44   471 
21 45   939 
21 46   933 
21 47   695 
21 48   352 
21 49   368 
21 50   544 
21 51   648 
21 52   506 
21 53   713 
21 54   571 
21 55   224 
21 56   711 
21 57   759 
21 58   925 
21 59   927 
21 60   294 
21 61   909 
21 62   877 
21 63    30 
21 64   213 
21 65   222 
21 66    16 
21 67   329 
21 68    99 
21 69   239 
21 70   767 
21 71   618 
21 72   395 
21 73   850 
21 74   150 
21 75   418 
21 76   315 
21 77   104 
21 78   365 
21 79   393 
21 80   688 
22 24   381 
22 25   393 
22 26   928 
22 27   568 
22 28   941 
22 29    61 
22 30   278 
22 31    54 
22 32   820 
22 33   548 
22 34   366 
22 35   656 
22 36   600 
22 37   463 
22 38   288 
22 39   525 
22 40   322 
22 41   760 
22 42   650 
22 43   371 
22 44    54 
22 45   333 
22 46   982 
22 47   337 
22 48   903 
22 49    75 
22 50   604 
22 51   947 
22 52    15 
22 53   135 
22 54   625 
22 55   329 
22 56   611 
22 57   573 
22 58   704 
22 59   686 
22 60     7 
22 61   294 
22 62   172 
22 63   245 
22 64   106 
22 65   608 
22 66   466 
22 67   931 
22 68   177 
22 69   845 
22 70    70 
22 71   827 
22 72   856 
22 73   588 
22 74   514 
22 75   570 
22 76   434 
22 77   962 
22 78   989 
22 79   140 
22 80   681 
23 25   772 
23 26   289 
23 27   130 
23 28   181 
23 29   668 
23 30   677 
23 31   381 
23 32   831 
23 33   827 
23 34   623 
23 35    88 
23 36   613 
23 37   206 
23 38   282 
23 39   961 
23 40    33 
23 41   810 
23 42   641 
23 43   431 
23 44   990 
23 45   983 
23 46   154 
23 47   635 
23 48   421 
23 49   262 
23 50   879 
23 51   802 
23 52   844 
23 53   150 
23 54   345 
23 55   640 
23 56   562 
23 57   846 
23 58   761 
23 59   881 
23 60    48 
23 61   126 
23 62   147 
23 63    32 
23 64   990 
23 65   970 
23 66   144 
23 67   259 
23 68   237 
23 69   697 
23 70   885 
23 71    76 
23 72   765 
23 73   181 
23 74   544 
23 75   301 
23 76   970 
23 77    41 
23 78   815 
23 79   365 
23 80   128 
24 26   523 
24 27   200 
24 28   476 
24 29   808 
24 30   848 
24 31   805 
24 32   999 
24 33   937 
24 34   112 
24 35   684 
24 36   217 
24 37   540 
24 38    81 
24 39   877 
24 40   807 
24 41   327 
24 42   523 
24 43   269 
24 44   497 
24 45   350 
24 46   781 
24 47   655 
24 48   476 
24 49   628 
24 50   135 
24 51   834 
24 52   733 
24 53   361 
24 54   842 
24 55   365 
24 56   354 
24 57   298 
24 58   884 
24 59   734 
24 60    78 
24 61   716 
24 62   233 
24 63   942 
24 64   302 
24 65   173 
24 66   704 
24 67   432 
24 68   460 
24 69   374 
24 70   527 
24 71   986 
24 72    67 
24 73   983 
24 74   418 
24 75    96 
24 76   190 
24 77   820 
24 78   595 
24 79   722 
24 80    37 
25 27   450 
25 28   613 
25 29   390 
25 30   492 
25 31   280 
25 32   918 
25 33   894 
25 34    84 
25 35   432 
25 36   812 
25 37    35 
25 38   894 
25 39   679 
25 40   426 
25 41   580 
25 42   230 
25 43   190 
25 44   388 
25 45    72 
25 46   201 
25 47   921 
25 48   407 
25 49   337 
25 50   746 
25 51    75 
25 52   569 
25 53   616 
25 54   862 
25 55   765 
25 56   594 
25 57    41 
25 58   505 
25 59    28 
25 60   458 
25 61   119 
25 62   609 
25 63   187 
25 64   692 
25 65   421 
25 66   415 
25 67   984 
25 68   989 
25 69   793 
25 70   448 
25 71   242 
25 72   791 
25 73   672 
25 74   701 
25 75   206 
25 76   502 
25 77   232 
25 78   743 
25 79   573 
25 80   771 
26 28   684 
26 29   984 
26 30   505 
26 31   534 
26 32   846 
26 33   981 
26 34   316 
26 35   210 
26 36   956 
26 37   988 
26 38    83 
26 39    12 
26 40   845 
26 41   605 
26 42   643 
26 43   281 
26 44   467 
26 45   408 
26 46   893 
26 47   810 
26 48   335 
26 49   488 
26 50   271 
26 51   598 
26 52   903 
26 53   770 
26 54   334 
26 55   174 
26 56    47 
26 57   979 
26 58   866 
26 59   958 
26 60   453 
26 61    15 
26 62   344 
26 63   457 
26 64   741 
26 65   822 
26 66   125 
26 67   744 
26 68   402 
26 69   485 
26 70   479 
26 71   684 
26 72   209 
26 73   388 
26 74   450 
26 75   311 
26 76   666 
26 77   559 
26 78   921 
26 79   753 
26 80    83 
27 29   497 
27 30   391 
27 31   613 
27 32   963 
27 33   680 
27 34    44 
27 35   520 
27 36   519 
27 37   788 
27 38   835 
27 39   375 
27 40   457 
27 41   196 
27 42   654 
27 43   434 
27 44   250 
27 45   365 
27 46    45 
27 47   917 
27 48   188 
27 49   410 
27 50   507 
27 51   943 
27 52   800 
27 53   150 
27 54   451 
27 55   698 
27 56   177 
27 57   918 
27 58   192 
27 59   514 
27 60   450 
27 61   331 
27 62   721 
27 63   979 
27 64   873 
27 65   791 
27 66   243 
27 67   472 
27 68    13 
27 69   599 
27 70   663 
27 71   820 
27 72   859 
27 73   513 
27 74   296 
27 75   269 
27 76   365 
27 77   794 
27 78    21 
27 79   760 
27 80   943 
28 30   886 
28 31   166 
28 32   157 
28 33   470 
28 34   142 
28 35    61 
28 36   824 
28 37   715 
28 38   270 
28 39   662 
28 40   497 
28 41   353 
28 42    18 
28 43    11 
28 44   810 
28 45   827 
28 46   287 
28 47   553 
28 48   192 
28 49   834 
28 50    59 
28 51   688 
28 52   304 
28 53   700 
28 54   908 
28 55   374 
28 56   732 
28 57   507 
28 58   877 
28 59   950 
28 60   301 
28 61   481 
28 62   566 
28 63    13 
28 64   203 
28 65   181 
28 66   894 
28 67   235 
28 68   687 
28 69   351 
28 70   773 
28 71   327 
28 72   333 
28 73   937 
28 74   910 
28 75   721 
28 76   482 
28 77   962 
28 78   758 
28 79   672 
28 80   334 
29 31   427 
29 32   562 
29 33   499 
29 34   810 
29 35    73 
29 36   448 
29 37   828 
29 38   454 
29 39   535 
29 40   357 
29 41   467 
29 42   526 
29 43   850 
29 44   843 
29 45   885 
29 46   664 
29 47   419 
29 48   165 
29 49   383 
29 50   656 
29 51   533 
29 52   972 
29 53   248 
29 54   929 
29 55   101 
29 56   278 
29 57   918 
29 58   448 
29 59   967 
29 60   280 
29 61   886 
29 62   394 
29 63   979 
29 64   574 
29 65   162 
29 66   191 
29 67   474 
29 68   819 
29 69   645 
29 70   122 
29 71   685 
29 72   244 
29 73   733 
29 74   433 
29 75   545 
29 76   914 
29 77   732 
29 78   193 
29 79   439 
29 80   519 
30 32   218 
30 33   621 
30 34   475 
30 35   983 
30 36   163 
30 37   839 
30 38   320 
30 39   643 
30 40     7 
30 41   570 
30 42   711 
30 43   691 
30 44   669 
30 45    82 
30 46   225 
30 47   758 
30 48   395 
30 49    50 
30 50    79 
30 51   520 
30 52   156 
30 53   533 
30 54   381 
30 55   661 
30 56   253 
30 57    41 
30 58   151 
30 59   967 
30 60   190 
30 61   861 
30 62   989 
30 63   228 
30 64   555 
30 65   555 
30 66   835 
30 67   654 
30 68   875 
30 69   161 
30 70   285 
30 71   435 
30 72   295 
30 73    13 
30 74   912 
30 75   384 
30 76   328 
30 77   929 
30 78   397 
30 79   916 
30 80   152 
31 33    27 
31 34   832 
31 35   318 
31 36   116 
31 37   359 
31 38   961 
31 39   882 
31 40   831 
31 41   801 
31 42   786 
31 43   972 
31 44   639 
31 45   275 
31 46   263 
31 47   950 
31 48   838 
31 49    65 
31 50   500 
31 51   929 
31 52   706 
31 53   190 
31 54   644 
31 55   536 
31 56   360 
31 57   417 
31 58   999 
31 59   980 
31 60   143 
31 61   583 
31 62   634 
31 63   707 
31 64   523 
31 65   455 
31 66   424 
31 67   288 
31 68   913 
31 69   951 
31 70   767 
31 71   775 
31 72   173 
31 73   570 
31 74   143 
31 75   816 
31 76   689 
31 77   433 
31 78   921 
31 79   735 
31 80   839 
32 34   250 
32 35   348 
32 36   266 
32 37   465 
32 38   744 
32 39   147 
32 40   813 
32 41   104 
32 42   127 
32 43   439 
32 44   791 
32 45    17 
32 46   204 
32 47   280 
32 48   401 
32 49   414 
32 50   664 
32 51   531 
32 52   716 
32 53   926 
32 54   642 
32 55    35 
32 56   841 
32 57   664 
32 58   731 
32 59   519 
32 60   276 
32 61   766 
32 62   222 
32 63   443 
32 64   888 
32 65   563 
32 66   313 
32 67   112 
32 68   989 
32 69   828 
32 70   212 
32 71   471 
32 72   848 
32 73   999 
32 74   532 
32 75   638 
32 76   809 
32 77   759 
32 78   626 
32 79   770 
32 80   837 
33 35   609 
33 36   204 
33 37   521 
33 38   836 
33 39   379 
33 40   657 
33 41     0 
33 42   469 
33 43   599 
33 44   517 
33 45   682 
33 46   810 
33 47   196 
33 48   965 
33 49   126 
33 50   590 
33 51   770 
33 52   537 
33 53   638 
33 54   653 
33 55   530 
33 56   332 
33 57   512 
33 58    43 
33 59    71 
33 60   939 
33 61   557 
33 62   448 
33 63   411 
33 64   989 
33 65   534 
33 66   812 
33 67   455 
33 68   102 
33 69   341 
33 70   456 
33 71   675 
33 72   259 
33 73   405 
33 74   460 
33 75   801 
33 76   513 
33 77   865 
33 78   602 
33 79   587 
33 80   423 
34 36   603 
34 37   682 
34 38   879 
34 39   600 
34 40   518 
34 41   575 
34 42   129 
34 43   236 
34 44   947 
34 45   112 
34 46   660 
34 47   837 
34 48   312 
34 49   998 
34 50   362 
34 51   944 
34 52   810 
34 53   162 
34 54    95 
34 55   267 
34 56   898 
34 57   524 
34 58   811 
34 59   160 
34 60   329 
34 61   208 
34 62   456 
34 63   115 
34 64   248 
34 65   369 
34 66   488 
34 67   677 
34 68   939 
34 69   691 
34 70   981 
34 71   462 
34 72   204 
34 73   944 
34 74   207 
34 75   572 
34 76   972 
34 77   666 
34 78   601 
34 79   644 
34 80   581 
35 37   599 
35 38   867 
35 39   664 
35 40   663 
35 41   407 
35 42   542 
35 43   121 
35 44    11 
35 45   262 
35 46   747 
35 47   373 
35 48   525 
35 49   721 
35 50   442 
35 51   863 
35 52   443 
35 53   867 
35 54   710 
35 55   369 
35 56   775 
35 57   232 
35 58   408 
35 59   219 
35 60   175 
35 61   532 
35 62    52 
35 63   512 
35 64   585 
35 65   661 
35 66   717 
35 67   441 
35 68   843 
35 69   899 
35 70   109 
35 71   372 
35 72   487 
35 73   355 
35 74   495 
35 75   480 
35 76   201 
35 77   298 
35 78   860 
35 79   204 
35 80   867 
36 38   379 
36 39   327 
36 40   658 
36 41   270 
36 42    33 
36 43   283 
36 44    72 
36 45   947 
36 46   858 
36 47    77 
36 48   676 
36 49   402 
36 50   316 
36 51   887 
36 52   112 
36 53   103 
36 54   786 
36 55   882 
36 56   942 
36 57   924 
36 58    94 
36 59   837 
36 60   126 
36 61   993 
36 62   751 
36 63   711 
36 64   759 
36 65   604 
36 66   469 
36 67   167 
36 68    61 
36 69   179 
36 70   155 
36 71   497 
36 72   269 
36 73   111 
36 74   699 
36 75    51 
36 76   405 
36 77   670 
36 78   172 
36 79   515 
36 80   831 
37 39   104 
37 40   295 
37 41   209 
37 42    49 
37 43   470 
37 44   694 
37 45   394 
37 46   736 
37 47   645 
37 48   880 
37 49   843 
37 50   667 
37 51   622 
37 52   570 
37 53   401 
37 54   779 
37 55   536 
37 56   192 
37 57     4 
37 58   702 
37 59   847 
37 60   436 
37 61   933 
37 62   692 
37 63   970 
37 64    23 
37 65   841 
37 66   620 
37 67   650 
37 68   648 
37 69   850 
37 70   343 
37 71   637 
37 72   835 
37 73   920 
37 74     5 
37 75    86 
37 76   491 
37 77   251 
37 78   987 
37 79   983 
37 80   953 
38 40   847 
38 41   582 
38 42   791 
38 43   264 
38 44   871 
38 45   825 
38 46   935 
38 47   781 
38 48   889 
38 49   370 
38 50   608 
38 51    30 
38 52    82 
38 53    36 
38 54   423 
38 55   641 
38 56   157 
38 57     8 
38 58   394 
38 59   889 
38 60   460 
38 61   805 
38 62   722 
38 63   880 
38 64   421 
38 65   997 
38 66    20 
38 67   952 
38 68   384 
38 69   930 
38 70   580 
38 71   978 
38 72   401 
38 73   953 
38 74   818 
38 75   209 
38 76   607 
38 77   889 
38 78   625 
38 79   314 
38 80   292 
39 41   814 
39 42   366 
39 43   713 
39 44   395 
39 45   845 
39 46   884 
39 47   524 
39 48   779 
39 49   770 
39 50   979 
39 51   411 
39 52   245 
39 53   307 
39 54   730 
39 55   600 
39 56   880 
39 57   704 
39 58   186 
39 59   322 
39 60   772 
39 61   596 
39 62     5 
39 63   650 
39 64   557 
39 65   833 
39 66   520 
39 67   896 
39 68   993 
39 69   917 
39 70    99 
39 71   259 
39 72   980 
39 73   937 
39 74   797 
39 75   794 
39 76   205 
39 77   704 
39 78   979 
39 79   796 
39 80   648 
40 42     4 
40 43   102 
40 44   272 
40 45   623 
40 46   213 
40 47   386 
40 48   343 
40 49   884 
40 50   615 
40 51   394 
40 52   352 
40 53   512 
40 54    11 
40 55   735 
40 56   960 
40 57    68 
40 58    17 
40 59   324 
40 60   444 
40 61   630 
40 62   121 
40 63   494 
40 64   759 
40 65   777 
40 66   197 
40 67   821 
40 68   329 
40 69   332 
40 70   266 
40 71   791 
40 72   923 
40 73   177 
40 74   141 
40 75   663 
40 76   143 
40 77   125 
40 78   704 
40 79    72 
40 80    19 
41 43   355 
41 44   650 
41 45   987 
41 46   904 
41 47   829 
41 48   795 
41 49   537 
41 50   539 
41 51   460 
41 52   836 
41 53     2 
41 54   533 
41 55   439 
41 56   900 
41 57   678 
41 58   218 
41 59   467 
41 60   103 
41 61   570 
41 62   523 
41 63    71 
41 64   714 
41 65   774 
41 66   610 
41 67   962 
41 68   418 
41 69   282 
41 70   430 
41 71   365 
41 72   428 
41 73   330 
41 74   265 
41 75   519 
41 76   383 
41 77   390 
41 78   464 
41 79    20 
41 80   294 
42 44   796 
42 45   153 
42 46   882 
42 47   969 
42 48   709 
42 49   964 
42 50   930 
42 51   797 
42 52   431 
42 53   646 
42 54   116 
42 55   964 
42 56   225 
42 57   155 
42 58   494 
42 59   574 
42 60   216 
42 61   577 
42 62   844 
42 63   497 
42 64   334 
42 65   125 
42 66   107 
42 67   698 
42 68   479 
42 69   637 
42 70   450 
42 71   200 
42 72   698 
42 73   641 
42 74    98 
42 75    27 
42 76   192 
42 77   660 
42 78   796 
42 79   292 
42 80   334 
43 45   724 
43 46   347 
43 47   600 
43 48   704 
43 49   655 
43 50   595 
43 51   909 
43 52   996 
43 53   419 
43 54   909 
43 55    86 
43 56   492 
43 57   393 
43 58   454 
43 59   998 
43 60   147 
43 61   375 
43 62   490 
43 63   856 
43 64   846 
43 65   941 
43 66   306 
43 67   955 
43 68   478 
43 69   170 
43 70   821 
43 71    52 
43 72   182 
43 73   158 
43 74   315 
43 75   648 
43 76   507 
43 77   366 
43 78   643 
43 79    39 
43 80   116 
44 46    82 
44 47   993 
44 48   897 
44 49   381 
44 50   548 
44 51   252 
44 52   214 
44 53   217 
44 54   953 
44 55   187 
44 56   553 
44 57   580 
44 58    45 
44 59   885 
44 60   760 
44 61     7 
44 62   270 
44 63   400 
44 64   865 
44 65   762 
44 66   984 
44 67   823 
44 68   699 
44 69   580 
44 70   844 
44 71   561 
44 72    20 
44 73   899 
44 74   503 
44 75   896 
44 76   945 
44 77   934 
44 78    38 
44 79   435 
44 80   312 
45 47   187 
45 48    16 
45 49   540 
45 50   812 
45 51   705 
45 52   847 
45 53   213 
45 54   489 
45 55   781 
45 56   835 
45 57    29 
45 58   207 
45 59   988 
45 60   239 
45 61   633 
45 62   667 
45 63   148 
45 64   135 
45 65   761 
45 66   484 
45 67   922 
45 68   530 
45 69   380 
45 70   732 
45 71   844 
45 72   711 
45 73    40 
45 74   902 
45 75   569 
45 76   885 
45 77   964 
45 78   582 
45 79   820 
45 80   211 
46 48   271 
46 49   204 
46 50   178 
46 51   322 
46 52   613 
46 53   767 
46 54     2 
46 55   396 
46 56   291 
46 57   867 
46 58   966 
46 59   953 
46 60   402 
46 61   715 
46 62   983 
46 63   469 
46 64   976 
46 65    72 
46 66   135 
46 67   356 
46 68   760 
46 69   782 
46 70   159 
46 71   581 
46 72   564 
46 73   300 
46 74   315 
46 75   766 
46 76   305 
46 77   254 
46 78   261 
46 79   677 
46 80   632 
47 49   986 
47 50   674 
47 51   193 
47 52   894 
47 53   632 
47 54   307 
47 55   308 
47 56   731 
47 57   216 
47 58   216 
47 59   290 
47 60   904 
47 61   734 
47 62   930 
47 63   392 
47 64   785 
47 65   853 
47 66   148 
47 67   428 
47 68   281 
47 69   938 
47 70   762 
47 71   409 
47 72   878 
47 73   182 
47 74   701 
47 75   405 
47 76    35 
47 77   436 
47 78   392 
47 79   150 
47 80   967 
48 50   991 
48 51   168 
48 52   655 
48 53    93 
48 54   321 
48 55   320 
48 56   824 
48 57    32 
48 58   475 
48 59   378 
48 60    71 
48 61   917 
48 62   476 
48 63   216 
48 64   256 
48 65   830 
48 66   760 
48 67   670 
48 68   760 
48 69   827 
48 70    46 
48 71    64 
48 72   792 
48 73   762 
48 74   832 
48 75   503 
48 76   815 
48 77   683 
48 78   576 
48 79   284 
48 80   726 
49 51   646 
49 52    28 
49 53   758 
49 54    24 
49 55    77 
49 56   946 
49 57   873 
49 58   996 
49 59   556 
49 60   109 
49 61   756 
49 62   555 
49 63   388 
49 64   853 
49 65   497 
49 66   200 
49 67   729 
49 68   890 
49 69   662 
49 70   598 
49 71   563 
49 72   723 
49 73   445 
49 74   472 
49 75   402 
49 76   558 
49 77   819 
49 78   562 
49 79   715 
49 80   365 
50 52   513 
50 53   566 
50 54   762 
50 55   775 
50 56    77 
50 57   869 
50 58   180 
50 59   715 
50 60   434 
50 61   387 
50 62   872 
50 63   845 
50 64   164 
50 65   112 
50 66   864 
50 67   184 
50 68   574 
50 69   989 
50 70   366 
50 71    32 
50 72   854 
50 73   261 
50 74    51 
50 75   105 
50 76   685 
50 77   529 
50 78   733 
50 79   597 
50 80    20 
51 53   206 
51 54    20 
51 55   107 
51 56   708 
51 57   576 
51 58   856 
51 59   871 
51 60   310 
51 61   451 
51 62   578 
51 63   706 
51 64   126 
51 65   993 
51 66    32 
51 67   122 
51 68   404 
51 69   154 
51 70   807 
51 71   938 
51 72   568 
51 73   172 
51 74   410 
51 75    35 
51 76   358 
51 77   452 
51 78   975 
51 79   839 
51 80   537 
52 54   306 
52 55   650 
52 56   503 
52 57   689 
52 58   687 
52 59   761 
52 60   765 
52 61   607 
52 62   721 
52 63   703 
52 64   203 
52 65   598 
52 66    78 
52 67   194 
52 68   122 
52 69   557 
52 70   193 
52 71   910 
52 72   654 
52 73   543 
52 74   777 
52 75    88 
52 76   341 
52 77   452 
52 78   618 
52 79   467 
52 80   363 
53 55    39 
53 56   597 
53 57   264 
53 58   211 
53 59   375 
53 60   985 
53 61   774 
53 62   561 
53 63   172 
53 64   816 
53 65   383 
53 66   736 
53 67   161 
53 68   127 
53 69   300 
53 70    76 
53 71   399 
53 72   823 
53 73   293 
53 74    30 
53 75   281 
53 76   556 
53 77   470 
53 78   728 
53 79    25 
53 80   276 
54 56   383 
54 57   535 
54 58   429 
54 59   535 
54 60    82 
54 61   129 
54 62   592 
54 63   283 
54 64   260 
54 65   878 
54 66   928 
54 67   124 
54 68   339 
54 69   659 
54 70   513 
54 71   873 
54 72   259 
54 73   611 
54 74   316 
54 75   522 
54 76   974 
54 77    35 
54 78   469 
54 79   392 
54 80   545 
55 57   660 
55 58   627 
55 59   815 
55 60   924 
55 61   467 
55 62   556 
55 63   472 
55 64   372 
55 65   391 
55 66   655 
55 67    91 
55 68   114 
55 69   189 
55 70   438 
55 71   357 
55 72   107 
55 73   727 
55 74   559 
55 75   393 
55 76   491 
55 77   588 
55 78   677 
55 79    12 
55 80   456 
56 58    92 
56 59   718 
56 60   788 
56 61   615 
56 62    27 
56 63   320 
56 64   813 
56 65   400 
56 66   652 
56 67   128 
56 68   539 
56 69   448 
56 70   875 
56 71   669 
56 72    86 
56 73   144 
56 74   527 
56 75   590 
56 76   256 
56 77   170 
56 78   105 
56 79   728 
56 80   241 
57 59   225 
57 60   213 
57 61   437 
57 62    69 
57 63   608 
57 64   925 
57 65   146 
57 66   709 
57 67   999 
57 68   949 
57 69   647 
57 70   865 
57 71   130 
57 72    90 
57 73   151 
57 74   201 
57 75   757 
57 76   107 
57 77   513 
57 78   216 
57 79   180 
57 80   293 
58 60    88 
58 61   679 
58 62    61 
58 63   807 
58 64   603 
58 65    82 
58 66   475 
58 67   565 
58 68   436 
58 69   491 
58 70   402 
58 71   459 
58 72   820 
58 73   212 
58 74   744 
58 75    95 
58 76   684 
58 77   574 
58 78   916 
58 79   168 
58 80   968 
59 61   965 
59 62   494 
59 63   433 
59 64   453 
59 65   859 
59 66   912 
59 67   295 
59 68   396 
59 69   275 
59 70    93 
59 71   502 
59 72   435 
59 73   666 
59 74   971 
59 75   548 
59 76   825 
59 77   798 
59 78   829 
59 79   423 
59 80   566 
60 62   957 
60 63    59 
60 64    72 
60 65   386 
60 66   613 
60 67   454 
60 68   706 
60 69   736 
60 70   988 
60 71   965 
60 72    27 
60 73   833 
60 74   588 
60 75   574 
60 76    86 
60 77   182 
60 78   737 
60 79   942 
60 80   484 
61 63    83 
61 64   462 
61 65   695 
61 66   911 
61 67   775 
61 68   842 
61 69   861 
61 70   378 
61 71   615 
61 72   359 
61 73   793 
61 74   701 
61 75   286 
61 76   558 
61 77   984 
61 78   966 
61 79   632 
61 80   730 
62 64   811 
62 65   968 
62 66   941 
62 67   417 
62 68   411 
62 69   400 
62 70   724 
62 71   865 
62 72   395 
62 73   863 
62 74   173 
62 75   370 
62 76   922 
62 77   220 
62 78   742 
62 79   168 
62 80   662 
63 65   351 
63 66   387 
63 67   364 
63 68   350 
63 69    76 
63 70   655 
63 71    70 
63 72   827 
63 73   306 
63 74   915 
63 75   298 
63 76   333 
63 77   861 
63 78   546 
63 79   640 
63 80   303 
64 66   394 
64 67   329 
64 68   254 
64 69   490 
64 70   161 
64 71    26 
64 72   783 
64 73   489 
64 74   263 
64 75   865 
64 76   401 
64 77   932 
64 78   194 
64 79   234 
64 80   878 
65 67   889 
65 68   344 
65 69   511 
65 70   872 
65 71   498 
65 72   698 
65 73   264 
65 74   784 
65 75   545 
65 76   497 
65 77   280 
65 78   718 
65 79   993 
65 80   960 
66 68    57 
66 69   276 
66 70    66 
66 71   343 
66 72   304 
66 73   831 
66 74   950 
66 75   644 
66 76   394 
66 77    94 
66 78   596 
66 79    60 
66 80   883 
67 69   712 
67 70   223 
67 71    67 
67 72   332 
67 73   507 
67 74   196 
67 75    53 
67 76   692 
67 77   557 
67 78   385 
67 79   744 
67 80   727 
68 70   163 
68 71   595 
68 72   203 
68 73   373 
68 74   761 
68 75   325 
68 76    25 
68 77   689 
68 78     4 
68 79   367 
68 80   779 
69 71   673 
69 72   660 
69 73   560 
69 74   311 
69 75   938 
69 76   911 
69 77    40 
69 78   273 
69 79   746 
69 80   132 
70 72   179 
70 73   128 
70 74    28 
70 75   812 
70 76   936 
70 77   215 
70 78   475 
70 79   329 
70 80   547 
71 73   649 
71 74   878 
71 75   222 
71 76   765 
71 77   784 
71 78   340 
71 79   401 
71 80   638 
72 74   731 
72 75   737 
72 76   472 
72 77   404 
72 78   455 
72 79   313 
72 80   354 
73 75   316 
73 76   611 
73 77   324 
73 78   623 
73 79   345 
73 80   274 
74 76   470 
74 77   987 
74 78    73 
74 79    24 
74 80   163 
75 77   686 
75 78   524 
75 79   585 
75 80   243 
76 78   200 
76 79   868 
76 80   719 
77 79   137 
77 80    63 
78 80   596 
0 
0 
0 
0 
0 
0 
0 
0 
0 
0 
0 
0 
0 
0 
0 
0 
0 
0 
0 
0 
0 
0 
0 
0 
0 
0 
0 
0 
0 
0 
0 
0 
0 
0 
0 
0 
0 
0 
0 
0 
0 
0 
0 
0 
0 
0 
0 
0 
0 
0 
0 
0 
0 
0 
0 
0 
0 
0 
0 
0 
0 
0 
0 
0 
0 
0 
0 
0 
0 
0 
0 
0 
0 
0 
0 
0 
0 
0 
0 
0 
  606   284 
  789   294 
  740   519 
  922    80 
  526   136 
  973   341 
  533   577 
  100   111 
  311   440 
  277   802 
  978   776 
  732   358 
  318   387 
  255   333 
  798   844 
  837   579 
  333   455 
  152   931 
  570   171 
  594   709 
   78    31 
  282   503 
  356   556 
  794   338 
   22   282 
  482   701 
  287   232 
  132   644 
  393   613 
  625   402 
  712   424 
  268    34 
   57   325 
  344   803 
  878   930 
  784   565 
  743   747 
  768   333 
  244   406 
  602   907 
  628    58 
  397   139 
   51   764 
  202   470 
  997   797 
  472   202 
  959   419 
  298   959 
  193   561 
  163   944 
  237   301 
  640   473 
  916   671 
  790   938 
  104   242 
  440   218 
   47   558 
   73   545 
  468   561 
  298   243 
  749   540 
  403   613 
  321   402 
  406   809 
  453   328 
  262   202 
  659   341 
  151   183 
  935   562 
   45   510 
  434   165 
   90   486 
  512   425 
  912   219 
  249   130 
  157   729 
  614   788 
  826   515 
  404   837 
  961   489 
