80 3160 
1 2    29 
2 3   365 
3 4    91 
4 5   870 
5 6   874 
6 7   182 
7 8   946 
8 9    32 
9 10   585 
10 11   319 
11 12   688 
12 13   834 
13 14   597 
14 15   987 
15 16   604 
16 17   248 
17 18   671 
18 19   718 
19 20   537 
20 21   714 
21 22    31 
22 23   561 
23 24   850 
24 25   655 
25 26   282 
26 27   994 
27 28   932 
28 29   145 
29 30   165 
30 31   631 
31 32    18 
32 33   109 
33 34   592 
34 35   889 
35 36   964 
36 37    16 
37 38     4 
38 39   115 
39 40   894 
40 41   941 
41 42   540 
42 43   576 
43 44   573 
44 45   788 
45 46   881 
46 47   424 
47 48   189 
48 49   296 
49 50    42 
50 51   775 
51 52   959 
52 53   336 
53 54   197 
54 55   709 
55 56   222 
56 57   711 
57 58   878 
58 59   435 
59 60   409 
60 61   407 
61 62   765 
62 63   529 
63 64   720 
64 65   887 
65 66   900 
66 67   406 
67 68   535 
68 69   915 
69 70   694 
70 71   321 
71 72   146 
72 73   454 
73 74   842 
74 75   662 
75 76   428 
76 77    38 
77 78   545 
78 79   122 
79 80   450 
1 3   161 
1 4   830 
1 5   476 
1 6   610 
1 7   813 
1 8   298 
1 9   571 
1 10   884 
1 11     5 
1 12   753 
1 13   198 
1 14   217 
1 15   713 
1 16   739 
1 17    77 
1 18   934 
1 19     4 
1 20   463 
1 21   882 
1 22   515 
1 23   392 
1 24   348 
1 25   302 
1 26   161 
1 27   339 
1 28   726 
1 29   420 
1 30   281 
1 31   734 
1 32    22 
1 33    53 
1 34   909 
1 35   202 
1 36   719 
1 37   297 
1 38   104 
1 39   390 
1 40   778 
1 41   591 
1 42   138 
1 43   825 
1 44   291 
1 45   296 
1 46   296 
1 47   116 
1 48   712 
1 49   167 
1 50   892 
1 51   976 
1 52   617 
1 53   713 
1 54   102 
1 55     9 
1 56   379 
1 57   345 
1 58   422 
1 59   979 
1 60   790 
1 61   224 
1 62   951 
1 63   189 
1 64   518 
1 65    12 
1 66   610 
1 67   783 
1 68   342 
1 69    73 
1 70   599 
1 71   594 
1 72   713 
1 73   169 
1 74    78 
1 75   746 
1 76   926 
1 77   280 
1 78    39 
1 79   502 
1 80   290 
2 4   949 
2 5   981 
2 6   229 
2 7   482 
2 8     4 
2 9   878 
2 10    59 
2 11   899 
2 12   275 
2 13    20 
2 14   399 
2 15   877 
2 16   115 
2 17   585 
2 18   627 
2 19   181 
2 20   565 
2 21   376 
2 22   954 
2 23   343 
2 24   932 
2 25   857 
2 26   556 
2 27    70 
2 28   720 
2 29   787 
2 30    14 
2 31    36 
2 32   963 
2 33   492 
2 34   708 
2 35    86 
2 36   837 
2 37   361 
2 38   925 
2 39    68 
2 40   908 
2 41   579 
2 42   784 
2 43   862 
2 44    18 
2 45   713 
2 46   974 
2 47   509 
2 48   903 
2 49    83 
2 50   165 
2 51   372 
2 52   408 
2 53   324 
2 54   810 
2 55   900 
2 56   928 
2 57   456 
2 58    18 
2 59   539 
2 60   911 
2 61    52 
2 62   749 
2 63   873 
2 64   577 
2 65   185 
2 66   148 
2 67   977 
2 68    31 
2 69   885 
2 70   384 
2 71   870 
2 72   446 
2 73   661 
2 74     4 
2 75   530 
2 76   916 
2 77   256 
2 78   724 
2 79   158 
2 80   999 
3 5   862 
3 6   943 
3 7   455 
3 8   807 
3 9   826 
3 10   495 
3 11   297 
3 12   253 
3 13   898 
3 14   531 
3 15   417 
3 16   967 
3 17   732 
3 18   239 
3 19   867 
3 20   890 
3 21     9 
3 22   763 
3 23   516 
3 24    26 
3 25   316 
3 26   184 
3 27   689 
3 28   414 
3 29   440 
3 30   162 
3 31   355 
3 32   466 
3 33   883 
3 34   527 
3 35   832 
3 36   241 
3 37   439 
3 38   778 
3 39   690 
3 40   232 
3 41   469 
3 42   996 
3 43   532 
3 44   609 
3 45   691 
3 46   950 
3 47   146 
3 48    49 
3 49   731 
3 50   368 
3 51   148 
3 52   190 
3 53   805 
3 54   666 
3 55   860 
3 56   520 
3 57   920 
3 58   277 
3 59   539 
3 60   195 
3 61   197 
3 62   909 
3 63   676 
3 64   731 
3 65   944 
3 66   173 
3 67   996 
3 68   803 
3 69   235 
3 70   725 
3 71   780 
3 72   686 
3 73     3 
3 74   224 
3 75   485 
3 76   568 
3 77   489 
3 78   807 
3 79   209 
3 80   858 
4 6   991 
4 7   980 
4 8   523 
4 9   207 
4 10   514 
4 11     2 
4 12   191 
4 13   743 
4 14   404 
4 15   232 
4 16   670 
4 17    12 
4 18   774 
4 19   996 
4 20   786 
4 21    66 
4 22    43 
4 23   858 
4 24   453 
4 25   225 
4 26   868 
4 27   936 
4 28   923 
4 29   979 
4 30   730 
4 31   748 
4 32   142 
4 33   287 
4 34   632 
4 35    24 
4 36   777 
4 37   980 
4 38   729 
4 39   792 
4 40   422 
4 41   646 
4 42   278 
4 43    13 
4 44   211 
4 45   592 
4 46   379 
4 47   213 
4 48   736 
4 49   407 
4 50   521 
4 51   908 
4 52   366 
4 53   162 
4 54   311 
4 55   276 
4 56    85 
4 57   660 
4 58   759 
4 59   905 
4 60   549 
4 61   119 
4 62    23 
4 63   260 
4 64   315 
4 65   127 
4 66   210 
4 67   763 
4 68   972 
4 69   996 
4 70   975 
4 71   236 
4 72   360 
4 73   129 
4 74   694 
4 75   145 
4 76    66 
4 77    18 
4 78   756 
4 79   208 
4 80   594 
5 7   618 
5 8   648 
5 9   317 
5 10   888 
5 11   552 
5 12   673 
5 13   809 
5 14   850 
5 15   504 
5 16   316 
5 17   762 
5 18   757 
5 19   530 
5 20   219 
5 21   951 
5 22   454 
5 23   503 
5 24   368 
5 25   308 
5 26   612 
5 27   783 
5 28   429 
5 29   736 
5 30   468 
5 31   473 
5 32   414 
5 33   990 
5 34   174 
5 35   526 
5 36   407 
5 37   405 
5 38   261 
5 39   666 
5 40   441 
5 41   444 
5 42   627 
5 43   356 
5 44   471 
5 45   196 
5 46   586 
5 47   159 
5 48   957 
5 49    43 
5 50   893 
5 51   933 
5 52   484 
5 53   546 
5 54   470 
5 55   229 
5 56    95 
5 57   738 
5 58   746 
5 59   451 
5 60   396 
5 61   695 
5 62   399 
5 63   321 
5 64   699 
5 65   735 
5 66   296 
5 67   894 
5 68   243 
5 69    54 
5 70   114 
5 71   595 
5 72   161 
5 73   527 
5 74   370 
5 75   288 
5 76   913 
5 77   853 
5 78   610 
5 79   541 
5 80   199 
6 8   275 
6 9    12 
6 10   470 
6 11   162 
6 12   459 
6 13   693 
6 14   335 
6 15   520 
6 16   617 
6 17   660 
6 18   853 
6 19   488 
6 20   327 
6 21    65 
6 22   332 
6 23   904 
6 24   812 
6 25   915 
6 26   116 
6 27   687 
6 28   313 
6 29   156 
6 30   369 
6 31   475 
6 32   476 
6 33   988 
6 34   484 
6 35   364 
6 36    91 
6 37   270 
6 38   445 
6 39   834 
6 40   137 
6 41   904 
6 42   910 
6 43    35 
6 44   231 
6 45   450 
6 46   296 
6 47   449 
6 48     2 
6 49    27 
6 50   414 
6 51   601 
6 52   234 
6 53   883 
6 54   689 
6 55   529 
6 56   623 
6 57    17 
6 58   152 
6 59   151 
6 60   610 
6 61   275 
6 62   879 
6 63   378 
6 64   355 
6 65    97 
6 66   573 
6 67   520 
6 68    69 
6 69   402 
6 70   991 
6 71   185 
6 72   453 
6 73   797 
6 74   862 
6 75    51 
6 76   401 
6 77   130 
6 78    36 
6 79   971 
6 80   127 
7 9   357 
7 10   455 
7 11   768 
7 12   630 
7 13   965 
7 14   974 
7 15   522 
7 16   660 
7 17   963 
7 18   400 
7 19   301 
7 20   400 
7 21   154 
7 22   294 
7 23   172 
7 24   491 
7 25   645 
7 26   523 
7 27   336 
7 28   167 
7 29   585 
7 30   133 
7 31   911 
7 32   572 
7 33   986 
7 34   423 
7 35   778 
7 36   685 
7 37   240 
7 38   448 
7 39   933 
7 40   822 
7 41   249 
7 42   721 
7 43    65 
7 44    28 
7 45   513 
7 46   904 
7 47   618 
7 48   503 
7 49   129 
7 50   457 
7 51   853 
7 52    91 
7 53   895 
7 54   508 
7 55   644 
7 56   448 
7 57    45 
7 58    27 
7 59   551 
7 60   270 
7 61   361 
7 62   772 
7 63   804 
7 64   641 
7 65   471 
7 66   926 
7 67    44 
7 68    47 
7 69    82 
7 70   299 
7 71   487 
7 72   634 
7 73   576 
7 74   983 
7 75    91 
7 76   614 
7 77    62 
7 78    70 
7 79   886 
7 80   896 
8 10   270 
8 11    31 
8 12   654 
8 13   217 
8 14   221 
8 15   722 
8 16   169 
8 17   120 
8 18   115 
8 19   273 
8 20   993 
8 21     8 
8 22   194 
8 23   692 
8 24    52 
8 25   555 
8 26   354 
8 27   336 
8 28   815 
8 29   546 
8 30   119 
8 31   122 
8 32   830 
8 33   453 
8 34   909 
8 35   192 
8 36   859 
8 37   187 
8 38    36 
8 39   456 
8 40   954 
8 41   841 
8 42   191 
8 43   696 
8 44   256 
8 45   691 
8 46   386 
8 47   262 
8 48   525 
8 49   453 
8 50   497 
8 51   533 
8 52   293 
8 53   608 
8 54   210 
8 55   967 
8 56   613 
8 57   947 
8 58   228 
8 59   610 
8 60   310 
8 61   756 
8 62   522 
8 63   780 
8 64   602 
8 65   107 
8 66   639 
8 67    96 
8 68   571 
8 69    36 
8 70   884 
8 71   833 
8 72    38 
8 73   766 
8 74   282 
8 75   248 
8 76   267 
8 77   944 
8 78    96 
8 79   889 
8 80   959 
9 11   450 
9 12   689 
9 13   566 
9 14   217 
9 15    26 
9 16   305 
9 17   499 
9 18   729 
9 19   891 
9 20   880 
9 21   115 
9 22   174 
9 23   449 
9 24   342 
9 25   470 
9 26   457 
9 27   936 
9 28   397 
9 29   628 
9 30   814 
9 31   552 
9 32    60 
9 33   825 
9 34   282 
9 35   890 
9 36   210 
9 37   438 
9 38   186 
9 39   690 
9 40    87 
9 41   909 
9 42   904 
9 43   663 
9 44   172 
9 45   791 
9 46   310 
9 47   823 
9 48    88 
9 49   631 
9 50   801 
9 51    75 
9 52   578 
9 53   760 
9 54   600 
9 55    68 
9 56   947 
9 57   755 
9 58   461 
9 59   516 
9 60   785 
9 61   588 
9 62    45 
9 63   801 
9 64   754 
9 65   659 
9 66   332 
9 67   116 
9 68   551 
9 69   744 
9 70   645 
9 71   798 
9 72   382 
9 73   608 
9 74    46 
9 75   880 
9 76   674 
9 77   192 
9 78   394 
9 79    23 
9 80   262 
10 12   677 
10 13   713 
10 14   407 
10 15   179 
10 16   878 
10 17   140 
10 18   930 
10 19   129 
10 20   365 
10 21   835 
10 22   637 
10 23   689 
10 24   409 
10 25   977 
10 26   388 
10 27   659 
10 28   906 
10 29   954 
10 30   972 
10 31   416 
10 32   271 
10 33   654 
10 34   952 
10 35   266 
10 36   897 
10 37   185 
10 38   579 
10 39    82 
10 40   988 
10 41   966 
10 42   703 
10 43   273 
10 44   969 
10 45   934 
10 46   666 
10 47   601 
10 48   181 
10 49   983 
10 50   156 
10 51   317 
10 52   479 
10 53    32 
10 54    23 
10 55   999 
10 56   822 
10 57   183 
10 58   530 
10 59    13 
10 60   873 
10 61   802 
10 62   685 
10 63    67 
10 64   372 
10 65   908 
10 66   732 
10 67   335 
10 68   577 
10 69    22 
10 70   746 
10 71   199 
10 72   539 
10 73   988 
10 74   715 
10 75   507 
10 76   240 
10 77    44 
10 78   428 
10 79   554 
10 80   579 
11 13   511 
11 14   536 
11 15   370 
11 16   251 
11 17    58 
11 18   852 
11 19   172 
11 20   882 
11 21    59 
11 22   697 
11 23   511 
11 24   397 
11 25    17 
11 26   530 
11 27   598 
11 28    79 
11 29    96 
11 30   661 
11 31   558 
11 32   455 
11 33   992 
11 34   521 
11 35    35 
11 36   630 
11 37   507 
11 38   287 
11 39   629 
11 40   343 
11 41   704 
11 42   764 
11 43   704 
11 44     3 
11 45   486 
11 46   251 
11 47   754 
11 48   178 
11 49   926 
11 50   670 
11 51   910 
11 52   279 
11 53   494 
11 54   354 
11 55   821 
11 56   659 
11 57   651 
11 58   488 
11 59   262 
11 60   674 
11 61   283 
11 62   650 
11 63   201 
11 64   837 
11 65   328 
11 66   382 
11 67   850 
11 68   424 
11 69   243 
11 70   325 
11 71   130 
11 72   280 
11 73   331 
11 74   877 
11 75   862 
11 76    28 
11 77   262 
11 78    27 
11 79   122 
11 80   922 
12 14   331 
12 15   347 
12 16   508 
12 17   776 
12 18   508 
12 19   198 
12 20   249 
12 21   863 
12 22   536 
12 23   884 
12 24   803 
12 25   526 
12 26   977 
12 27   391 
12 28   816 
12 29    37 
12 30   940 
12 31    20 
12 32   941 
12 33   158 
12 34   133 
12 35   820 
12 36   836 
12 37   950 
12 38   351 
12 39    76 
12 40   181 
12 41   143 
12 42   442 
12 43   837 
12 44    87 
12 45   970 
12 46   812 
12 47   200 
12 48   159 
12 49   957 
12 50   926 
12 51   288 
12 52   447 
12 53   508 
12 54   750 
12 55   615 
12 56   154 
12 57   233 
12 58   910 
12 59   609 
12 60   356 
12 61   950 
12 62   329 
12 63   507 
12 64   930 
12 65   812 
12 66    84 
12 67    19 
12 68   142 
12 69   494 
12 70   463 
12 71   797 
12 72    36 
12 73   429 
12 74   278 
12 75   160 
12 76   467 
12 77   187 
12 78   900 
12 79   387 
12 80   791 
13 15   387 
13 16   215 
13 17   517 
13 18   814 
13 19     5 
13 20   886 
13 21   559 
13 22   235 
13 23   320 
13 24   448 
13 25     8 
13 26   145 
13 27   145 
13 28   546 
13 29   934 
13 30   364 
13 31    12 
13 32   104 
13 33   207 
13 34   435 
13 35   185 
13 36     6 
13 37   955 
13 38   567 
13 39   151 
13 40   504 
13 41   648 
13 42   985 
13 43   903 
13 44   356 
13 45   265 
13 46   610 
13 47   997 
13 48   726 
13 49   515 
13 50   988 
13 51    46 
13 52    97 
13 53   733 
13 54   415 
13 55   309 
13 56   206 
13 57   862 
13 58   770 
13 59   253 
13 60   341 
13 61   270 
13 62   950 
13 63   188 
13 64   360 
13 65   918 
13 66     4 
13 67   344 
13 68   829 
13 69   296 
13 70   716 
13 71   436 
13 72   674 
13 73   547 
13 74   789 
13 75   636 
13 76   323 
13 77   307 
13 78   201 
13 79   662 
13 80   691 
14 16    64 
14 17   782 
14 18    80 
14 19   366 
14 20   943 
14 21   519 
14 22   112 
14 23    97 
14 24   783 
14 25   951 
14 26   798 
14 27   137 
14 28   544 
14 29   900 
14 30   461 
14 31   577 
14 32   489 
14 33    12 
14 34   465 
14 35   581 
14 36   138 
14 37   795 
14 38   932 
14 39   680 
14 40   856 
14 41   574 
14 42   757 
14 43   379 
14 44   947 
14 45   422 
14 46   547 
14 47   115 
14 48   161 
14 49   847 
14 50   512 
14 51   633 
14 52   307 
14 53   620 
14 54   289 
14 55   592 
14 56   430 
14 57   108 
14 58   941 
14 59   549 
14 60   763 
14 61   307 
14 62   979 
14 63   526 
14 64   235 
14 65   812 
14 66   210 
14 67   542 
14 68    65 
14 69   508 
14 70   331 
14 71   420 
14 72   959 
14 73    18 
14 74   135 
14 75   957 
14 76   653 
14 77   451 
14 78   434 
14 79   239 
14 80   408 
15 17    76 
15 18   421 
15 19    11 
15 20   148 
15 21   862 
15 22   324 
15 23   458 
15 24   893 
15 25   952 
15 26   790 
15 27   709 
15 28   481 
15 29   127 
15 30   452 
15 31   597 
15 32   330 
15 33   145 
15 34   559 
15 35   283 
15 36   697 
15 37   900 
15 38   617 
15 39   520 
15 40   647 
15 41   627 
15 42   694 
15 43   162 
15 44   537 
15 45   341 
15 46    16 
15 47   542 
15 48   234 
15 49   279 
15 50   742 
15 51   192 
15 52   732 
15 53   458 
15 54   244 
15 55   984 
15 56   925 
15 57   180 
15 58   926 
15 59   714 
15 60    97 
15 61   476 
15 62   789 
15 63   931 
15 64   677 
15 65   310 
15 66   473 
15 67   221 
15 68   875 
15 69   668 
15 70   328 
15 71   312 
15 72   534 
15 73   307 
15 74   615 
15 75   369 
15 76   562 
15 77   308 
15 78   390 
15 79   520 
15 80   655 
16 18    73 
16 19   377 
16 20   567 
16 21   758 
16 22   540 
16 23   279 
16 24   739 
16 25   411 
16 26   690 
16 27   833 
16 28   336 
16 29   209 
16 30   195 
16 31   401 
16 32   150 
16 33   627 
16 34   299 
16 35   674 
16 36   581 
16 37   955 
16 38   410 
16 39   354 
16 40   640 
16 41   168 
16 42   349 
16 43   650 
16 44   304 
16 45   142 
16 46   553 
16 47   598 
16 48   773 
16 49   288 
16 50   479 
16 51   545 
16 52     2 
16 53   591 
16 54   588 
16 55   387 
16 56   582 
16 57   839 
16 58   404 
16 59   150 
16 60   311 
16 61   155 
16 62   642 
16 63   941 
16 64   190 
16 65   665 
16 66   680 
16 67   486 
16 68   606 
16 69   981 
16 70   194 
16 71    58 
16 72   731 
16 73   525 
16 74   680 
16 75   386 
16 76   328 
16 77    75 
16 78   590 
16 79   400 
16 80   548 
17 19   117 
17 20   408 
17 21   909 
17 22   283 
17 23   528 
17 24   205 
17 25   647 
17 26   815 
17 27   877 
17 28   309 
17 29   671 
17 30   799 
17 31   822 
17 32   905 
17 33   457 
17 34   303 
17 35   125 
17 36   888 
17 37   358 
17 38   504 
17 39   932 
17 40   344 
17 41   629 
17 42   723 
17 43   836 
17 44   842 
17 45   542 
17 46   325 
17 47   223 
17 48   683 
17 49   602 
17 50   814 
17 51   525 
17 52   609 
17 53   939 
17 54   414 
17 55   519 
17 56   732 
17 57   581 
17 58   476 
17 59     8 
17 60   917 
17 61   859 
17 62   959 
17 63   568 
17 64   762 
17 65     7 
17 66    98 
17 67   644 
17 68   631 
17 69   456 
17 70   444 
17 71   185 
17 72   449 
17 73   899 
17 74   780 
17 75   633 
17 76   795 
17 77   512 
17 78   762 
17 79   397 
17 80   331 
18 20   615 
18 21   562 
18 22   804 
18 23   436 
18 24   764 
18 25   899 
18 26   516 
18 27   385 
18 28   606 
18 29   965 
18 30   343 
18 31   543 
18 32   617 
18 33   257 
18 34   568 
18 35   862 
18 36   694 
18 37   101 
18 38   840 
18 39   102 
18 40   678 
18 41   824 
18 42   420 
18 43    15 
18 44    13 
18 45   615 
18 46   302 
18 47   747 
18 48     4 
18 49   451 
18 50   576 
18 51   550 
18 52   568 
18 53   187 
18 54   108 
18 55   377 
18 56    21 
18 57   830 
18 58   813 
18 59   148 
18 60    39 
18 61   885 
18 62   669 
18 63    81 
18 64   631 
18 65   413 
18 66   350 
18 67   697 
18 68   763 
18 69   674 
18 70   521 
18 71   285 
18 72   887 
18 73   556 
18 74   301 
18 75    70 
18 76   493 
18 77   992 
18 78   570 
18 79   272 
18 80    80 
19 21   672 
19 22   361 
19 23   377 
19 24   484 
19 25   232 
19 26   687 
19 27   790 
19 28   610 
19 29   422 
19 30   674 
19 31   687 
19 32   686 
19 33   333 
19 34   892 
19 35    64 
19 36   415 
19 37   120 
19 38   354 
19 39   509 
19 40   663 
19 41   596 
19 42   643 
19 43   245 
19 44    69 
19 45   541 
19 46   827 
19 47   199 
19 48    90 
19 49   754 
19 50   362 
19 51   979 
19 52   772 
19 53   134 
19 54   812 
19 55   826 
19 56    83 
19 57    77 
19 58    46 
19 59   739 
19 60   259 
19 61   279 
19 62   593 
19 63   304 
19 64   404 
19 65   265 
19 66    45 
19 67   618 
19 68   883 
19 69   883 
19 70   779 
19 71   985 
19 72   799 
19 73   691 
19 74   701 
19 75   678 
19 76   290 
19 77   694 
19 78   485 
19 79   570 
19 80   164 
20 22   885 
20 23    12 
20 24   508 
20 25     3 
20 26   319 
20 27    15 
20 28   165 
20 29   325 
20 30   836 
20 31   984 
20 32    83 
20 33   266 
20 34   116 
20 35    36 
20 36   797 
20 37   539 
20 38   408 
20 39   824 
20 40   185 
20 41   416 
20 42   374 
20 43   878 
20 44    17 
20 45   905 
20 46   648 
20 47   132 
20 48   827 
20 49   599 
20 50    24 
20 51   740 
20 52   756 
20 53   822 
20 54    75 
20 55   685 
20 56   326 
20 57   413 
20 58   683 
20 59    32 
20 60   838 
20 61   314 
20 62   626 
20 63   239 
20 64    75 
20 65   861 
20 66   429 
20 67   375 
20 68   403 
20 69   587 
20 70   736 
20 71   382 
20 72    54 
20 73   221 
20 74   527 
20 75   335 
20 76   133 
20 77   171 
20 78   957 
20 79   465 
20 80   361 
21 23   972 
21 24   780 
21 25   575 
21 26   448 
21 27   210 
21 28   469 
21 29   530 
21 30   563 
21 31   839 
21 32   127 
21 33    45 
21 34   853 
21 35   104 
21 36   569 
21 37   654 
21 38   122 
21 39    81 
21 40   342 
21 41   364 
21 42   179 
21 43   833 
21 44   606 
21 45   232 
21 46   468 
21 47    69 
21 48   523 
21 49   550 
21 50   682 
21 51   889 
21 52   222 
21 53   243 
21 54   919 
21 55   493 
21 56   207 
21 57   245 
21 58   917 
21 59   256 
21 60    77 
21 61   959 
21 62    13 
21 63   908 
21 64   740 
21 65    63 
21 66   671 
21 67    73 
21 68   516 
21 69   735 
21 70   573 
21 71   691 
21 72   884 
21 73   173 
21 74   869 
21 75   277 
21 76   246 
21 77   568 
21 78   525 
21 79   808 
21 80   873 
22 24   966 
22 25   986 
22 26   783 
22 27   294 
22 28   572 
22 29     3 
22 30   327 
22 31   438 
22 32   559 
22 33   383 
22 34   962 
22 35   230 
22 36   798 
22 37   628 
22 38   447 
22 39   986 
22 40    70 
22 41   638 
22 42   389 
22 43   791 
22 44   211 
22 45   965 
22 46   320 
22 47   243 
22 48   990 
22 49   546 
22 50   795 
22 51   788 
22 52    48 
22 53    35 
22 54   692 
22 55   841 
22 56   870 
22 57   540 
22 58    24 
22 59   620 
22 60   457 
22 61   752 
22 62   231 
22 63   292 
22 64    11 
22 65   196 
22 66   809 
22 67   449 
22 68   782 
22 69   902 
22 70   890 
22 71   364 
22 72   466 
22 73   953 
22 74   506 
22 75   109 
22 76   103 
22 77   120 
22 78   342 
22 79   841 
22 80    12 
23 25   453 
23 26   683 
23 27   967 
23 28   798 
23 29   819 
23 30   903 
23 31    42 
23 32    57 
23 33   330 
23 34   232 
23 35   275 
23 36   588 
23 37   655 
23 38   360 
23 39   870 
23 40   433 
23 41   570 
23 42   794 
23 43   939 
23 44   858 
23 45   328 
23 46   734 
23 47   389 
23 48   460 
23 49   450 
23 50   693 
23 51   310 
23 52   141 
23 53   439 
23 54   902 
23 55   436 
23 56   745 
23 57   695 
23 58   621 
23 59   588 
23 60   321 
23 61   451 
23 62   514 
23 63    18 
23 64   489 
23 65    98 
23 66   827 
23 67   846 
23 68   559 
23 69   611 
23 70   417 
23 71   398 
23 72   646 
23 73   918 
23 74   732 
23 75   888 
23 76   892 
23 77   314 
23 78    43 
23 79   597 
23 80   503 
24 26    54 
24 27   654 
24 28   789 
24 29   516 
24 30   363 
24 31   888 
24 32   297 
24 33   452 
24 34    72 
24 35   330 
24 36   108 
24 37   595 
24 38   108 
24 39   336 
24 40   960 
24 41   988 
24 42   308 
24 43   698 
24 44   562 
24 45   699 
24 46   457 
24 47   765 
24 48   645 
24 49   708 
24 50   132 
24 51    32 
24 52   415 
24 53   133 
24 54    28 
24 55   351 
24 56   376 
24 57   464 
24 58   316 
24 59   580 
24 60   535 
24 61   483 
24 62   465 
24 63   834 
24 64   332 
24 65   226 
24 66   285 
24 67   691 
24 68   489 
24 69   358 
24 70   591 
24 71   893 
24 72   375 
24 73   328 
24 74   144 
24 75   634 
24 76   499 
24 77   715 
24 78   608 
24 79   935 
24 80   224 
25 27   748 
25 28    52 
25 29   604 
25 30   996 
25 31   151 
25 32   616 
25 33   383 
25 34   520 
25 35   374 
25 36   921 
25 37   847 
25 38   357 
25 39   841 
25 40   387 
25 41   228 
25 42   929 
25 43   997 
25 44    91 
25 45   971 
25 46    20 
25 47   527 
25 48   170 
25 49   352 
25 50   852 
25 51   977 
25 52   414 
25 53   760 
25 54   442 
25 55   404 
25 56   496 
25 57   220 
25 58   103 
25 59   586 
25 60    30 
25 61   832 
25 62   395 
25 63    65 
25 64   304 
25 65   297 
25 66    12 
25 67   151 
25 68   958 
25 69   722 
25 70   186 
25 71    43 
25 72   643 
25 73   261 
25 74   980 
25 75   478 
25 76   946 
25 77   754 
25 78   585 
25 79   499 
25 80   167 
26 28   172 
26 29    61 
26 30   875 
26 31   493 
26 32   196 
26 33    16 
26 34   257 
26 35   998 
26 36   927 
26 37   697 
26 38   864 
26 39   211 
26 40   556 
26 41   674 
26 42   848 
26 43   949 
26 44   123 
26 45   886 
26 46   150 
26 47   438 
26 48   318 
26 49   648 
26 50   973 
26 51   916 
26 52   602 
26 53    86 
26 54   665 
26 55   763 
26 56   466 
26 57   156 
26 58   162 
26 59   239 
26 60   352 
26 61   540 
26 62   154 
26 63   754 
26 64   571 
26 65    22 
26 66   771 
26 67   312 
26 68   695 
26 69   698 
26 70    42 
26 71   985 
26 72   812 
26 73   914 
26 74   904 
26 75   353 
26 76   784 
26 77   492 
26 78    42 
26 79   348 
26 80   291 
27 29   597 
27 30   782 
27 31   418 
27 32   865 
27 33   130 
27 34   113 
27 35   758 
27 36   760 
27 37   497 
27 38   275 
27 39    22 
27 40   575 
27 41   984 
27 42   824 
27 43   707 
27 44   111 
27 45    58 
27 46   452 
27 47   565 
27 48   892 
27 49   964 
27 50   626 
27 51   218 
27 52   479 
27 53   168 
27 54   933 
27 55    32 
27 56   791 
27 57   502 
27 58   669 
27 59   751 
27 60   120 
27 61    51 
27 62   163 
27 63   617 
27 64   326 
27 65   647 
27 66   282 
27 67   344 
27 68   876 
27 69   106 
27 70   426 
27 71   442 
27 72   997 
27 73   618 
27 74   704 
27 75   636 
27 76   516 
27 77   143 
27 78   413 
27 79   154 
27 80   911 
28 30   912 
28 31   630 
28 32   825 
28 33   789 
28 34   456 
28 35   412 
28 36   890 
28 37    82 
28 38   584 
28 39   925 
28 40   860 
28 41   665 
28 42    99 
28 43   873 
28 44   259 
28 45   122 
28 46   943 
28 47   256 
28 48   913 
28 49   248 
28 50   780 
28 51   532 
28 52   422 
28 53   298 
28 54   977 
28 55   892 
28 56    72 
28 57   666 
28 58   539 
28 59   617 
28 60   880 
28 61   391 
28 62   482 
28 63    64 
28 64   797 
28 65   180 
28 66   268 
28 67    26 
28 68   784 
28 69   678 
28 70   619 
28 71   298 
28 72   583 
28 73   756 
28 74   967 
28 75   619 
28 76    77 
28 77   345 
28 78   779 
28 79    61 
28 80   767 
29 31   192 
29 32   898 
29 33    40 
29 34   116 
29 35   111 
29 36   473 
29 37   285 
29 38   571 
29 39   837 
29 40   437 
29 41   408 
29 42   355 
29 43   145 
29 44   618 
29 45   490 
29 46   374 
29 47   774 
29 48   774 
29 49   696 
29 50   521 
29 51   144 
29 52     1 
29 53   629 
29 54   940 
29 55   989 
29 56   735 
29 57   686 
29 58   253 
29 59   408 
29 60   970 
29 61   461 
29 62   814 
29 63   238 
29 64   917 
29 65   316 
29 66   497 
29 67   151 
29 68   126 
29 69   383 
29 70   270 
29 71   573 
29 72   852 
29 73   886 
29 74   682 
29 75   260 
29 76   170 
29 77   217 
29 78   761 
29 79   518 
29 80   655 
30 32   655 
30 33   544 
30 34   647 
30 35   488 
30 36   569 
30 37    83 
30 38   986 
30 39   832 
30 40    36 
30 41   358 
30 42   212 
30 43    47 
30 44   825 
30 45   604 
30 46   859 
30 47   609 
30 48   930 
30 49   960 
30 50    36 
30 51   227 
30 52   923 
30 53   636 
30 54   677 
30 55   653 
30 56   424 
30 57   852 
30 58   222 
30 59   956 
30 60   276 
30 61   884 
30 62   135 
30 63   384 
30 64   747 
30 65   780 
30 66   265 
30 67   518 
30 68   826 
30 69   483 
30 70   841 
30 71   623 
30 72    32 
30 73   624 
30 74    17 
30 75   628 
30 76   159 
30 77    54 
30 78   200 
30 79   496 
30 80   443 
31 33   522 
31 34    12 
31 35   661 
31 36   197 
31 37   458 
31 38   682 
31 39    38 
31 40    14 
31 41   277 
31 42   377 
31 43   726 
31 44    88 
31 45   703 
31 46   824 
31 47    32 
31 48   757 
31 49   405 
31 50   733 
31 51   843 
31 52   886 
31 53   183 
31 54   960 
31 55    96 
31 56   837 
31 57   342 
31 58   640 
31 59   374 
31 60   583 
31 61    19 
31 62   862 
31 63   696 
31 64   357 
31 65   107 
31 66   387 
31 67   972 
31 68   225 
31 69   286 
31 70   605 
31 71    37 
31 72    90 
31 73   127 
31 74   402 
31 75   979 
31 76   434 
31 77   156 
31 78    73 
31 79   500 
31 80   149 
32 34   203 
32 35   679 
32 36   817 
32 37   924 
32 38   898 
32 39   900 
32 40    44 
32 41   214 
32 42    32 
32 43    56 
32 44   461 
32 45   923 
32 46   927 
32 47   946 
32 48   849 
32 49   308 
32 50   880 
32 51   630 
32 52   667 
32 53   423 
32 54   732 
32 55   390 
32 56   528 
32 57    84 
32 58   701 
32 59   842 
32 60   854 
32 61   692 
32 62    10 
32 63   427 
32 64   487 
32 65   882 
32 66   174 
32 67   662 
32 68   111 
32 69   511 
32 70   488 
32 71   690 
32 72   657 
32 73   190 
32 74    77 
32 75   567 
32 76    28 
32 77   751 
32 78   597 
32 79   587 
32 80   354 
33 35   988 
33 36   795 
33 37   901 
33 38   396 
33 39   725 
33 40    38 
33 41   471 
33 42   838 
33 43   937 
33 44   186 
33 45   947 
33 46   378 
33 47   107 
33 48    52 
33 49   380 
33 50   890 
33 51   319 
33 52   240 
33 53   449 
33 54   801 
33 55   721 
33 56   556 
33 57    54 
33 58   191 
33 59   926 
33 60   182 
33 61   150 
33 62   168 
33 63   308 
33 64   632 
33 65   518 
33 66   449 
33 67   844 
33 68   791 
33 69   821 
33 70   165 
33 71   301 
33 72   944 
33 73   825 
33 74   500 
33 75    48 
33 76   418 
33 77   207 
33 78   134 
33 79   868 
33 80   932 
34 36   195 
34 37   429 
34 38   469 
34 39   731 
34 40   685 
34 41    23 
34 42   401 
34 43   670 
34 44   313 
34 45   241 
34 46   431 
34 47   824 
34 48   185 
34 49   308 
34 50   185 
34 51   509 
34 52   855 
34 53   823 
34 54    57 
34 55   323 
34 56   496 
34 57   288 
34 58   275 
34 59    97 
34 60   770 
34 61   192 
34 62   701 
34 63   314 
34 64   745 
34 65   355 
34 66   196 
34 67    59 
34 68    11 
34 69   270 
34 70   982 
34 71   461 
34 72   474 
34 73   764 
34 74   982 
34 75   690 
34 76   336 
34 77   430 
34 78   852 
34 79   297 
34 80   181 
35 37    65 
35 38   800 
35 39   129 
35 40   545 
35 41     0 
35 42   551 
35 43   757 
35 44   123 
35 45   745 
35 46   488 
35 47   370 
35 48   584 
35 49   684 
35 50   805 
35 51   900 
35 52   448 
35 53   184 
35 54   804 
35 55   505 
35 56   480 
35 57   741 
35 58   457 
35 59   591 
35 60   792 
35 61   337 
35 62    25 
35 63   855 
35 64   416 
35 65   722 
35 66   195 
35 67   513 
35 68   196 
35 69   153 
35 70   453 
35 71   175 
35 72    27 
35 73   428 
35 74   788 
35 75     7 
35 76    94 
35 77   260 
35 78    39 
35 79   271 
35 80   784 
36 38   591 
36 39    34 
36 40   421 
36 41    17 
36 42   455 
36 43   629 
36 44   962 
36 45   881 
36 46   923 
36 47   660 
36 48   841 
36 49   807 
36 50   534 
36 51   807 
36 52   544 
36 53   292 
36 54   181 
36 55    16 
36 56   350 
36 57   163 
36 58   140 
36 59   608 
36 60   449 
36 61   981 
36 62   932 
36 63   317 
36 64   704 
36 65   641 
36 66   697 
36 67   455 
36 68   138 
36 69    65 
36 70   384 
36 71   811 
36 72   622 
36 73   372 
36 74   671 
36 75   653 
36 76   890 
36 77   138 
36 78   972 
36 79   129 
36 80   646 
37 39   992 
37 40   212 
37 41   109 
37 42   986 
37 43   965 
37 44   494 
37 45   903 
37 46   590 
37 47   474 
37 48   387 
37 49   792 
37 50   785 
37 51   608 
37 52   673 
37 53   929 
37 54   300 
37 55   550 
37 56   455 
37 57   512 
37 58   727 
37 59   496 
37 60   383 
37 61   475 
37 62   784 
37 63   483 
37 64   342 
37 65   537 
37 66   472 
37 67   483 
37 68   916 
37 69   103 
37 70   514 
37 71   646 
37 72   181 
37 73   409 
37 74   774 
37 75   260 
37 76   842 
37 77   796 
37 78   663 
37 79   303 
37 80   762 
38 40   460 
38 41     1 
38 42   725 
38 43   987 
38 44   148 
38 45   907 
38 46    82 
38 47    73 
38 48   464 
38 49   498 
38 50   578 
38 51   737 
38 52    57 
38 53   346 
38 54   958 
38 55   277 
38 56   507 
38 57   279 
38 58    28 
38 59   936 
38 60   601 
38 61   256 
38 62   871 
38 63   171 
38 64   238 
38 65   177 
38 66   900 
38 67   299 
38 68   886 
38 69   711 
38 70   377 
38 71   995 
38 72   144 
38 73   362 
38 74   216 
38 75   854 
38 76    72 
38 77   214 
38 78   141 
38 79   175 
38 80   332 
39 41   108 
39 42   282 
39 43    73 
39 44   285 
39 45   959 
39 46   771 
39 47   463 
39 48   736 
39 49   446 
39 50   167 
39 51   707 
39 52   190 
39 53   523 
39 54    90 
39 55   778 
39 56   349 
39 57   752 
39 58   300 
39 59   963 
39 60   211 
39 61   199 
39 62   660 
39 63    78 
39 64   640 
39 65    20 
39 66   468 
39 67   882 
39 68   218 
39 69   595 
39 70   918 
39 71   466 
39 72   660 
39 73   549 
39 74   948 
39 75   740 
39 76   280 
39 77    92 
39 78   548 
39 79   442 
39 80   995 
40 42   210 
40 43   583 
40 44   110 
40 45   976 
40 46   684 
40 47   291 
40 48   957 
40 49   451 
40 50   774 
40 51   886 
40 52   630 
40 53   749 
40 54   948 
40 55   700 
40 56   445 
40 57   922 
40 58   844 
40 59    19 
40 60   799 
40 61   977 
40 62   574 
40 63   481 
40 64   518 
40 65   216 
40 66   113 
40 67   435 
40 68   374 
40 69   838 
40 70   513 
40 71   289 
40 72   978 
40 73   725 
40 74   827 
40 75   546 
40 76   472 
40 77   636 
40 78   649 
40 79   572 
40 80     9 
41 43   956 
41 44   207 
41 45   611 
41 46    17 
41 47   284 
41 48   400 
41 49   996 
41 50   876 
41 51   260 
41 52   871 
41 53   157 
41 54   830 
41 55   989 
41 56   699 
41 57   776 
41 58   143 
41 59   590 
41 60    45 
41 61   930 
41 62   573 
41 63   991 
41 64   149 
41 65   726 
41 66   375 
41 67   762 
41 68   425 
41 69   959 
41 70   217 
41 71   669 
41 72   826 
41 73   645 
41 74   502 
41 75   821 
41 76   628 
41 77   707 
41 78   928 
41 79   448 
41 80   711 
42 44   133 
42 45   322 
42 46   525 
42 47   227 
42 48   818 
42 49    93 
42 50   443 
42 51   205 
42 52   708 
42 53   237 
42 54   144 
42 55   523 
42 56   568 
42 57   350 
42 58   303 
42 59   244 
42 60   218 
42 61   313 
42 62   152 
42 63   477 
42 64   808 
42 65   803 
42 66   786 
42 67    37 
42 68   991 
42 69   393 
42 70   133 
42 71   340 
42 72   386 
42 73   477 
42 74   790 
42 75   631 
42 76   545 
42 77   381 
42 78   515 
42 79   427 
42 80   231 
43 45   998 
43 46   204 
43 47   649 
43 48   163 
43 49   256 
43 50   619 
43 51   279 
43 52   658 
43 53   764 
43 54   406 
43 55   739 
43 56   832 
43 57   625 
43 58   885 
43 59   820 
43 60   192 
43 61   529 
43 62   914 
43 63   783 
43 64   622 
43 65    51 
43 66   334 
43 67   349 
43 68   118 
43 69   286 
43 70   445 
43 71   703 
43 72   803 
43 73   155 
43 74   589 
43 75   492 
43 76   862 
43 77   182 
43 78   188 
43 79   331 
43 80   568 
44 46   797 
44 47    64 
44 48    66 
44 49   288 
44 50   427 
44 51   268 
44 52   344 
44 53   137 
44 54    87 
44 55   127 
44 56   370 
44 57   433 
44 58   432 
44 59   390 
44 60   588 
44 61   535 
44 62   671 
44 63   150 
44 64   249 
44 65   367 
44 66   941 
44 67   475 
44 68   752 
44 69   991 
44 70   464 
44 71   598 
44 72   136 
44 73   502 
44 74    59 
44 75   157 
44 76   117 
44 77   102 
44 78   365 
44 79   246 
44 80   618 
45 47   953 
45 48   108 
45 49   435 
45 50   486 
45 51    34 
45 52   399 
45 53   721 
45 54   461 
45 55   754 
45 56   854 
45 57    16 
45 58   794 
45 59   543 
45 60   176 
45 61   710 
45 62   777 
45 63   428 
45 64   281 
45 65   718 
45 66   643 
45 67   226 
45 68   657 
45 69   805 
45 70   465 
45 71   514 
45 72   723 
45 73   500 
45 74   167 
45 75   227 
45 76   119 
45 77   930 
45 78   661 
45 79   468 
45 80   794 
46 48    86 
46 49   262 
46 50   725 
46 51   798 
46 52   301 
46 53   910 
46 54   437 
46 55   687 
46 56    52 
46 57   723 
46 58   167 
46 59    11 
46 60   658 
46 61   488 
46 62   471 
46 63   770 
46 64   101 
46 65   890 
46 66   467 
46 67    70 
46 68   906 
46 69   235 
46 70    30 
46 71   899 
46 72   228 
46 73   236 
46 74   357 
46 75    85 
46 76    73 
46 77   111 
46 78   235 
46 79   335 
46 80   784 
47 49   453 
47 50   887 
47 51   308 
47 52    87 
47 53   330 
47 54   260 
47 55   772 
47 56   654 
47 57   761 
47 58   993 
47 59   159 
47 60   380 
47 61   443 
47 62   993 
47 63   986 
47 64    29 
47 65   248 
47 66   623 
47 67   717 
47 68     2 
47 69   956 
47 70   109 
47 71   133 
47 72   759 
47 73   492 
47 74   981 
47 75   214 
47 76   343 
47 77   736 
47 78   102 
47 79   851 
47 80   757 
48 50   688 
48 51   771 
48 52   849 
48 53   200 
48 54   393 
48 55   164 
48 56   456 
48 57   601 
48 58   874 
48 59   863 
48 60    83 
48 61   741 
48 62   474 
48 63   946 
48 64   707 
48 65   266 
48 66   918 
48 67   317 
48 68   688 
48 69   582 
48 70   662 
48 71   986 
48 72   115 
48 73   318 
48 74   395 
48 75    32 
48 76   982 
48 77   198 
48 78   712 
48 79    35 
48 80   876 
49 51   227 
49 52   339 
49 53   971 
49 54   482 
49 55   841 
49 56    28 
49 57   505 
49 58   869 
49 59    11 
49 60   285 
49 61   806 
49 62   940 
49 63   837 
49 64     7 
49 65   161 
49 66   846 
49 67   374 
49 68   602 
49 69   972 
49 70   558 
49 71   350 
49 72   735 
49 73   475 
49 74   557 
49 75   577 
49 76   969 
49 77   959 
49 78   530 
49 79   369 
49 80   923 
50 52   313 
50 53   180 
50 54   892 
50 55   468 
50 56   851 
50 57   615 
50 58   672 
50 59   599 
50 60   806 
50 61   613 
50 62   745 
50 63   110 
50 64   890 
50 65   106 
50 66   633 
50 67   352 
50 68   429 
50 69   533 
50 70    26 
50 71   859 
50 72   405 
50 73   887 
50 74   717 
50 75   248 
50 76   512 
50 77   341 
50 78   871 
50 79   443 
50 80   494 
51 53   371 
51 54   222 
51 55   739 
51 56   372 
51 57   761 
51 58   942 
51 59    78 
51 60   944 
51 61   294 
51 62    90 
51 63   903 
51 64   501 
51 65   572 
51 66   878 
51 67   218 
51 68    35 
51 69   371 
51 70   579 
51 71   377 
51 72   371 
51 73   919 
51 74   550 
51 75   962 
51 76    14 
51 77   339 
51 78   679 
51 79   220 
51 80   552 
52 54   852 
52 55   145 
52 56   108 
52 57   902 
52 58   528 
52 59   383 
52 60   530 
52 61   622 
52 62    65 
52 63   237 
52 64   725 
52 65   131 
52 66   189 
52 67   210 
52 68   539 
52 69   425 
52 70   940 
52 71   679 
52 72   740 
52 73   480 
52 74   962 
52 75   909 
52 76    68 
52 77   491 
52 78   626 
52 79   671 
52 80   979 
53 55   458 
53 56   833 
53 57    86 
53 58   380 
53 59   793 
53 60   883 
53 61   719 
53 62   257 
53 63   478 
53 64   393 
53 65   297 
53 66    94 
53 67   602 
53 68   935 
53 69   837 
53 70   589 
53 71   863 
53 72   884 
53 73    24 
53 74   916 
53 75   235 
53 76   357 
53 77   789 
53 78   201 
53 79   139 
53 80   212 
54 56   446 
54 57   694 
54 58   246 
54 59    93 
54 60   616 
54 61   609 
54 62   729 
54 63   627 
54 64   830 
54 65   677 
54 66   244 
54 67   297 
54 68   607 
54 69   642 
54 70   515 
54 71   300 
54 72   357 
54 73   253 
54 74   242 
54 75     8 
54 76   325 
54 77   573 
54 78   931 
54 79   803 
54 80   771 
55 57   684 
55 58   911 
55 59   572 
55 60   877 
55 61   988 
55 62   927 
55 63   890 
55 64   421 
55 65   505 
55 66   366 
55 67   608 
55 68   833 
55 69   729 
55 70   876 
55 71    84 
55 72   616 
55 73   277 
55 74    98 
55 75   209 
55 76    31 
55 77   609 
55 78   829 
55 79   404 
55 80   822 
56 58   471 
56 59   507 
56 60   838 
56 61   205 
56 62   714 
56 63   960 
56 64   975 
56 65   274 
56 66   416 
56 67    12 
56 68   664 
56 69   437 
56 70   293 
56 71   533 
56 72   621 
56 73    49 
56 74   741 
56 75   989 
56 76   627 
56 77    52 
56 78   537 
56 79   899 
56 80   806 
57 59   568 
57 60   633 
57 61   412 
57 62   944 
57 63   665 
57 64   784 
57 65   438 
57 66   676 
57 67    93 
57 68   209 
57 69   383 
57 70   472 
57 71   801 
57 72   255 
57 73   421 
57 74   231 
57 75   988 
57 76   815 
57 77   611 
57 78   938 
57 79   818 
57 80   580 
58 60    73 
58 61   766 
58 62   446 
58 63   689 
58 64   934 
58 65   984 
58 66   963 
58 67   795 
58 68     6 
58 69   627 
58 70   670 
58 71   995 
58 72   520 
58 73   732 
58 74    54 
58 75   411 
58 76   351 
58 77   420 
58 78   454 
58 79    52 
58 80   577 
59 61   729 
59 62   250 
59 63   273 
59 64    41 
59 65   988 
59 66    81 
59 67   764 
59 68   102 
59 69    46 
59 70   392 
59 71   599 
59 72   400 
59 73   406 
59 74   566 
59 75     1 
59 76   573 
59 77    18 
59 78   499 
59 79   331 
59 80   582 
60 62   639 
60 63   467 
60 64   828 
60 65   507 
60 66   447 
60 67   530 
60 68   874 
60 69   200 
60 70   927 
60 71   863 
60 72   210 
60 73   221 
60 74   813 
60 75   678 
60 76   760 
60 77   760 
60 78   342 
60 79   139 
60 80   421 
61 63   479 
61 64   661 
61 65   290 
61 66   787 
61 67   701 
61 68   108 
61 69   173 
61 70   589 
61 71   667 
61 72   800 
61 73    76 
61 74   822 
61 75   798 
61 76   595 
61 77   640 
61 78   942 
61 79   695 
61 80   746 
62 64   284 
62 65   466 
62 66   741 
62 67   768 
62 68   896 
62 69   592 
62 70   384 
62 71   346 
62 72   586 
62 73   533 
62 74   321 
62 75   306 
62 76   897 
62 77   678 
62 78   367 
62 79   992 
62 80   802 
63 65   727 
63 66    55 
63 67   238 
63 68   918 
63 69    72 
63 70   466 
63 71   645 
63 72   401 
63 73   214 
63 74   522 
63 75   160 
63 76   117 
63 77   812 
63 78    11 
63 79   483 
63 80   369 
64 66   383 
64 67   380 
64 68   599 
64 69   250 
64 70   998 
64 71   826 
64 72   421 
64 73   879 
64 74   389 
64 75    38 
64 76   187 
64 77   638 
64 78    38 
64 79   539 
64 80   269 
65 67   563 
65 68   265 
65 69   728 
65 70   303 
65 71   812 
65 72   677 
65 73   280 
65 74    11 
65 75   453 
65 76   318 
65 77   591 
65 78   360 
65 79   222 
65 80   725 
66 68   386 
66 69   297 
66 70    82 
66 71    17 
66 72   741 
66 73    78 
66 74   531 
66 75   358 
66 76   838 
66 77   678 
66 78   141 
66 79   367 
66 80   862 
67 69   728 
67 70   390 
67 71   880 
67 72   847 
67 73    23 
67 74   496 
67 75   215 
67 76   682 
67 77   657 
67 78   544 
67 79   599 
67 80   924 
68 70   319 
68 71   775 
68 72   673 
68 73   693 
68 74   728 
68 75     6 
68 76   752 
68 77   384 
68 78   703 
68 79   159 
68 80    65 
69 71   265 
69 72   967 
69 73   561 
69 74   473 
69 75   805 
69 76    93 
69 77   661 
69 78   783 
69 79   465 
69 80   595 
70 72   934 
70 73   982 
70 74   575 
70 75   420 
70 76   539 
70 77   819 
70 78   569 
70 79   833 
70 80   726 
71 73   920 
71 74   522 
71 75   909 
71 76   252 
71 77   211 
71 78    64 
71 79   881 
71 80   857 
72 74    46 
72 75   484 
72 76   172 
72 77   203 
72 78   500 
72 79   819 
72 80   744 
73 75   259 
73 76   747 
73 77   339 
73 78   420 
73 79   985 
73 80   433 
74 76   192 
74 77   932 
74 78   596 
74 79   121 
74 80   621 
75 77   775 
75 78   336 
75 79   776 
75 80   672 
76 78   612 
76 79   618 
76 80   224 
77 79   866 
77 80   528 
78 80   172 
0 
0 
0 
0 
0 
0 
0 
0 
0 
0 
0 
0 
0 
0 
0 
0 
0 
0 
0 
0 
0 
0 
0 
0 
0 
0 
0 
0 
0 
0 
0 
0 
0 
0 
0 
0 
0 
0 
0 
0 
0 
0 
0 
0 
0 
0 
0 
0 
0 
0 
0 
0 
0 
0 
0 
0 
0 
0 
0 
0 
0 
0 
0 
0 
0 
0 
0 
0 
0 
0 
0 
0 
0 
0 
0 
0 
0 
0 
0 
0 
  898   775 
  623   403 
  490   916 
  734   413 
  962   115 
  984    91 
  371   152 
  273   458 
  855   590 
   64    85 
  622    85 
  150   570 
  189   358 
  638   164 
  990   955 
  714   328 
   92   929 
  742   396 
  622    39 
  280   207 
  876   139 
  238   429 
  650   812 
  401   799 
  377   864 
  504   574 
  511   532 
   75   529 
  978    90 
  996   512 
  177   633 
  475   281 
  794   149 
  800   230 
  432   845 
  659   451 
  171    52 
  876   627 
  738   589 
  845   307 
   41   312 
  278   211 
  537   363 
  113    63 
  775   430 
  874   313 
  179    42 
  425   917 
  218   749 
  967   578 
  213    87 
  948   275 
  825   967 
  326   876 
  618    49 
  352   282 
  579   957 
  576   464 
  956   406 
  695   310 
  779   953 
  291   166 
  833   383 
  914   722 
   51   870 
  901   643 
  307   237 
  425   726 
  775   690 
  693   328 
   76   869 
  897   688 
  775   832 
  931   505 
  816   211 
  960   539 
  689   931 
  158   884 
  894   253 
  531   915 
