80 773 
1 41   189 
1 42   287 
2 42    88 
2 43   893 
3 43   176 
3 44   124 
4 44   235 
4 45   315 
5 45   484 
5 46   430 
6 46   355 
6 47   892 
7 47   122 
7 48   548 
8 48   681 
8 49   357 
9 49   688 
9 50    69 
10 50   854 
10 51   704 
11 51   201 
11 52    11 
12 52   518 
12 53   353 
13 53   353 
13 54   362 
14 54   295 
14 55   694 
15 55   740 
15 56   130 
16 56   244 
16 57   808 
17 57   287 
17 58   602 
18 58   199 
18 59   206 
19 59   802 
19 60   661 
20 60   947 
20 61    61 
21 61   997 
21 62   588 
22 62    74 
22 63   892 
23 63   436 
23 64   708 
24 64   541 
24 65   527 
25 65   306 
25 66   117 
26 66   500 
26 67   209 
27 67   941 
27 68   528 
28 68   110 
28 69   252 
29 69   312 
29 70   331 
30 70   702 
30 71   518 
31 71   671 
31 72   725 
32 72   848 
32 73   724 
33 73   331 
33 74   824 
34 74   663 
34 75   553 
35 75   403 
35 76   843 
36 76   725 
36 77    44 
37 77   945 
37 78   411 
38 78   730 
38 79   965 
39 79   162 
39 80    35 
40 80   541 
1 46   408 
1 50   277 
1 52   441 
1 56    77 
1 67    77 
1 69   392 
1 72   394 
1 73   240 
1 75    59 
1 76   414 
1 77   226 
2 44   368 
2 45     7 
2 46   234 
2 48    68 
2 52   356 
2 53   270 
2 54   373 
2 56   174 
2 57   437 
2 59   283 
2 63   199 
2 64   376 
2 70   295 
2 74   165 
2 78   320 
2 80   125 
3 41   317 
3 42   428 
3 46   100 
3 48   185 
3 49   196 
3 51   256 
3 52   270 
3 54   235 
3 55    88 
3 57   191 
3 61   354 
3 63   445 
3 67   228 
3 68   196 
3 69   163 
3 71   278 
3 75   170 
3 76    84 
3 77   327 
3 78   292 
3 79   224 
4 41    86 
4 49   203 
4 58   243 
4 59   412 
4 61    91 
4 62    58 
4 63    54 
4 64   234 
4 65   423 
4 66    76 
4 67   368 
4 69   385 
4 70   397 
4 71   135 
4 74   220 
4 75     3 
4 77    99 
4 78   262 
4 79   195 
4 80   263 
5 42   267 
5 44   188 
5 48    74 
5 50   207 
5 51    64 
5 52    87 
5 59   236 
5 62   297 
5 65    42 
5 66    45 
5 68   448 
5 70   443 
5 74    16 
5 75   366 
5 77   176 
5 78   395 
6 43    21 
6 49   365 
6 50    45 
6 54   131 
6 57    98 
6 58   392 
6 61    35 
6 67    77 
6 68   277 
6 69   415 
6 74    36 
6 75     5 
6 76    44 
6 77   335 
6 78    12 
7 41   181 
7 42    22 
7 43   218 
7 44   433 
7 46    27 
7 50    73 
7 59   406 
7 60   171 
7 61   424 
7 63    33 
7 64   261 
7 65   232 
7 67   110 
7 68   374 
7 70   348 
7 71    93 
7 74   132 
7 76   411 
8 41   368 
8 42   285 
8 43   447 
8 44   383 
8 51   204 
8 52    82 
8 53   184 
8 56   250 
8 57   178 
8 59   332 
8 60   176 
8 61   327 
8 62   111 
8 65    99 
8 66   111 
8 67    87 
8 69   199 
8 70   260 
8 73   450 
8 76    59 
9 41   182 
9 43    44 
9 45    84 
9 55   213 
9 56    69 
9 57   384 
9 58   308 
9 59   109 
9 60   388 
9 62   279 
9 63   154 
9 66   132 
9 72   407 
9 76   328 
9 77   311 
10 41   137 
10 42   336 
10 44   357 
10 46   278 
10 47   244 
10 53   132 
10 55   365 
10 56   309 
10 57   257 
10 61    30 
10 68   425 
10 69   370 
10 76    54 
10 78   164 
10 80    14 
11 42   364 
11 43   251 
11 44   182 
11 45   116 
11 47   401 
11 49   341 
11 50   226 
11 53   261 
11 59   265 
11 60   138 
11 63   206 
11 64   288 
11 69   326 
11 70   113 
11 72    99 
11 73   401 
11 78   331 
11 79   218 
11 80   367 
12 41   227 
12 42    90 
12 45   257 
12 48   122 
12 50   365 
12 51   137 
12 55   375 
12 56   114 
12 58   251 
12 59   319 
12 60    46 
12 61    78 
12 62   182 
12 63   383 
12 64    27 
12 67   417 
12 69   223 
12 74   161 
12 76   327 
12 78   165 
12 79   233 
12 80    81 
13 41   313 
13 43   444 
13 44    48 
13 45   222 
13 46   423 
13 52   115 
13 60    22 
13 61   177 
13 63   300 
13 64   431 
13 66   441 
13 67   105 
13 69    27 
13 72   361 
13 73   136 
13 74    27 
13 75   152 
13 76   375 
13 80    83 
14 42    70 
14 43    54 
14 44   320 
14 45   366 
14 48   365 
14 50    43 
14 51   304 
14 59    54 
14 61   431 
14 64   140 
14 65   303 
14 66   340 
14 67     5 
14 68   278 
14 69   202 
14 72   209 
14 73    73 
14 74    52 
14 75   348 
14 76   211 
14 78   443 
14 80    55 
15 43   306 
15 44   322 
15 46   154 
15 47   435 
15 54    33 
15 57   126 
15 62   425 
15 66    63 
15 68   438 
15 69   442 
15 70   291 
15 71    80 
15 73   347 
15 75    54 
15 76   384 
16 41   291 
16 44    58 
16 46   248 
16 55   209 
16 58     1 
16 59   447 
16 60   135 
16 62   226 
16 63    24 
16 64   265 
16 66    17 
16 67   277 
16 68   449 
16 69   411 
16 71   282 
16 73   144 
16 74    56 
16 77   225 
16 79   202 
16 80   404 
17 42   441 
17 43   157 
17 44   410 
17 45   339 
17 54   252 
17 56   402 
17 60   322 
17 61    99 
17 62   230 
17 63   344 
17 64    64 
17 65   243 
17 69   339 
17 71   256 
17 72   207 
17 74   230 
17 79   127 
18 45    11 
18 47   338 
18 49   333 
18 50    57 
18 54    92 
18 64     1 
18 65   336 
18 66   262 
18 68   177 
18 69   270 
18 70   422 
18 71   231 
18 72   153 
18 73    53 
18 74   332 
18 75   441 
18 76   233 
18 77   232 
19 41    89 
19 42   318 
19 47   174 
19 48   241 
19 50    64 
19 52   341 
19 56   125 
19 57   198 
19 63   283 
19 66   127 
19 67   208 
19 68   403 
19 71   241 
19 72   196 
19 76   450 
19 77   185 
20 42   252 
20 49   259 
20 50   298 
20 53   253 
20 54   187 
20 55   346 
20 58   445 
20 59   245 
20 62   249 
20 63   367 
20 66   362 
20 68     9 
20 73   371 
20 74    74 
20 75   334 
20 77    32 
20 80   405 
21 43    44 
21 47    61 
21 48    47 
21 50   148 
21 52   112 
21 54   217 
21 55    56 
21 56   392 
21 58   397 
21 60   308 
21 63   198 
21 64    91 
21 67    84 
21 71    43 
21 76   441 
21 77   394 
21 78   149 
22 41   258 
22 44   379 
22 45   280 
22 46   179 
22 49   100 
22 51   220 
22 53   421 
22 55   220 
22 58   196 
22 59   154 
22 67   169 
22 68   364 
22 69   303 
22 70   235 
22 72   210 
22 73    54 
22 77   348 
22 79   249 
22 80   395 
23 42   298 
23 43    95 
23 45    17 
23 47   323 
23 48   103 
23 49   192 
23 50   347 
23 51   423 
23 56   103 
23 61   403 
23 65   405 
23 66   311 
23 67   236 
23 69    34 
23 72   270 
23 73   194 
23 74    95 
23 77   187 
23 79   256 
24 45   120 
24 46    69 
24 47   315 
24 51   204 
24 52    54 
24 53   316 
24 54     9 
24 55   281 
24 56   363 
24 59   443 
24 60    89 
24 61    69 
24 67   212 
24 68   445 
24 72   323 
24 74   395 
24 75   173 
25 42   364 
25 46   278 
25 47   245 
25 48   389 
25 50   108 
25 53   185 
25 54   358 
25 59   376 
25 63   348 
25 68   351 
25 69   434 
25 71   355 
25 73   138 
25 75   429 
25 79   314 
25 80    67 
26 41   189 
26 42   292 
26 43   283 
26 44    17 
26 46   403 
26 48   288 
26 51    30 
26 53     4 
26 55   221 
26 57   442 
26 60   353 
26 63   372 
26 69   239 
26 71   156 
26 72    53 
26 74   358 
26 78    27 
27 41   288 
27 46   229 
27 47   426 
27 48   342 
27 52    48 
27 53   316 
27 54   319 
27 60   190 
27 62    78 
27 63   285 
27 65   243 
27 66   389 
27 69   410 
27 74   327 
27 75   191 
27 76   144 
27 78    47 
28 41    98 
28 44   257 
28 45   219 
28 49   365 
28 50   257 
28 52    40 
28 55   213 
28 56    85 
28 58    28 
28 59   193 
28 60   432 
28 61    53 
28 62   171 
28 70   335 
28 74   111 
28 75    55 
28 77   355 
28 78   147 
28 80   132 
29 41   378 
29 43   274 
29 44   223 
29 46    94 
29 47     4 
29 49    35 
29 56   215 
29 65   233 
29 71   244 
29 76   209 
30 41    85 
30 53   339 
30 54   280 
30 55    48 
30 59   367 
30 60   358 
30 61   145 
30 64   103 
30 66   316 
30 75   445 
30 78     8 
30 79   339 
31 43   104 
31 46   123 
31 48   183 
31 52    35 
31 53   309 
31 55   388 
31 56   313 
31 58    41 
31 59   220 
31 63   317 
31 68   256 
31 69   278 
31 70   177 
31 73   305 
31 78   301 
32 41   318 
32 45    71 
32 50   300 
32 55   124 
32 56   128 
32 57   305 
32 58   124 
32 59   326 
32 61   439 
32 62     2 
32 64   295 
32 65    87 
32 66   414 
32 69    11 
32 74    58 
32 76   168 
32 77    39 
32 78    16 
32 79   111 
33 41    74 
33 42   169 
33 44    89 
33 45   447 
33 46   251 
33 48     3 
33 49   331 
33 50   299 
33 52   176 
33 54   384 
33 55   332 
33 56    39 
33 57    15 
33 60   318 
33 64   382 
33 66    14 
33 70   373 
33 75   144 
33 78   321 
34 42    48 
34 43    34 
34 46   415 
34 47   146 
34 50   235 
34 52   158 
34 56   216 
34 57    80 
34 59   285 
34 61   338 
34 62   441 
34 63   342 
34 65   154 
34 67   433 
34 68   399 
34 73   222 
35 41   134 
35 46   328 
35 47    81 
35 49   185 
35 50   202 
35 53   312 
35 54   275 
35 55   251 
35 56    22 
35 57   116 
35 59   146 
35 60   291 
35 61   286 
35 62   376 
35 64    91 
35 70   152 
35 71   447 
35 72   207 
35 74   139 
35 77    97 
35 79    26 
35 80   192 
36 41   326 
36 42    52 
36 44   171 
36 45   313 
36 46    49 
36 47    64 
36 49   137 
36 51   259 
36 52    84 
36 54    46 
36 59   317 
36 60   338 
36 61   284 
36 62   163 
36 65    45 
36 66   448 
36 67   170 
36 72    55 
36 74   230 
36 78   136 
36 79   221 
36 80   173 
37 43   369 
37 44   372 
37 46    98 
37 50   236 
37 59   393 
37 60   175 
37 61   247 
37 63   309 
37 64   251 
37 66   204 
37 67   108 
37 68   251 
37 70   270 
37 73   348 
38 41    79 
38 42   327 
38 43   211 
38 45   420 
38 47   181 
38 48    50 
38 51    71 
38 52   232 
38 54   204 
38 55   217 
38 56    65 
38 57    27 
38 59    19 
38 62   245 
38 63    13 
38 66   410 
38 67   252 
38 70   271 
38 73   367 
38 74   244 
38 76   116 
38 77   397 
38 80   412 
39 41   208 
39 45    80 
39 46   306 
39 47   171 
39 48   286 
39 50   229 
39 53   393 
39 55   372 
39 58   277 
39 61    13 
39 62   329 
39 63    97 
39 64   110 
39 65   347 
39 66    89 
39 70    16 
39 72   396 
39 75   352 
39 77   165 
40 42   251 
40 44    85 
40 53    78 
40 57   166 
40 59    52 
40 61   119 
40 64    14 
40 75   415 
40 77    21 
40 79   132 
0 
0 
0 
0 
0 
0 
0 
0 
0 
0 
0 
0 
0 
0 
0 
0 
0 
0 
0 
0 
0 
0 
0 
0 
0 
0 
0 
0 
0 
0 
0 
0 
0 
0 
0 
0 
0 
0 
0 
0 
0 
0 
0 
0 
0 
0 
0 
0 
0 
0 
0 
0 
0 
0 
0 
0 
0 
0 
0 
0 
0 
0 
0 
0 
0 
0 
0 
0 
0 
0 
0 
0 
0 
0 
0 
0 
0 
0 
0 
0 
   77   804 
  846   711 
  543     3 
  518   110 
  372   157 
  699   717 
  951   365 
  880   259 
  929    11 
  846     0 
  256   193 
  555   129 
   51   894 
   61   795 
  577   555 
  507   943 
  460   664 
   72   984 
  673   797 
  503   354 
  261   701 
  548   635 
   94   700 
  761   598 
  738   126 
  369   123 
  784   430 
  382    92 
  872   458 
  520    12 
  544   659 
  866   131 
  104   525 
  910   896 
  224   198 
  981    19 
  905    33 
  725   938 
  236   529 
  191   999 
  868   857 
  677   807 
   72   111 
  480   718 
  647   762 
  566   621 
  924    64 
  655   221 
  885    76 
  238   606 
  339   216 
  934   807 
  831   519 
  954   372 
  157   992 
  232   641 
  960   141 
  761   299 
  544   708 
   46   838 
  438   283 
  618   731 
  376   758 
  797   879 
  166   385 
  145   427 
  408   612 
  534   399 
  442   740 
  880   214 
  732   706 
  386   848 
  154   162 
  328   809 
  496   592 
  837   853 
  428   402 
  271   403 
  155   479 
   14   542 
80 1495 
1 2   227 
2 3   135 
3 4   560 
4 5   664 
5 6    72 
6 7   650 
7 8   413 
8 9   966 
9 10   965 
10 11   344 
11 12   937 
12 13   689 
13 14   858 
14 15   817 
15 16   501 
16 17   229 
17 18   434 
18 19   812 
19 20   340 
20 21   777 
21 22   634 
22 23   464 
23 24   105 
24 25   565 
25 26   680 
26 27    39 
27 28   154 
28 29   878 
29 30    85 
30 31   403 
31 32     0 
32 33   535 
33 34   246 
34 35   698 
35 36   785 
36 37    94 
37 38   135 
38 39   880 
39 40   574 
40 41   408 
41 42   461 
42 43   526 
43 44   428 
44 45   618 
45 46   736 
46 47   506 
47 48   605 
48 49   393 
49 50   627 
50 51   531 
51 52   804 
52 53   726 
53 54   164 
54 55   670 
55 56   711 
56 57   763 
57 58   877 
58 59   635 
59 60    45 
60 61   175 
61 62   462 
62 63   764 
63 64   237 
64 65   823 
65 66   895 
66 67   588 
67 68   943 
68 69   815 
69 70   510 
70 71   794 
71 72   963 
72 73   823 
73 74   618 
74 75    47 
75 76    35 
76 77   502 
77 78   701 
78 79   644 
79 80   871 
1 3   128 
1 4   784 
1 10   325 
1 11   848 
1 12   358 
1 13    59 
1 18    44 
1 20   401 
1 22   990 
1 23   745 
1 28    83 
1 29   789 
1 30   393 
1 32   992 
1 33   670 
1 38   285 
1 47   674 
1 48   948 
1 49   247 
1 53   711 
1 61   867 
1 66   390 
1 69   480 
1 71   341 
1 73   846 
1 74   342 
1 76   794 
1 80   151 
2 5   109 
2 7   617 
2 10   661 
2 11   686 
2 13   707 
2 14   113 
2 16     3 
2 17    79 
2 18   167 
2 19   956 
2 20   880 
2 24   278 
2 27   178 
2 28   941 
2 31   750 
2 32   634 
2 33   453 
2 35   892 
2 38   734 
2 41   673 
2 42   787 
2 43   727 
2 49   353 
2 52   273 
2 53   571 
2 55   410 
2 58   258 
2 61   550 
2 62   663 
2 64   459 
2 65   863 
2 66   282 
2 70   259 
2 71   736 
2 72   360 
2 73   473 
2 74   394 
2 78   852 
3 5   368 
3 8   144 
3 13   719 
3 15   672 
3 16   955 
3 17   296 
3 23   385 
3 25   211 
3 27   756 
3 30   485 
3 32   806 
3 33   641 
3 36   720 
3 38   792 
3 42   474 
3 44   352 
3 50   176 
3 53   839 
3 55   310 
3 57   368 
3 58   735 
3 60   924 
3 61    30 
3 65   235 
3 67   954 
3 71   848 
3 72   292 
3 76   787 
4 6   430 
4 7   926 
4 9   940 
4 10   173 
4 12   963 
4 14   996 
4 18   750 
4 19   609 
4 21    13 
4 22   186 
4 24   190 
4 26   309 
4 27   473 
4 29   886 
4 30   469 
4 31   215 
4 32   329 
4 34   589 
4 35   285 
4 47   158 
4 49   944 
4 52   466 
4 53   676 
4 56    49 
4 61   726 
4 63   713 
4 69   196 
4 74   260 
4 75   276 
4 76   285 
4 80   936 
5 7   112 
5 8   582 
5 9   696 
5 10   886 
5 11   802 
5 17   344 
5 19   305 
5 24   128 
5 26   352 
5 27   586 
5 38   198 
5 39   463 
5 40   121 
5 42   386 
5 43   978 
5 45   611 
5 48   590 
5 54   298 
5 58     1 
5 59   133 
5 61   200 
5 66   456 
5 67   201 
5 68    24 
5 70   180 
5 76   631 
5 77   204 
6 8   665 
6 10   863 
6 14   364 
6 17   531 
6 18   250 
6 19   672 
6 20   286 
6 22   443 
6 24   774 
6 26   839 
6 31    12 
6 34    38 
6 36   947 
6 37   161 
6 38   563 
6 39   616 
6 40   506 
6 42   637 
6 44   242 
6 45   678 
6 46   214 
6 47   944 
6 52   779 
6 54   695 
6 55   102 
6 58   113 
6 60   739 
6 64   320 
6 65    91 
6 66    12 
6 68   846 
6 69   577 
6 71   446 
6 73   202 
6 74   648 
6 75   791 
6 80   600 
7 9   622 
7 10    79 
7 12   754 
7 13   738 
7 16   980 
7 17   969 
7 21   315 
7 27   693 
7 29   378 
7 30   140 
7 31   705 
7 34   241 
7 35   826 
7 38   320 
7 39   304 
7 44   826 
7 45    45 
7 51   891 
7 52   462 
7 55   146 
7 56   385 
7 57   978 
7 58   405 
7 60   594 
7 61   670 
7 62   568 
7 63   703 
7 66   658 
7 68     3 
7 69   709 
7 72   285 
7 73   146 
7 74     4 
7 78   613 
7 80   528 
8 10   677 
8 11   724 
8 14   997 
8 16   399 
8 17   930 
8 18   382 
8 19   103 
8 21   351 
8 22   616 
8 23   833 
8 27   344 
8 29   397 
8 30   396 
8 31   261 
8 33   535 
8 34   301 
8 37   411 
8 39   649 
8 40   469 
8 41   610 
8 44   738 
8 46   962 
8 47    24 
8 49   547 
8 50   636 
8 51   620 
8 52   393 
8 56   845 
8 57   690 
8 59   398 
8 60   335 
8 63   536 
8 66   475 
8 67   607 
8 70   225 
8 72   312 
8 75   471 
8 78   763 
8 79   770 
8 80   521 
9 11    33 
9 12   785 
9 13   940 
9 14   165 
9 17   463 
9 18    48 
9 23   954 
9 25   928 
9 27   640 
9 28   466 
9 30   150 
9 32   143 
9 38   698 
9 39    62 
9 41   689 
9 43   629 
9 44   915 
9 48    82 
9 49   261 
9 51   180 
9 52   755 
9 59   705 
9 62   245 
9 63   847 
9 64   644 
9 65   726 
9 66   781 
9 67   325 
9 70   598 
9 74   950 
9 75   703 
9 78   508 
9 80   134 
10 13   743 
10 16   761 
10 17   738 
10 18   825 
10 21   556 
10 23   164 
10 25   688 
10 27   486 
10 28   647 
10 29   607 
10 33   852 
10 39   726 
10 40   333 
10 41    40 
10 42   596 
10 44    85 
10 46   396 
10 50   719 
10 52   744 
10 54   182 
10 58   910 
10 61   869 
10 62    76 
10 64   902 
10 65    45 
10 66   632 
10 69   976 
10 70   731 
10 73   123 
10 74   698 
10 75   427 
10 78   356 
10 79   753 
10 80   830 
11 19   547 
11 20   454 
11 21   415 
11 22   387 
11 26   689 
11 29   611 
11 30   101 
11 32   972 
11 33   743 
11 35    24 
11 38   153 
11 39   427 
11 45   304 
11 47   248 
11 49   501 
11 50   329 
11 51   570 
11 53    18 
11 54   355 
11 55   460 
11 58    13 
11 62     7 
11 64   710 
11 65   799 
11 70   627 
11 72   429 
11 74   483 
11 76   349 
11 77   400 
11 79   348 
11 80   566 
12 14   694 
12 16   277 
12 19   686 
12 27   247 
12 28   166 
12 29   174 
12 30   112 
12 31   455 
12 38   717 
12 39    58 
12 45   323 
12 46    94 
12 49   274 
12 50   314 
12 51   227 
12 53   500 
12 54   273 
12 57   628 
12 60   735 
12 61   620 
12 62    14 
12 66   920 
12 68   304 
12 70   192 
12 72   645 
12 76   150 
12 78    55 
12 79    76 
12 80   120 
13 15   982 
13 17   987 
13 19   285 
13 21   560 
13 24   222 
13 26   770 
13 27   236 
13 28   626 
13 31   510 
13 32   227 
13 33   670 
13 35   295 
13 36   471 
13 37   747 
13 39   810 
13 41   418 
13 42   471 
13 46   857 
13 48   686 
13 49   904 
13 51   307 
13 54   248 
13 56   468 
13 58   170 
13 59   780 
13 63   371 
13 65   669 
13 66    96 
13 68   624 
13 70   381 
13 71   236 
13 72   682 
13 73   574 
13 77   371 
13 78   223 
14 17   781 
14 18   712 
14 20   165 
14 21   880 
14 26   905 
14 32   823 
14 33   401 
14 34   191 
14 35   366 
14 43   751 
14 44   591 
14 45   398 
14 49   273 
14 51   883 
14 54   273 
14 58   831 
14 59   414 
14 60   336 
14 61   275 
14 62   367 
14 63   586 
14 65   791 
14 71   625 
14 73   950 
14 75   980 
14 77   743 
14 80   292 
15 20   848 
15 23   944 
15 24   967 
15 25   418 
15 27   882 
15 29   563 
15 30   821 
15 31   637 
15 32   593 
15 33   552 
15 35   740 
15 37   229 
15 38   822 
15 39   830 
15 42   349 
15 43   302 
15 44    32 
15 45   673 
15 47   537 
15 48   288 
15 51   886 
15 52   252 
15 54   415 
15 57   511 
15 59    84 
15 60   602 
15 61   317 
15 62    54 
15 63    82 
15 66   266 
15 70   224 
15 77   980 
15 79   595 
16 20   900 
16 21   436 
16 22   823 
16 24   461 
16 25   232 
16 26   685 
16 30   492 
16 31   549 
16 33   261 
16 34   798 
16 36   583 
16 37   206 
16 38    14 
16 39   123 
16 40   580 
16 47   985 
16 50   547 
16 51   553 
16 53   248 
16 59   230 
16 66   966 
16 69   626 
16 71   740 
16 72   405 
16 75    56 
16 77   902 
16 78   512 
17 19   940 
17 24    44 
17 26   329 
17 28   657 
17 31   868 
17 35   571 
17 38   941 
17 39   740 
17 40   845 
17 41   152 
17 46   732 
17 50   859 
17 53   473 
17 54   392 
17 58   109 
17 59   621 
17 60   783 
17 61    74 
17 62   967 
17 69   562 
17 71   214 
17 72   737 
17 73   691 
17 74    71 
17 75   426 
17 76   317 
17 78   164 
18 20   514 
18 29   375 
18 32   449 
18 33   218 
18 35   623 
18 38   681 
18 39   877 
18 40    25 
18 41   765 
18 43   706 
18 44   718 
18 46   289 
18 48   742 
18 49   894 
18 51   908 
18 53   693 
18 56   645 
18 59   644 
18 61   368 
18 62   424 
18 65    66 
18 72   349 
18 73   766 
18 74   344 
18 75   922 
18 80   725 
19 22   568 
19 23   489 
19 25   634 
19 28   608 
19 30   240 
19 32   971 
19 36   334 
19 37   175 
19 41   861 
19 44    59 
19 47   627 
19 48   309 
19 51   999 
19 54   390 
19 57   110 
19 59   649 
19 60   324 
19 62   975 
19 66   556 
19 69   159 
19 70   485 
19 74   294 
19 77   407 
19 78   893 
19 80   735 
20 22   375 
20 23    56 
20 27   537 
20 28    76 
20 29   877 
20 30   151 
20 36   834 
20 37   680 
20 40   411 
20 46    19 
20 48   253 
20 49   849 
20 53   241 
20 56   928 
20 58   690 
20 62   582 
20 64   300 
20 65   795 
20 67   343 
20 72   351 
20 74   750 
20 77   587 
20 79   108 
21 24   150 
21 25   519 
21 26   928 
21 28   575 
21 29   663 
21 31   683 
21 32   528 
21 33   711 
21 34    75 
21 42   615 
21 44   294 
21 46    11 
21 48   624 
21 50   909 
21 51   112 
21 54   692 
21 55   296 
21 56   737 
21 58   597 
21 59   522 
21 64   581 
21 66   993 
21 68   599 
21 71   872 
21 76   328 
21 78   208 
21 79   271 
21 80   759 
22 26   187 
22 28    13 
22 29   912 
22 30   461 
22 32   300 
22 33   299 
22 34   344 
22 35   372 
22 36   865 
22 38   669 
22 44   215 
22 47   910 
22 52   182 
22 56   295 
22 58   846 
22 59   237 
22 62   147 
22 63   977 
22 65   193 
22 66   279 
22 69   877 
22 70   238 
22 72    96 
22 74   197 
22 76   880 
23 25   715 
23 26   829 
23 32   291 
23 33   263 
23 38   531 
23 40   463 
23 42   885 
23 47   287 
23 48   423 
23 50   731 
23 52   227 
23 54   284 
23 55   830 
23 57   868 
23 61   518 
23 62   640 
23 66   774 
23 72   805 
23 73   977 
23 74   815 
23 76   295 
23 77   480 
23 80   236 
24 26   739 
24 27   158 
24 28   613 
24 30   646 
24 31   193 
24 33   694 
24 35   742 
24 37   364 
24 39   391 
24 41   324 
24 43   555 
24 44   261 
24 45   174 
24 48   616 
24 49   173 
24 50   899 
24 52   724 
24 55   925 
24 59   500 
24 60   171 
24 61   623 
24 64   912 
24 66   114 
24 67   635 
24 69   939 
24 70   587 
24 71   126 
24 72   252 
24 73   520 
24 75   479 
24 76   413 
24 78   368 
24 80   396 
25 30   668 
25 33   904 
25 38   644 
25 40   866 
25 41   811 
25 43   326 
25 47   260 
25 48   778 
25 49   324 
25 54   625 
25 55   682 
25 57   989 
25 58   129 
25 62   376 
25 63   358 
25 72   553 
25 73   937 
25 76   317 
25 79    37 
26 28   828 
26 29    36 
26 30   123 
26 32   688 
26 33   201 
26 35    75 
26 37   476 
26 38   580 
26 39   456 
26 40   857 
26 41   883 
26 45   142 
26 47   244 
26 48   470 
26 49   781 
26 50   825 
26 51   839 
26 53   851 
26 56   586 
26 60   664 
26 62   268 
26 63   634 
26 67   181 
26 68   987 
26 71   223 
26 72   203 
26 73   321 
26 76   513 
27 30   292 
27 32   598 
27 35   982 
27 36   333 
27 39   848 
27 40   255 
27 43   765 
27 45   747 
27 46   906 
27 48   184 
27 56   174 
27 57    83 
27 59   274 
27 60   450 
27 62   316 
27 63   705 
27 64   938 
27 68   452 
27 70   302 
27 71    58 
27 73   521 
27 74   481 
27 77    58 
27 78   571 
27 79    94 
28 30   717 
28 34   701 
28 37   718 
28 45   109 
28 47   397 
28 48   962 
28 51    92 
28 54    22 
28 57   224 
28 58   753 
28 60   548 
28 62   689 
28 64   806 
28 65   632 
28 66   218 
28 68   743 
28 70   980 
28 71   264 
28 74   880 
28 76   324 
28 79   399 
29 33   832 
29 34   442 
29 36   562 
29 39   481 
29 42   541 
29 43   220 
29 45   228 
29 46   712 
29 50    25 
29 52   184 
29 54   220 
29 56   541 
29 60   939 
29 61   673 
29 62   896 
29 64   383 
29 66   523 
29 67   892 
29 68   104 
29 69   839 
29 72   658 
29 73   390 
29 79   174 
30 34   387 
30 36   443 
30 39    68 
30 46   872 
30 48   728 
30 49   324 
30 50   799 
30 53   525 
30 55   475 
30 57   310 
30 63     0 
30 65   396 
30 69   535 
30 70   594 
30 71   710 
30 73   278 
30 74   798 
30 77   180 
30 78   782 
30 79   631 
30 80    57 
31 33   418 
31 35   523 
31 36   714 
31 37   436 
31 41     0 
31 44   819 
31 49   807 
31 50   762 
31 52    68 
31 53   293 
31 55   301 
31 59   209 
31 61   559 
31 64   764 
31 66   793 
31 70   232 
31 71   117 
31 74   368 
31 76   321 
31 79   743 
31 80   840 
32 34   205 
32 35   650 
32 37   415 
32 38   135 
32 39   100 
32 40   994 
32 41   714 
32 43   318 
32 44   431 
32 46   523 
32 47   653 
32 48   942 
32 52   516 
32 54   632 
32 56   379 
32 58    45 
32 63   636 
32 66   933 
32 70   113 
32 72   509 
32 73   919 
32 74   759 
32 78   910 
33 35   499 
33 42   827 
33 43   492 
33 44    46 
33 47   569 
33 48   286 
33 49   403 
33 50   961 
33 55    98 
33 57    14 
33 58   146 
33 59     0 
33 60   290 
33 63   163 
33 64   119 
33 66   542 
33 67   854 
33 71   976 
33 74   771 
33 78   434 
33 79   282 
33 80   223 
34 39   963 
34 42    91 
34 45   366 
34 46   289 
34 47   946 
34 49   472 
34 50   451 
34 51   339 
34 52   956 
34 54   176 
34 58   664 
34 59   413 
34 62   732 
34 63   158 
34 67   130 
34 69   570 
34 71   874 
34 72   674 
34 73   879 
34 75   757 
34 76   579 
34 78   166 
35 40   730 
35 41    83 
35 44   247 
35 45   677 
35 46   773 
35 47   498 
35 49   629 
35 50   460 
35 52    43 
35 53   963 
35 55   713 
35 58   102 
35 60   774 
35 63   451 
35 64   297 
35 66   247 
35 67   462 
35 72   734 
35 74   256 
35 75   755 
35 76   784 
35 77   269 
35 78   813 
35 79   830 
36 38   830 
36 40   904 
36 44   152 
36 45   591 
36 46    84 
36 47   763 
36 49   940 
36 50   847 
36 51   605 
36 52    32 
36 53   150 
36 55   749 
36 58    69 
36 59   111 
36 60   846 
36 61   459 
36 62   927 
36 64   167 
36 67   998 
36 69   172 
36 70   415 
36 71   283 
36 72   370 
36 73   427 
36 74   586 
36 77   106 
36 78   300 
36 80   411 
37 40   150 
37 41   615 
37 43   381 
37 44   798 
37 45   333 
37 46   179 
37 52   718 
37 53   327 
37 55   794 
37 56    93 
37 60   336 
37 61   719 
37 64   465 
37 66   800 
37 69   149 
37 71   765 
37 72   158 
37 74   951 
37 75   843 
37 76   505 
37 77   927 
37 78   994 
37 79    39 
38 40   521 
38 41   962 
38 43   748 
38 45   423 
38 46   870 
38 48   986 
38 50   196 
38 51   685 
38 56    11 
38 57    66 
38 59   534 
38 63   641 
38 65   161 
38 66   198 
38 67   197 
38 71   845 
38 75   954 
39 41   149 
39 43   429 
39 44   129 
39 47   702 
39 50   262 
39 54   529 
39 55   196 
39 56   559 
39 58   823 
39 63   512 
39 64   461 
39 69    77 
39 73   487 
39 75   663 
39 76   424 
39 77   487 
39 78   640 
39 79   541 
40 44   412 
40 45   282 
40 50   297 
40 51   995 
40 56   517 
40 60   609 
40 61   226 
40 65    61 
40 66   238 
40 67   143 
40 69   944 
40 73   643 
40 75   301 
40 76   196 
40 77   390 
40 78    69 
41 43   258 
41 44   164 
41 47   928 
41 49   996 
41 54   846 
41 58   930 
41 62   873 
41 66   133 
41 68   719 
41 69   390 
41 70   833 
41 73   232 
41 76    33 
41 79   983 
42 45   712 
42 47   620 
42 49    88 
42 50   204 
42 54   381 
42 55    65 
42 56    64 
42 58   236 
42 62   633 
42 67   532 
42 71    20 
42 75   206 
42 76   572 
42 77   453 
43 45   372 
43 47   103 
43 49   119 
43 57   381 
43 60   207 
43 61    17 
43 62   599 
43 63   241 
43 64   618 
43 68    45 
43 69   555 
43 71   444 
43 72   993 
43 75   728 
44 46   882 
44 51   717 
44 53   668 
44 55   859 
44 58   983 
44 60   926 
44 61   630 
44 63   109 
44 64   987 
44 65    78 
44 68   644 
44 70     7 
44 71   766 
44 72   298 
44 76   799 
44 78   367 
44 80   667 
45 49   761 
45 50   746 
45 52   153 
45 55    51 
45 56   762 
45 59   734 
45 60   137 
45 62   839 
45 64   755 
45 67   909 
45 70    53 
45 71   266 
45 74   741 
45 75   360 
45 77   803 
45 79   495 
45 80   837 
46 50   894 
46 55   317 
46 56   368 
46 61   621 
46 63   577 
46 66   981 
46 67   499 
46 68     6 
46 69   126 
46 72   848 
46 73   752 
46 76   157 
46 77   303 
46 79   914 
46 80   605 
47 49   714 
47 53   258 
47 57   404 
47 58    81 
47 59   933 
47 62   389 
47 64   803 
47 65   812 
47 68   249 
47 70   392 
47 72    81 
47 73   883 
47 75   918 
47 77   434 
48 50   912 
48 52   746 
48 54    96 
48 56   246 
48 58   184 
48 59   488 
48 61   541 
48 64    93 
48 68    18 
48 69    14 
48 71   582 
48 73   591 
48 74   400 
48 78   718 
48 80   584 
49 52   918 
49 58   151 
49 59    18 
49 61   366 
49 62   933 
49 63   682 
49 66   244 
49 68   491 
49 69   504 
49 72   490 
49 76   250 
50 52    91 
50 55   460 
50 57    22 
50 59   744 
50 61   427 
50 62   629 
50 63   205 
50 67   998 
50 70   898 
50 71   288 
50 76   228 
50 79    78 
51 53   386 
51 60   768 
51 61   994 
51 62   973 
51 63   846 
51 64   483 
51 72   303 
51 73   328 
51 78   322 
51 79   722 
51 80   766 
52 57   358 
52 58   516 
52 60   844 
52 62   377 
52 64   511 
52 66   163 
52 67   397 
52 68   902 
52 71   839 
52 72   302 
52 74   987 
52 77   788 
52 78   385 
52 79   189 
52 80   936 
53 57    41 
53 60   848 
53 61   552 
53 63   268 
53 64   427 
53 65   836 
53 66   595 
53 68   715 
53 73   249 
53 75    59 
53 77   715 
53 80   510 
54 58   197 
54 59    97 
54 60   776 
54 61   609 
54 62   521 
54 63   819 
54 65   547 
54 66   327 
54 67   233 
54 71   559 
54 72   787 
54 73   532 
54 75   938 
54 77   648 
54 78   939 
54 79   808 
54 80    18 
55 58   427 
55 60    35 
55 61   606 
55 62   973 
55 65   775 
55 67    78 
55 69   987 
55 71   359 
55 72   468 
55 73   400 
55 74   939 
55 75   190 
55 76   314 
55 78   416 
55 80   192 
56 58   922 
56 59   937 
56 62   367 
56 67   612 
56 72    87 
56 73   645 
56 77   917 
56 78   425 
56 79   806 
56 80   931 
57 59   991 
57 60   315 
57 61   582 
57 62   135 
57 65   478 
57 68   833 
57 71   462 
57 72   166 
57 73   544 
57 74   940 
57 77   447 
57 78   357 
58 60   181 
58 61    24 
58 64   446 
58 65   817 
58 66   595 
58 68   897 
58 71   948 
58 72   588 
58 73    56 
58 80   109 
59 62   228 
59 63   964 
59 65   235 
59 69    53 
59 71   280 
59 74   264 
59 77   989 
59 80   723 
60 62   915 
60 63   758 
60 66   292 
60 72   976 
60 75   149 
60 76   468 
60 78   917 
60 79   982 
61 65   725 
61 67   990 
61 69   988 
61 71    72 
61 72    95 
61 73   390 
61 74   807 
61 77   714 
62 64   733 
62 68   927 
62 70   213 
62 72   303 
62 74   972 
62 75   156 
62 77   379 
62 79   238 
63 65   420 
63 66   261 
63 68   184 
63 69   639 
63 70   642 
63 71    74 
63 72   914 
63 74   103 
63 76   883 
63 78   887 
63 79   705 
63 80   102 
64 72   620 
64 77   798 
65 67   124 
65 71   681 
65 73   481 
65 74   493 
65 75   318 
65 76   285 
65 78    96 
65 79   575 
65 80   251 
66 68   822 
66 69   807 
66 74   193 
66 77    82 
66 79   272 
67 69    76 
67 70   326 
67 71   234 
67 77   167 
67 78   140 
67 79   416 
68 70   382 
68 71   803 
68 74   411 
68 75    35 
69 71   636 
69 75   875 
69 76   918 
69 77   398 
69 79   668 
69 80   218 
70 72   708 
70 73   753 
70 74   928 
70 75   700 
70 76   745 
70 77   223 
71 74   609 
71 75   473 
71 77    15 
72 76     0 
72 77   594 
73 75   621 
73 78   851 
73 80   100 
74 76   828 
74 77   155 
74 78   898 
74 79   397 
75 78   664 
75 79   249 
76 80   602 
0 
0 
0 
0 
0 
0 
0 
0 
0 
0 
0 
0 
0 
0 
0 
0 
0 
0 
0 
0 
0 
0 
0 
0 
0 
0 
0 
0 
0 
0 
0 
0 
0 
0 
0 
0 
0 
0 
0 
0 
0 
0 
0 
0 
0 
0 
0 
0 
0 
0 
0 
0 
0 
0 
0 
0 
0 
0 
0 
0 
0 
0 
0 
0 
0 
0 
0 
0 
0 
0 
0 
0 
0 
0 
0 
0 
0 
0 
0 
0 
  455   547 
  565   547 
   25   841 
  791   962 
  288   313 
  478   817 
  399   855 
  121   574 
  830   586 
  990   389 
  687   707 
  773   786 
  900   437 
  163   329 
  443   860 
  386   729 
  832   210 
  865   112 
  736   441 
  153   678 
   64   162 
  187   512 
  921   547 
  111   652 
  801   615 
  294   281 
   77   307 
  496   963 
  254   923 
   88   506 
  224    95 
  589   444 
  263   405 
  634   300 
  778   921 
  303    81 
  417   519 
  976    33 
  425   528 
  404    65 
  905   350 
  849   819 
  558   815 
  783   177 
  596    59 
  307   437 
  969   265 
  821   631 
  792   204 
  158   753 
  430   226 
  467   640 
  233   527 
  207   977 
  363   206 
  325   953 
  558   566 
  127    23 
  766   671 
  702   870 
  408   287 
  467   701 
  375   574 
   80   885 
  844   491 
  806   374 
   47   916 
  927   488 
  711   662 
  681   534 
  810   351 
  603   833 
  620    67 
   81   679 
  237   412 
  454   468 
  692   325 
    3   865 
  405   697 
   36   904 
