1000
2000
1     651      91
1     258      80
1    1000      46
1     866      45
2     535      31
2     192       5
2      95      18
2     194      20
3     381      66
3      83      34
3      92      37
3     341      10
4     380      34
4     526      28
4      85      64
4     439      13
5     627      50
5     806      53
5     720      81
5     421      50
6     490      56
6    1000      43
6     791      70
6     238      87
7     180      50
7     284      49
7     855      59
7     690      24
8     927      29
8     412      18
8     177      50
8     509      26
9     746      42
9     246      24
9     101      20
9     167      28
10     755      57
10      41      25
10     138      17
10     510      70
11     455      70
11     152      38
11     955      16
11     137      55
12     221      49
12    1000      49
12     580      56
12     346      42
13     333      21
13     210      36
13     123      65
13     859      50
14     602      10
14     111      37
14    1000      47
14     600      19
15     823      22
15     437      10
15     388      68
15     872      20
16     673      83
16     518      85
16     209      54
16     359      53
17     130      23
17     580      22
17     645      43
17      29      31
18     281       8
18     175      86
18     315      26
18     992      37
19     632      27
19     369      28
19     527      85
19     649      60
20      87      14
20      47      17
20     921      26
20     763      39
21     529      39
21     468      61
21     422       8
21     465      15
22     479      72
22     112      54
22     180      69
22     480      42
23     250      28
23     112      68
23     835      23
23     808      51
24     959      60
24      32      43
24     905      28
24     337      81
25     910      51
25     332       2
25     900      46
25     260      52
26     217      49
26     486      72
26     794      43
26     958      70
27     902      57
27     217      46
27     835      32
27     334      22
28     146      42
28     223      42
28     197       4
28     352      25
29     687      51
29     579       9
29     645      69
30     796      58
30     332      69
30     762      36
30     322      78
31     649      79
31     296      45
31     749      90
31      81      81
32     197      31
32      62      64
32     259      37
33     762      51
33      68      34
33     703      65
33      59      76
34     607      51
34     968      44
34     844      44
34     144      50
35     794      58
35     351      45
35     276      16
35     329      29
36     991      74
36      75      84
36     136      29
36     545      72
37     436      52
37     627      55
37     208      63
37      74      69
38     601      90
38     256      28
38      41      60
38     367      21
39     141       7
39     737      71
39     656      25
39     795      39
40     393      29
40     245      26
40     542      47
40     134      23
41     632      36
41     448      26
42     694      27
42     265      30
42     888      31
42     303      12
43     157      45
43     483      66
43     787      14
43     680      91
44     998      48
44     920      28
44     160      79
44     945      54
45     533      32
45     720      24
45     859      26
45     802      67
46     906      76
46     737      32
46     535      16
46     592      82
47     104      23
47     497      39
47     938      58
48     238      78
48     635      43
48     437      29
48     660      60
49     155      30
49     918      66
49     148      44
49     601      28
50     687      41
50     324      72
50     329      54
50     918      87
51      76      46
51     300      39
51     919      71
51     642      46
52      71      14
52     239      21
52     988      25
52     140      75
53     555       8
53     969      56
53     280      55
53     527      19
54     133      57
54     552      49
54     499      39
54     757       6
55      96      27
55     120      23
55     730       7
55     507      53
56     419      56
56     950      80
56     500      70
56     270      78
57     827      55
57     464      56
57     112      14
57     159      18
58     129      74
58      84      64
58     372      21
58     907      93
59     755      33
59     950      28
59     391      58
60     861      75
60     556      78
60     980      82
60     355      36
61     736      55
61     539      57
61     644      74
61     626      87
62     501      67
62     123      38
62     341      64
63     951       6
63     943      48
63     955      23
63     467      29
64     542      13
64     124      51
64      90      28
64     425      77
65     482      24
65     989      65
65     160      52
65     133      19
66     204      32
66     746      72
66     294      93
66     371      91
67     431      74
67     362      97
67     893      61
67     927      76
68     312      17
68     226      17
68     472      50
69     156      47
69     979      72
69     177      43
69     788      24
70     259      54
70     374      48
70     463      39
70     329      43
71     204      60
71     389      77
71     371      54
72     966      63
72     452      68
72     772      19
72     156      79
73     295      34
73     757      12
73     369      18
73     569      25
74     723      69
74     191      33
74     312      22
75     180      47
75     766      29
75     633      26
76     984      82
76     703      55
76     702      27
77     150      75
77     228      63
77     205      11
77     904      52
78     689      43
78     452      52
78     378      40
78     900      60
79     241      63
79     738      85
79     556      46
79     794      63
80     349      25
80     392      32
80     328      36
80     473      24
81     113      65
81     479      18
81     684      47
82     210      56
82     478      50
82     497      79
82     279      33
83     905      29
83     532      89
83     899      93
84     422      66
84     715      40
84     546      44
85     694      21
85     459      38
85     870      33
86     663      26
86     470      89
86     143      80
86     717      23
87     494      69
87     512      33
87     756      30
88     964      73
88     956      56
88     481      35
88     301      31
89     279      51
89     472      84
89     187      76
89     828       7
90     477      57
90     297      48
90     763      47
91     738      93
91     276      47
91     333      55
91     230      58
92     870      65
92     489      50
92     726      77
93     707      46
93     731      37
93     275      61
93     863      78
94     736       9
94     640      31
94     317      23
94     325      36
95     346      61
95     704      58
95     475      21
96     986      34
96     143      63
96     836      25
97     245      25
97     323      33
97     605      22
97     682      24
98     463      54
98     922      85
98     558      69
98     435      45
99     318      73
99     853      23
99     189      78
99     755      41
100     705      48
100     751      31
100     958      88
100     822      76
101     884      54
101     700      41
101     124      24
102     485      86
102     614      88
102     350      48
102     120      55
103     890       8
103     653      75
103     837      36
103     802      24
104     191       8
104     268      50
104     994      33
105     782      19
105     786      58
105     720      77
105     903      44
106     891      40
106     781      13
106     608      17
106     376      83
107     888      27
107     362      61
107     556      44
107     328      65
108     894      39
108     962      38
108     237      70
108     802      47
109     240      17
109     884      40
109     377      30
109     868      43
110     437      61
110     142      69
110     831      15
110     982      39
111     850      70
111     188      78
111     419      64
112     562      14
113     149      69
113     957      50
113     260      30
114     282      24
114     388       3
114     271      52
114     405      61
115     575      46
115     240      52
115     234      54
115     407      48
116     826      36
116     812      57
116     245      12
116     907      45
117     900      81
117     958      25
117     281      65
117     411      61
118     854      70
118     486       8
118     455      44
118     632      86
119     158      43
119     815      92
119     737      62
119     820       5
120     369       6
120     441      30
121     542      16
121     586      17
121     972      69
121     703      69
122     339      18
122     380      52
122     483      71
122     545      14
123     910      31
123     745      38
124     807      37
124     173      31
125     792      66
125     167      32
125     578      55
125     568      30
126     344      33
126     535      54
126     804      62
126     222      43
127     468      27
127     907      27
127     342      16
127     825      75
128     990      14
128     782      27
128     800      62
128     201      57
129     149      84
129     409       8
129     536      20
130     739      47
130     992      48
130     287       9
131     374      86
131     213      83
131     625      61
131     928      97
132     905      41
132     898      53
132     830      61
132     414      66
133     770      68
133     430      29
134     604      17
134     954      64
134     815      27
135     256      31
135     450      19
135     885      10
135     164      63
136     463      71
136     864      42
136     197      39
137     864      57
137     174      25
137     974      33
138     333      38
138     312      64
138     689      36
139     329      12
139     140      48
139     554      40
139     876      53
140     589      55
140     174      89
141     212      79
141     902      66
141     647      46
142     251      20
142     968      23
142     313      43
143     878      21
143     607      47
144     603      71
144     294      17
144     726      80
145     513      61
145     390      78
145     457      67
145     180      74
146     360      47
146     584      58
146     623      18
147     475      73
147     991      49
147     410      42
147     202      12
148     812      86
148     190      36
148     501      77
149     744      51
149     399      70
150     516      55
150     178      53
150     982      41
151     475     100
151     694      72
151     597      12
151     527      12
152     733      53
152     838      64
152     802      62
153     193      86
153     247      43
153     931      11
153     370      38
154     485      13
154     815      60
154     664      38
154     462      13
155     830      75
155     616      37
155     783      63
156     793      42
156     658      61
157     845      58
157     943      12
157     607      42
158     841      46
158     946      47
158     174      47
159     377      62
159     454      12
159     170      56
160     462      79
160     211      65
161     290      76
161     619      42
161     753      29
161     957      50
162     826      44
162     540      31
162     252      27
162     305      30
163     609      75
163     253      17
163     880      74
163     592      41
164     561      71
164     670      16
164     605      52
165     697      62
165     599      71
165     323      28
165     572      47
166     496      75
166     970      51
166     562      55
166     244      43
167     366      46
167     806      36
168     896      32
168     873       8
168     537      39
168     228      44
169     304      39
169     603      53
169     883      60
169     495      44
170     206      26
170     431      35
170     721      45
171     230      79
171     911      15
171     691      58
171     986      69
172     447      41
172     656      25
172     356      71
172     559      58
173     447      35
173     537      35
173     947      58
174     324      82
175     969      35
175     199      90
175     673      81
176     900      37
176     470      60
176     535      29
176     970      24
177     337      28
177     760      24
178     237      26
178     899      75
178     833      71
179     516      70
179     876      42
179     983      13
179     634      27
181     498      11
181     238      55
181     683      53
181     342      18
182     617      62
182     832      77
182     189      55
182     206      35
183     361      43
183     578      53
183     881       4
183     317      36
184     588      85
184     207      53
184     350      40
184     641      23
185     787      48
185     560      38
185     571      24
185     855      40
186     687      47
186     401      50
186     728      41
186     216      37
187     538      68
187     776      58
187     291      46
188     768      94
188     391      29
188     401      85
189     511      28
189     863       5
190     337      33
190     604      29
190     381      68
191     646      32
191     610      24
192     391      30
192     839      31
192     456      30
193     336      87
193     974      79
193     404      28
194     674      19
194     202      33
194     354      51
195     670      69
195     550      69
195     422      76
195     906      78
196     963      65
196     276      69
196     517      41
196     833      90
197     393      26
198     761      78
198     981      71
198     433      82
198     676      18
199     828      78
199     823      33
199     613      83
200     738      35
200     729      55
200     547      48
200     879      36
201     272      40
201     256      65
201     859      72
202     510      45
202     579      57
203     861      56
203     618      35
203     271      18
203     213      62
204     390      52
204     376      54
205     545      15
205     428      25
205     745      25
206     920      70
206     603      21
207     436      58
207     316      55
207     545      20
208     598      47
208     250      64
208     388      79
209     825      26
209     537      87
209     452      28
210     878      29
210     288      34
211     260      52
211     835      46
211     424      47
212     851      82
212     945      43
212     432      42
213     848      62
213     972       8
214     345      71
214     496      73
214     779      25
214     293      44
215     660      12
215     576      20
215     393      43
215     732      23
216     286      45
216     519      62
216     362      39
217     741      39
217     556      10
218     807      27
218     765      38
218     476      65
218     368      49
219     651      28
219     670      29
219     593      35
219     247      37
220     268      31
220     459      26
220     245      49
220     688      65
221     518      59
221     503      59
221     882      59
222     579      50
222     586      21
222     600      43
223     954       7
223     373      12
223     447      36
224     777      57
224     648      66
224     296      34
224     542      67
225     971      62
225     379      65
225     373      56
225     592      40
226     787      74
226     264      56
226     428      58
227     929      15
227     520      45
227     314      56
227     256      68
228     263      53
228     523      26
229     984      68
229     593      31
229     669      12
229     232      79
230     681      78
230     724      60
231     464      31
231     291      47
231     327      88
231     330      67
232     561      54
232     338      50
232     244       6
233     509      47
233     629      51
233     292      61
233     347      13
234     295      55
234     285      80
234     986      38
235     925      36
235     977      33
235     533      63
235     724      60
236     340      25
236     342      61
236     455      35
236     266      27
237     526      39
237     695      93
238     626      72
239     693      52
239     655      60
239     484      69
240     985      61
240     539      13
241     281      39
241     691      38
241     914      87
242     894      48
242     673      54
242     950      49
242     343       4
243     671      57
243     757      62
243     791      39
243     654      33
244     314      34
244     346      73
246     297      39
246     717       5
246     935      55
247     433      44
247     480      48
248     610      85
248     949      60
248     973      39
248     452      65
249     826      82
249     528      60
249     662      27
249     567      47
250     969      31
250     811      53
251     551      32
251     468      34
251     747      53
252     997      79
252     291      63
252     261      84
253     550      66
253     283      33
253     811       8
254     678      55
254     748      34
254     873      16
254     468      26
255     812      45
255     986      19
255     312      27
255     941      60
257     937      26
257     721      32
257     638      75
257     523      55
258     665      33
258     335      61
258     307      69
259     632      32
259     613      75
260     794      68
261     354      49
261     839      46
261     406      85
262     749       5
262     694      87
262     700      48
262     934      91
263     916      24
263     570      48
263     635      41
264     867      17
264     337      60
264     959      50
265     626      21
265     834      21
265     318      52
266     671      57
266     627      15
266     502      42
267     479      69
267     803      53
267     273      53
267     629      22
268     640      43
268     667      66
269     577      76
269     361      67
269     507      84
269     447      65
270     609      30
270     893      36
270     683      69
271     749      51
271     670      41
272     800      80
272     408      34
272     895      90
273     814      53
273     481      38
273     876      57
274     432      45
274     310      36
274     659      33
274     988      26
275     892      19
275     443      64
275     594      47
276     340       6
277     530      41
277     418       1
277     546      15
277     301      23
278     871      29
278     366      31
278     341      20
278     474      74
279     578      66
279     598      10
280     287      12
280     584      31
280     618      51
281     528      32
282     983      47
282     375      35
282     747      78
283     841      21
283     311      26
283     547      32
284     995      31
284     642      13
284     884      48
285     544      11
285     436      47
285     922      96
286     808      20
286     377      51
286     710      23
287     360      42
287     656      23
288     558      66
288     316      55
288     605      30
289     434       9
289     659      25
289     668      57
289     765      24
290     570      16
290     625      62
290     546      35
291     893      15
292     571       9
292     705      57
292     898       7
293     897      56
293     811      55
293     444      15
294     411       7
294     718      56
295     717      31
295     699      53
296     628      54
296     297      54
297     754      39
298     482      56
298     847      32
298     631      73
298     846      57
299     656      53
299     683      49
299     387      40
299     739      65
300     383      69
300     910      49
300     977      16
301     687      37
301     433      42
302     684      76
302     905      21
302     387      32
302     732      39
303     487      52
303     965      19
303     946      64
304     774      60
304     891      34
304     916      67
305     845      54
305     826      34
305     616      54
306     620      53
306     772      19
306     499      80
306     745      61
307     367      37
307     895      40
307     563      38
308     634      43
308     569      26
308     391      32
308     598      50
309     392      58
309     521      45
309     816      42
309     751      26
310     701      60
310     725      17
310     539      50
311     624      59
311     934      40
311     455      38
313     518      86
313     526      57
313     358      15
314     515      79
314     887      35
315     665      44
315     465      70
315     496      46
316     604      14
316     538      38
317     731      50
317     458      49
318     728      41
318     674      50
319     479      46
319     386      14
319     456      57
319     949      11
320     650      75
320     464      35
320     610      30
320     725      41
321     504      36
321     966      78
321     448      21
321     763      32
322     570      87
322     965      41
322     835      45
323     360      16
323     814      30
324     749      77
324     360      65
325     471      25
325     857      23
325     618      24
326     816      55
326     958      42
326     511      20
326     448      75
327     647      64
327     844      61
327     825      70
328     362      52
328     827      19
330     384      60
330     755      54
330     524      69
331     867      38
331     560      33
331     357      38
331     933      28
332     815      89
332     833      38
333     676      52
334     384      49
334     409      69
334     618      37
335     874      69
335     572       9
335     386      25
336     671      80
336     876      63
336     465      86
338     404      14
338     760      69
338     983      44
339     547      39
339     644      10
339     602      64
340     574      16
340     643      30
341     937      68
342     783      24
343     595      21
343     908      33
343     682      39
344     970      16
344     640      10
344     614      42
345     838      65
345     977      84
345     571      60
346     704      91
347     941      78
347     693       8
347     507      52
348     482      38
348     993      18
348     867      22
348     717      18
349     669      74
349     458      76
349     881      70
350     664      56
350     874      19
351     983      30
351     622      43
351     647      41
352     832      66
352     503      23
352     664      50
353     679      32
353     930      38
353     628      34
353     407      35
354     833      46
354     382      75
355     964      68
355     562       2
355     768      78
356     899      85
356     381      33
356     707      42
357     419      34
357     946      34
357     669      10
358     379      50
358     675      12
358     561      68
359     594      43
359     931      93
359     642      29
361     469      46
361     947      26
363     791      10
363     877      13
363     518      63
363     832      45
364     799      62
364     877      36
364     666      27
364     911      56
365     865      69
365     366      78
365     472      17
365     587      50
366     990      65
367     842       6
367     628      30
368     734      39
368     444      45
368     610      45
369     775      42
370     566      41
370     406      55
370     964      36
371     980       5
371     721      72
372     977      93
372     855      72
372     616      37
373     993      33
373     522      97
374     477      31
374     625      25
375     935      18
375     425      70
375     590      82
376     507      65
376     597      43
377     520      59
378     886      53
378     712      52
378     946      76
379     502      31
379     795      24
380     532       6
380     883      66
381     606      57
382     691      52
382     527      47
382     909      13
383     563      27
383     917      45
383     669      49
384     816      24
384     649      79
385     688      70
385     616      46
385     478      48
385     681      73
386     722      29
386     577      33
387     598      47
387     659      26
388     405      58
389     891      33
389     680      13
389     496      76
390     901      33
390     407      24
392     630      74
392     434      76
393     439      60
394     579      27
394     866      63
394     947      29
394     498      58
395     799      72
395     576      51
395     661      60
395     672      40
396     403      16
396     689      33
396     625      39
396     708      44
397     467      58
397     881      76
397     424      31
397     580      61
398     582      39
398     706      59
398     630      42
398     513      31
399     939      24
399     782      50
399     473      40
400     641      45
400     481      33
400     560      40
400     581      29
401     744      59
401     519      76
402     859      86
402     674      21
402     797      81
402     865      29
403     917      59
403     639      43
403     526      36
404     619      43
404     864      40
405     641      67
405     584      13
406     778      33
406     989      87
407     814      39
408     544      77
408     689      34
408     486      78
409     798      83
409     850       3
410     770      58
410     711      39
410     566      33
411     470      81
411     482      49
412     573      23
412     600      11
412     574      17
413     907      93
413     557      72
413     927      61
413     845      48
414     827      74
414     782      69
414     612      70
415     573      27
415     967      36
415     853      62
415     943      48
416     877      17
416     830      46
416     494      50
416     909      46
417     804       5
417     722      12
417     911      61
417     770      26
418     522      19
418     886      58
418     992      59
419     589      27
420     560      16
420     861      10
420     818      79
420     705       7
421     701      74
421     744      42
421     678      56
422     754      51
423     478      63
423     834      54
423     972      45
423     563      44
424     796      57
424     970      24
425     814      75
425     716      63
426     467      26
426     558      19
426     824      67
426     793      35
427     870      67
427     810      31
427     693       6
427     836      72
428     506      19
428     801      48
429     919      52
429     524      91
429     807      72
429     587      26
430     979      98
430     511      74
430     629      73
431     730      44
431     937      31
432     850       4
432     836      26
433     891      50
434     476      76
434     841      45
435     781      33
435     866      39
435     637      42
436     934      38
437     832      58
438     635      46
438     558      23
438     912       9
438     850      37
439     536      75
439     830      70
440     976      66
440     497      62
440     937      82
440     841      92
441     979      41
441     807      63
441     934      21
442     982      65
442     972      55
442     626      62
442     953      34
443     974      48
443     985      79
443     671      96
444     715      28
444     602      25
445     619      41
445     589      61
445     612      40
445     682      10
446     754      28
446     810      69
446     654      17
446     583      22
448     797      45
449     957      54
449     962      66
449     932      57
449     825      76
450     723      68
450     771      25
450     779      30
451     710      69
451     484      45
451     510      70
451     982      32
453     781      51
453     748      10
453     871      18
453     551      52
454     881      34
454     645      20
454     615      43
456     846      85
456     874      73
457     636      26
457     677      17
457     739      80
458     789      68
458     974      28
459     740      74
459     569      67
460     701      68
460     810      53
460     483      44
460     682      57
461     727      39
461     696      41
461     472      60
461     603      36
462     746      77
462     602      71
463     570       2
464     621      62
465     719      91
466     582      39
466     493      43
466     636      58
466     936      50
467     686      46
469     964      44
469     820      33
469     713      55
470     702      32
471     801      23
471     627      29
471     916      39
473     615      22
473     893      41
474     604      53
474     806      32
474     862      87
475     836      10
476     647      68
476     600      64
477     722      44
477     513      41
478     707      48
480     725      53
480     663      82
481     981      32
483     617      28
484     695      64
484     582      54
485     731      27
485     544      78
486     860      19
487     511      10
487     738      66
487     822      18
488     712      54
488     508      84
488     529      66
488     624      85
489     540      52
489     622      19
489     862       9
490     736      51
490     778      64
490     704      85
491     522      25
491     737      61
491     593      61
491     932      55
492     906      16
492     932      52
492     585      56
492     649      12
493     686      48
493     597      30
493     547      42
494     875      34
494     864      76
495     666      66
495     514       7
495     572      27
497     778      29
498     969      25
498     908      17
499     636      58
499     735      21
500     614      27
500     503      48
500     565      33
501     917      39
501     698      53
502     889      77
502     792      20
503     908      45
504     731      46
504     880      31
504     999      48
505     723      37
505     872      18
505     857      49
505     775      31
506     804      13
506     530      34
506     764       5
508     839      15
508     887      28
508     589      34
509     976      42
509     529      21
510     577      73
512     741      22
512     599      35
512     801      19
513     899      25
514     889      63
514     880      69
514     868      13
515     951      25
515     672      66
515     765      53
516     611      71
516     716      75
517     798      36
517     675      40
517     803      44
519     801      29
519     645      42
520     922      34
520     635      33
521     840      53
521     609      12
521     716      76
522     654      62
523     708      58
523     686      60
524     904      55
524     714      20
525     580      50
525     601      72
525     933      36
525     595      27
528     963      60
528     776      62
529     551      28
530     950      45
530     730      26
531     938      72
531     699      33
531     705      18
531     696      53
532     692      71
532     887      62
533     806      69
533     931      27
534     634      39
534     765      36
534     797      57
534     688      23
536     922      72
536     829      76
537     954      69
538     719      85
538     676      82
539     684      49
540     699      34
540     592      67
541     771      58
541     866      50
541     606       3
541     808      48
543     959      31
543     930      40
543     778      11
543     609      38
544     978      85
546     563      25
548     812      25
548     637      16
548     804      46
548     961      66
549     605      52
549     916      78
549     956      89
549     708      31
550     933      52
550     901      31
551     880      71
552     999      81
552     770      68
552     786      50
553     799      34
553     690      80
553     771      21
553     644      15
554     839      51
554     954      49
554     975      49
555     606      52
555     587      47
555     621      39
557     700      34
557     809      47
557     766      19
559     766      22
559     948      47
559     650      56
561     855      18
562     871      13
564     607      24
564     571      74
564     576      40
564     762      13
565     768      37
565     998      24
565     742      37
566     780      30
566     637      30
567     910      35
567     766      58
567     638      60
568     597      37
568     674      40
568     883      51
569     583      38
572     884      61
573     912      51
573     927      35
574     735      33
574     757      55
575     728      33
575     698      20
575     619      78
576     688      28
577     581      25
578     798      11
581     995      76
581     663      63
582     935      52
583     868       9
583     834      35
584     696      31
585     759      62
585     840      23
585     775      38
586     726      52
586     775      59
587     722      45
588     710      79
588     718      64
588     704       2
590     973      51
590     800      80
590     913      64
591     606      15
591     808      43
591     842      58
591     888      57
593     843      52
594     827      69
594     680      60
595     813      36
595     887      27
596     944      28
596     961      16
596     933      27
596     787      70
599     790      84
599     681      72
601     660      38
608     928      56
608     809      69
608     897      16
611     889      37
611     640      18
611     924      18
612     781      53
612     915      27
613     870      99
613     936      43
614     683      61
615     629      60
615     793      84
617     684      57
617     621      14
620     729      63
620     847      44
620     993      27
621     776      22
622     992      10
622     995      59
623     686      44
623     896      75
623     818      24
624     711      23
624     713      66
628     711      12
630     720      24
630     676      26
631     646      78
631     663      75
631     931      32
633     712      15
633     723      42
633     736       3
634     840      61
636     862      51
637     641      25
638     952      56
638     942      60
639     729      83
639     822      72
639     869      25
642     675      74
643     654      46
643     677      42
643     668      24
644     912      16
646     707      76
646     721      48
648     701      56
648     996      14
648     664      73
650     792      36
650     909      61
651     727      66
651     712      56
652     996      88
652     754      49
652     732      60
652     816      69
653     730      58
653     883      90
653     739      29
655     989      49
655     700      30
655     981      69
657     990      24
657     897      54
657     845      37
657     726      49
658     785      29
658     843      85
658     856      69
659     942      35
660     774      45
661     798      41
661     821      15
661     780      28
662     837      17
662     919      47
662     744      30
665     675      47
665     680      50
666     879      66
666     743      54
667     849      88
667     996      80
667     714      96
668     991      62
668     819      82
672     679      46
672     710      25
673     725      35
677     898      18
677     998      16
678     877      49
678     924      83
679     895      28
679     896      79
681     695      87
685     989      37
685     698      22
685     852      75
685     779      51
690     709      75
690     999      54
691     885      10
692     713      65
692     875      17
692     980      70
693     699      64
695     748      71
696     732      35
697     734      56
697     748      22
697     949      26
698     817      75
702     965      47
702     761      60
703     943      12
706     759      27
706     860      30
706     767      41
708     789      32
709     897      47
709     871      64
709     773      18
711     791      66
713     888      13
714     976      33
714     779      48
715     915      68
715     745      35
716     994      55
718     882      67
718     848      73
719     813      77
719     896      24
724     941      48
724     728      25
727     789      25
727     786      57
729     751      44
733     928      27
733     796      76
733     919       8
734     999       9
734     949      40
735     756      32
735     797      35
740     837      52
740     820      80
740     940      77
741     912      62
741     776      23
742     761      56
742     941      16
742     991      63
743     915      80
743     990      34
743     837      30
746     854      76
747     811      31
747     924      56
750     926      54
750     924      32
750     961      75
750     847      50
751     817      64
752     865      13
752     975      19
752     940      66
752     978      46
753     849      31
753     984      54
753     786      36
756     973      33
756     980      49
758     906      42
758     959      34
758     879      32
758     774      50
759     865      44
759     968      22
760     921      32
760     997       8
761     858      68
762     936      45
763     930      57
764     820      67
764     911      63
764     767      82
767     847      67
767     793      93
768     860      82
769     796      39
769     851      61
769     863      44
769     936      18
771     978       8
772     975      88
772     838      76
773     908      38
773     929      72
773     842      39
774     985       2
777     926      54
777     892      22
777     829      21
780     956      68
780     979      31
783     856      29
783     995      31
784     920      37
784     869      29
784     842      60
784     823      58
785     792      56
785     860      21
785     819      57
788     909      19
788     930      47
788     918      56
789     932      53
790     852      74
790     862      74
790     863      61
795     902      21
795     925      20
799     849      56
800     846      61
803     901      14
803     988      11
805     951      40
805     849      38
805     846      52
805     928      67
809     873      37
809     858      77
810     834      37
813     994      83
813     885      50
817     913      60
817     915      93
818     978      62
818     947      57
819     960      28
819     994      72
821     886      53
821     921      26
821     858      64
822     945      35
823     885      26
824     869      30
824     890      48
824     968      58
828     951      31
828     874      76
829     872      31
829     952      72
831     926      36
831     935      13
831     962      18
838     914      86
840     923      40
843     882      75
843     852      77
844     965      45
844     848      46
848     889      42
851     997      77
851     913      17
852     854      55
853     967      71
853     998      23
854     971      64
856     920      75
856     902      32
857     953      27
857     975      56
858     895      16
861     901      32
867     929      63
868     940      39
869     956      49
872     938      25
873     918      41
875     993      21
875     948      43
878     921      61
878     945      21
879     882      94
886     957      63
890     940      50
890     929      63
892     939      41
892     926      33
894     953      56
894     925      29
898     952      31
903     953      22
903     967      43
903     960      41
904     985      38
904     997      68
913     955      21
914     971      59
914     976      54
917     961      17
923     973      16
923     955      18
923     987      62
925     938      40
939     967      86
939     952      82
942     944      66
942     962      34
944     988      37
944     996      95
948     971      51
948     984      81
960     987      33
960     966      20
963     987      63
963     981      57
966     987      47
